0 0.00978004263744
1 0.0093689189847
2 0.00869279531965
3 0.00782662830715
4 0.00686973682715
5 0.00590922763115
6 0.00501703146946
7 0.00419990449727
8 0.00349441518833
9 0.00289246961132
10 0.0023833327253
11 0.00195555842066
12 0.00160302948101
13 0.00131157272435
14 0.00107022762271
15 0.00086859607436
16 0.000699164132477
17 0.000555858951242
18 0.000435127374936
19 0.000339943209127
20 0.000283112234164
21 0.000290986573606
22 0.000379018919184
23 0.000509668719822
24 0.000598286542068
25 0.000584913421342
26 0.000482685629118
27 0.000344159363912
28 0.000211661701795
29 0.000105739068402
30 2.89783264363e-05
31 -2.30553676521e-05
32 -5.64412357428e-05
33 -7.68507426584e-05
34 -8.84101974782e-05
35 -9.40747545291e-05
36 -9.58747832688e-05
37 -9.51587765951e-05
38 -9.2965640981e-05
39 -8.99282820738e-05
40 -8.64741697983e-05
41 -8.29520279761e-05
42 -7.92751932751e-05
43 -7.5435425557e-05
44 -7.14199421194e-05
45 -6.72811553118e-05
46 -6.31576518961e-05
47 -5.91456539894e-05
48 -5.52450334491e-05
49 -5.16492803806e-05
50 0.0106766937868
51 0.0101808362109
52 0.00936141661707
53 0.0083316715791
54 0.00722811535077
55 0.00615291714913
56 0.00517456516805
57 0.00429797878134
58 0.00355465114512
59 0.00292810296504
60 0.00240353707104
61 0.00196658393494
62 0.00160858806235
63 0.00131378518736
64 0.0010701918501
65 0.000867317753594
66 0.000697349691604
67 0.000554093873037
68 0.000434450267556
69 0.000342163467827
70 0.000290402610442
71 0.000302590473146
72 0.000388141441872
73 0.000509433014068
74 0.000589998753215
75 0.000575299672824
76 0.000475892974382
77 0.000340362298156
78 0.000209782826986
79 0.000104844720318
80 2.85476944362e-05
81 -2.32411261263e-05
82 -5.65183752545e-05
83 -7.68603178697e-05
84 -8.83683527954e-05
85 -9.40039439807e-05
86 -9.57843095402e-05
87 -9.50653952639e-05
88 -9.28713057808e-05
89 -8.98347263368e-05
90 -8.63921855081e-05
91 -8.28633951351e-05
92 -7.91863694568e-05
93 -7.53435691466e-05
94 -7.13275235141e-05
95 -6.71938038261e-05
96 -6.3075542783e-05
97 -5.90655072266e-05
98 -5.51753505509e-05
99 -5.15925612223e-05
100 0.0131999566369
101 0.0124252775169
102 0.0111618488977
103 0.00966878264509
104 0.00816447711709
105 0.00677522706112
106 0.00557702498767
107 0.00455114036562
108 0.00371206021525
109 0.00302398532964
110 0.00246081373224
111 0.0019997698064
112 0.00162691526482
113 0.00132289339501
114 0.00107348162743
115 0.000867236574829
116 0.00069557289
117 0.000552230706311
118 0.000435335025669
119 0.00034998051527
120 0.000309125988129
121 0.000328356849345
122 0.00040539061037
123 0.000505460995821
124 0.00057004857023
125 0.000554277067466
126 0.000462031470188
127 0.000333347217286
128 0.000206851053303
129 0.000103752276432
130 2.82167079151e-05
131 -2.32548848584e-05
132 -5.64246477866e-05
133 -7.67153746595e-05
134 -8.81856399185e-05
135 -9.38009750372e-05
136 -9.55684114383e-05
137 -9.48608196714e-05
138 -9.26750788279e-05
139 -8.96490363311e-05
140 -8.62321737115e-05
141 -8.26909974223e-05
142 -7.90125711243e-05
143 -7.51648221106e-05
144 -7.1148891908e-05
145 -6.70279021734e-05
146 -6.29206713957e-05
147 -5.89159172797e-05
148 -5.50491371145e-05
149 -5.14914519548e-05
150 0.0181151928342
151 0.0166741851206
152 0.0144050114953
153 0.0119470731573
154 0.00968037686417
155 0.00774041967384
156 0.00617997293313
157 0.00491961206255
158 0.00393636814867
159 0.00315810477665
160 0.00253920144502
161 0.00204430464705
162 0.00165061149091
163 0.00133371160362
164 0.00107666254159
165 0.000865862772395
166 0.000692409197823
167 0.000550150349865
168 0.000439033080814
169 0.000365643935715
170 0.000339883024033
171 0.000364473509727
172 0.000425055378032
173 0.000495381229027
174 0.000540022256938
175 0.000524183347929
176 0.000442201051994
177 0.000323179208683
178 0.000202446563862
179 0.000102019947827
180 2.76336465803e-05
181 -2.3351268704e-05
182 -5.63289092864e-05
183 -7.65134177771e-05
184 -8.79196260348e-05
185 -9.34940934514e-05
186 -9.5241988996e-05
187 -9.45466278585e-05
188 -9.23702209373e-05
189 -8.93665876283e-05
190 -8.59785396344e-05
191 -8.24219540055e-05
192 -7.87389339732e-05
193 -7.48860020048e-05
194 -7.08712076436e-05
195 -6.67695659972e-05
196 -6.26783039215e-05
197 -5.86842900832e-05
198 -5.48545430292e-05
199 -5.13347743655e-05
200 0.0274532303764
201 0.0243067897495
202 0.0197300188
203 0.0153619194318
204 0.011781501532
205 0.00899560187321
206 0.00692710954551
207 0.00535890295584
208 0.0041953239355
209 0.00330870315175
210 0.00262436682296
211 0.00209061871172
212 0.00167338457391
213 0.0013424143697
214 0.00107713840051
215 0.000862006381981
216 0.0006878842195
217 0.000549663380257
218 0.000449076749183
219 0.0003925841614
220 0.000381767059771
221 0.00040407343709
222 0.000439349968828
223 0.000476376284567
224 0.000501959808198
225 0.000488133385878
226 0.000418412017518
227 0.000310667850675
228 0.000196712454072
229 9.95771884718e-05
230 2.66896765729e-05
231 -2.36234159733e-05
232 -5.62967432566e-05
233 -7.62972091228e-05
234 -8.75948315309e-05
235 -9.30983425519e-05
236 -9.48180390797e-05
237 -9.41298373092e-05
238 -9.19608908551e-05
239 -8.89933604996e-05
240 -8.56274191413e-05
241 -8.20562981425e-05
242 -7.83640879147e-05
243 -7.45064897389e-05
244 -7.04967315716e-05
245 -6.64199588403e-05
246 -6.23479128712e-05
247 -5.83737660092e-05
248 -5.45943336628e-05
249 -5.11240941529e-05
250 0.0464461787079
251 0.0381659817421
252 0.0279673407964
253 0.0199563502108
254 0.0143226836516
255 0.0103981062754
256 0.00771350933726
257 0.00580036563999
258 0.00444554605205
259 0.00344861105641
260 0.00269937041273
261 0.00212803172796
262 0.00168885616973
263 0.00134506637806
264 0.00107292103508
265 0.000855339026372
266 0.00068370676349
267 0.000554382722024
268 0.000469975585096
269 0.000431922165187
270 0.000428979982106
271 0.000437359717786
272 0.000441369131773
273 0.000447728311543
274 0.000459260067095
275 0.000449990013691
276 0.000393227076584
277 0.000296988902497
278 0.000190044773955
279 9.65051434808e-05
280 2.53512233734e-05
281 -2.41242126384e-05
282 -5.63583327963e-05
283 -7.60996724121e-05
284 -8.72326013165e-05
285 -9.26356436708e-05
286 -9.43164834092e-05
287 -9.36262736279e-05
288 -9.1466160575e-05
289 -8.8542114514e-05
290 -8.51860582504e-05
291 -8.16027809473e-05
292 -7.78984460807e-05
293 -7.40363341486e-05
294 -7.00389667162e-05
295 -6.59911851114e-05
296 -6.19395317775e-05
297 -5.79980205228e-05
298 -5.42800452188e-05
299 -5.08682864596e-05
300 0.0899436827674
301 0.0624814754377
302 0.0389097925745
303 0.0249915377098
304 0.0167664243611
305 0.011635960324
306 0.00836519364489
307 0.00614717773907
308 0.00463211644223
309 0.00354490272296
310 0.00274498245912
311 0.0021456586401
312 0.00169072741099
313 0.00133844937828
314 0.00106302018783
315 0.000847186750915
316 0.000682892057713
317 0.000568196950802
318 0.000502727991668
319 0.000477779125825
320 0.000470303875771
321 0.000455248567352
322 0.000428950332294
323 0.000412816973252
324 0.00041721261139
325 0.000414326998761
326 0.000369475920375
327 0.00028345031196
328 0.00018298918255
329 9.29696946912e-05
330 2.36210421e-05
331 -2.48760101849e-05
332 -5.6558634676e-05
333 -7.59581998677e-05
334 -8.68720676738e-05
335 -9.21519410904e-05
336 -9.37795983162e-05
337 -9.30737772368e-05
338 -9.09282150736e-05
339 -8.80391883135e-05
340 -8.46859351509e-05
341 -8.10891520472e-05
342 -7.73739747779e-05
343 -7.35084465055e-05
344 -6.95313360882e-05
345 -6.55133255808e-05
346 -6.14858950149e-05
347 -5.758832086e-05
348 -5.39381569659e-05
349 -5.05884763172e-05
350 0.198585482415
351 0.0949612533629
352 0.0487210120981
353 0.0286452968943
354 0.0183410441739
355 0.0123626705146
356 0.00871381143098
357 0.0063110355875
358 0.00470467896153
359 0.00356997655112
360 0.0027451856859
361 0.00213318380155
362 0.001672322517
363 0.00131898758876
364 0.00104654981508
365 0.000838648257788
366 0.000688854515853
367 0.000593546209942
368 0.000544610310614
369 0.000521766596385
370 0.00049722782861
371 0.000454311025348
372 0.000403655565026
373 0.000374555214959
374 0.000378037006725
375 0.000382439771493
376 0.000347481174863
377 0.000269759707969
378 0.000174945710801
379 8.8304011877e-05
380 2.10501808262e-05
381 -2.62001763308e-05
382 -5.70846890557e-05
383 -7.60034108851e-05
384 -8.65859214431e-05
385 -9.16812325895e-05
386 -9.32190233392e-05
387 -9.24700498734e-05
388 -9.03414713968e-05
389 -8.74645218046e-05
390 -8.41027254102e-05
391 -8.04945208853e-05
392 -7.67688295992e-05
393 -7.29013932878e-05
394 -6.89494731564e-05
395 -6.49604530112e-05
396 -6.09605752417e-05
397 -5.71231317506e-05
398 -5.35452685108e-05
399 -5.02655239602e-05
400 0.266563985055
401 0.107735938545
402 0.0515566710758
403 0.0295421460774
404 0.0186783689211
405 0.0124674204431
406 0.00872716819327
407 0.00628720588756
408 0.00466549418755
409 0.00352538299741
410 0.00270096246987
411 0.00209194356505
412 0.00163578521934
413 0.00128978223099
414 0.00102834424443
415 0.000836820574335
416 0.000708298366411
417 0.000632374713407
418 0.000590111211598
419 0.000554681825963
420 0.000503575863824
421 0.000434040568791
422 0.000367369535412
423 0.000334138640516
424 0.000341709245282
425 0.000353957810487
426 0.00032710444044
427 0.000256052316041
428 0.000166090545156
429 8.28439128695e-05
430 1.77993758034e-05
431 -2.79568679275e-05
432 -5.78770582266e-05
433 -7.61365840954e-05
434 -8.63213544111e-05
435 -9.11932551857e-05
436 -9.26063477489e-05
437 -9.1803766891e-05
438 -8.96869997738e-05
439 -8.68016211892e-05
440 -8.34287675902e-05
441 -7.98041791075e-05
442 -7.60706129365e-05
443 -7.22113200104e-05
444 -6.82876506911e-05
445 -6.43266633162e-05
446 -6.0368200943e-05
447 -5.66033889762e-05
448 -5.31060686447e-05
449 -4.99005577495e-05
450 0.134030699023
451 0.0796546580672
452 0.0442955723511
453 0.0268806030477
454 0.0174851837483
455 0.0118361119882
456 0.00835198030049
457 0.00604568890878
458 0.00449636235443
459 0.00340102424503
460 0.00260599373103
461 0.00201918803746
462 0.00158199126052
463 0.00125513114038
464 0.00101570902763
465 0.000849119759339
466 0.000742933503003
467 0.000676928137704
468 0.000625093329754
469 0.000564441250069
470 0.000485051470065
471 0.000396553817842
472 0.000323920506827
473 0.000294594436677
474 0.000309967947431
475 0.000329583339432
476 0.000308491669148
477 0.000242153663931
478 0.00015628273565
479 7.63852723096e-05
480 1.379035327e-05
481 -3.01944714433e-05
482 -5.89260263181e-05
483 -7.63935505992e-05
484 -8.60956163221e-05
485 -9.06829351327e-05
486 -9.19355090458e-05
487 -9.10773265486e-05
488 -8.89495747441e-05
489 -8.60387410239e-05
490 -8.26461782777e-05
491 -7.90075555868e-05
492 -7.52681051557e-05
493 -7.14286254498e-05
494 -6.75386991616e-05
495 -6.36055678752e-05
496 -5.97070588036e-05
497 -5.60296227009e-05
498 -5.26184793943e-05
499 -4.94907720731e-05
500 0.0620664491853
501 0.0481662822594
502 0.0325797587186
503 0.0218945745108
504 0.0150844281684
505 0.0105703808778
506 0.00761951889949
507 0.00559440980684
508 0.00419991412999
509 0.00319801955192
510 0.00246328626634
511 0.00192012044386
512 0.00151845116986
513 0.00122451930711
514 0.00101672776387
515 0.000876150706505
516 0.000782127835558
517 0.000708604969804
518 0.000633014122734
519 0.000544247978239
520 0.000444042714856
521 0.000347836766503
522 0.000278900343105
523 0.000259681685692
524 0.000284842500285
525 0.000310111086761
526 0.00029181547721
527 0.000228115006076
528 0.000145445335243
529 6.88014073888e-05
530 8.9461114509e-06
531 -3.29905392911e-05
532 -6.0286332015e-05
533 -7.6805194886e-05
534 -8.59250886232e-05
535 -9.01676052428e-05
536 -9.12254899423e-05
537 -9.03010914886e-05
538 -8.81238341043e-05
539 -8.51770831443e-05
540 -8.17546729093e-05
541 -7.81051266854e-05
542 -7.43677914703e-05
543 -7.05584360001e-05
544 -6.67001277769e-05
545 -6.28045777168e-05
546 -5.8985183342e-05
547 -5.54051565995e-05
548 -5.20872205994e-05
549 -4.90371824137e-05
550 0.0340433529885
551 0.0293712236778
552 0.0225989081207
553 0.0166959044617
554 0.0122600111735
555 0.00897892011753
556 0.00666685152558
557 0.00500024541867
558 0.00381260401277
559 0.00293950001222
560 0.00229033288692
561 0.0018103930099
562 0.00145928473991
563 0.00120710415473
564 0.0010299657861
565 0.000903429473233
566 0.000803780642085
567 0.00070875172716
568 0.000606883618105
569 0.000498025145621
570 0.000389174407831
571 0.000295828055431
572 0.000237810484521
573 0.000232430142625
574 0.000267449816175
575 0.000295612418657
576 0.000276852821774
577 0.000213654794914
578 0.000133501217241
579 6.01255248642e-05
580 3.30542462767e-06
581 -3.63009386588e-05
582 -6.19359403797e-05
583 -7.73725180118e-05
584 -8.58238298411e-05
585 -8.9657146332e-05
586 -9.05077765631e-05
587 -8.9479427554e-05
588 -8.72219901153e-05
589 -8.4229036032e-05
590 -8.07726473978e-05
591 -7.71144779219e-05
592 -7.33939552619e-05
593 -6.96200185759e-05
594 -6.57912201658e-05
595 -6.1950590513e-05
596 -5.82246410918e-05
597 -5.47478542707e-05
598 -5.15243113824e-05
599 -4.85476788061e-05
600 0.0208818510456
601 0.0189491659891
602 0.0157178940624
603 0.0124547959207
604 0.00966316374739
605 0.00739099338257
606 0.00566814110764
607 0.00436010657916
608 0.00339296923658
609 0.00266396184826
610 0.00211588521262
611 0.00171044312766
612 0.0014142528913
613 0.00119866508671
614 0.00103791807987
615 0.00090775389931
616 0.000789888610471
617 0.000672147861685
618 0.000552767001886
619 0.000436391109061
620 0.000329983815597
621 0.000246851361296
622 0.000204125403541
623 0.000214074988274
624 0.000257485599785
625 0.000285154253912
626 0.000262837130307
627 0.000198551702582
628 0.000120459828483
629 5.05104621321e-05
630 -2.99795620692e-06
631 -4.00177100157e-05
632 -6.38334718859e-05
633 -7.80775792091e-05
634 -8.57794868325e-05
635 -8.91615886724e-05
636 -8.97870709268e-05
637 -8.86044876876e-05
638 -8.6250997756e-05
639 -8.31972442951e-05
640 -7.97115666063e-05
641 -7.60527455919e-05
642 -7.23613912448e-05
643 -6.86229236138e-05
644 -6.48272091113e-05
645 -6.10621165741e-05
646 -5.74393724571e-05
647 -5.40685970054e-05
648 -5.09348175153e-05
649 -4.80281669567e-05
650 0.0137838412048
651 0.0128613322684
652 0.0111717682144
653 0.00929848696443
654 0.00754296585094
655 0.00599587382495
656 0.00474728375314
657 0.00375408620435
658 0.00299496122039
659 0.00240848832244
660 0.00196191133701
661 0.00162657452708
662 0.00137398503019
663 0.00117809778356
664 0.00101681629144
665 0.000873253991669
666 0.000737765162303
667 0.00060704831278
668 0.0004828875145
669 0.00036985409927
670 0.00027334239268
671 0.000204595404405
672 0.000179452796388
673 0.00020462949221
674 0.000253656405876
675 0.000277127565387
676 0.000248771481664
677 0.000182487482785
678 0.000106440559395
679 4.01456100815e-05
680 -9.80252446165e-06
681 -4.4036116522e-05
682 -6.59024136329e-05
683 -7.88631500016e-05
684 -8.57648100231e-05
685 -8.868379476e-05
686 -8.90398236358e-05
687 -8.76688052616e-05
688 -8.52053028644e-05
689 -8.2085069564e-05
690 -7.85695853217e-05
691 -7.493042624e-05
692 -7.12728294711e-05
693 -6.75664724376e-05
694 -6.38194813469e-05
695 -6.01456171396e-05
696 -5.66320255151e-05
697 -5.33678590268e-05
698 -5.03149356976e-05
699 -4.74773166953e-05
700 0.00954488334663
701 0.00906262550406
702 0.0081174250666
703 0.00700472014173
704 0.00589400388094
705 0.00484857031717
706 0.00396151879251
707 0.00322712900559
708 0.00264743570901
709 0.0021863023169
710 0.00182448230422
711 0.00154088091011
712 0.00131283396363
713 0.00112162198352
714 0.000953422629297
715 0.000799933775675
716 0.000657519348078
717 0.000526522158029
718 0.000408129223885
719 0.000305456576014
720 0.000222753037548
721 0.000170791146619
722 0.00016438470437
723 0.000203431950471
724 0.000254228610532
725 0.000269761039377
726 0.000233574012848
727 0.000165109782949
728 9.14364078668e-05
729 2.91275321965e-05
730 -1.69853958086e-05
731 -4.82739725911e-05
732 -6.80695067631e-05
733 -7.96986608036e-05
734 -8.57631878652e-05
735 -8.81984241122e-05
736 -8.82333091787e-05
737 -8.66570818268e-05
738 -8.40700810266e-05
739 -8.08839652391e-05
740 -7.73475531916e-05
741 -7.37463186965e-05
742 -7.01221716672e-05
743 -6.64483236389e-05
744 -6.27754378616e-05
745 -5.92045906357e-05
746 -5.58056552908e-05
747 -5.26444156042e-05
748 -4.96665804071e-05
749 -4.68972811406e-05
750 0.00685543876084
751 0.00658975885136
752 0.00603376191329
753 0.00535735862236
754 0.00464856657019
755 0.00394621609185
756 0.00332327731776
757 0.00278588357829
758 0.0023454019433
759 0.00197929247323
760 0.00167689747899
761 0.00142525881785
762 0.00121015128052
763 0.00102148462208
764 0.000852770580175
765 0.000700668975486
766 0.000563911706534
767 0.000442307348353
768 0.000336074875234
769 0.000247137170429
770 0.000180105097163
771 0.000146645530756
772 0.000159371313159
773 0.000209586752999
774 0.000257212741643
775 0.000261260596201
776 0.000216332648653
777 0.000146146763774
778 7.54329202761e-05
779 1.75980345431e-05
780 -2.44317723594e-05
781 -5.26560081491e-05
782 -7.03126544889e-05
783 -8.0535737237e-05
784 -8.57623228356e-05
785 -8.76660307991e-05
786 -8.73475399037e-05
787 -8.55513349134e-05
788 -8.28392188397e-05
789 -7.9586252302e-05
790 -7.60511601805e-05
791 -7.24966166304e-05
792 -6.89031059105e-05
793 -6.52791253771e-05
794 -6.17011170472e-05
795 -5.82391653465e-05
796 -5.4957537444e-05
797 -5.18911732434e-05
798 -4.89832860873e-05
799 -4.62810662095e-05
800 0.00509503357681
801 0.00493988287391
802 0.00460152263344
803 0.00417881134596
804 0.0037190608494
805 0.00324197334399
806 0.00279971804817
807 0.00240038523733
808 0.00205725251876
809 0.00175675728216
810 0.00149564915481
811 0.00126814017313
812 0.00106755735179
813 0.000889909156039
814 0.000732145259695
815 0.000592280819977
816 0.000469511272127
817 0.000362454258637
818 0.000270946997268
819 0.000197073739131
820 0.000146868587239
821 0.000133418441443
822 0.000164573303857
823 0.000221294740896
824 0.000260081742261
825 0.000249905810494
826 0.00019642960098
827 0.000125553499604
828 5.86456660444e-05
829 5.75082120934e-06
830 -3.2026329325e-05
831 -5.70663359434e-05
832 -7.25334264691e-05
833 -8.13620197894e-05
834 -8.57189528761e-05
835 -8.70479543674e-05
836 -8.63618814797e-05
837 -8.43354704909e-05
838 -8.15006658011e-05
839 -7.81949347076e-05
840 -7.4685458521e-05
841 -7.11749348653e-05
842 -6.76161242198e-05
843 -6.40699977709e-05
844 -6.05991477087e-05
845 -5.72510594393e-05
846 -5.40839713569e-05
847 -5.11014945893e-05
848 -4.82608154127e-05
849 -4.56307161955e-05
850 0.00389494179627
851 0.00379872835622
852 0.00358396223726
853 0.00330861917895
854 0.00299852508253
855 0.00266375142624
856 0.00234005842284
857 0.00203415512921
858 0.00175939490936
859 0.00150923989979
860 0.00128437662509
861 0.00108400092779
862 0.000905900691536
863 0.00074852126712
864 0.000609853053751
865 0.000488125749002
866 0.000382607915214
867 0.000291466491618
868 0.000214822586628
869 0.000156434768568
870 0.00012461603962
871 0.00013229475801
872 0.00017913022996
873 0.000235656531704
874 0.000259991126507
875 0.000234322453615
876 0.000173668510938
877 0.000103638444467
878 4.14608296782e-05
879 -6.14364705362e-06
880 -3.95522236088e-05
881 -6.13705609208e-05
882 -7.4675756496e-05
883 -8.21330457364e-05
884 -8.55793177524e-05
885 -8.63270600846e-05
886 -8.52616305149e-05
887 -8.30133052334e-05
888 -8.00626809634e-05
889 -7.67293305416e-05
890 -7.32599717155e-05
891 -6.97875471122e-05
892 -6.62872158855e-05
893 -6.28404157613e-05
894 -5.94822664587e-05
895 -5.62503447934e-05
896 -5.31866122914e-05
897 -5.02802509182e-05
898 -4.75045616144e-05
899 -4.49564762774e-05
900 0.00302654374335
901 0.00296252992272
902 0.00281804219881
903 0.00262896829817
904 0.00240933373248
905 0.00216540598783
906 0.00192161781185
907 0.00168298772343
908 0.00146208375503
909 0.0012563609839
910 0.00106827985502
911 0.000898949307133
912 0.000748222119356
913 0.000615065187621
914 0.000497965936747
915 0.000395542499187
916 0.000306820998525
917 0.0002307170907
918 0.000168581246161
919 0.000126459007685
920 0.000114993763772
921 0.000143474781879
922 0.000200359096932
923 0.000248626133635
924 0.000254279663327
925 0.000213837399832
926 0.000148452683383
927 8.10533210779e-05
928 2.44142818659e-05
929 -1.76998673035e-05
930 -4.67450168315e-05
931 -6.54183481689e-05
932 -7.66604167769e-05
933 -8.27528947741e-05
934 -8.52980192855e-05
935 -8.54710073766e-05
936 -8.40363672745e-05
937 -8.15811404643e-05
938 -7.85454376918e-05
939 -7.52043504265e-05
940 -7.17811958295e-05
941 -6.83511511468e-05
942 -6.49421722435e-05
943 -6.16037853264e-05
944 -5.83604412815e-05
945 -5.52388656717e-05
946 -5.22682506172e-05
947 -4.94286123432e-05
948 -4.67217838044e-05
949 -4.42673977963e-05
950 0.00235102363995
951 0.00230572712236
952 0.00220492501684
953 0.00207042990829
954 0.00191069450219
955 0.00172975599948
956 0.00154483009243
957 0.00135992413877
958 0.00118538789926
959 0.00102059857299
960 0.000868370011343
961 0.000730335325999
962 0.00060707238019
963 0.000497510536262
964 0.000400856923595
965 0.000315986349953
966 0.000242307017559
967 0.000180057421183
968 0.000132712003725
969 0.000108785691741
970 0.000119371294594
971 0.000165569100119
972 0.000223830932482
973 0.000255956223838
974 0.000241161195661
975 0.000188667304744
976 0.000121568310415
977 5.85176336185e-05
978 7.99238837246e-06
979 -2.86031595176e-05
980 -5.34130447495e-05
981 -6.91237606807e-05
982 -7.8381007493e-05
983 -8.31509320824e-05
984 -8.48415924661e-05
985 -8.44604838141e-05
986 -8.26837291269e-05
987 -8.005320573e-05
988 -7.6960691379e-05
989 -7.36281179447e-05
990 -7.02553489153e-05
991 -6.6894599323e-05
992 -6.35949220306e-05
993 -6.03694344737e-05
994 -5.72362337468e-05
995 -5.42130570426e-05
996 -5.13265870128e-05
997 -4.85471437278e-05
998 -4.59218587916e-05
999 -4.35664710391e-05
1000 0.0018133526498
1001 0.00178069309474
1002 0.0017092422113
1003 0.00161171066428
1004 0.00149515470904
1005 0.00136091955585
1006 0.00122155167613
1007 0.00108037894873
1008 0.0009451192815
1009 0.000816020090226
1010 0.000695694335046
1011 0.000585761384577
1012 0.000486542264135
1013 0.000397595666818
1014 0.000318521033868
1015 0.000248669482795
1016 0.000188327022065
1017 0.000139666230182
1018 0.000108619603219
1019 0.00010574673702
1020 0.000138097023569
1021 0.000194857828264
1022 0.000243910351883
1023 0.000254101771867
1024 0.000220149654394
1025 0.000159669878332
1026 9.39229092592e-05
1027 3.66322736099e-05
1028 -7.46123963511e-06
1029 -3.86501498879e-05
1030 -5.94528692511e-05
1031 -7.23838271262e-05
1032 -7.97640042229e-05
1033 -8.32938646619e-05
1034 -8.4180227422e-05
1035 -8.32846147127e-05
1036 -8.1204116168e-05
1037 -7.84410110848e-05
1038 -7.53092649187e-05
1039 -7.19972132134e-05
1040 -6.86946778825e-05
1041 -6.54340624138e-05
1042 -6.22484428246e-05
1043 -5.9139285571e-05
1044 -5.6104795455e-05
1045 -5.3173362091e-05
1046 -5.03589052371e-05
1047 -4.76416001267e-05
1048 -4.51114184669e-05
1049 -4.2853994993e-05
1050 0.00138817596052
1051 0.0013649581028
1052 0.00131396686727
1053 0.00124320582796
1054 0.00115854405959
1055 0.00105947455493
1056 0.000955306461147
1057 0.00084878967167
1058 0.00074542566232
1059 0.000645679768768
1060 0.000551763151084
1061 0.000464874683709
1062 0.000385468120466
1063 0.000313666715199
1064 0.0002491256446
1065 0.000192197276818
1066 0.000144535258924
1067 0.000110664367804
1068 9.91075571815e-05
1069 0.000119295988238
1070 0.000168845918838
1071 0.000224884286656
1072 0.000254717524466
1073 0.000241084661413
1074 0.000192042321163
1075 0.000128165365674
1076 6.65125033334e-05
1077 1.59755320871e-05
1078 -2.16308072594e-05
1079 -4.77120143753e-05
1080 -6.47629357288e-05
1081 -7.51058658093e-05
1082 -8.07616301844e-05
1083 -8.31420293181e-05
1084 -8.32950671061e-05
1085 -8.19314221236e-05
1086 -7.96102577511e-05
1087 -7.6752808276e-05
1088 -7.3590140694e-05
1089 -7.03288511897e-05
1090 -6.71241764548e-05
1091 -6.3980440835e-05
1092 -6.090766418e-05
1093 -5.79034630783e-05
1094 -5.49572593077e-05
1095 -5.21086373053e-05
1096 -4.9358929012e-05
1097 -4.67187054684e-05
1098 -4.42923909072e-05
1099 -4.21277303438e-05
1100 0.00105796574283
1101 0.0010416886014
1102 0.0010048932025
1103 0.000953798746174
1104 0.000892256423479
1105 0.000819249760668
1106 0.000741781791589
1107 0.000661684242779
1108 0.000583257942768
1109 0.000506468408357
1110 0.000433198661875
1111 0.000364610196208
1112 0.00030115333862
1113 0.000243154907077
1114 0.000190909608855
1115 0.0001459183376
1116 0.000112103503582
1117 9.62610005575e-05
1118 0.000107713452949
1119 0.000149092287576
1120 0.000205366696223
1121 0.000247562070672
1122 0.000251930631548
1123 0.000216946581164
1124 0.000158633976534
1125 9.57717463074e-05
1126 4.03273648215e-05
1127 -2.98428410206e-06
1128 -3.43409484126e-05
1129 -5.56487672844e-05
1130 -6.9246808981e-05
1131 -7.72504449619e-05
1132 -8.13345266361e-05
1133 -8.26864936013e-05
1134 -8.21767318949e-05
1135 -8.04209151901e-05
1136 -7.79158771623e-05
1137 -7.49835502884e-05
1138 -7.18149626216e-05
1139 -6.86507932489e-05
1140 -6.55592035801e-05
1141 -6.25371351337e-05
1142 -5.95713805196e-05
1143 -5.66568749296e-05
1144 -5.37903628266e-05
1145 -5.10161182795e-05
1146 -4.83320996023e-05
1147 -4.57830396851e-05
1148 -4.34603023383e-05
1149 -4.13844481807e-05
1150 0.000805837074834
1151 0.000794359813408
1152 0.000767560141506
1153 0.000730505785171
1154 0.000685434474291
1155 0.000631439148267
1156 0.000573659246468
1157 0.000513181882283
1158 0.000453365203704
1159 0.000393841715797
1160 0.000336416005814
1161 0.000282056002071
1162 0.000231100041396
1163 0.000184518252618
1164 0.000143527557566
1165 0.000111597169192
1166 9.48098224334e-05
1167 0.000101250293135
1168 0.000135729373225
1169 0.000189241157502
1170 0.000237494986753
1171 0.000255369923575
1172 0.00023402769218
1173 0.000183844881212
1174 0.000122511008566
1175 6.42703966921e-05
1176 1.62881836209e-05
1177 -1.98566420104e-05
1178 -4.53839331476e-05
1179 -6.23165302558e-05
1180 -7.28500882239e-05
1181 -7.87815702399e-05
1182 -8.14716161563e-05
1183 -8.19216693204e-05
1184 -8.08469377793e-05
1185 -7.87832502433e-05
1186 -7.61353669151e-05
1187 -7.31439263024e-05
1188 -7.00255179637e-05
1189 -6.69893738526e-05
1190 -6.40158270914e-05
1191 -6.11096001824e-05
1192 -5.82413560532e-05
1193 -5.53978977164e-05
1194 -5.26065014813e-05
1195 -4.9903198702e-05
1196 -4.72938320723e-05
1197 -4.48432968401e-05
1198 -4.26207718957e-05
1199 -4.06239536824e-05
1200 0.000614109118891
1201 0.000605818212095
1202 0.000586128965236
1203 0.000558964042929
1204 0.000525569534474
1205 0.000485233180001
1206 0.00044156526907
1207 0.000395316265072
1208 0.000349188855368
1209 0.000302688738573
1210 0.000257247581404
1211 0.000213890239209
1212 0.000173320255238
1213 0.000137344244028
1214 0.000108906070051
1215 9.34374443041e-05
1216 9.82290709094e-05
1217 0.000128171867965
1218 0.000178020981415
1219 0.000228177886129
1220 0.000254618456875
1221 0.000244623527766
1222 0.000203067635065
1223 0.00014544928759
1224 8.64212583112e-05
1225 3.5181294534e-05
1226 -4.99907278294e-06
1227 -3.43572903478e-05
1228 -5.45947686093e-05
1229 -6.76813240595e-05
1230 -7.55489928112e-05
1231 -7.96799382571e-05
1232 -8.11729705714e-05
1233 -8.08581022668e-05
1234 -7.93265659079e-05
1235 -7.70248348632e-05
1236 -7.42629309717e-05
1237 -7.1262028734e-05
1238 -6.82631194037e-05
1239 -6.53537182954e-05
1240 -6.24993709165e-05
1241 -5.969374692e-05
1242 -5.6902438109e-05
1243 -5.41242683289e-05
1244 -5.14033500355e-05
1245 -4.87756938792e-05
1246 -4.62483204683e-05
1247 -4.38986701994e-05
1248 -4.17697235974e-05
1249 -3.98422839363e-05
1250 0.000466579371683
1251 0.00046050345042
1252 0.000445842697879
1253 0.000425557543982
1254 0.000400393780305
1255 0.000369791882456
1256 0.000336348196754
1257 0.000300616749374
1258 0.000264632086137
1259 0.000227931716836
1260 0.000191956616477
1261 0.000157967679963
1262 0.000127607668237
1263 0.000103985636664
1264 9.18908849846e-05
1265 9.78391774852e-05
1266 0.000125997027218
1267 0.000172634587643
1268 0.000222051152023
1269 0.000252625163549
1270 0.000250390541845
1271 0.000216543571381
1272 0.000163382030823
1273 0.000105387079715
1274 5.23995380977e-05
1275 9.26420790014e-06
1276 -2.33049967608e-05
1277 -4.64607711937e-05
1278 -6.20168121089e-05
1279 -7.17899892672e-05
1280 -7.73888027592e-05
1281 -7.99765606857e-05
1282 -8.04761480312e-05
1283 -7.95361490192e-05
1284 -7.76426606787e-05
1285 -7.51536563268e-05
1286 -7.23312042423e-05
1287 -6.9396426798e-05
1288 -6.65391405771e-05
1289 -6.37497966196e-05
1290 -6.10070365828e-05
1291 -5.82771088977e-05
1292 -5.55459010383e-05
1293 -5.28295597328e-05
1294 -5.0185155785e-05
1295 -4.76359729402e-05
1296 -4.51953726804e-05
1297 -4.29469084589e-05
1298 -4.09010045097e-05
1299 -3.90367976232e-05
1300 0.000351447651285
1301 0.000346978113755
1302 0.000335856888124
1303 0.000320440625434
1304 0.000301291074374
1305 0.000277700824209
1306 0.000251707323745
1307 0.000223758432123
1308 0.000195562116134
1309 0.000166918184693
1310 0.000139548223741
1311 0.000115574240406
1312 9.78063680514e-05
1313 9.08465958051e-05
1314 0.000100146834175
1315 0.000129027653027
1316 0.000173441725062
1317 0.000220389832221
1318 0.000251446551414
1319 0.000253159636139
1320 0.00022483782071
1321 0.000176261161812
1322 0.000120165116658
1323 6.69664278169e-05
1324 2.20467693755e-05
1325 -1.28926206605e-05
1326 -3.84428195261e-05
1327 -5.615775315e-05
1328 -6.77254376475e-05
1329 -7.47154599009e-05
1330 -7.84058421778e-05
1331 -7.972943997e-05
1332 -7.94221929983e-05
1333 -7.79796305027e-05
1334 -7.58038424612e-05
1335 -7.3197446869e-05
1336 -7.03865070055e-05
1337 -6.75785744509e-05
1338 -6.48550728129e-05
1339 -6.21783457446e-05
1340 -5.95183639192e-05
1341 -5.68496318843e-05
1342 -5.41662809663e-05
1343 -5.15194460694e-05
1344 -4.89602624977e-05
1345 -4.64850131325e-05
1346 -4.41378980548e-05
1347 -4.1982988517e-05
1348 -4.00126319197e-05
1349 -3.82048294232e-05
1350 0.000260318469804
1351 0.00025698455275
1352 0.000248417997965
1353 0.000236488774754
1354 0.000221768110377
1355 0.000203403458888
1356 0.000183202622412
1357 0.000161713269696
1358 0.000140495991076
1359 0.000120170198484
1360 0.000103081990906
1361 9.23555578436e-05
1362 9.20476602381e-05
1363 0.000106356669811
1364 0.000137198571955
1365 0.000180277592588
1366 0.000223575349641
1367 0.000252048604182
1368 0.00025429216548
1369 0.000228880686268
1370 0.000183906197658
1371 0.000130477354575
1372 7.79949963966e-05
1373 3.25529879641e-05
1374 -3.76152846741e-06
1375 -3.10350381749e-05
1376 -5.04768022965e-05
1377 -6.35745330662e-05
1378 -7.18482760865e-05
1379 -7.65594600747e-05
1380 -7.86935840625e-05
1381 -7.90146458162e-05
1382 -7.80546670371e-05
1383 -7.62160479627e-05
1384 -7.38493133416e-05
1385 -7.12099581338e-05
1386 -6.84762787831e-05
1387 -6.58138915718e-05
1388 -6.32079865279e-05
1389 -6.06214344012e-05
1390 -5.80204396049e-05
1391 -5.53977219216e-05
1392 -5.2767225487e-05
1393 -5.02041412868e-05
1394 -4.77247623823e-05
1395 -4.53241802547e-05
1396 -4.30727812539e-05
1397 -4.10026578505e-05
1398 -3.91062057086e-05
1399 -3.73467777877e-05
1400 0.000187270796457
1401 0.000184748716811
1402 0.000178195551345
1403 0.000169110163076
1404 0.000158015736102
1405 0.000144308171202
1406 0.000129731523457
1407 0.00011523300669
1408 0.000102528788693
1409 9.33449606541e-05
1410 9.08143362328e-05
1411 9.82784040888e-05
1412 0.000118643176729
1413 0.00015175979643
1414 0.000192782948382
1415 0.00023117568951
1416 0.000254425161493
1417 0.000254123644225
1418 0.000229291324244
1419 0.000186517265691
1420 0.000135694909357
1421 8.50327001686e-05
1422 4.00634223465e-05
1423 3.35929498903e-06
1424 -2.48394125067e-05
1425 -4.5398087025e-05
1426 -5.96487342867e-05
1427 -6.89684597252e-05
1428 -7.45759563422e-05
1429 -7.74497607481e-05
1430 -7.83636421989e-05
1431 -7.78796443196e-05
1432 -7.63999911406e-05
1433 -7.4288735823e-05
1434 -7.18400162168e-05
1435 -6.92311412707e-05
1436 -6.66250263512e-05
1437 -6.40955252027e-05
1438 -6.1581323334e-05
1439 -5.90592731777e-05
1440 -5.65026598881e-05
1441 -5.39173488625e-05
1442 -5.13604903592e-05
1443 -4.88844182874e-05
1444 -4.64729905612e-05
1445 -4.41528867664e-05
1446 -4.19929486252e-05
1447 -4.00060250291e-05
1448 -3.81794470736e-05
1449 -3.64698259584e-05
1450 0.000130895764338
1451 0.000129165587357
1452 0.000124648021285
1453 0.000118641266973
1454 0.000111611259674
1455 0.000103642991787
1456 9.65019196752e-05
1457 9.17247621848e-05
1458 9.12892105347e-05
1459 9.76966330015e-05
1460 0.000113301319436
1461 0.000138956205934
1462 0.000173253421468
1463 0.000210368962964
1464 0.000241593530124
1465 0.000257374784402
1466 0.000252003900585
1467 0.000225868668994
1468 0.000184409827528
1469 0.00013580871556
1470 8.75286307428e-05
1471 4.41607888713e-05
1472 8.07349984032e-06
1473 -2.01795758797e-05
1474 -4.12899383411e-05
1475 -5.62321317948e-05
1476 -6.62935634163e-05
1477 -7.26031964472e-05
1478 -7.6111336052e-05
1479 -7.75521471794e-05
1480 -7.75051637756e-05
1481 -7.63790271482e-05
1482 -7.45387728559e-05
1483 -7.22862458982e-05
1484 -6.98304684821e-05
1485 -6.73053787513e-05
1486 -6.48423052631e-05
1487 -6.24068547701e-05
1488 -5.99605778745e-05
1489 -5.74794670004e-05
1490 -5.49582607612e-05
1491 -5.24292810465e-05
1492 -4.99592799388e-05
1493 -4.75571108255e-05
1494 -4.52100383275e-05
1495 -4.29750906114e-05
1496 -4.09048700957e-05
1497 -3.8999365032e-05
1498 -3.72375825752e-05
1499 -3.55852352265e-05
1500 9.65903802992e-05
1501 9.58875887262e-05
1502 9.42042326384e-05
1503 9.24818294631e-05
1504 9.13115372988e-05
1505 9.17099901036e-05
1506 9.52621265024e-05
1507 0.000103649809027
1508 0.000117944316476
1509 0.000139750544101
1510 0.000168243342752
1511 0.00020022963754
1512 0.000230573002086
1513 0.000252100229577
1514 0.000258528287555
1515 0.000246644723094
1516 0.000218001617988
1517 0.000177488320678
1518 0.00013137429516
1519 8.56677924515e-05
1520 4.46491308344e-05
1521 1.01245552255e-05
1522 -1.74383188117e-05
1523 -3.83510902005e-05
1524 -5.35284538703e-05
1525 -6.39794257436e-05
1526 -7.07610495301e-05
1527 -7.47550171141e-05
1528 -7.66372456369e-05
1529 -7.69778232663e-05
1530 -7.6181520004e-05
1531 -7.46082390296e-05
1532 -7.25688465491e-05
1533 -7.02702927074e-05
1534 -6.78545800963e-05
1535 -6.54594490651e-05
1536 -6.31019999357e-05
1537 -6.07317744427e-05
1538 -5.83292884892e-05
1539 -5.58789754203e-05
1540 -5.33978974901e-05
1541 -5.09470492384e-05
1542 -4.85592750326e-05
1543 -4.62163141564e-05
1544 -4.39380918333e-05
1545 -4.17932574173e-05
1546 -3.98108828318e-05
1547 -3.79858698616e-05
1548 -3.62889894683e-05
1549 -3.47027225507e-05
1550 9.71208518381e-05
1551 9.78411688572e-05
1552 0.000100193952348
1553 0.000104237383358
1554 0.00011060756297
1555 0.000120886355393
1556 0.000135410752827
1557 0.000154779939544
1558 0.000177825147964
1559 0.000203902374733
1560 0.000229231372759
1561 0.000249117167143
1562 0.000258893870062
1563 0.000254971920319
1564 0.000236260540857
1565 0.000204842554096
1566 0.000165214902845
1567 0.000122037721986
1568 7.96860530319e-05
1569 4.14939614341e-05
1570 9.28348143281e-06
1571 -1.67631694854e-05
1572 -3.69142123763e-05
1573 -5.17722111333e-05
1574 -6.2256017037e-05
1575 -6.92275652674e-05
1576 -7.35042760931e-05
1577 -7.57041391996e-05
1578 -7.6346407792e-05
1579 -7.58371288485e-05
1580 -7.45126551959e-05
1581 -7.26812496948e-05
1582 -7.05538908332e-05
1583 -6.82618997245e-05
1584 -6.59457233096e-05
1585 -6.36655472148e-05
1586 -6.13715479541e-05
1587 -5.90486610419e-05
1588 -5.66706599774e-05
1589 -5.42560135027e-05
1590 -5.18370413308e-05
1591 -4.94657756329e-05
1592 -4.71426206815e-05
1593 -4.48516533387e-05
1594 -4.26528227423e-05
1595 -4.06008817923e-05
1596 -3.87081372491e-05
1597 -3.69650969456e-05
1598 -3.5342908481e-05
1599 -3.38261016258e-05
1600 0.000142173188162
1601 0.000144212696696
1602 0.000150001523851
1603 0.000158428083751
1604 0.000169631348719
1605 0.000184727180802
1606 0.000202197213669
1607 0.000220943599718
1608 0.000238391517092
1609 0.000252426053914
1610 0.000259516167574
1611 0.000257030413589
1612 0.000243360446626
1613 0.000219006880271
1614 0.000185963678983
1615 0.000147671552802
1616 0.000107919082157
1617 6.96313804518e-05
1618 3.50939695272e-05
1619 5.63670754534e-06
1620 -1.82460501481e-05
1621 -3.69848822453e-05
1622 -5.10931376777e-05
1623 -6.1198895213e-05
1624 -6.80950490662e-05
1625 -7.2449848243e-05
1626 -7.4815702728e-05
1627 -7.56689986444e-05
1628 -7.53841827417e-05
1629 -7.42822750102e-05
1630 -7.26418978515e-05
1631 -7.0679296723e-05
1632 -6.85282696295e-05
1633 -6.6297144786e-05
1634 -6.40950827948e-05
1635 -6.18832152398e-05
1636 -5.96338402343e-05
1637 -5.73321953528e-05
1638 -5.49869330666e-05
1639 -5.26186966881e-05
1640 -5.02720548303e-05
1641 -4.79717899413e-05
1642 -4.56942412835e-05
1643 -4.34647154738e-05
1644 -4.13580265489e-05
1645 -3.94013189648e-05
1646 -3.76045625704e-05
1647 -3.5947882004e-05
1648 -3.44085160628e-05
1649 -3.29585812834e-05
1650 0.00021168526557
1651 0.000213713126403
1652 0.0002191641367
1653 0.000226413386648
1654 0.000234880421448
1655 0.000244564802128
1656 0.000253186440379
1657 0.000259038250675
1658 0.000260290824134
1659 0.000255081281814
1660 0.000242200083373
1661 0.000221619023886
1662 0.000193856313861
1663 0.000161113017714
1664 0.000125498082679
1665 8.9714181873e-05
1666 5.60260081853e-05
1667 2.57435432874e-05
1668 -2.72803249e-07
1669 -2.16911478706e-05
1670 -3.85495658497e-05
1671 -5.14265872354e-05
1672 -6.08591563716e-05
1673 -6.74051657508e-05
1674 -7.16434535909e-05
1675 -7.40290107252e-05
1676 -7.49840003719e-05
1677 -7.48646675481e-05
1678 -7.39418465496e-05
1679 -7.24774978054e-05
1680 -7.06666142716e-05
1681 -6.86544992879e-05
1682 -6.65277436895e-05
1683 -6.43951714457e-05
1684 -6.22668534455e-05
1685 -6.00923443995e-05
1686 -5.78687051396e-05
1687 -5.55962386873e-05
1688 -5.32902727264e-05
1689 -5.09812937005e-05
1690 -4.87057231899e-05
1691 -4.64549244825e-05
1692 -4.422058556e-05
1693 -4.20743013329e-05
1694 -4.00659579483e-05
1695 -3.82124920959e-05
1696 -3.65171316276e-05
1697 -3.49515507793e-05
1698 -3.34880914282e-05
1699 -3.21009440862e-05
1700 0.000257707007523
1701 0.000258341179749
1702 0.000259658390284
1703 0.000260793936692
1704 0.000261079535096
1705 0.000259442164235
1706 0.000254717413766
1707 0.000245768716795
1708 0.000232305235749
1709 0.000213377274967
1710 0.000189474783793
1711 0.000161796780032
1712 0.000131179933163
1713 9.97309082126e-05
1714 6.87744789261e-05
1715 3.99195561385e-05
1716 1.42032553274e-05
1717 -8.02328547249e-06
1718 -2.6520668364e-05
1719 -4.13536119624e-05
1720 -5.27129019601e-05
1721 -6.1170800529e-05
1722 -6.71635966638e-05
1723 -7.11034722128e-05
1724 -7.33740917334e-05
1725 -7.43377482782e-05
1726 -7.43045180483e-05
1727 -7.3521388817e-05
1728 -7.2198793863e-05
1729 -7.05318317394e-05
1730 -6.86464970397e-05
1731 -6.66284307519e-05
1732 -6.4572641752e-05
1733 -6.25190860363e-05
1734 -6.04224227015e-05
1735 -5.82756864436e-05
1736 -5.60782061214e-05
1737 -5.38446661085e-05
1738 -5.15850437456e-05
1739 -4.9341575517e-05
1740 -4.71218331558e-05
1741 -4.49049151688e-05
1742 -4.27362607609e-05
1743 -4.0687906982e-05
1744 -3.87862985366e-05
1745 -3.70478412228e-05
1746 -3.54564518545e-05
1747 -3.39795730412e-05
1748 -3.25810923526e-05
1749 -3.1251965263e-05
1750 0.000248963290435
1751 0.000248008420668
1752 0.000244882192056
1753 0.000240021693859
1754 0.000233183551449
1755 0.000222739764184
1756 0.000209220429889
1757 0.000192192844343
1758 0.000172405099179
1759 0.00014938018915
1760 0.000124147351196
1761 9.79790925546e-05
1762 7.15185347912e-05
1763 4.61146801411e-05
1764 2.2395057385e-05
1765 1.1679740447e-06
1766 -1.71234867018e-05
1767 -3.25264918847e-05
1768 -4.50333743657e-05
1769 -5.48108209417e-05
1770 -6.20970815874e-05
1771 -6.73255852998e-05
1772 -7.08234895856e-05
1773 -7.28640769257e-05
1774 -7.37518947357e-05
1775 -7.37429706403e-05
1776 -7.30395093764e-05
1777 -7.18334737595e-05
1778 -7.02867340203e-05
1779 -6.85218535249e-05
1780 -6.66076171564e-05
1781 -6.46343463172e-05
1782 -6.26583519986e-05
1783 -6.06364240668e-05
1784 -5.85642896778e-05
1785 -5.64422311222e-05
1786 -5.42808521452e-05
1787 -5.20810275588e-05
1788 -4.98766807859e-05
1789 -4.76886826325e-05
1790 -4.54996550615e-05
1791 -4.33306701992e-05
1792 -4.12548349107e-05
1793 -3.93165855791e-05
1794 -3.75374399832e-05
1795 -3.5918258677e-05
1796 -3.44265325144e-05
1797 -3.30241497146e-05
1798 -3.16833637461e-05
1799 -3.04112241042e-05
1800 0.000195259475779
1801 0.000193489100663
1802 0.00018824611112
1803 0.000180863517648
1804 0.000171276286114
1805 0.000158045804632
1806 0.000142592326263
1807 0.000124825292292
1808 0.000105820196931
1809 8.52395000513e-05
1810 6.41060003751e-05
1811 4.33454867393e-05
1812 2.32951328396e-05
1813 4.72981438563e-06
1814 -1.20915081687e-05
1815 -2.67650392358e-05
1816 -3.91017639949e-05
1817 -4.92628808758e-05
1818 -5.73044828954e-05
1819 -6.34228419067e-05
1820 -6.77932057269e-05
1821 -7.07346570292e-05
1822 -7.24700906721e-05
1823 -7.32204651899e-05
1824 -7.31785221157e-05
1825 -7.25138386621e-05
1826 -7.13865552516e-05
1827 -6.99439094801e-05
1828 -6.82837580639e-05
1829 -6.64682443567e-05
1830 -6.45779329699e-05
1831 -6.26781685102e-05
1832 -6.07351766292e-05
1833 -5.87377643286e-05
1834 -5.66951339234e-05
1835 -5.46043362122e-05
1836 -5.24680850784e-05
1837 -5.03110087897e-05
1838 -4.81579795433e-05
1839 -4.60061036727e-05
1840 -4.38501449853e-05
1841 -4.17603620103e-05
1842 -3.97962840757e-05
1843 -3.79845724952e-05
1844 -3.63400296729e-05
1845 -3.48313145104e-05
1846 -3.34251146622e-05
1847 -3.20810512953e-05
1848 -3.07969450705e-05
1849 -2.95848090726e-05
1850 0.000125561089718
1851 0.00012377539865
1852 0.00011858959556
1853 0.000111546221666
1854 0.000102595118503
1855 9.0743226764e-05
1856 7.74994570028e-05
1857 6.28629330025e-05
1858 4.78451191228e-05
1859 3.21454847207e-05
1860 1.65750081586e-05
1861 1.68871584899e-06
1862 -1.23050847985e-05
1863 -2.49822100132e-05
1864 -3.62219894573e-05
1865 -4.58263745898e-05
1866 -5.37079798149e-05
1867 -6.00472988228e-05
1868 -6.49084795808e-05
1869 -6.84565971234e-05
1870 -7.08009758447e-05
1871 -7.21675709167e-05
1872 -7.2728275761e-05
1873 -7.26153900813e-05
1874 -7.19522709653e-05
1875 -7.08805234814e-05
1876 -6.95167900289e-05
1877 -6.79451731075e-05
1878 -6.62205742928e-05
1879 -6.441253697e-05
1880 -6.25856397923e-05
1881 -6.0719129191e-05
1882 -5.87980528302e-05
1883 -5.6830709907e-05
1884 -5.48130019156e-05
1885 -5.27442408632e-05
1886 -5.06348300053e-05
1887 -4.85221172405e-05
1888 -4.64065279799e-05
1889 -4.42824274314e-05
1890 -4.21935191204e-05
1891 -4.02126505311e-05
1892 -3.83792342373e-05
1893 -3.6711323177e-05
1894 -3.51909304855e-05
1895 -3.37785256197e-05
1896 -3.24371354062e-05
1897 -3.11474275236e-05
1898 -2.99278443501e-05
1899 -2.87740021406e-05
1900 6.15638232925e-05
1901 6.01873394415e-05
1902 5.60599795834e-05
1903 5.05756996951e-05
1904 4.36936105771e-05
1905 3.47593684618e-05
1906 2.49722643288e-05
1907 1.43819033981e-05
1908 3.7628603343e-06
1909 -7.14553570026e-06
1910 -1.7749966945e-05
1911 -2.76999851791e-05
1912 -3.68836325994e-05
1913 -4.50414425689e-05
1914 -5.21231305311e-05
1915 -5.80454205878e-05
1916 -6.27822083429e-05
1917 -6.64632582904e-05
1918 -6.91508513661e-05
1919 -7.09435572197e-05
1920 -7.19277811241e-05
1921 -7.22586339443e-05
1922 -7.20334868823e-05
1923 -7.13498547819e-05
1924 -7.03083438311e-05
1925 -6.90053523735e-05
1926 -6.75071209293e-05
1927 -6.58615944772e-05
1928 -6.41342040226e-05
1929 -6.23818921505e-05
1930 -6.05877138611e-05
1931 -5.87451333885e-05
1932 -5.68521753757e-05
1933 -5.49032769446e-05
1934 -5.29030854127e-05
1935 -5.08515207245e-05
1936 -4.87797598046e-05
1937 -4.6704657433e-05
1938 -4.46149529909e-05
1939 -4.25428314305e-05
1940 -4.05591354348e-05
1941 -3.8712702356e-05
1942 -3.70295095112e-05
1943 -3.5500609768e-05
1944 -3.4085780261e-05
1945 -3.27466655528e-05
1946 -3.1457775596e-05
1947 -3.02325905579e-05
1948 -2.90790823268e-05
1949 -2.79744106688e-05
1950 1.23148865242e-05
1951 1.13885017944e-05
1952 8.48174169605e-06
1953 4.64264125414e-06
1954 -1.01730383349e-07
1955 -6.20611569418e-06
1956 -1.28417648896e-05
1957 -1.99042371217e-05
1958 -2.68976382413e-05
1959 -3.39847478552e-05
1960 -4.07727529464e-05
1961 -4.70224232571e-05
1962 -5.26997257069e-05
1963 -5.76486600256e-05
1964 -6.18504756168e-05
1965 -6.5267136596e-05
1966 -6.78959857721e-05
1967 -6.98028499574e-05
1968 -7.10382076083e-05
1969 -7.16794971883e-05
1970 -7.17742822902e-05
1971 -7.14183853062e-05
1972 -7.06875655391e-05
1973 -6.96617353006e-05
1974 -6.84002040222e-05
1975 -6.69635676944e-05
1976 -6.53891547235e-05
1977 -6.37374180583e-05
1978 -6.2057573711e-05
1979 -6.03405397508e-05
1980 -5.85704353666e-05
1981 -5.67559705752e-05
1982 -5.48744252466e-05
1983 -5.29378991886e-05
1984 -5.09449594448e-05
1985 -4.89223438533e-05
1986 -4.68874130974e-05
1987 -4.48406466418e-05
1988 -4.27940954493e-05
1989 -4.08211764639e-05
1990 -3.8976262218e-05
1991 -3.72858670962e-05
1992 -3.57531457215e-05
1993 -3.43398455098e-05
1994 -3.30077414697e-05
1995 -3.17238928093e-05
1996 -3.04981264538e-05
1997 -2.93448177147e-05
1998 -2.82477476608e-05
1999 -2.71817371303e-05
2000 -2.20528615839e-05
2001 -2.2623495539e-05
2002 -2.45152524376e-05
2003 -2.70152954479e-05
2004 -3.00367949685e-05
2005 -3.39369270124e-05
2006 -3.81352868367e-05
2007 -4.25362401832e-05
2008 -4.68553126639e-05
2009 -5.11725674395e-05
2010 -5.52505661235e-05
2011 -5.89385104789e-05
2012 -6.22305851298e-05
2013 -6.50282870534e-05
2014 -6.73239716604e-05
2015 -6.90830755386e-05
2016 -7.03078873218e-05
2017 -7.1051244725e-05
2018 -7.13455748288e-05
2019 -7.12315641013e-05
2020 -7.07441583035e-05
2021 -6.99555772237e-05
2022 -6.89239335801e-05
2023 -6.76995441717e-05
2024 -6.63135887312e-05
2025 -6.48052573132e-05
2026 -6.32318232536e-05
2027 -6.163055467e-05
2028 -5.99856451564e-05
2029 -5.82929590863e-05
2030 -5.65442752165e-05
2031 -5.47351549158e-05
2032 -5.28609197104e-05
2033 -5.09230193387e-05
2034 -4.89503443316e-05
2035 -4.69619266667e-05
2036 -4.49559148595e-05
2037 -4.29462650387e-05
2038 -4.09937488235e-05
2039 -3.91616736807e-05
2040 -3.74757955806e-05
2041 -3.59432587498e-05
2042 -3.45357518377e-05
2043 -3.32118477127e-05
2044 -3.19403576181e-05
2045 -3.0718410168e-05
2046 -2.95681319986e-05
2047 -2.8478697228e-05
2048 -2.74284545388e-05
2049 -2.63963935268e-05
2050 -4.42216406273e-05
2051 -4.45422762407e-05
2052 -4.5703267874e-05
2053 -4.7218152443e-05
2054 -4.90140803815e-05
2055 -5.13578174554e-05
2056 -5.38490762477e-05
2057 -5.64305095087e-05
2058 -5.89369208258e-05
2059 -6.14041066091e-05
2060 -6.3694883713e-05
2061 -6.57102137353e-05
2062 -6.74503841742e-05
2063 -6.88463326095e-05
2064 -6.98920119275e-05
2065 -7.05761787039e-05
2066 -7.09042141623e-05
2067 -7.08974598341e-05
2068 -7.05775903264e-05
2069 -6.99781203122e-05
2070 -6.91348534272e-05
2071 -6.80949861575e-05
2072 -6.68929446202e-05
2073 -6.55566731733e-05
2074 -6.41104381344e-05
2075 -6.26176838969e-05
2076 -6.10961408787e-05
2077 -5.95271023383e-05
2078 -5.7902413781e-05
2079 -5.62252606283e-05
2080 -5.44767597173e-05
2081 -5.26652862044e-05
2082 -5.07834809864e-05
2083 -4.88618552715e-05
2084 -4.69213968638e-05
2085 -4.49629632075e-05
2086 -4.29948557796e-05
2087 -4.10763042848e-05
2088 -3.92674856086e-05
2089 -3.75987771619e-05
2090 -3.60761059119e-05
2091 -3.46773323508e-05
2092 -3.33647200472e-05
2093 -3.210820736e-05
2094 -3.089654678e-05
2095 -2.97504452531e-05
2096 -2.86696359194e-05
2097 -2.76324117547e-05
2098 -2.66231235583e-05
2099 -2.56250744475e-05
2100 -5.75167164029e-05
2101 -5.76853802316e-05
2102 -5.83565085667e-05
2103 -5.92113620395e-05
2104 -6.02159391295e-05
2105 -6.15374351671e-05
2106 -6.29199275487e-05
2107 -6.43289488982e-05
2108 -6.56673615992e-05
2109 -6.69487288479e-05
2110 -6.80899550576e-05
2111 -6.90267038443e-05
2112 -6.97628657081e-05
2113 -7.02647448011e-05
2114 -7.05243630256e-05
2115 -7.05276911083e-05
2116 -7.02773354328e-05
2117 -6.97905970829e-05
2118 -6.90921355516e-05
2119 -6.82106689729e-05
2120 -6.71682016447e-05
2121 -6.59889524609e-05
2122 -6.46918555747e-05
2123 -6.33207614559e-05
2124 -6.19096790652e-05
2125 -6.0466699592e-05
2126 -5.89689566167e-05
2127 -5.7414311165e-05
2128 -5.57969682841e-05
2129 -5.41116571778e-05
2130 -5.23550532984e-05
2131 -5.05300671104e-05
2132 -4.8663501073e-05
2133 -4.67738805186e-05
2134 -4.48661565056e-05
2135 -4.29459776121e-05
2136 -4.10679746264e-05
2137 -3.92945173151e-05
2138 -3.76517649869e-05
2139 -3.61480536615e-05
2140 -3.47655511564e-05
2141 -3.3467381638e-05
2142 -3.22280231897e-05
2143 -3.10327673711e-05
2144 -2.98958556889e-05
2145 -2.88228154154e-05
2146 -2.78004235523e-05
2147 -2.6811693603e-05
2148 -2.58391675919e-05
2149 -2.48688558043e-05
2150 -6.48837876219e-05
2151 -6.49669135714e-05
2152 -6.53212356981e-05
2153 -6.57587003322e-05
2154 -6.6266770527e-05
2155 -6.69370862062e-05
2156 -6.76152580956e-05
2157 -6.82779033609e-05
2158 -6.88706884106e-05
2159 -6.93986450045e-05
2160 -6.98150850632e-05
2161 -7.0081052566e-05
2162 -7.01916595633e-05
2163 -7.01264365092e-05
2164 -6.98786891773e-05
2165 -6.94468937753e-05
2166 -6.88419639212e-05
2167 -6.80783176111e-05
2168 -6.71690959149e-05
2169 -6.61323049089e-05
2170 -6.49793627086e-05
2171 -6.37357997591e-05
2172 -6.24404725165e-05
2173 -6.11172149321e-05
2174 -5.97439378316e-05
2175 -5.8314248856e-05
2176 -5.68231385677e-05
2177 -5.52657428054e-05
2178 -5.36360446153e-05
2179 -5.19345457834e-05
2180 -5.01641664396e-05
2181 -4.83524419343e-05
2182 -4.65169986931e-05
2183 -4.46615356132e-05
2184 -4.27960567498e-05
2185 -4.0968961863e-05
2186 -3.92392121261e-05
2187 -3.76324548922e-05
2188 -3.6154695631e-05
2189 -3.47941052283e-05
2190 -3.35136240137e-05
2191 -3.22938528837e-05
2192 -3.1120845328e-05
2193 -2.99980926514e-05
2194 -2.8937432852e-05
2195 -2.79289677446e-05
2196 -2.69618165015e-05
2197 -2.60148776488e-05
2198 -2.50721314476e-05
2199 -2.41124085855e-05
2200 -6.8408440832e-05
2201 -6.8437848415e-05
2202 -6.85906993166e-05
2203 -6.87692330088e-05
2204 -6.89653044976e-05
2205 -6.92255701079e-05
2206 -6.9463574549e-05
2207 -6.96629136332e-05
2208 -6.97946433138e-05
2209 -6.98533903565e-05
2210 -6.98118758862e-05
2211 -6.96486764158e-05
2212 -6.93598720893e-05
2213 -6.89416257885e-05
2214 -6.83905996609e-05
2215 -6.77113932112e-05
2216 -6.69099912284e-05
2217 -6.59942162129e-05
2218 -6.49730316023e-05
2219 -6.38621049913e-05
2220 -6.26905359924e-05
2221 -6.14807147373e-05
2222 -6.02297716264e-05
2223 -5.89255331295e-05
2224 -5.75562658849e-05
2225 -5.61274464963e-05
2226 -5.46224360382e-05
2227 -5.30431060707e-05
2228 -5.13934723477e-05
2229 -4.96767686273e-05
2230 -4.79225649645e-05
2231 -4.61436698856e-05
2232 -4.43452151691e-05
2233 -4.2537927142e-05
2234 -4.0771764455e-05
2235 -3.90955550433e-05
2236 -3.75339549143e-05
2237 -3.60911151497e-05
2238 -3.47568216277e-05
2239 -3.35016039794e-05
2240 -3.23045625987e-05
2241 -3.11549062429e-05
2242 -3.00532437196e-05
2243 -2.90090546854e-05
2244 -2.80182440073e-05
2245 -2.70706090849e-05
2246 -2.61501891956e-05
2247 -2.52331508276e-05
2248 -2.43011228363e-05
2249 -2.33379592549e-05
2250 -6.946765468e-05
2251 -6.94609919783e-05
2252 -6.94904121126e-05
2253 -6.95096238148e-05
2254 -6.95109627695e-05
2255 -6.95143521302e-05
2256 -6.94744025605e-05
2257 -6.93798156027e-05
2258 -6.9220026731e-05
2259 -6.89838447154e-05
2260 -6.86609713942e-05
2261 -6.82416658287e-05
2262 -6.77237546243e-05
2263 -6.7109468369e-05
2264 -6.63939462856e-05
2265 -6.55836673847e-05
2266 -6.46834688068e-05
2267 -6.36988542316e-05
2268 -6.26521465787e-05
2269 -6.15611619641e-05
2270 -6.04320273697e-05
2271 -5.924658401e-05
2272 -5.79992290109e-05
2273 -5.6692965254e-05
2274 -5.5310004231e-05
2275 -5.38568342474e-05
2276 -5.23284052564e-05
2277 -5.07277837252e-05
2278 -4.90712143031e-05
2279 -4.73755646553e-05
2280 -4.56568049265e-05
2281 -4.39203545874e-05
2282 -4.21786977851e-05
2283 -4.04789786957e-05
2284 -3.88661769514e-05
2285 -3.73564454841e-05
2286 -3.59558730936e-05
2287 -3.4654039956e-05
2288 -3.34262706958e-05
2289 -3.22592421276e-05
2290 -3.11369550091e-05
2291 -3.00577673897e-05
2292 -2.90334054893e-05
2293 -2.80628961673e-05
2294 -2.7138345362e-05
2295 -2.62443923497e-05
2296 -2.53557823379e-05
2297 -2.44490220356e-05
2298 -2.35104128959e-05
2299 -2.25459262496e-05
2300 -6.89125176843e-05
2301 -6.88825479594e-05
2302 -6.88362184405e-05
2303 -6.87557951311e-05
2304 -6.8636778707e-05
2305 -6.84841731289e-05
2306 -6.82777471271e-05
2307 -6.8009985874e-05
2308 -6.76830587919e-05
2309 -6.72818054459e-05
2310 -6.68061677454e-05
2311 -6.62510696631e-05
2312 -6.56156666692e-05
2313 -6.4903718093e-05
2314 -6.41104094664e-05
2315 -6.32462949344e-05
2316 -6.23259718406e-05
2317 -6.13577308791e-05
2318 -6.03450118801e-05
2319 -5.92761579783e-05
2320 -5.81501089012e-05
2321 -5.6958484343e-05
2322 -5.57009780428e-05
2323 -5.43709905653e-05
2324 -5.29599584354e-05
2325 -5.14835164996e-05
2326 -4.99345980432e-05
2327 -4.83361252532e-05
2328 -4.67069334241e-05
2329 -4.50551490673e-05
2330 -4.33855880966e-05
2331 -4.17185261431e-05
2332 -4.00933887513e-05
2333 -3.85492696898e-05
2334 -3.71002395893e-05
2335 -3.5747704721e-05
2336 -3.44865167128e-05
2337 -3.32939040493e-05
2338 -3.21579459077e-05
2339 -3.10683665267e-05
2340 -3.00152587453e-05
2341 -2.90126609373e-05
2342 -2.80656631451e-05
2343 -2.71655892576e-05
2344 -2.62974408195e-05
2345 -2.54354637299e-05
2346 -2.45560505815e-05
2347 -2.36410814534e-05
2348 -2.26957306433e-05
2349 -2.17467711998e-05
2350 -6.73384396651e-05
2351 -6.72955784094e-05
2352 -6.72079995363e-05
2353 -6.70728511054e-05
2354 -6.68896385014e-05
2355 -6.66542994538e-05
2356 -6.63617887008e-05
2357 -6.60054593064e-05
2358 -6.55957911131e-05
2359 -6.51147003434e-05
2360 -6.45669691591e-05
2361 -6.39503673463e-05
2362 -6.32660081061e-05
2363 -6.25229439396e-05
2364 -6.1723381309e-05
2365 -6.08758283117e-05
2366 -5.99812718744e-05
2367 -5.9028217916e-05
2368 -5.80143464817e-05
2369 -5.69348025887e-05
2370 -5.57953949495e-05
2371 -5.45815525582e-05
2372 -5.32948866376e-05
2373 -5.19400829424e-05
2374 -5.05091591196e-05
2375 -4.90194416255e-05
2376 -4.74858060364e-05
2377 -4.59221408537e-05
2378 -4.43409236759e-05
2379 -4.274536066e-05
2380 -4.11545881365e-05
2381 -3.96134164257e-05
2382 -3.81447012349e-05
2383 -3.67611036985e-05
2384 -3.54645127357e-05
2385 -3.42487112836e-05
2386 -3.30976206801e-05
2387 -3.20008842577e-05
2388 -3.0944861762e-05
2389 -2.99244910695e-05
2390 -2.89492269487e-05
2391 -2.80271254804e-05
2392 -2.71545559444e-05
2393 -2.63145348312e-05
2394 -2.54782766549e-05
2395 -2.46224626011e-05
2396 -2.37326509736e-05
2397 -2.28094607962e-05
2398 -2.18736233708e-05
2399 -2.09563865129e-05
2400 -6.52044479509e-05
2401 -6.51573177059e-05
2402 -6.50495293775e-05
2403 -6.4890217814e-05
2404 -6.46792827414e-05
2405 -6.44050009813e-05
2406 -6.40738900646e-05
2407 -6.36774952281e-05
2408 -6.32323631263e-05
2409 -6.27208830108e-05
2410 -6.21519688864e-05
2411 -6.15310926456e-05
2412 -6.08572596881e-05
2413 -6.01330041977e-05
2414 -5.93517677992e-05
2415 -5.85086590716e-05
2416 -5.76062158766e-05
2417 -5.66388477869e-05
2418 -5.56079529007e-05
2419 -5.45057702707e-05
2420 -5.33375994986e-05
2421 -5.20974411515e-05
2422 -5.07878956549e-05
2423 -4.94147993219e-05
2424 -4.79878099508e-05
2425 -4.65279778155e-05
2426 -4.5042005337e-05
2427 -4.35351860306e-05
2428 -4.2016751337e-05
2429 -4.05145830775e-05
2430 -3.90564978664e-05
2431 -3.76684029523e-05
2432 -3.63531765178e-05
2433 -3.5115577014e-05
2434 -3.39499266661e-05
2435 -3.28438884487e-05
2436 -3.17876492248e-05
2437 -3.07685643964e-05
2438 -2.97809011681e-05
2439 -2.88388296491e-05
2440 -2.79483441729e-05
2441 -2.71046093228e-05
2442 -2.62926036357e-05
2443 -2.5482301902e-05
2444 -2.4650346303e-05
2445 -2.37830255004e-05
2446 -2.28821766795e-05
2447 -2.19653196535e-05
2448 -2.10606012201e-05
2449 -2.01831174035e-05
2450 -6.28040007081e-05
2451 -6.27569920235e-05
2452 -6.26401287714e-05
2453 -6.24722067003e-05
2454 -6.22525069521e-05
2455 -6.19655694657e-05
2456 -6.16251182875e-05
2457 -6.12263846147e-05
2458 -6.07855720047e-05
2459 -6.02841805241e-05
2460 -5.97262698217e-05
2461 -5.91158320936e-05
2462 -5.84439321076e-05
2463 -5.77118838173e-05
2464 -5.691636363e-05
2465 -5.60594080492e-05
2466 -5.51384244241e-05
2467 -5.41484226653e-05
2468 -5.308956305e-05
2469 -5.19620698807e-05
2470 -5.07723157526e-05
2471 -4.95137658596e-05
2472 -4.82028803688e-05
2473 -4.68532913112e-05
2474 -4.54710066643e-05
2475 -4.40687899441e-05
2476 -4.26450155225e-05
2477 -4.1212079203e-05
2478 -3.97981914387e-05
2479 -3.84312720187e-05
2480 -3.71232778144e-05
2481 -3.58816724245e-05
2482 -3.47086355753e-05
2483 -3.36002765263e-05
2484 -3.25441263699e-05
2485 -3.15317529524e-05
2486 -3.05493761976e-05
2487 -2.95981696592e-05
2488 -2.86910294117e-05
2489 -2.78355995667e-05
2490 -2.7022730565e-05
2491 -2.62378731643e-05
2492 -2.54523005415e-05
2493 -2.46423536953e-05
2494 -2.37973569201e-05
2495 -2.29176533218e-05
2496 -2.20199988175e-05
2497 -2.11284126145e-05
2498 -2.02643664554e-05
2499 -1.94302209122e-05
