0 -2.34473939526e-05
1 -2.34461328956e-05
2 -2.34420899564e-05
3 -2.34374858573e-05
4 -2.34319168667e-05
5 -2.34241230214e-05
6 -2.34139479605e-05
7 -2.34041172053e-05
8 -2.33927181077e-05
9 -2.33775265602e-05
10 -2.33612028732e-05
11 -2.33452097644e-05
12 -2.33267542503e-05
13 -2.33063373184e-05
14 -2.32854137595e-05
15 -2.32624311575e-05
16 -2.32372240524e-05
17 -2.32112729478e-05
18 -2.31844601278e-05
19 -2.31586313323e-05
20 -2.3127282185e-05
21 -2.30928414044e-05
22 -2.30590476103e-05
23 -2.30253271595e-05
24 -2.29877747306e-05
25 -2.29522506937e-05
26 -2.29127043438e-05
27 -2.28682452835e-05
28 -2.28275846768e-05
29 -2.27859564338e-05
30 -2.27435654967e-05
31 -2.26947114486e-05
32 -2.2649162415e-05
33 -2.26024350025e-05
34 -2.25502541691e-05
35 -2.24991907916e-05
36 -2.24454787379e-05
37 -2.23928004167e-05
38 -2.23359953322e-05
39 -2.22764646787e-05
40 -2.22200795817e-05
41 -2.21640379022e-05
42 -2.21021688078e-05
43 -2.20414971418e-05
44 -2.19742217767e-05
45 -2.19094082315e-05
46 -2.18453104672e-05
47 -2.1783325547e-05
48 -2.17180249079e-05
49 -2.16481841202e-05
50 -2.34475417441e-05
51 -2.3445999761e-05
52 -2.34424374717e-05
53 -2.34385716128e-05
54 -2.34322141389e-05
55 -2.34243882099e-05
56 -2.34148545547e-05
57 -2.34042856081e-05
58 -2.33914117786e-05
59 -2.33780215856e-05
60 -2.33621252906e-05
61 -2.33454641981e-05
62 -2.33270653761e-05
63 -2.33079289613e-05
64 -2.3286241373e-05
65 -2.32639201675e-05
66 -2.32391413932e-05
67 -2.32130805826e-05
68 -2.3185795787e-05
69 -2.31583442345e-05
70 -2.3129086229e-05
71 -2.30938775571e-05
72 -2.30605458103e-05
73 -2.30269276417e-05
74 -2.29889840165e-05
75 -2.29529163661e-05
76 -2.29138097604e-05
77 -2.2871006307e-05
78 -2.28315683749e-05
79 -2.27884355332e-05
80 -2.27450365149e-05
81 -2.26967631141e-05
82 -2.26496017032e-05
83 -2.26028589292e-05
84 -2.2553469518e-05
85 -2.25014058711e-05
86 -2.24478496016e-05
87 -2.23946165846e-05
88 -2.2338558517e-05
89 -2.22808178735e-05
90 -2.22237693878e-05
91 -2.21665503264e-05
92 -2.21057414993e-05
93 -2.20454469992e-05
94 -2.19790334529e-05
95 -2.19142184453e-05
96 -2.18520606635e-05
97 -2.17889407137e-05
98 -2.17233101523e-05
99 -2.16548700541e-05
100 -2.34475426937e-05
101 -2.3445997964e-05
102 -2.3442432999e-05
103 -2.34385677339e-05
104 -2.34322075432e-05
105 -2.34243749885e-05
106 -2.34148400419e-05
107 -2.34042689129e-05
108 -2.33913871651e-05
109 -2.33779955517e-05
110 -2.33620891965e-05
111 -2.33454273006e-05
112 -2.33270147347e-05
113 -2.33078812661e-05
114 -2.32861820053e-05
115 -2.32638656877e-05
116 -2.32390645463e-05
117 -2.32129884719e-05
118 -2.3185693867e-05
119 -2.31582433336e-05
120 -2.31289736348e-05
121 -2.30937539436e-05
122 -2.30603968825e-05
123 -2.30267730624e-05
124 -2.29888476915e-05
125 -2.29527335678e-05
126 -2.2913618869e-05
127 -2.28708244233e-05
128 -2.28313541557e-05
129 -2.27882164828e-05
130 -2.27447845744e-05
131 -2.26965111607e-05
132 -2.26493216517e-05
133 -2.26025863964e-05
134 -2.25531615596e-05
135 -2.25010819146e-05
136 -2.24474887279e-05
137 -2.23942215157e-05
138 -2.23381993456e-05
139 -2.22804687665e-05
140 -2.22233579648e-05
141 -2.21660943555e-05
142 -2.21053281684e-05
143 -2.20449487407e-05
144 -2.19785639659e-05
145 -2.19137201947e-05
146 -2.18515989761e-05
147 -2.17884003291e-05
148 -2.17227492341e-05
149 -2.16542288944e-05
150 -2.34475436817e-05
151 -2.34459946013e-05
152 -2.34424272515e-05
153 -2.34385614841e-05
154 -2.343219678e-05
155 -2.34243562079e-05
156 -2.3414818353e-05
157 -2.34042450285e-05
158 -2.33913518267e-05
159 -2.33779545472e-05
160 -2.33620318325e-05
161 -2.33453703934e-05
162 -2.33269399395e-05
163 -2.33077979535e-05
164 -2.3286071306e-05
165 -2.32637663134e-05
166 -2.32389151341e-05
167 -2.32128290456e-05
168 -2.31855143385e-05
169 -2.31580551777e-05
170 -2.31287647494e-05
171 -2.30935072572e-05
172 -2.30601548552e-05
173 -2.30264871199e-05
174 -2.29885634006e-05
175 -2.29524378326e-05
176 -2.29132539448e-05
177 -2.28704211475e-05
178 -2.28309200117e-05
179 -2.27877848082e-05
180 -2.27443204649e-05
181 -2.26960292602e-05
182 -2.26488051115e-05
183 -2.26020395328e-05
184 -2.25525762807e-05
185 -2.25005054322e-05
186 -2.24469124221e-05
187 -2.23935522833e-05
188 -2.23375265475e-05
189 -2.22797579962e-05
190 -2.22226472767e-05
191 -2.21653193872e-05
192 -2.21045286983e-05
193 -2.20441117911e-05
194 -2.19777260877e-05
195 -2.19128144551e-05
196 -2.1850678975e-05
197 -2.178744973e-05
198 -2.17218653382e-05
199 -2.16532592193e-05
200 -2.34475447524e-05
201 -2.34459925071e-05
202 -2.34424206399e-05
203 -2.3438553118e-05
204 -2.34321826427e-05
205 -2.34243358543e-05
206 -2.34147899244e-05
207 -2.34042140462e-05
208 -2.33913100255e-05
209 -2.33779051294e-05
210 -2.33619688099e-05
211 -2.33452975629e-05
212 -2.33268479023e-05
213 -2.33076953328e-05
214 -2.32859447882e-05
215 -2.32636359397e-05
216 -2.3238738946e-05
217 -2.32126465517e-05
218 -2.3185301261e-05
219 -2.31578564986e-05
220 -2.31285184875e-05
221 -2.30932307632e-05
222 -2.30598529969e-05
223 -2.30261643204e-05
224 -2.29882554796e-05
225 -2.29520671771e-05
226 -2.2912853127e-05
227 -2.28700042648e-05
228 -2.28304448692e-05
229 -2.27873085662e-05
230 -2.2743793608e-05
231 -2.26954764376e-05
232 -2.26481931633e-05
233 -2.26014284318e-05
234 -2.25518935688e-05
235 -2.24998284345e-05
236 -2.24461845423e-05
237 -2.23927378763e-05
238 -2.23367212149e-05
239 -2.227892621e-05
240 -2.22217436734e-05
241 -2.21643703388e-05
242 -2.21035712076e-05
243 -2.20430459535e-05
244 -2.1976696461e-05
245 -2.19117333326e-05
246 -2.18495963692e-05
247 -2.17862039015e-05
248 -2.17206111467e-05
249 -2.16519130723e-05
250 -2.34475454763e-05
251 -2.34459786526e-05
252 -2.34424050324e-05
253 -2.34385249318e-05
254 -2.34321502604e-05
255 -2.34242783757e-05
256 -2.34146891146e-05
257 -2.34041140781e-05
258 -2.33911776478e-05
259 -2.33777530038e-05
260 -2.33617733004e-05
261 -2.33450822127e-05
262 -2.33265490835e-05
263 -2.33072910569e-05
264 -2.32856050273e-05
265 -2.32631604568e-05
266 -2.32381249108e-05
267 -2.32120866534e-05
268 -2.31847632025e-05
269 -2.31571218614e-05
270 -2.31277683942e-05
271 -2.3092466949e-05
272 -2.30589737925e-05
273 -2.30251968686e-05
274 -2.29873677619e-05
275 -2.29508363293e-05
276 -2.29116499938e-05
277 -2.28688494381e-05
278 -2.28290629011e-05
279 -2.27857778154e-05
280 -2.27422589787e-05
281 -2.2693847438e-05
282 -2.26462225109e-05
283 -2.25995699775e-05
284 -2.25500265586e-05
285 -2.24977930114e-05
286 -2.24440451693e-05
287 -2.23903580587e-05
288 -2.2334007223e-05
289 -2.22763629568e-05
290 -2.22194327882e-05
291 -2.2161679651e-05
292 -2.21007010177e-05
293 -2.20401702198e-05
294 -2.19736929186e-05
295 -2.19081882952e-05
296 -2.18461595045e-05
297 -2.17827188109e-05
298 -2.171680548e-05
299 -2.16481660996e-05
300 -2.34475490891e-05
301 -2.34459534376e-05
302 -2.34423569675e-05
303 -2.34384305435e-05
304 -2.34320513873e-05
305 -2.34241611742e-05
306 -2.34145164502e-05
307 -2.340382631e-05
308 -2.33908141676e-05
309 -2.33774251186e-05
310 -2.33613193415e-05
311 -2.33443846973e-05
312 -2.33258618187e-05
313 -2.33065792593e-05
314 -2.32846994392e-05
315 -2.32621373609e-05
316 -2.32369279776e-05
317 -2.32108261161e-05
318 -2.31833129577e-05
319 -2.31555323801e-05
320 -2.31261094266e-05
321 -2.3090719705e-05
322 -2.30569894137e-05
323 -2.30227461194e-05
324 -2.29848552334e-05
325 -2.29483979902e-05
326 -2.2908465875e-05
327 -2.286577367e-05
328 -2.28256942008e-05
329 -2.27823421161e-05
330 -2.27378707242e-05
331 -2.26900229855e-05
332 -2.26421940684e-05
333 -2.25940203489e-05
334 -2.25449437486e-05
335 -2.24929326153e-05
336 -2.24389548254e-05
337 -2.23852171281e-05
338 -2.23281792449e-05
339 -2.22699889735e-05
340 -2.22124427515e-05
341 -2.21550271047e-05
342 -2.20936123998e-05
343 -2.20328257106e-05
344 -2.19658021633e-05
345 -2.19006422917e-05
346 -2.18371214592e-05
347 -2.17737251036e-05
348 -2.17076006183e-05
349 -2.16383474162e-05
350 -2.34475470521e-05
351 -2.34459622133e-05
352 -2.34423717137e-05
353 -2.34384843843e-05
354 -2.3432058757e-05
355 -2.34241825114e-05
356 -2.34145598375e-05
357 -2.34038929754e-05
358 -2.33909368177e-05
359 -2.3377403704e-05
360 -2.336124393e-05
361 -2.33445044817e-05
362 -2.33259080138e-05
363 -2.33066771467e-05
364 -2.32845903179e-05
365 -2.32624488842e-05
366 -2.32373173783e-05
367 -2.32108026668e-05
368 -2.31832224056e-05
369 -2.31559833955e-05
370 -2.31260707923e-05
371 -2.30903377486e-05
372 -2.30570998087e-05
373 -2.3023135676e-05
374 -2.29846323108e-05
375 -2.29485924916e-05
376 -2.29085996205e-05
377 -2.28652154549e-05
378 -2.28258536679e-05
379 -2.27825770299e-05
380 -2.27388337419e-05
381 -2.26897989206e-05
382 -2.26423804223e-05
383 -2.25955099967e-05
384 -2.25446643822e-05
385 -2.24931009059e-05
386 -2.24388298785e-05
387 -2.23849391377e-05
388 -2.23289146497e-05
389 -2.22701362139e-05
390 -2.2212658839e-05
391 -2.21548198195e-05
392 -2.20937239743e-05
393 -2.2033029157e-05
394 -2.19659329136e-05
395 -2.19005992495e-05
396 -2.1838539563e-05
397 -2.17744634194e-05
398 -2.17089579961e-05
399 -2.16393740063e-05
400 -2.34475472519e-05
401 -2.34459794445e-05
402 -2.34423791281e-05
403 -2.34385113078e-05
404 -2.34321037521e-05
405 -2.34241902432e-05
406 -2.341457176e-05
407 -2.34039792227e-05
408 -2.33909899069e-05
409 -2.33775259972e-05
410 -2.33613899922e-05
411 -2.3344694751e-05
412 -2.33260893271e-05
413 -2.33069661248e-05
414 -2.32849674454e-05
415 -2.32625748487e-05
416 -2.3237362117e-05
417 -2.32112406422e-05
418 -2.31836437127e-05
419 -2.31563507869e-05
420 -2.31266840715e-05
421 -2.30911762274e-05
422 -2.30575267091e-05
423 -2.30236521309e-05
424 -2.2985368898e-05
425 -2.29490465574e-05
426 -2.29097176833e-05
427 -2.28664524018e-05
428 -2.28265115487e-05
429 -2.27833030224e-05
430 -2.2739702244e-05
431 -2.2690728213e-05
432 -2.26432531616e-05
433 -2.25966417081e-05
434 -2.25466362181e-05
435 -2.24943237344e-05
436 -2.24402543351e-05
437 -2.23864848064e-05
438 -2.23300989833e-05
439 -2.22722682508e-05
440 -2.22143344557e-05
441 -2.21568038099e-05
442 -2.20955712243e-05
443 -2.20346027775e-05
444 -2.19681187659e-05
445 -2.19025627293e-05
446 -2.18410018182e-05
447 -2.17765635521e-05
448 -2.17111146918e-05
449 -2.16419673768e-05
450 -2.34475454498e-05
451 -2.34459726104e-05
452 -2.34423693524e-05
453 -2.34384990587e-05
454 -2.34321011851e-05
455 -2.34241605438e-05
456 -2.34145628737e-05
457 -2.34039752847e-05
458 -2.33909207111e-05
459 -2.33774301003e-05
460 -2.33613903433e-05
461 -2.33446772653e-05
462 -2.33260752176e-05
463 -2.3306836076e-05
464 -2.32848787425e-05
465 -2.32624263568e-05
466 -2.32372992024e-05
467 -2.32111835838e-05
468 -2.31836157959e-05
469 -2.31562068591e-05
470 -2.31266110614e-05
471 -2.30909425511e-05
472 -2.30572583743e-05
473 -2.30234214042e-05
474 -2.29852354995e-05
475 -2.29488434728e-05
476 -2.29093273618e-05
477 -2.28662219686e-05
478 -2.28263512856e-05
479 -2.27830575655e-05
480 -2.27393084769e-05
481 -2.26906894728e-05
482 -2.2642821961e-05
483 -2.2596255672e-05
484 -2.25461283638e-05
485 -2.24940944153e-05
486 -2.24398870537e-05
487 -2.23860444681e-05
488 -2.23295787098e-05
489 -2.22716076944e-05
490 -2.22140871181e-05
491 -2.21563857452e-05
492 -2.20954886271e-05
493 -2.20342254037e-05
494 -2.19674332835e-05
495 -2.19022728393e-05
496 -2.18402741747e-05
497 -2.17760826456e-05
498 -2.17106473608e-05
499 -2.16412102919e-05
500 -2.34475467985e-05
501 -2.34459742119e-05
502 -2.3442359995e-05
503 -2.34384856846e-05
504 -2.34320769001e-05
505 -2.34241339561e-05
506 -2.34145187918e-05
507 -2.34039001259e-05
508 -2.33908227468e-05
509 -2.33773126481e-05
510 -2.33613094956e-05
511 -2.33445140453e-05
512 -2.33259106514e-05
513 -2.3306630911e-05
514 -2.32846157408e-05
515 -2.32621619631e-05
516 -2.32369802344e-05
517 -2.3210792924e-05
518 -2.31832377162e-05
519 -2.31557418976e-05
520 -2.31260514937e-05
521 -2.30903995266e-05
522 -2.30567145696e-05
523 -2.30227285106e-05
524 -2.2984668791e-05
525 -2.29480854648e-05
526 -2.29085394541e-05
527 -2.28654306637e-05
528 -2.28254537163e-05
529 -2.27821877188e-05
530 -2.27382637611e-05
531 -2.26896569357e-05
532 -2.26416997955e-05
533 -2.25949978367e-05
534 -2.2544618273e-05
535 -2.24929239624e-05
536 -2.24383940281e-05
537 -2.23845222371e-05
538 -2.2328148676e-05
539 -2.22699393068e-05
540 -2.22123333928e-05
541 -2.21544891281e-05
542 -2.20935474715e-05
543 -2.20323340625e-05
544 -2.19654309831e-05
545 -2.19000900739e-05
546 -2.18382577455e-05
547 -2.17738000704e-05
548 -2.17083068794e-05
549 -2.16387074888e-05
550 -2.34475446306e-05
551 -2.34459608274e-05
552 -2.34423402255e-05
553 -2.34384509354e-05
554 -2.34320248836e-05
555 -2.34240403768e-05
556 -2.34143819998e-05
557 -2.34037388093e-05
558 -2.33905970421e-05
559 -2.33770790751e-05
560 -2.33610339193e-05
561 -2.33441972555e-05
562 -2.33254577589e-05
563 -2.33060716189e-05
564 -2.32840735238e-05
565 -2.32614827278e-05
566 -2.32361635418e-05
567 -2.32099871303e-05
568 -2.3182405026e-05
569 -2.31546579704e-05
570 -2.31249403456e-05
571 -2.30893609204e-05
572 -2.30555039275e-05
573 -2.30212973195e-05
574 -2.2983307554e-05
575 -2.29464291082e-05
576 -2.29069278903e-05
577 -2.28637969708e-05
578 -2.2823398173e-05
579 -2.27799781774e-05
580 -2.27360331679e-05
581 -2.26872123204e-05
582 -2.26389849804e-05
583 -2.25922788388e-05
584 -2.25419027983e-05
585 -2.24900055837e-05
586 -2.24353599826e-05
587 -2.23813449896e-05
588 -2.23244859433e-05
589 -2.22663795748e-05
590 -2.22089429724e-05
591 -2.2150777269e-05
592 -2.20895292299e-05
593 -2.20281595343e-05
594 -2.1961169692e-05
595 -2.18954565707e-05
596 -2.18336762221e-05
597 -2.17690382389e-05
598 -2.17030229965e-05
599 -2.16335604827e-05
600 -2.34475465789e-05
601 -2.34459544618e-05
602 -2.34423225967e-05
603 -2.3438401981e-05
604 -2.34319569918e-05
605 -2.34239663391e-05
606 -2.34142863109e-05
607 -2.34035705028e-05
608 -2.33903617956e-05
609 -2.33768463875e-05
610 -2.33607626939e-05
611 -2.33437838065e-05
612 -2.33250310651e-05
613 -2.33056034071e-05
614 -2.32834672571e-05
615 -2.32608553215e-05
616 -2.32354610318e-05
617 -2.32092013689e-05
618 -2.31814920047e-05
619 -2.31536279937e-05
620 -2.31238326033e-05
621 -2.30882944641e-05
622 -2.30541899757e-05
623 -2.30197809307e-05
624 -2.29816425412e-05
625 -2.29447025934e-05
626 -2.29048379651e-05
627 -2.28617748626e-05
628 -2.28211043334e-05
629 -2.27776715349e-05
630 -2.27333653356e-05
631 -2.26845669545e-05
632 -2.26365011316e-05
633 -2.25888655975e-05
634 -2.25388516715e-05
635 -2.24868197961e-05
636 -2.24322235759e-05
637 -2.23781057731e-05
638 -2.23206852521e-05
639 -2.22624553727e-05
640 -2.22044755797e-05
641 -2.21466200846e-05
642 -2.20849794905e-05
643 -2.20233669303e-05
644 -2.19562937876e-05
645 -2.18903140219e-05
646 -2.1827628904e-05
647 -2.17634215565e-05
648 -2.16970235488e-05
649 -2.16273900713e-05
650 -2.34475467013e-05
651 -2.34459498386e-05
652 -2.34422988121e-05
653 -2.34383778999e-05
654 -2.34319052953e-05
655 -2.34238932471e-05
656 -2.34142023544e-05
657 -2.34034663027e-05
658 -2.33902684536e-05
659 -2.33766787631e-05
660 -2.33604758427e-05
661 -2.33434758826e-05
662 -2.33246064966e-05
663 -2.33053409184e-05
664 -2.32829704197e-05
665 -2.32603986252e-05
666 -2.32349450293e-05
667 -2.32084766214e-05
668 -2.31806289106e-05
669 -2.31530009791e-05
670 -2.31229477413e-05
671 -2.30871874244e-05
672 -2.30532430753e-05
673 -2.30185595583e-05
674 -2.29803263823e-05
675 -2.29433640192e-05
676 -2.29034760699e-05
677 -2.28599748048e-05
678 -2.28195333442e-05
679 -2.27759923949e-05
680 -2.27313707944e-05
681 -2.26827451877e-05
682 -2.26344391725e-05
683 -2.25868114587e-05
684 -2.25360807016e-05
685 -2.24842018992e-05
686 -2.24294709503e-05
687 -2.237514153e-05
688 -2.23182037717e-05
689 -2.22592952286e-05
690 -2.22013012199e-05
691 -2.2142569367e-05
692 -2.2081585587e-05
693 -2.20196897511e-05
694 -2.19521148556e-05
695 -2.18868782253e-05
696 -2.1823896097e-05
697 -2.1759278836e-05
698 -2.16936664814e-05
699 -2.16228923128e-05
700 -2.34475457034e-05
701 -2.34459456168e-05
702 -2.34422938274e-05
703 -2.34383614067e-05
704 -2.34318611709e-05
705 -2.3423849267e-05
706 -2.34141354224e-05
707 -2.34033872875e-05
708 -2.33901645123e-05
709 -2.3376509936e-05
710 -2.33602578107e-05
711 -2.33433029521e-05
712 -2.33243764756e-05
713 -2.33050083822e-05
714 -2.3282517171e-05
715 -2.32600611208e-05
716 -2.32345829107e-05
717 -2.32079391373e-05
718 -2.31800287038e-05
719 -2.31524624441e-05
720 -2.31222188395e-05
721 -2.30862854681e-05
722 -2.30523750588e-05
723 -2.30178604452e-05
724 -2.29793687477e-05
725 -2.29424034413e-05
726 -2.29024219854e-05
727 -2.2858593199e-05
728 -2.28183453428e-05
729 -2.27745326056e-05
730 -2.27303776598e-05
731 -2.26810584481e-05
732 -2.26328946411e-05
733 -2.25855502449e-05
734 -2.25341535448e-05
735 -2.24822654377e-05
736 -2.2427593988e-05
737 -2.23728932982e-05
738 -2.23162128941e-05
739 -2.22570548123e-05
740 -2.21988764047e-05
741 -2.21398843444e-05
742 -2.20789037729e-05
743 -2.20167742237e-05
744 -2.19490430023e-05
745 -2.18834974956e-05
746 -2.18209566e-05
747 -2.17560590454e-05
748 -2.1689968201e-05
749 -2.16191083346e-05
750 -2.34475463919e-05
751 -2.34459427892e-05
752 -2.34422909351e-05
753 -2.34383467649e-05
754 -2.34318480103e-05
755 -2.34238060363e-05
756 -2.34140685522e-05
757 -2.34032985837e-05
758 -2.33900299213e-05
759 -2.33763961796e-05
760 -2.33600638148e-05
761 -2.33430815008e-05
762 -2.33241158743e-05
763 -2.330475479e-05
764 -2.32822517855e-05
765 -2.32596803839e-05
766 -2.32341399902e-05
767 -2.32074349266e-05
768 -2.31794437812e-05
769 -2.31519013868e-05
770 -2.31215264275e-05
771 -2.3085612183e-05
772 -2.3051551452e-05
773 -2.30169465946e-05
774 -2.29784326425e-05
775 -2.29413363223e-05
776 -2.2901316663e-05
777 -2.28574155797e-05
778 -2.28169079217e-05
779 -2.27731302189e-05
780 -2.27288993669e-05
781 -2.26794176465e-05
782 -2.26311048946e-05
783 -2.25837907012e-05
784 -2.25322935938e-05
785 -2.24803162278e-05
786 -2.24253740414e-05
787 -2.23706354493e-05
788 -2.23135521098e-05
789 -2.22549143027e-05
790 -2.21964203287e-05
791 -2.21376246486e-05
792 -2.20761968407e-05
793 -2.20139589747e-05
794 -2.19464598393e-05
795 -2.18803799375e-05
796 -2.18182359323e-05
797 -2.17530765951e-05
798 -2.16868262448e-05
799 -2.16163092872e-05
800 -2.34475461433e-05
801 -2.34459313705e-05
802 -2.3442270598e-05
803 -2.34383286448e-05
804 -2.34318160384e-05
805 -2.34237359789e-05
806 -2.34139784345e-05
807 -2.34032011631e-05
808 -2.33899013299e-05
809 -2.33762562831e-05
810 -2.33598711765e-05
811 -2.33428355671e-05
812 -2.33238384288e-05
813 -2.33044504575e-05
814 -2.32819108536e-05
815 -2.3259167382e-05
816 -2.32335612472e-05
817 -2.32069015536e-05
818 -2.31788854929e-05
819 -2.31511895033e-05
820 -2.31207738847e-05
821 -2.30848192532e-05
822 -2.30505649464e-05
823 -2.30158876769e-05
824 -2.29773679504e-05
825 -2.2939933381e-05
826 -2.29001808797e-05
827 -2.28561783658e-05
828 -2.2815365098e-05
829 -2.27713886871e-05
830 -2.27271678475e-05
831 -2.26776584303e-05
832 -2.2629076036e-05
833 -2.25817536943e-05
834 -2.25304814945e-05
835 -2.24781280129e-05
836 -2.24231769838e-05
837 -2.23684568149e-05
838 -2.23110582112e-05
839 -2.22524762992e-05
840 -2.2193578543e-05
841 -2.21346633413e-05
842 -2.20731981933e-05
843 -2.20107703981e-05
844 -2.19434123633e-05
845 -2.1876905968e-05
846 -2.1814766902e-05
847 -2.17495085743e-05
848 -2.16830451703e-05
849 -2.16122014806e-05
850 -2.34475451218e-05
851 -2.3445912678e-05
852 -2.34422415918e-05
853 -2.3438280428e-05
854 -2.34317574554e-05
855 -2.3423626649e-05
856 -2.34138281187e-05
857 -2.34030382035e-05
858 -2.33896331608e-05
859 -2.33759768403e-05
860 -2.33595310247e-05
861 -2.33424658197e-05
862 -2.33233654831e-05
863 -2.33038245246e-05
864 -2.32813116752e-05
865 -2.32583727307e-05
866 -2.32326719016e-05
867 -2.32060394609e-05
868 -2.31779497445e-05
869 -2.31500408519e-05
870 -2.31196272851e-05
871 -2.30835831092e-05
872 -2.30490283337e-05
873 -2.30143476341e-05
874 -2.29757404485e-05
875 -2.29380739494e-05
876 -2.28982181548e-05
877 -2.28541427576e-05
878 -2.28131059762e-05
879 -2.27689117674e-05
880 -2.27246028418e-05
881 -2.26749810064e-05
882 -2.2626047132e-05
883 -2.2578635353e-05
884 -2.25273636448e-05
885 -2.24747835453e-05
886 -2.24197599284e-05
887 -2.23647983743e-05
888 -2.23069053399e-05
889 -2.22483382401e-05
890 -2.21895149765e-05
891 -2.2130309687e-05
892 -2.20684584902e-05
893 -2.20057888381e-05
894 -2.19380963733e-05
895 -2.18714070534e-05
896 -2.1809071276e-05
897 -2.17438848487e-05
898 -2.16767500787e-05
899 -2.16059884098e-05
900 -2.34475445861e-05
901 -2.34459039775e-05
902 -2.34422136324e-05
903 -2.34382370534e-05
904 -2.34316965149e-05
905 -2.34235220298e-05
906 -2.34136994373e-05
907 -2.34028551806e-05
908 -2.33893910522e-05
909 -2.33756957563e-05
910 -2.33592008344e-05
911 -2.33420513478e-05
912 -2.33229411026e-05
913 -2.33032939213e-05
914 -2.32806776098e-05
915 -2.32576446257e-05
916 -2.3231908749e-05
917 -2.32051704281e-05
918 -2.31769633145e-05
919 -2.31488829088e-05
920 -2.31184288425e-05
921 -2.30822368749e-05
922 -2.30475211392e-05
923 -2.30126395258e-05
924 -2.29739930624e-05
925 -2.29362285168e-05
926 -2.28960242507e-05
927 -2.28519812708e-05
928 -2.28108170826e-05
929 -2.27664558622e-05
930 -2.27217787567e-05
931 -2.26722994907e-05
932 -2.26231165062e-05
933 -2.25752356862e-05
934 -2.2523963698e-05
935 -2.24714264305e-05
936 -2.24163301571e-05
937 -2.23612301285e-05
938 -2.23026683595e-05
939 -2.22440723767e-05
940 -2.21848088452e-05
941 -2.21257705386e-05
942 -2.20636869624e-05
943 -2.2000801619e-05
944 -2.19329207837e-05
945 -2.18660044423e-05
946 -2.18031714504e-05
947 -2.17383334657e-05
948 -2.16706954221e-05
949 -2.15997038552e-05
950 -2.34475432849e-05
951 -2.34458933208e-05
952 -2.34421888555e-05
953 -2.34381999578e-05
954 -2.3431637748e-05
955 -2.34234336482e-05
956 -2.34135731763e-05
957 -2.34026741308e-05
958 -2.33891822427e-05
959 -2.33754077433e-05
960 -2.33588781219e-05
961 -2.3341623485e-05
962 -2.33224873703e-05
963 -2.33028245989e-05
964 -2.32800606509e-05
965 -2.32569351254e-05
966 -2.32311843932e-05
967 -2.32042304635e-05
968 -2.31758986344e-05
969 -2.31479305466e-05
970 -2.31172671324e-05
971 -2.30808616076e-05
972 -2.30461453082e-05
973 -2.30111071128e-05
974 -2.29724473267e-05
975 -2.29344521396e-05
976 -2.28941536966e-05
977 -2.2849837433e-05
978 -2.28086438716e-05
979 -2.27641131909e-05
980 -2.27191314756e-05
981 -2.26698106018e-05
982 -2.26203124617e-05
983 -2.25722305621e-05
984 -2.25206470532e-05
985 -2.24680436833e-05
986 -2.24126359525e-05
987 -2.23573383306e-05
988 -2.22990180162e-05
989 -2.22399256068e-05
990 -2.21804010149e-05
991 -2.21209565017e-05
992 -2.20589790841e-05
993 -2.19958717621e-05
994 -2.19277134371e-05
995 -2.18608900106e-05
996 -2.17979573622e-05
997 -2.17324970089e-05
998 -2.16650663052e-05
999 -2.15933533056e-05
1000 -2.34475421414e-05
1001 -2.34458808717e-05
1002 -2.34421622977e-05
1003 -2.34381794542e-05
1004 -2.34315798555e-05
1005 -2.34233467656e-05
1006 -2.34134537814e-05
1007 -2.34025191877e-05
1008 -2.33890068301e-05
1009 -2.33751536422e-05
1010 -2.33585208612e-05
1011 -2.3341266807e-05
1012 -2.33220321312e-05
1013 -2.33023045756e-05
1014 -2.32794267825e-05
1015 -2.32562646226e-05
1016 -2.32304473459e-05
1017 -2.32032918997e-05
1018 -2.31748828975e-05
1019 -2.31468786927e-05
1020 -2.31159234538e-05
1021 -2.307938729e-05
1022 -2.30447346833e-05
1023 -2.30093706849e-05
1024 -2.29706379544e-05
1025 -2.29324466309e-05
1026 -2.28921403675e-05
1027 -2.28474496958e-05
1028 -2.28063035919e-05
1029 -2.27616170019e-05
1030 -2.27164255341e-05
1031 -2.2666962054e-05
1032 -2.26172208084e-05
1033 -2.25692467056e-05
1034 -2.25170948999e-05
1035 -2.2464497052e-05
1036 -2.24090184275e-05
1037 -2.23535727171e-05
1038 -2.22953983222e-05
1039 -2.22360152712e-05
1040 -2.21761888086e-05
1041 -2.21161198225e-05
1042 -2.20546363729e-05
1043 -2.19910456172e-05
1044 -2.19224616527e-05
1045 -2.18556049703e-05
1046 -2.17925763108e-05
1047 -2.17266355869e-05
1048 -2.16592644848e-05
1049 -2.1586852699e-05
1050 -2.34475401283e-05
1051 -2.34458726778e-05
1052 -2.34421432389e-05
1053 -2.34381406972e-05
1054 -2.34315177981e-05
1055 -2.34232578723e-05
1056 -2.34133157666e-05
1057 -2.3402358797e-05
1058 -2.3388790071e-05
1059 -2.33748829244e-05
1060 -2.33581726971e-05
1061 -2.33408781791e-05
1062 -2.33215943431e-05
1063 -2.33018010253e-05
1064 -2.32787692743e-05
1065 -2.32556414298e-05
1066 -2.32297029786e-05
1067 -2.3202423191e-05
1068 -2.31738755457e-05
1069 -2.31458317672e-05
1070 -2.31147608572e-05
1071 -2.30780849907e-05
1072 -2.304327431e-05
1073 -2.30079464484e-05
1074 -2.2969041624e-05
1075 -2.29307104787e-05
1076 -2.28903418919e-05
1077 -2.28453437676e-05
1078 -2.28040760332e-05
1079 -2.27591734094e-05
1080 -2.27140291818e-05
1081 -2.2664281936e-05
1082 -2.26143950525e-05
1083 -2.25664954039e-05
1084 -2.25139717041e-05
1085 -2.24612263783e-05
1086 -2.24055318214e-05
1087 -2.23496859847e-05
1088 -2.22914668347e-05
1089 -2.22316540415e-05
1090 -2.2171666698e-05
1091 -2.21112832307e-05
1092 -2.20495622531e-05
1093 -2.19859619449e-05
1094 -2.19173324123e-05
1095 -2.18502066664e-05
1096 -2.17872795878e-05
1097 -2.17214136836e-05
1098 -2.16532554624e-05
1099 -2.15809465479e-05
1100 -2.34475396355e-05
1101 -2.3445864664e-05
1102 -2.34421264076e-05
1103 -2.34381001287e-05
1104 -2.34314623114e-05
1105 -2.34231632427e-05
1106 -2.34131703302e-05
1107 -2.34021679447e-05
1108 -2.33885607118e-05
1109 -2.33746223413e-05
1110 -2.33577972773e-05
1111 -2.33404739495e-05
1112 -2.33210817379e-05
1113 -2.3301190777e-05
1114 -2.32781143963e-05
1115 -2.32548801806e-05
1116 -2.32288692465e-05
1117 -2.32013877137e-05
1118 -2.31727564137e-05
1119 -2.31446409828e-05
1120 -2.31134148082e-05
1121 -2.30766498379e-05
1122 -2.30417252731e-05
1123 -2.30061660888e-05
1124 -2.29672246992e-05
1125 -2.29286794493e-05
1126 -2.28881861322e-05
1127 -2.28430408826e-05
1128 -2.28015409601e-05
1129 -2.27564197093e-05
1130 -2.27112892059e-05
1131 -2.26612294852e-05
1132 -2.26111732521e-05
1133 -2.2563117897e-05
1134 -2.25105477557e-05
1135 -2.24575320017e-05
1136 -2.24015975538e-05
1137 -2.23458062649e-05
1138 -2.22870599981e-05
1139 -2.22275416226e-05
1140 -2.21671754294e-05
1141 -2.21068957102e-05
1142 -2.20446718736e-05
1143 -2.19804804446e-05
1144 -2.19119482295e-05
1145 -2.18443069567e-05
1146 -2.17815544292e-05
1147 -2.17151897856e-05
1148 -2.16467304071e-05
1149 -2.15747747011e-05
1150 -2.34475382945e-05
1151 -2.34458449488e-05
1152 -2.34420978297e-05
1153 -2.34380594202e-05
1154 -2.3431397991e-05
1155 -2.34230491917e-05
1156 -2.34130043891e-05
1157 -2.34019461359e-05
1158 -2.3388249787e-05
1159 -2.33742800617e-05
1160 -2.33573420146e-05
1161 -2.33399648589e-05
1162 -2.33204884575e-05
1163 -2.3300491386e-05
1164 -2.32773758979e-05
1165 -2.3253963186e-05
1166 -2.32277277283e-05
1167 -2.32002259708e-05
1168 -2.31715131224e-05
1169 -2.31431684843e-05
1170 -2.3111736523e-05
1171 -2.30750511725e-05
1172 -2.30397992477e-05
1173 -2.30041542704e-05
1174 -2.29650541576e-05
1175 -2.29261979348e-05
1176 -2.28856353242e-05
1177 -2.28404373297e-05
1178 -2.27984639306e-05
1179 -2.27532276857e-05
1180 -2.27079771638e-05
1181 -2.26577741328e-05
1182 -2.26074786633e-05
1183 -2.25589985487e-05
1184 -2.25064896027e-05
1185 -2.24530042338e-05
1186 -2.2396998188e-05
1187 -2.2340739489e-05
1188 -2.22817265344e-05
1189 -2.22222296191e-05
1190 -2.21616797705e-05
1191 -2.21010698434e-05
1192 -2.20384274052e-05
1193 -2.19740444062e-05
1194 -2.19054763243e-05
1195 -2.18372781688e-05
1196 -2.17744218152e-05
1197 -2.17077756308e-05
1198 -2.16387022009e-05
1199 -2.1566880662e-05
1200 -2.34475378755e-05
1201 -2.34458328696e-05
1202 -2.34420714933e-05
1203 -2.34380072677e-05
1204 -2.34313200998e-05
1205 -2.34229296317e-05
1206 -2.34128480012e-05
1207 -2.34017512671e-05
1208 -2.33880025539e-05
1209 -2.33739806032e-05
1210 -2.33569605946e-05
1211 -2.33394636074e-05
1212 -2.33199322043e-05
1213 -2.32998701023e-05
1214 -2.32766519072e-05
1215 -2.32531104435e-05
1216 -2.32267301526e-05
1217 -2.31992067831e-05
1218 -2.31703396021e-05
1219 -2.31417999766e-05
1220 -2.31103161901e-05
1221 -2.3073469458e-05
1222 -2.30380630253e-05
1223 -2.30021566361e-05
1224 -2.29629627112e-05
1225 -2.29238389698e-05
1226 -2.28832026497e-05
1227 -2.28379017157e-05
1228 -2.27955608275e-05
1229 -2.27501654527e-05
1230 -2.27047040211e-05
1231 -2.26544531103e-05
1232 -2.26039512286e-05
1233 -2.25550194483e-05
1234 -2.25027773985e-05
1235 -2.24489392844e-05
1236 -2.23928176947e-05
1237 -2.23365757248e-05
1238 -2.22769267776e-05
1239 -2.22172212335e-05
1240 -2.21563001172e-05
1241 -2.20954260336e-05
1242 -2.20328574874e-05
1243 -2.19680301487e-05
1244 -2.18994999934e-05
1245 -2.18309052868e-05
1246 -2.17675169814e-05
1247 -2.17011838597e-05
1248 -2.16314042249e-05
1249 -2.1559422295e-05
1250 -2.34475372649e-05
1251 -2.34458160357e-05
1252 -2.34420336694e-05
1253 -2.34379524144e-05
1254 -2.34312377083e-05
1255 -2.34228070757e-05
1256 -2.34126870957e-05
1257 -2.34015410405e-05
1258 -2.33877293674e-05
1259 -2.33736481565e-05
1260 -2.33565388611e-05
1261 -2.33389469724e-05
1262 -2.33193374372e-05
1263 -2.32991942833e-05
1264 -2.32758444775e-05
1265 -2.32521752825e-05
1266 -2.3225686462e-05
1267 -2.31980292145e-05
1268 -2.31690011256e-05
1269 -2.31404053944e-05
1270 -2.31088399593e-05
1271 -2.30718130989e-05
1272 -2.3036173312e-05
1273 -2.30001238865e-05
1274 -2.29607907111e-05
1275 -2.2921399561e-05
1276 -2.28806893067e-05
1277 -2.28350316592e-05
1278 -2.27927417333e-05
1279 -2.27469874469e-05
1280 -2.27012648747e-05
1281 -2.26508892261e-05
1282 -2.25999056921e-05
1283 -2.25506748017e-05
1284 -2.24984030333e-05
1285 -2.24442399149e-05
1286 -2.23878779863e-05
1287 -2.23314741459e-05
1288 -2.22718066799e-05
1289 -2.22118057096e-05
1290 -2.21507182262e-05
1291 -2.2089368117e-05
1292 -2.20268703605e-05
1293 -2.19614452311e-05
1294 -2.18926377222e-05
1295 -2.18240986017e-05
1296 -2.17604683318e-05
1297 -2.16937409884e-05
1298 -2.16237914966e-05
1299 -2.15514334254e-05
1300 -2.34475362047e-05
1301 -2.34458017263e-05
1302 -2.34420030281e-05
1303 -2.34379025078e-05
1304 -2.34311535535e-05
1305 -2.34226850003e-05
1306 -2.34125079032e-05
1307 -2.34013031129e-05
1308 -2.33874296932e-05
1309 -2.33732816731e-05
1310 -2.33560539023e-05
1311 -2.33384263535e-05
1312 -2.33186779982e-05
1313 -2.329844872e-05
1314 -2.32749494922e-05
1315 -2.32511893703e-05
1316 -2.32246125609e-05
1317 -2.31967787652e-05
1318 -2.31675773308e-05
1319 -2.31389307608e-05
1320 -2.31071265437e-05
1321 -2.30699555348e-05
1322 -2.303424494e-05
1323 -2.29979007737e-05
1324 -2.29584394054e-05
1325 -2.29188415853e-05
1326 -2.28779765584e-05
1327 -2.28320205475e-05
1328 -2.27896536128e-05
1329 -2.27437780016e-05
1330 -2.26977247352e-05
1331 -2.26475179893e-05
1332 -2.25962627591e-05
1333 -2.25466562913e-05
1334 -2.24941941508e-05
1335 -2.24398438046e-05
1336 -2.2383197663e-05
1337 -2.23264429206e-05
1338 -2.2266602699e-05
1339 -2.2206331625e-05
1340 -2.21450708679e-05
1341 -2.20830012167e-05
1342 -2.20207911908e-05
1343 -2.19547304342e-05
1344 -2.18854200976e-05
1345 -2.18170839317e-05
1346 -2.17529036592e-05
1347 -2.16857417862e-05
1348 -2.16157128527e-05
1349 -2.15431024877e-05
1350 -2.3447534014e-05
1351 -2.34457897521e-05
1352 -2.34419714986e-05
1353 -2.34378547253e-05
1354 -2.34310705152e-05
1355 -2.34225736271e-05
1356 -2.34123316198e-05
1357 -2.34010721733e-05
1358 -2.33871514469e-05
1359 -2.33729265104e-05
1360 -2.33555712364e-05
1361 -2.33379168856e-05
1362 -2.33180529971e-05
1363 -2.32977240255e-05
1364 -2.32741059595e-05
1365 -2.32502627858e-05
1366 -2.32235620001e-05
1367 -2.31955560463e-05
1368 -2.31662042432e-05
1369 -2.31374360764e-05
1370 -2.31054854678e-05
1371 -2.30680984362e-05
1372 -2.30322882477e-05
1373 -2.2995756993e-05
1374 -2.2956124239e-05
1375 -2.29163326948e-05
1376 -2.28752267547e-05
1377 -2.28289325805e-05
1378 -2.27864858803e-05
1379 -2.27403129159e-05
1380 -2.26940692652e-05
1381 -2.26436497417e-05
1382 -2.2592024393e-05
1383 -2.2542370511e-05
1384 -2.24895004396e-05
1385 -2.24347869639e-05
1386 -2.23780866336e-05
1387 -2.23210527711e-05
1388 -2.22612013262e-05
1389 -2.22005563464e-05
1390 -2.21390917435e-05
1391 -2.20763714426e-05
1392 -2.20145071681e-05
1393 -2.19481272682e-05
1394 -2.18784766766e-05
1395 -2.18099222498e-05
1396 -2.17453790925e-05
1397 -2.1678253882e-05
1398 -2.16077877986e-05
1399 -2.15346860046e-05
1400 -2.34475344563e-05
1401 -2.34457798969e-05
1402 -2.344194051e-05
1403 -2.34378027955e-05
1404 -2.34309945903e-05
1405 -2.34224501384e-05
1406 -2.34121467726e-05
1407 -2.34008322959e-05
1408 -2.33868451823e-05
1409 -2.3372528998e-05
1410 -2.33551118397e-05
1411 -2.33373612622e-05
1412 -2.3317409164e-05
1413 -2.32969490564e-05
1414 -2.32732180998e-05
1415 -2.32492971236e-05
1416 -2.32224343255e-05
1417 -2.31942860835e-05
1418 -2.3164800332e-05
1419 -2.31359113683e-05
1420 -2.31037193511e-05
1421 -2.30661456603e-05
1422 -2.30301768817e-05
1423 -2.29934697713e-05
1424 -2.2953696482e-05
1425 -2.29137117225e-05
1426 -2.28724075058e-05
1427 -2.28258508836e-05
1428 -2.27832552662e-05
1429 -2.27367374519e-05
1430 -2.26905409265e-05
1431 -2.26398465447e-05
1432 -2.25879962629e-05
1433 -2.25381642864e-05
1434 -2.24849741202e-05
1435 -2.24300968206e-05
1436 -2.23732065782e-05
1437 -2.23157498438e-05
1438 -2.22557918067e-05
1439 -2.21948931427e-05
1440 -2.21331204065e-05
1441 -2.20699420045e-05
1442 -2.20078709877e-05
1443 -2.19410921638e-05
1444 -2.18712835775e-05
1445 -2.18022095996e-05
1446 -2.17375214073e-05
1447 -2.16703578138e-05
1448 -2.15992288943e-05
1449 -2.15258298996e-05
1450 -2.34475330287e-05
1451 -2.34457562738e-05
1452 -2.34419106306e-05
1453 -2.34377446746e-05
1454 -2.34309101439e-05
1455 -2.3422296686e-05
1456 -2.34119343956e-05
1457 -2.34005454507e-05
1458 -2.3386468441e-05
1459 -2.33721157634e-05
1460 -2.3354532734e-05
1461 -2.33367286538e-05
1462 -2.33166439655e-05
1463 -2.32959960601e-05
1464 -2.32722444264e-05
1465 -2.32481210736e-05
1466 -2.32210697587e-05
1467 -2.31927657191e-05
1468 -2.31631729598e-05
1469 -2.31341110321e-05
1470 -2.31016623729e-05
1471 -2.306400189e-05
1472 -2.30277657857e-05
1473 -2.29909181143e-05
1474 -2.29508968609e-05
1475 -2.29105061208e-05
1476 -2.28689972965e-05
1477 -2.28222901878e-05
1478 -2.27793497609e-05
1479 -2.273252654e-05
1480 -2.2686281097e-05
1481 -2.26352226114e-05
1482 -2.25831038987e-05
1483 -2.25327114366e-05
1484 -2.24795004664e-05
1485 -2.24243196112e-05
1486 -2.23671526933e-05
1487 -2.23094480484e-05
1488 -2.2248848577e-05
1489 -2.21880304073e-05
1490 -2.21259111135e-05
1491 -2.2062458254e-05
1492 -2.19999016668e-05
1493 -2.19327976841e-05
1494 -2.18628331636e-05
1495 -2.17932135001e-05
1496 -2.17284967963e-05
1497 -2.16608799846e-05
1498 -2.15895865066e-05
1499 -2.15161807343e-05
1500 -2.34475304416e-05
1501 -2.3445735019e-05
1502 -2.34418755802e-05
1503 -2.34376903376e-05
1504 -2.34308173401e-05
1505 -2.34221503311e-05
1506 -2.34117357946e-05
1507 -2.34002706339e-05
1508 -2.33861245875e-05
1509 -2.33716923215e-05
1510 -2.33539979114e-05
1511 -2.33360452905e-05
1512 -2.33159058243e-05
1513 -2.32951422721e-05
1514 -2.32713014931e-05
1515 -2.32470102691e-05
1516 -2.32197592079e-05
1517 -2.31913335549e-05
1518 -2.3161551044e-05
1519 -2.31323300789e-05
1520 -2.30996899085e-05
1521 -2.30619294541e-05
1522 -2.30254184361e-05
1523 -2.29882784315e-05
1524 -2.29482946452e-05
1525 -2.29075748601e-05
1526 -2.28658895845e-05
1527 -2.28191439848e-05
1528 -2.27757909198e-05
1529 -2.27288114271e-05
1530 -2.26822191399e-05
1531 -2.2630992751e-05
1532 -2.25785722322e-05
1533 -2.25276963214e-05
1534 -2.24743636048e-05
1535 -2.24190042488e-05
1536 -2.23614758918e-05
1537 -2.23035135084e-05
1538 -2.22425809744e-05
1539 -2.21816510414e-05
1540 -2.21190370104e-05
1541 -2.20553499605e-05
1542 -2.19924036928e-05
1543 -2.19246384308e-05
1544 -2.18546984097e-05
1545 -2.17845391565e-05
1546 -2.17194889545e-05
1547 -2.1651845865e-05
1548 -2.15798726898e-05
1549 -2.15066640485e-05
1550 -2.34475285591e-05
1551 -2.34457162108e-05
1552 -2.34418421166e-05
1553 -2.34376326968e-05
1554 -2.34307195395e-05
1555 -2.34219919833e-05
1556 -2.34115432028e-05
1557 -2.33999960953e-05
1558 -2.33857750938e-05
1559 -2.33712478935e-05
1560 -2.33534460922e-05
1561 -2.33353817639e-05
1562 -2.33151619032e-05
1563 -2.32943074436e-05
1564 -2.32703232407e-05
1565 -2.32458438238e-05
1566 -2.32183949539e-05
1567 -2.31898384062e-05
1568 -2.31598999766e-05
1569 -2.31305521632e-05
1570 -2.30976878491e-05
1571 -2.30598081016e-05
1572 -2.30230630353e-05
1573 -2.29857547506e-05
1574 -2.29455445543e-05
1575 -2.29045171463e-05
1576 -2.28625767157e-05
1577 -2.28156161242e-05
1578 -2.27718825984e-05
1579 -2.27247875787e-05
1580 -2.26779286001e-05
1581 -2.26265760166e-05
1582 -2.25739126511e-05
1583 -2.25225664764e-05
1584 -2.24691214432e-05
1585 -2.2413447542e-05
1586 -2.2355664312e-05
1587 -2.22973803039e-05
1588 -2.22362517743e-05
1589 -2.2174960433e-05
1590 -2.21120168198e-05
1591 -2.20480900001e-05
1592 -2.19849032637e-05
1593 -2.19168959446e-05
1594 -2.18465217386e-05
1595 -2.17762671235e-05
1596 -2.17109306815e-05
1597 -2.16427787263e-05
1598 -2.15706074179e-05
1599 -2.1496633321e-05
1600 -2.34475268711e-05
1601 -2.34456962704e-05
1602 -2.34418088726e-05
1603 -2.3437574822e-05
1604 -2.34306187546e-05
1605 -2.34218287893e-05
1606 -2.34113200734e-05
1607 -2.33997098286e-05
1608 -2.33853866066e-05
1609 -2.33707911459e-05
1610 -2.33528843999e-05
1611 -2.33346984485e-05
1612 -2.33143992876e-05
1613 -2.32933839321e-05
1614 -2.32692734973e-05
1615 -2.32446720012e-05
1616 -2.3217047345e-05
1617 -2.31883769282e-05
1618 -2.31582233032e-05
1619 -2.31287108434e-05
1620 -2.309559224e-05
1621 -2.30575440473e-05
1622 -2.3020528375e-05
1623 -2.29829675955e-05
1624 -2.29426047071e-05
1625 -2.29012298714e-05
1626 -2.28591654025e-05
1627 -2.28118757369e-05
1628 -2.27679814519e-05
1629 -2.27204716901e-05
1630 -2.26733100789e-05
1631 -2.26218760642e-05
1632 -2.25688386985e-05
1633 -2.25170473821e-05
1634 -2.24634758339e-05
1635 -2.24074928553e-05
1636 -2.23493691868e-05
1637 -2.22908331076e-05
1638 -2.22294847194e-05
1639 -2.21679697876e-05
1640 -2.21047463562e-05
1641 -2.20403296602e-05
1642 -2.19769891937e-05
1643 -2.19084267781e-05
1644 -2.18377891124e-05
1645 -2.17672175929e-05
1646 -2.17014959379e-05
1647 -2.16329329977e-05
1648 -2.15605795736e-05
1649 -2.14862704122e-05
1650 -2.34475259874e-05
1651 -2.34456764982e-05
1652 -2.3441770982e-05
1653 -2.34375048905e-05
1654 -2.3430506659e-05
1655 -2.34216482844e-05
1656 -2.34110876026e-05
1657 -2.33993877384e-05
1658 -2.33849940768e-05
1659 -2.33703117628e-05
1660 -2.33522278212e-05
1661 -2.33339830383e-05
1662 -2.33135217139e-05
1663 -2.32924010694e-05
1664 -2.32681349446e-05
1665 -2.32433957224e-05
1666 -2.32155700099e-05
1667 -2.31867622089e-05
1668 -2.31564234086e-05
1669 -2.3126732865e-05
1670 -2.30933826929e-05
1671 -2.30551595308e-05
1672 -2.30180660251e-05
1673 -2.29801341552e-05
1674 -2.29396483755e-05
1675 -2.28979572299e-05
1676 -2.28557020862e-05
1677 -2.28080455763e-05
1678 -2.27639691518e-05
1679 -2.27162542734e-05
1680 -2.26687305004e-05
1681 -2.26169622222e-05
1682 -2.25636324361e-05
1683 -2.25117602847e-05
1684 -2.24576674268e-05
1685 -2.24014155459e-05
1686 -2.23430574514e-05
1687 -2.22842279756e-05
1688 -2.22224457135e-05
1689 -2.21606297945e-05
1690 -2.20967604241e-05
1691 -2.20319516333e-05
1692 -2.19685874193e-05
1693 -2.18994258334e-05
1694 -2.18284110841e-05
1695 -2.17576350902e-05
1696 -2.16914545697e-05
1697 -2.16226135126e-05
1698 -2.1550116963e-05
1699 -2.14754627782e-05
1700 -2.34475248926e-05
1701 -2.34456633418e-05
1702 -2.34417352054e-05
1703 -2.34374475705e-05
1704 -2.34304106308e-05
1705 -2.34214827279e-05
1706 -2.34108776442e-05
1707 -2.33990957333e-05
1708 -2.33846174441e-05
1709 -2.33698372002e-05
1710 -2.3351615291e-05
1711 -2.33332904111e-05
1712 -2.33127133833e-05
1713 -2.32914196086e-05
1714 -2.32669794596e-05
1715 -2.32421158065e-05
1716 -2.32141020917e-05
1717 -2.31851522484e-05
1718 -2.31545982794e-05
1719 -2.31247353853e-05
1720 -2.30911782405e-05
1721 -2.3052745107e-05
1722 -2.30154083901e-05
1723 -2.29772486326e-05
1724 -2.29365252806e-05
1725 -2.2894623553e-05
1726 -2.28521280845e-05
1727 -2.28041342169e-05
1728 -2.27598409125e-05
1729 -2.27117910102e-05
1730 -2.26640353531e-05
1731 -2.26120453002e-05
1732 -2.25583554484e-05
1733 -2.25063505452e-05
1734 -2.24519810885e-05
1735 -2.23951675737e-05
1736 -2.23367252996e-05
1737 -2.22775052769e-05
1738 -2.2215545595e-05
1739 -2.21532308581e-05
1740 -2.20892563548e-05
1741 -2.20239014811e-05
1742 -2.19605077045e-05
1743 -2.18908508736e-05
1744 -2.18194568197e-05
1745 -2.17484843069e-05
1746 -2.16819926265e-05
1747 -2.16126621879e-05
1748 -2.15393999274e-05
1749 -2.14643614363e-05
1750 -2.34475231841e-05
1751 -2.34456419759e-05
1752 -2.34416924319e-05
1753 -2.34373759018e-05
1754 -2.34302931896e-05
1755 -2.34212817299e-05
1756 -2.34106090323e-05
1757 -2.3398738929e-05
1758 -2.33841419958e-05
1759 -2.33692871827e-05
1760 -2.33509251029e-05
1761 -2.33324520465e-05
1762 -2.33117175966e-05
1763 -2.3290271527e-05
1764 -2.32657112664e-05
1765 -2.32406663878e-05
1766 -2.32124207207e-05
1767 -2.31833663116e-05
1768 -2.31525846501e-05
1769 -2.31224360181e-05
1770 -2.30886562913e-05
1771 -2.30500299767e-05
1772 -2.30123311796e-05
1773 -2.29740337211e-05
1774 -2.29330524759e-05
1775 -2.28908289401e-05
1776 -2.28480073305e-05
1777 -2.27997343957e-05
1778 -2.27550775221e-05
1779 -2.27066254027e-05
1780 -2.26588515042e-05
1781 -2.26063319964e-05
1782 -2.25523473325e-05
1783 -2.25000343665e-05
1784 -2.24452981525e-05
1785 -2.23879653768e-05
1786 -2.23294416051e-05
1787 -2.22696213678e-05
1788 -2.22074634581e-05
1789 -2.21446147917e-05
1790 -2.20806937546e-05
1791 -2.20148970721e-05
1792 -2.1951053515e-05
1793 -2.18809958843e-05
1794 -2.18093291225e-05
1795 -2.17376128797e-05
1796 -2.1670842256e-05
1797 -2.16011938911e-05
1798 -2.15275158226e-05
1799 -2.14525544087e-05
1800 -2.3447522357e-05
1801 -2.34456235316e-05
1802 -2.34416512235e-05
1803 -2.34373079972e-05
1804 -2.34301805156e-05
1805 -2.34211198673e-05
1806 -2.34103614971e-05
1807 -2.33983843423e-05
1808 -2.33836926575e-05
1809 -2.33687515502e-05
1810 -2.33502747159e-05
1811 -2.33316532851e-05
1812 -2.33108473393e-05
1813 -2.32891868426e-05
1814 -2.32644779816e-05
1815 -2.32393052409e-05
1816 -2.32108383152e-05
1817 -2.31816113591e-05
1818 -2.31506012515e-05
1819 -2.31202274917e-05
1820 -2.30862482053e-05
1821 -2.30473846602e-05
1822 -2.3009425975e-05
1823 -2.29707266658e-05
1824 -2.29296933418e-05
1825 -2.28870520852e-05
1826 -2.28440025971e-05
1827 -2.27955398383e-05
1828 -2.27505848777e-05
1829 -2.27017410788e-05
1830 -2.26537342411e-05
1831 -2.26009486605e-05
1832 -2.2546504703e-05
1833 -2.24938993209e-05
1834 -2.24389697867e-05
1835 -2.2381344712e-05
1836 -2.23224845371e-05
1837 -2.2262234816e-05
1838 -2.219951818e-05
1839 -2.21365310004e-05
1840 -2.20717812714e-05
1841 -2.20056753116e-05
1842 -2.19414828076e-05
1843 -2.18707889999e-05
1844 -2.17989892167e-05
1845 -2.17268422281e-05
1846 -2.16596446604e-05
1847 -2.15897668889e-05
1848 -2.15155618837e-05
1849 -2.14402592176e-05
1850 -2.34475214594e-05
1851 -2.34456002235e-05
1852 -2.34416104052e-05
1853 -2.34372387738e-05
1854 -2.34300641171e-05
1855 -2.3420943403e-05
1856 -2.34100933909e-05
1857 -2.33980286082e-05
1858 -2.33832664401e-05
1859 -2.336821653e-05
1860 -2.3349584977e-05
1861 -2.33308406827e-05
1862 -2.33099001607e-05
1863 -2.32880649871e-05
1864 -2.3263247443e-05
1865 -2.32378690497e-05
1866 -2.32091825756e-05
1867 -2.31797264498e-05
1868 -2.31485198041e-05
1869 -2.31180338686e-05
1870 -2.30837900806e-05
1871 -2.30446574084e-05
1872 -2.30064343459e-05
1873 -2.29674118927e-05
1874 -2.29262706086e-05
1875 -2.28831987395e-05
1876 -2.28399376049e-05
1877 -2.27910278154e-05
1878 -2.27457432585e-05
1879 -2.26967175072e-05
1880 -2.26483826092e-05
1881 -2.25952505488e-05
1882 -2.25405624146e-05
1883 -2.24874427801e-05
1884 -2.2432279232e-05
1885 -2.23742557157e-05
1886 -2.23150427807e-05
1887 -2.22544434798e-05
1888 -2.21912595301e-05
1889 -2.21280076994e-05
1890 -2.20629908466e-05
1891 -2.19965941341e-05
1892 -2.19319023847e-05
1893 -2.18606668948e-05
1894 -2.17886767713e-05
1895 -2.17160934657e-05
1896 -2.16487159808e-05
1897 -2.15780733128e-05
1898 -2.15037486693e-05
1899 -2.14282497133e-05
1900 -2.3447519418e-05
1901 -2.34455729031e-05
1902 -2.34415663868e-05
1903 -2.34371617798e-05
1904 -2.34299350325e-05
1905 -2.34207437102e-05
1906 -2.34098136874e-05
1907 -2.33976695993e-05
1908 -2.33827764049e-05
1909 -2.33676219786e-05
1910 -2.3348863768e-05
1911 -2.33299833712e-05
1912 -2.33089265891e-05
1913 -2.32868718178e-05
1914 -2.32619226553e-05
1915 -2.32363435617e-05
1916 -2.32074546345e-05
1917 -2.31777882889e-05
1918 -2.31463212538e-05
1919 -2.3115714223e-05
1920 -2.30811392654e-05
1921 -2.30418689322e-05
1922 -2.30032385425e-05
1923 -2.29639377559e-05
1924 -2.29226925532e-05
1925 -2.28792076188e-05
1926 -2.28357048615e-05
1927 -2.27865681004e-05
1928 -2.27408632564e-05
1929 -2.26916136958e-05
1930 -2.26429104158e-05
1931 -2.25896296066e-05
1932 -2.25345718198e-05
1933 -2.24810618625e-05
1934 -2.24256120496e-05
1935 -2.23672642801e-05
1936 -2.2307691658e-05
1937 -2.22465443847e-05
1938 -2.21832937304e-05
1939 -2.21197018388e-05
1940 -2.20542381264e-05
1941 -2.1987243106e-05
1942 -2.19220178593e-05
1943 -2.18501640858e-05
1944 -2.17778771734e-05
1945 -2.17047466956e-05
1946 -2.16371665066e-05
1947 -2.15659404134e-05
1948 -2.1491353592e-05
1949 -2.141537676e-05
1950 -2.34475163794e-05
1951 -2.34455486533e-05
1952 -2.34415192085e-05
1953 -2.34370858691e-05
1954 -2.34298033077e-05
1955 -2.34205417784e-05
1956 -2.34095286605e-05
1957 -2.3397303765e-05
1958 -2.33823035304e-05
1959 -2.33670487157e-05
1960 -2.33481649277e-05
1961 -2.33291401032e-05
1962 -2.33079565705e-05
1963 -2.3285733312e-05
1964 -2.32606205967e-05
1965 -2.32348489038e-05
1966 -2.32056881628e-05
1967 -2.31758885278e-05
1968 -2.31441731455e-05
1969 -2.31133656266e-05
1970 -2.30785290674e-05
1971 -2.30389810525e-05
1972 -2.30001411524e-05
1973 -2.296047781e-05
1974 -2.29189711432e-05
1975 -2.28751934106e-05
1976 -2.283132196e-05
1977 -2.27817519991e-05
1978 -2.27357047855e-05
1979 -2.26862132251e-05
1980 -2.26372397054e-05
1981 -2.25836871365e-05
1982 -2.25281534898e-05
1983 -2.24739989613e-05
1984 -2.24182147128e-05
1985 -2.23595176627e-05
1986 -2.22996607084e-05
1987 -2.22381806341e-05
1988 -2.21743977058e-05
1989 -2.21104509509e-05
1990 -2.20446701571e-05
1991 -2.19772552557e-05
1992 -2.19119968464e-05
1993 -2.18395825926e-05
1994 -2.17669903245e-05
1995 -2.16935789825e-05
1996 -2.16254676764e-05
1997 -2.15537405307e-05
1998 -2.14787308179e-05
1999 -2.14025271151e-05
2000 -2.34475153628e-05
2001 -2.34455256345e-05
2002 -2.34414721251e-05
2003 -2.34370070963e-05
2004 -2.34296720098e-05
2005 -2.34203324633e-05
2006 -2.34092485935e-05
2007 -2.33969206026e-05
2008 -2.33818254744e-05
2009 -2.33664592484e-05
2010 -2.33473917525e-05
2011 -2.33282202929e-05
2012 -2.33069280364e-05
2013 -2.3284515904e-05
2014 -2.32592261949e-05
2015 -2.32332337473e-05
2016 -2.32039055735e-05
2017 -2.31739224296e-05
2018 -2.31419811642e-05
2019 -2.31108771704e-05
2020 -2.30758175004e-05
2021 -2.30360136785e-05
2022 -2.2996876268e-05
2023 -2.29568718016e-05
2024 -2.2915166885e-05
2025 -2.28711071864e-05
2026 -2.28270319359e-05
2027 -2.27770936656e-05
2028 -2.2730644024e-05
2029 -2.26807361161e-05
2030 -2.26313510743e-05
2031 -2.25776138832e-05
2032 -2.25217567222e-05
2033 -2.24673767403e-05
2034 -2.24111167647e-05
2035 -2.23520194005e-05
2036 -2.22918213629e-05
2037 -2.2229735078e-05
2038 -2.21655347666e-05
2039 -2.21012109948e-05
2040 -2.20349279788e-05
2041 -2.19668866493e-05
2042 -2.19013787207e-05
2043 -2.18284885613e-05
2044 -2.17555311823e-05
2045 -2.1681770817e-05
2046 -2.16133169472e-05
2047 -2.15412637415e-05
2048 -2.14657944815e-05
2049 -2.13890159378e-05
2050 -2.34475143163e-05
2051 -2.34455008894e-05
2052 -2.34414251246e-05
2053 -2.34369196596e-05
2054 -2.34295286133e-05
2055 -2.34201040045e-05
2056 -2.34089544106e-05
2057 -2.33965230769e-05
2058 -2.33813027769e-05
2059 -2.33658332203e-05
2060 -2.33465750902e-05
2061 -2.33272516459e-05
2062 -2.33058088024e-05
2063 -2.3283152562e-05
2064 -2.32576915293e-05
2065 -2.32314938041e-05
2066 -2.32018774889e-05
2067 -2.31717534384e-05
2068 -2.31395492642e-05
2069 -2.31081581412e-05
2070 -2.30728452895e-05
2071 -2.30327726716e-05
2072 -2.29933554464e-05
2073 -2.29529697954e-05
2074 -2.29109666648e-05
2075 -2.2866605092e-05
2076 -2.28222638961e-05
2077 -2.2771966054e-05
2078 -2.27251798039e-05
2079 -2.26747941649e-05
2080 -2.26253025525e-05
2081 -2.25712055596e-05
2082 -2.25148029088e-05
2083 -2.24602125959e-05
2084 -2.24036506913e-05
2085 -2.23438673086e-05
2086 -2.22835291407e-05
2087 -2.22210161634e-05
2088 -2.21565668088e-05
2089 -2.20916300665e-05
2090 -2.20250019149e-05
2091 -2.19562863567e-05
2092 -2.189068374e-05
2093 -2.18171502896e-05
2094 -2.1743239682e-05
2095 -2.16691280523e-05
2096 -2.1599983438e-05
2097 -2.15279179915e-05
2098 -2.14519848985e-05
2099 -2.13745671259e-05
2100 -2.34475114712e-05
2101 -2.34454703658e-05
2102 -2.34413744294e-05
2103 -2.34368257076e-05
2104 -2.34293856716e-05
2105 -2.34198768424e-05
2106 -2.3408649043e-05
2107 -2.33961017555e-05
2108 -2.3380737139e-05
2109 -2.33651575703e-05
2110 -2.33457268948e-05
2111 -2.33262192437e-05
2112 -2.33046772743e-05
2113 -2.32818289677e-05
2114 -2.32561921045e-05
2115 -2.32297496523e-05
2116 -2.31998274453e-05
2117 -2.31695527718e-05
2118 -2.31370470582e-05
2119 -2.31052976192e-05
2120 -2.30697769395e-05
2121 -2.30294448057e-05
2122 -2.29896468666e-05
2123 -2.29488938694e-05
2124 -2.29066700593e-05
2125 -2.28619385138e-05
2126 -2.28171519255e-05
2127 -2.27665456704e-05
2128 -2.27192035085e-05
2129 -2.26682880674e-05
2130 -2.2618679888e-05
2131 -2.2564136495e-05
2132 -2.25071878733e-05
2133 -2.24521812064e-05
2134 -2.23954261951e-05
2135 -2.23351362948e-05
2136 -2.22744630969e-05
2137 -2.22113226259e-05
2138 -2.2146247135e-05
2139 -2.20807840188e-05
2140 -2.20137403642e-05
2141 -2.19446186842e-05
2142 -2.18785711316e-05
2143 -2.18045395978e-05
2144 -2.17308081465e-05
2145 -2.16560907607e-05
2146 -2.1586578033e-05
2147 -2.151382904e-05
2148 -2.14368853888e-05
2149 -2.13594647504e-05
2150 -2.3447509585e-05
2151 -2.34454447391e-05
2152 -2.34413208881e-05
2153 -2.34367334883e-05
2154 -2.34292371629e-05
2155 -2.34196486923e-05
2156 -2.34083333912e-05
2157 -2.33956515166e-05
2158 -2.33801822108e-05
2159 -2.3364475306e-05
2160 -2.33448847296e-05
2161 -2.33251852604e-05
2162 -2.33034883716e-05
2163 -2.32804365112e-05
2164 -2.3254612308e-05
2165 -2.32279339936e-05
2166 -2.3197748283e-05
2167 -2.31672595041e-05
2168 -2.3134487309e-05
2169 -2.31025308832e-05
2170 -2.30667029948e-05
2171 -2.30260379022e-05
2172 -2.29858902201e-05
2173 -2.29447612632e-05
2174 -2.2902380336e-05
2175 -2.28571527993e-05
2176 -2.2812136166e-05
2177 -2.27611733867e-05
2178 -2.27134867246e-05
2179 -2.26621451854e-05
2180 -2.26122801839e-05
2181 -2.25574057036e-05
2182 -2.24998402821e-05
2183 -2.24446054696e-05
2184 -2.238746828e-05
2185 -2.23266837001e-05
2186 -2.22657363026e-05
2187 -2.22021476423e-05
2188 -2.21366992505e-05
2189 -2.20707977757e-05
2190 -2.20033114507e-05
2191 -2.19338574444e-05
2192 -2.18672391256e-05
2193 -2.17920730946e-05
2194 -2.17173229332e-05
2195 -2.16422998993e-05
2196 -2.15722194528e-05
2197 -2.14993513894e-05
2198 -2.14220349414e-05
2199 -2.13445582031e-05
2200 -2.34475079909e-05
2201 -2.34454180332e-05
2202 -2.34412717321e-05
2203 -2.34366406348e-05
2204 -2.34290793253e-05
2205 -2.34194126737e-05
2206 -2.34079996019e-05
2207 -2.33951914242e-05
2208 -2.33796059503e-05
2209 -2.3363780933e-05
2210 -2.33440394084e-05
2211 -2.33241631701e-05
2212 -2.33023224447e-05
2213 -2.32789987812e-05
2214 -2.32530091013e-05
2215 -2.3226115e-05
2216 -2.31956504439e-05
2217 -2.31649634132e-05
2218 -2.31319041855e-05
2219 -2.30997129655e-05
2220 -2.30636230613e-05
2221 -2.3022658259e-05
2222 -2.29821061879e-05
2223 -2.29405282891e-05
2224 -2.28980517306e-05
2225 -2.28523111282e-05
2226 -2.28070017251e-05
2227 -2.27554499312e-05
2228 -2.27074317664e-05
2229 -2.26557600163e-05
2230 -2.26056406211e-05
2231 -2.25504062049e-05
2232 -2.24923461438e-05
2233 -2.2436835826e-05
2234 -2.23792889016e-05
2235 -2.23179893769e-05
2236 -2.22566844604e-05
2237 -2.21924774774e-05
2238 -2.21264743978e-05
2239 -2.20600161278e-05
2240 -2.1991866488e-05
2241 -2.19221090506e-05
2242 -2.18548758265e-05
2243 -2.17793680547e-05
2244 -2.17045624229e-05
2245 -2.16292173253e-05
2246 -2.15585894372e-05
2247 -2.1485002991e-05
2248 -2.14071900988e-05
2249 -2.13292614503e-05
2250 -2.34475059175e-05
2251 -2.34453870787e-05
2252 -2.34412125367e-05
2253 -2.34365433286e-05
2254 -2.34289228929e-05
2255 -2.34191620854e-05
2256 -2.34076527971e-05
2257 -2.33947375886e-05
2258 -2.3379021874e-05
2259 -2.33630504515e-05
2260 -2.33431578181e-05
2261 -2.33230880199e-05
2262 -2.33011116936e-05
2263 -2.32775308012e-05
2264 -2.32513810569e-05
2265 -2.32242652369e-05
2266 -2.31934646388e-05
2267 -2.31625954272e-05
2268 -2.31292003772e-05
2269 -2.30968708019e-05
2270 -2.3060425644e-05
2271 -2.30191630161e-05
2272 -2.29783250331e-05
2273 -2.29362887604e-05
2274 -2.28936072899e-05
2275 -2.28474111208e-05
2276 -2.28017615153e-05
2277 -2.2749967372e-05
2278 -2.27014534273e-05
2279 -2.26492375247e-05
2280 -2.25986937402e-05
2281 -2.25431737926e-05
2282 -2.24844026082e-05
2283 -2.24284311053e-05
2284 -2.23706353829e-05
2285 -2.23088186054e-05
2286 -2.224697371e-05
2287 -2.21822563744e-05
2288 -2.21158744417e-05
2289 -2.20492603383e-05
2290 -2.19807138966e-05
2291 -2.19105488593e-05
2292 -2.18428798961e-05
2293 -2.17665040289e-05
2294 -2.16913691121e-05
2295 -2.16154612318e-05
2296 -2.15444947355e-05
2297 -2.14704218598e-05
2298 -2.13918863009e-05
2299 -2.1313817188e-05
2300 -2.34475028097e-05
2301 -2.34453567685e-05
2302 -2.34411580761e-05
2303 -2.34364453081e-05
2304 -2.34287648758e-05
2305 -2.34189156152e-05
2306 -2.34073167243e-05
2307 -2.33942772637e-05
2308 -2.33784395637e-05
2309 -2.33623406499e-05
2310 -2.33422664617e-05
2311 -2.3322006999e-05
2312 -2.32998590488e-05
2313 -2.32760455134e-05
2314 -2.32496663009e-05
2315 -2.32223412153e-05
2316 -2.31912714096e-05
2317 -2.31601736624e-05
2318 -2.31265587204e-05
2319 -2.30939367033e-05
2320 -2.30571008637e-05
2321 -2.30155593593e-05
2322 -2.29744034234e-05
2323 -2.29319759078e-05
2324 -2.28889152137e-05
2325 -2.28423832252e-05
2326 -2.27962773329e-05
2327 -2.27439697883e-05
2328 -2.26949866445e-05
2329 -2.2642443025e-05
2330 -2.25915568015e-05
2331 -2.25357218759e-05
2332 -2.24765381821e-05
2333 -2.24202039798e-05
2334 -2.2361948462e-05
2335 -2.22996826885e-05
2336 -2.2237207787e-05
2337 -2.21721324283e-05
2338 -2.21050373084e-05
2339 -2.20378732294e-05
2340 -2.19688597915e-05
2341 -2.1898294214e-05
2342 -2.18301989947e-05
2343 -2.17529722023e-05
2344 -2.167745543e-05
2345 -2.16011188862e-05
2346 -2.15295874213e-05
2347 -2.14555361141e-05
2348 -2.13764607425e-05
2349 -2.12978664232e-05
2350 -2.34474998665e-05
2351 -2.3445325959e-05
2352 -2.34411065839e-05
2353 -2.34363334301e-05
2354 -2.34285958864e-05
2355 -2.34186425338e-05
2356 -2.34069567706e-05
2357 -2.33938012709e-05
2358 -2.33778117138e-05
2359 -2.33615798856e-05
2360 -2.33413153532e-05
2361 -2.33208405895e-05
2362 -2.32985536928e-05
2363 -2.3274486536e-05
2364 -2.32479016257e-05
2365 -2.3220304088e-05
2366 -2.31888606574e-05
2367 -2.31575796736e-05
2368 -2.31236892634e-05
2369 -2.30907123914e-05
2370 -2.30535634297e-05
2371 -2.30116533236e-05
2372 -2.29701577386e-05
2373 -2.29272684818e-05
2374 -2.28840361621e-05
2375 -2.28370240909e-05
2376 -2.27907001279e-05
2377 -2.27378719659e-05
2378 -2.26884576708e-05
2379 -2.26353844333e-05
2380 -2.25840847498e-05
2381 -2.25281032162e-05
2382 -2.24684197243e-05
2383 -2.24116348386e-05
2384 -2.23529567419e-05
2385 -2.22901614311e-05
2386 -2.22274622225e-05
2387 -2.21617693548e-05
2388 -2.20942852362e-05
2389 -2.20265340933e-05
2390 -2.19570157566e-05
2391 -2.18856986571e-05
2392 -2.1817143937e-05
2393 -2.17392619214e-05
2394 -2.16630588281e-05
2395 -2.15861257826e-05
2396 -2.15139679027e-05
2397 -2.14393805704e-05
2398 -2.13598488899e-05
2399 -2.12807890826e-05
2400 -2.34474972964e-05
2401 -2.34452920186e-05
2402 -2.34410415049e-05
2403 -2.34362218008e-05
2404 -2.34284205152e-05
2405 -2.34183458058e-05
2406 -2.34065770145e-05
2407 -2.33932807174e-05
2408 -2.3377156639e-05
2409 -2.33607744447e-05
2410 -2.33403109977e-05
2411 -2.33196202939e-05
2412 -2.32971638675e-05
2413 -2.32728241215e-05
2414 -2.32460231473e-05
2415 -2.32181088124e-05
2416 -2.31864714706e-05
2417 -2.31549743939e-05
2418 -2.31207699657e-05
2419 -2.30874319926e-05
2420 -2.30499288618e-05
2421 -2.30076998701e-05
2422 -2.29658783793e-05
2423 -2.2922490969e-05
2424 -2.28789584552e-05
2425 -2.28315822521e-05
2426 -2.2784906455e-05
2427 -2.27317120484e-05
2428 -2.26816433946e-05
2429 -2.26280083286e-05
2430 -2.25764362135e-05
2431 -2.25199472014e-05
2432 -2.24595860991e-05
2433 -2.24022569015e-05
2434 -2.23434405099e-05
2435 -2.22799285798e-05
2436 -2.22167872364e-05
2437 -2.21506219458e-05
2438 -2.20825663295e-05
2439 -2.20141697159e-05
2440 -2.19442958383e-05
2441 -2.18723687158e-05
2442 -2.18035312075e-05
2443 -2.17247254121e-05
2444 -2.16481137506e-05
2445 -2.15705783748e-05
2446 -2.14976320374e-05
2447 -2.1422831937e-05
2448 -2.13426462987e-05
2449 -2.12626355144e-05
2450 -2.34474937962e-05
2451 -2.34452515771e-05
2452 -2.34409747021e-05
2453 -2.34361108651e-05
2454 -2.34282346877e-05
2455 -2.34180524372e-05
2456 -2.34061942042e-05
2457 -2.3392746275e-05
2458 -2.33764700673e-05
2459 -2.3359931781e-05
2460 -2.33392679277e-05
2461 -2.33183521034e-05
2462 -2.32957224201e-05
2463 -2.32710660055e-05
2464 -2.32439888659e-05
2465 -2.32158676093e-05
2466 -2.31838402852e-05
2467 -2.31521642359e-05
2468 -2.31175616914e-05
2469 -2.30838418242e-05
2470 -2.30460263831e-05
2471 -2.30034486894e-05
2472 -2.29611904497e-05
2473 -2.29173155514e-05
2474 -2.28735843436e-05
2475 -2.28256497642e-05
2476 -2.27785277185e-05
2477 -2.27248681601e-05
2478 -2.26743544857e-05
2479 -2.26202118957e-05
2480 -2.2568451401e-05
2481 -2.25114790344e-05
2482 -2.24505346817e-05
2483 -2.23926295447e-05
2484 -2.23333867502e-05
2485 -2.22692797939e-05
2486 -2.22053222162e-05
2487 -2.21386535317e-05
2488 -2.20701298597e-05
2489 -2.20010929818e-05
2490 -2.19306044991e-05
2491 -2.1858170323e-05
2492 -2.17887403937e-05
2493 -2.17094089965e-05
2494 -2.16324487785e-05
2495 -2.15542965868e-05
2496 -2.14807401185e-05
2497 -2.14057600933e-05
2498 -2.13248683777e-05
2499 -2.12446126922e-05
