0 -0.00241923348945
1 0.00574174896145
2 0.00846849233721
3 0.00738333215882
4 0.00612336889195
5 0.00506637622756
6 0.00423337259629
7 0.00357070736955
8 0.00305177606517
9 0.00263112819713
10 0.00228589371131
11 0.00200056387492
12 0.00176271697815
13 0.0015623792343
14 0.00139216130361
15 0.00124586743798
16 0.0011198256914
17 0.00101016563232
18 0.000913996094602
19 0.000829884372285
20 0.000755987467307
21 0.00069288210258
22 0.000642816685343
23 0.000607467278026
24 0.00057988476912
25 0.000544248285194
26 0.000491299753906
27 0.000428565106705
28 0.000369439889159
29 0.000322324240586
30 0.00028819291033
31 0.000264431690937
32 0.000247730676823
33 0.000235349208797
34 0.000225435635223
35 0.000216822020265
36 0.000208828668642
37 0.00020113186198
38 0.000193563091296
39 0.000186035601497
40 0.000178550831385
41 0.000171128564001
42 0.000163809148508
43 0.000156680725315
44 0.000149774824692
45 0.000143122364061
46 0.000136711360077
47 0.000130546497302
48 0.000124622335328
49 0.000118921730038
50 0.00736127962287
51 -0.0135479902214
52 -0.00584107614092
53 -0.000369921839197
54 0.00180750970995
55 0.00255333585968
56 0.00267383438098
57 0.00256011818741
58 0.00236775109147
59 0.00215263232742
60 0.00194226156469
61 0.00174821253664
62 0.00157334314458
63 0.00141772081344
64 0.0012799068783
65 0.00115748766606
66 0.00104942796064
67 0.000953517395007
68 0.000868004234922
69 0.000792161698352
70 0.00072479377916
71 0.000667031285998
72 0.000621169627915
73 0.000589024445746
74 0.000563604338924
75 0.000529532647008
76 0.000478319702698
77 0.000417677132203
78 0.000360649798729
79 0.000315307993143
80 0.000282495962417
81 0.000259672851538
82 0.000243631210458
83 0.000231736577257
84 0.000222195767544
85 0.000213886672746
86 0.000206149445055
87 0.000198680663642
88 0.000191314108234
89 0.000183972187707
90 0.000176655018517
91 0.000169386350348
92 0.00016221350909
93 0.000155218015769
94 0.0001484335052
95 0.000141891700946
96 0.000135581214479
97 0.000129507561572
98 0.000123667539193
99 0.00011804370733
100 0.0200211368853
101 -0.00231335046822
102 -0.00945520688876
103 -0.00677882839784
104 -0.00349390808313
105 -0.00125273506848
106 1.36667996378e-05
107 0.000698589926389
108 0.00103875072371
109 0.00118800544158
110 0.00123044243658
111 0.00121383945592
112 0.00116548869095
113 0.00110207324138
114 0.00103240823898
115 0.000961187732345
116 0.000891964387293
117 0.00082607082399
118 0.000764010863699
119 0.000706579387308
120 0.00065386728328
121 0.000607932517335
122 0.000571528910263
123 0.000546529451569
124 0.000525961610689
125 0.000495582936542
126 0.000448510846295
127 0.000392762862506
128 0.000340560036046
129 0.000299218836973
130 0.000269385566283
131 0.000248673145059
132 0.00023413213677
133 0.000223344740615
134 0.000214658370736
135 0.000207049909779
136 0.000199909590558
137 0.000192968434136
138 0.000186076860843
139 0.000179167904566
140 0.000172245801136
141 0.000165339887046
142 0.0001585062002
143 0.000151820748065
144 0.000145320390152
145 0.000139037366138
146 0.000132961940652
147 0.000127102784964
148 0.000121459465512
149 0.000116014075181
150 0.0189244724114
151 0.00600496505988
152 -0.00424373851193
153 -0.00669521099655
154 -0.00561625039762
155 -0.00379560929193
156 -0.00225847360128
157 -0.00114653532158
158 -0.000413810524617
159 5.85961192823e-05
160 0.000353742152768
161 0.000529801872063
162 0.000627728864098
163 0.000675967869702
164 0.000691911220527
165 0.000686966416147
166 0.00066916817228
167 0.000643777709713
168 0.000613911869826
169 0.00058211323759
170 0.000550024448982
171 0.000520840497225
172 0.000497893580376
173 0.00048300473604
174 0.000469357374462
175 0.000444535328397
176 0.000403851070065
177 0.000355531067058
178 0.000310514199782
179 0.000275060206259
180 0.000249597362254
181 0.000231988454612
182 0.000219665838868
183 0.000210523753554
184 0.000203117943052
185 0.000196564378469
186 0.000190328289089
187 0.000184188666695
188 0.000178020831981
189 0.000171772851335
190 0.000165455244078
191 0.000159104958653
192 0.000152789890054
193 0.000146579709523
194 0.000140515269407
195 0.000134629277649
196 0.000128915117658
197 0.000123385717063
198 0.000118045064
199 0.000112874864946
200 0.015996130476
201 0.00875007519001
202 0.000528688307214
203 -0.00386080207764
204 -0.00496802737032
205 -0.00445060407229
206 -0.00342428378462
207 -0.00240122189611
208 -0.00157423745047
209 -0.000945680945226
210 -0.000487829570205
211 -0.000165197007335
212 5.70875456238e-05
213 0.000208022170553
214 0.000307551825292
215 0.000370411185305
216 0.000407180634851
217 0.000426075871643
218 0.000432293333512
219 0.00042982613647
220 0.000421723735868
221 0.000412218265125
222 0.000405127115726
223 0.000402077794115
224 0.000396720454413
225 0.000379095982257
226 0.000346897078427
227 0.000308185432207
228 0.000272225644802
229 0.0002440908442
230 0.000224038106255
231 0.000210285540629
232 0.000200739944312
233 0.000193677234546
234 0.000187907024867
235 0.000182712019789
236 0.000177648639289
237 0.000172553566504
238 0.00016733243121
239 0.000161951925591
240 0.000156429335558
241 0.000150811334126
242 0.000145179583832
243 0.00013959664831
244 0.000134108062065
245 0.000128747085043
246 0.000123511203161
247 0.000118419020411
248 0.000113479682461
249 0.000108675037551
250 0.0133333293042
251 0.00906462101747
252 0.0032280899795
253 -0.00109183982185
254 -0.00325150199812
255 -0.00384212045055
256 -0.00355508225072
257 -0.00292507883798
258 -0.00225324196127
259 -0.00164855812961
260 -0.00114864978574
261 -0.000756762796944
262 -0.000458630547222
263 -0.000235086223749
264 -7.0067399734e-05
265 5.00826700644e-05
266 0.00013547571884
267 0.000195736541086
268 0.000236754554885
269 0.000263462827857
270 0.000279730199354
271 0.000290474648765
272 0.000299662156588
273 0.000308786455567
274 0.000312400689757
275 0.000303365011441
276 0.000281416342541
277 0.000253879481767
278 0.000228117971812
279 0.000208113656802
280 0.000194052147555
281 0.000184585961979
282 0.000178163171197
283 0.000173468068111
284 0.000169592191425
285 0.000165983289328
286 0.000162305860588
287 0.000158448679562
288 0.000154356122026
289 0.000150016815746
290 0.00014544710931
291 0.000140709054658
292 0.000135900001052
293 0.000131073747135
294 0.000126280765537
295 0.000121555462724
296 0.000116896925659
297 0.00011233397153
298 0.000107881384507
299 0.000103520529175
300 0.0112408380563
301 0.00854872628129
302 0.0044413303416
303 0.000803179278161
304 -0.00158598330223
305 -0.00277818077777
306 -0.00308010746108
307 -0.00288503783634
308 -0.00247549468127
309 -0.00200769461425
310 -0.0015618859917
311 -0.00117421939543
312 -0.000854304837014
313 -0.000596595509599
314 -0.000393264956904
315 -0.000234223569001
316 -0.000113182159564
317 -2.03594142494e-05
318 4.92923225576e-05
319 0.000100999804002
320 0.000138941948365
321 0.0001677070583
322 0.000191442220168
323 0.000211489576527
324 0.000224106630436
325 0.000224496408801
326 0.000213680831845
327 0.000197735571636
328 0.000182246863133
329 0.000170282066864
330 0.000162142268496
331 0.000156960134793
332 0.000153687763841
333 0.000151411473291
334 0.000149507386244
335 0.000147579886915
336 0.000145391152524
337 0.000142865146268
338 0.000139971706045
339 0.000136767460884
340 0.000133253997369
341 0.000129475282423
342 0.000125562844916
343 0.000121569384557
344 0.000117543773772
345 0.000113521402864
346 0.000109503740601
347 0.000105525676741
348 0.000101612657646
349 9.77415319551e-05
350 0.00963013639164
351 0.00782949080444
352 0.00486949690279
353 0.00193541112469
354 -0.000311466000609
355 -0.00172884249407
356 -0.00239004350515
357 -0.00254003996979
358 -0.00239005171603
359 -0.00209648830758
360 -0.00175515533879
361 -0.00141976842292
362 -0.00111875500672
363 -0.000859583384884
364 -0.000643356359241
365 -0.00046507219224
366 -0.000322256943755
367 -0.000207885652834
368 -0.000117497036874
369 -4.69111258251e-05
370 8.25815526587e-06
371 5.14478533128e-05
372 8.69309728147e-05
373 0.000116059303197
374 0.000137403714208
375 0.000147601442022
376 0.000147985771669
377 0.00014316020922
378 0.000137246069073
379 0.000132656325549
380 0.000129981333727
381 0.000128819847099
382 0.000128547131981
383 0.000128606056474
384 0.000128623646118
385 0.00012836449694
386 0.00012768338847
387 0.000126519401425
388 0.000124862858222
389 0.000122812423162
390 0.000120375911541
391 0.00011761496343
392 0.000114625589317
393 0.000111488591357
394 0.000108259903903
395 0.000104973362062
396 0.000101626875882
397 9.82698725864e-05
398 9.49198335755e-05
399 9.15655418495e-05
400 0.00830704509654
401 0.00706123200696
402 0.00491012254853
403 0.00260452462572
404 0.000635962511521
405 -0.00080063003504
406 -0.0016519483682
407 -0.00204723850326
408 -0.00212033660216
409 -0.00200309126617
410 -0.00178730250942
411 -0.00153305906592
412 -0.00127849654772
413 -0.00104196170078
414 -0.000832507227792
415 -0.000651399454778
416 -0.000498952014765
417 -0.00037230186412
418 -0.000268289061691
419 -0.000184188541302
420 -0.000116348166848
421 -6.20887729274e-05
422 -1.744191177e-05
423 1.99637392216e-05
424 5.02423453999e-05
425 7.09643774343e-05
426 8.2727788489e-05
427 8.86048700767e-05
428 9.16280507695e-05
429 9.39248644825e-05
430 9.63375874607e-05
431 9.90056546952e-05
432 0.000101647330337
433 0.000104086239243
434 0.000106052821449
435 0.000107519925246
436 0.000108411842728
437 0.000108688454063
438 0.000108380014693
439 0.000107561602502
440 0.000106267749556
441 0.000104605014043
442 0.00010262785006
443 0.000100411319328
444 9.80367056021e-05
445 9.55394079623e-05
446 9.29243494123e-05
447 9.02378839012e-05
448 8.75022392164e-05
449 8.47135070265e-05
450 0.00718780012963
451 0.00630816921805
452 0.00473816593025
453 0.00295149062215
454 0.00129955243224
455 -3.82152345729e-05
456 -0.000954173315905
457 -0.00149929842597
458 -0.00174201632664
459 -0.00178147684284
460 -0.00169237605172
461 -0.00153238376343
462 -0.00134218092756
463 -0.00114667363797
464 -0.000960380085106
465 -0.000790310854444
466 -0.000640086990493
467 -0.00051030744888
468 -0.000400008042805
469 -0.000308283722013
470 -0.000233002396754
471 -0.000171745985278
472 -0.000120434904971
473 -7.51703470883e-05
474 -3.5433403379e-05
475 -3.76120008384e-06
476 1.90029472114e-05
477 3.4684149786e-05
478 4.57146069119e-05
479 5.42005387016e-05
480 6.12182362676e-05
481 6.74442879963e-05
482 7.28833147087e-05
483 7.7670747084e-05
484 8.16251820485e-05
485 8.48793833386e-05
486 8.73968936058e-05
487 8.91819641964e-05
488 9.02890135684e-05
489 9.07930711114e-05
490 9.07369094472e-05
491 9.02371427433e-05
492 8.93556673365e-05
493 8.81443723115e-05
494 8.66996022443e-05
495 8.50531284315e-05
496 8.32368727155e-05
497 8.12839106522e-05
498 7.92191772347e-05
499 7.70530024667e-05
500 0.00624765212024
501 0.00561398199197
502 0.00445599247698
503 0.00307586463613
504 0.00172109157396
505 0.000536360402977
506 -0.000359670787376
507 -0.000973739494082
508 -0.00132662094697
509 -0.00148717073646
510 -0.00150890083967
511 -0.00144082787481
512 -0.00132124049545
513 -0.00117673893204
514 -0.00102498438514
515 -0.000876889892768
516 -0.000739145942903
517 -0.000615034538489
518 -0.000506022825979
519 -0.000413463610683
520 -0.000336526579533
521 -0.000272581392141
522 -0.000216451182201
523 -0.000163438418556
524 -0.000114095282842
525 -7.21982617868e-05
526 -3.98804669394e-05
527 -1.60993078865e-05
528 1.46919869239e-06
529 1.50346196166e-05
530 2.59658617034e-05
531 3.52783733688e-05
532 4.32588647627e-05
533 5.02315702687e-05
534 5.61264766034e-05
535 6.11209884456e-05
536 6.52604152223e-05
537 6.8568564305e-05
538 7.11165714609e-05
539 7.29747905625e-05
540 7.41815750079e-05
541 7.48795739385e-05
542 7.51296508567e-05
543 7.49701739775e-05
544 7.44987301057e-05
545 7.37513339241e-05
546 7.27697848146e-05
547 7.15956767671e-05
548 7.02423171814e-05
549 6.87384761517e-05
550 0.00546731520787
551 0.0050001092566
552 0.00413198079096
553 0.00306047150588
554 0.00195847283434
555 0.000937439055974
556 0.000107317562043
557 -0.000517635084125
558 -0.000929003912267
559 -0.00117117765307
560 -0.00127889474129
561 -0.00128988709283
562 -0.00123699827926
563 -0.00114530905032
564 -0.00103341466384
565 -0.000913891424971
566 -0.000795800892157
567 -0.000684494903608
568 -0.000583774647805
569 -0.000496880814863
570 -0.000423618318166
571 -0.000360083615844
572 -0.000299777389194
573 -0.000238981255669
574 -0.000180824454246
575 -0.000130763113074
576 -9.13542076918e-05
577 -6.1757876865e-05
578 -3.94641537093e-05
579 -2.21356829404e-05
580 -8.12216306725e-06
581 3.69749020117e-06
582 1.38530509571e-05
583 2.27629368596e-05
584 3.04534389668e-05
585 3.70803414125e-05
586 4.2773840771e-05
587 4.75543625024e-05
588 5.15026753361e-05
589 5.46992877467e-05
590 5.71672546119e-05
591 5.90512914013e-05
592 6.04274770133e-05
593 6.13246402983e-05
594 6.18318526631e-05
595 6.19958443579e-05
596 6.18530916266e-05
597 6.14703160159e-05
598 6.08449553355e-05
599 6.00181266068e-05
600 0.00482248951018
601 0.00447082949038
602 0.00380691135281
603 0.0029654949295
604 0.00206788463419
605 0.00119914207386
606 0.000453294003271
607 -0.00014733778667
608 -0.000579469119346
609 -0.000869102943238
610 -0.00103705189502
611 -0.00110979972007
612 -0.00111366652909
613 -0.00107067567461
614 -0.000998489554675
615 -0.000910015721852
616 -0.00081540984781
617 -0.000721854485513
618 -0.000634960833482
619 -0.000558968370348
620 -0.000492837033483
621 -0.000430564471281
622 -0.000365651540924
623 -0.000297703869369
624 -0.000232881269218
625 -0.000177664568254
626 -0.000134171257484
627 -0.000101227422726
628 -7.60423354723e-05
629 -5.62389123035e-05
630 -4.00241442318e-05
631 -2.62799212359e-05
632 -1.43668411419e-05
633 -3.83960593658e-06
634 5.41729222445e-06
635 1.35246604653e-05
636 2.06428897613e-05
637 2.67944984885e-05
638 3.20510030817e-05
639 3.65180979831e-05
640 4.02057298633e-05
641 4.32208373349e-05
642 4.56785267068e-05
643 4.76016615129e-05
644 4.9055465055e-05
645 5.0110068797e-05
646 5.07954643111e-05
647 5.11880592876e-05
648 5.12831102593e-05
649 5.11256622085e-05
650 0.00428528117321
651 0.0040153720846
652 0.00349851160123
653 0.00282905815089
654 0.00209507345738
655 0.00135931870932
656 0.000700359156583
657 0.000141780748001
658 -0.000286421894448
659 -0.00059808399626
660 -0.000804194646353
661 -0.000921890011851
662 -0.000970887595085
663 -0.000969635546701
664 -0.000933820093152
665 -0.000875961522499
666 -0.000806403397968
667 -0.000733753532951
668 -0.000664588445628
669 -0.000602466398903
670 -0.000543927758345
671 -0.000481643734883
672 -0.000411742134691
673 -0.000338570384525
674 -0.000270357612659
675 -0.000213387975011
676 -0.000168706336064
677 -0.000134588964671
678 -0.000108105118755
679 -8.69445815316e-05
680 -6.93152036271e-05
681 -5.41859249135e-05
682 -4.09238973479e-05
683 -2.90986161704e-05
684 -1.85175823529e-05
685 -9.10884003825e-06
686 -7.23852666289e-07
687 6.66620296085e-06
688 1.31185512105e-05
689 1.87476300281e-05
690 2.35744449615e-05
691 2.76532988981e-05
692 3.1122251693e-05
693 3.40123406559e-05
694 3.63731076534e-05
695 3.82811297292e-05
696 3.97668724677e-05
697 4.08941213819e-05
698 4.16923303025e-05
699 4.21873121722e-05
700 0.00382850523907
701 0.00361834379187
702 0.00321024741199
703 0.00267277203377
704 0.00207032354465
705 0.00144856231907
706 0.000872463327652
707 0.000363873948967
708 -4.55997671163e-05
709 -0.00036176145047
710 -0.000588940389892
711 -0.000737448711519
712 -0.000820761602804
713 -0.000853831398913
714 -0.000849998113541
715 -0.00082100186238
716 -0.00077699543736
717 -0.000727227661845
718 -0.000677786371578
719 -0.000629471108055
720 -0.000576170254176
721 -0.000511949126928
722 -0.000438048160174
723 -0.000362932213105
724 -0.000295163903617
725 -0.000239633395469
726 -0.00019619564805
727 -0.000162647061378
728 -0.000136108997934
729 -0.000114484650469
730 -9.61103199502e-05
731 -8.00791695522e-05
732 -6.5804973039e-05
733 -5.29145160169e-05
734 -4.12515840529e-05
735 -3.07335779293e-05
736 -2.1243074696e-05
737 -1.27518430086e-05
738 -5.21434556891e-06
739 1.46210986062e-06
740 7.32272448318e-06
741 1.24032352099e-05
742 1.68095473853e-05
743 2.05967213201e-05
744 2.38227978931e-05
745 2.65409155023e-05
746 2.87915264125e-05
747 3.06351081576e-05
748 3.21117169987e-05
749 3.32463736377e-05
750 0.00343385114249
751 0.00326826902868
752 0.00294246030875
753 0.00250823426612
754 0.00201198633618
755 0.00148754587402
756 0.000987501631862
757 0.0005311379378
758 0.000148993929817
759 -0.000159948051744
760 -0.000395614312404
761 -0.000563253263244
762 -0.000671328788163
763 -0.000731669445131
764 -0.000755250166363
765 -0.000752850839806
766 -0.000734294093825
767 -0.000707913216537
768 -0.000677196927859
769 -0.000639195196399
770 -0.000587578589908
771 -0.000520884837415
772 -0.000445961774379
773 -0.000373101601877
774 -0.000309498736263
775 -0.0002581049345
776 -0.000217763587364
777 -0.000186080133866
778 -0.000160428435829
779 -0.000139025344384
780 -0.000120426102795
781 -0.000103886540657
782 -8.89070563489e-05
783 -7.52242286033e-05
784 -6.27068776768e-05
785 -5.12719365932e-05
786 -4.08382900899e-05
787 -3.13908558069e-05
788 -2.28910762846e-05
789 -1.52747912379e-05
790 -8.48639751964e-06
791 -2.4870309967e-06
792 2.78840774072e-06
793 7.40642993904e-06
794 1.14325486835e-05
795 1.49139820455e-05
796 1.78936348954e-05
797 2.04308744085e-05
798 2.25573513149e-05
799 2.43117293568e-05
800 0.00308966961818
801 0.00295739965802
802 0.00269527060326
803 0.00234229093032
804 0.00193226252327
805 0.00149009418185
806 0.0010582471182
807 0.000653244279958
808 0.000302782836531
809 8.54354970022e-06
810 -0.000226288647156
811 -0.000403703575178
812 -0.000528519493834
813 -0.000609749719925
814 -0.000656503394149
815 -0.000678388086636
816 -0.000684037559262
817 -0.000678790057635
818 -0.000662069535883
819 -0.000629070788227
820 -0.000576748062131
821 -0.000509797773655
822 -0.000438425498305
823 -0.000372063982998
824 -0.00031561413146
825 -0.000270249834464
826 -0.000234222354926
827 -0.000205272430128
828 -0.000181198436319
829 -0.000160528328873
830 -0.000142112503208
831 -0.000125428070632
832 -0.000110071251778
833 -9.58483486182e-05
834 -8.27020110744e-05
835 -7.05493147569e-05
836 -5.93518508213e-05
837 -4.91015892689e-05
838 -3.97755392547e-05
839 -3.13362124504e-05
840 -2.37331240245e-05
841 -1.69230223877e-05
842 -1.08645762192e-05
843 -5.48498022772e-06
844 -7.29899037132e-07
845 3.45842575743e-06
846 7.11803407597e-06
847 1.02976182952e-05
848 1.30439972105e-05
849 1.53868556778e-05
850 0.00278882313511
851 0.00268196945261
852 0.00246937665513
853 0.00218046899512
854 0.00184008220246
855 0.00146696940545
856 0.00109497615392
857 0.000737941621881
858 0.000420595926758
859 0.000145612379328
860 -8.21065267773e-05
861 -0.000262181609331
862 -0.000397271277989
863 -0.000494037592091
864 -0.000560101196809
865 -0.000603370157577
866 -0.000629439466741
867 -0.000639333494905
868 -0.000629671465189
869 -0.000597648115598
870 -0.000545739563335
871 -0.000483084445641
872 -0.000419900514578
873 -0.000363246188953
874 -0.000315737735892
875 -0.000277352210251
876 -0.000246242936682
877 -0.000220502718714
878 -0.00019841234857
879 -0.000178853709263
880 -0.000160990714893
881 -0.000144471419957
882 -0.000129022515887
883 -0.000114509442351
884 -0.000100956457389
885 -8.82889155479e-05
886 -7.65160772434e-05
887 -6.56334049978e-05
888 -5.56355365648e-05
889 -4.65142231823e-05
890 -3.82219739959e-05
891 -3.07209391978e-05
892 -2.39678693841e-05
893 -1.7911849316e-05
894 -1.24962562646e-05
895 -7.66849478628e-06
896 -3.38580721201e-06
897 3.88348732573e-07
898 3.71124230518e-06
899 6.60839954336e-06
900 0.00252625478894
901 0.00243913246999
902 0.0022651129908
903 0.00202680293916
904 0.00174251112613
905 0.00142667116214
906 0.00110637693754
907 0.000792762413576
908 0.000507577277685
909 0.000253852218865
910 3.72965243686e-05
911 -0.000140526500238
912 -0.000280954363339
913 -0.00038890758998
914 -0.000470363253361
915 -0.000530162373741
916 -0.000569680041755
917 -0.000586844032603
918 -0.000578960014978
919 -0.000547871493707
920 -0.000500461244096
921 -0.000446908348749
922 -0.000395146749067
923 -0.000349788685979
924 -0.00031176687675
925 -0.000280503102281
926 -0.00025440585411
927 -0.000232038084842
928 -0.000212132794828
929 -0.000193930093965
930 -0.000176887088468
931 -0.000160787187257
932 -0.000145497690077
933 -0.000130938604467
934 -0.000117194201332
935 -0.00010422578193
936 -9.20589247955e-05
937 -8.07148071918e-05
938 -7.02118229315e-05
939 -6.05456651296e-05
940 -5.16942140179e-05
941 -4.36248382202e-05
942 -3.62823879261e-05
943 -2.9647191291e-05
944 -2.36598195123e-05
945 -1.82707785368e-05
946 -1.34325622658e-05
947 -9.11876298856e-06
948 -5.2719733603e-06
949 -1.86886183122e-06
950 0.00229591377151
951 0.00222409096403
952 0.00208061428588
953 0.00188248272197
954 0.001643889624
955 0.00137572355038
956 0.00109981189767
957 0.000825040879485
958 0.00057035333945
959 0.000338611052919
960 0.000135441975549
961 -3.70637498517e-05
962 -0.000179395294297
963 -0.000294831379049
964 -0.000386813832272
965 -0.000456304091059
966 -0.000501446843559
967 -0.000520266863424
968 -0.000513404325306
969 -0.000486634539363
970 -0.00044839468735
971 -0.000407074414633
972 -0.000368076360024
973 -0.00033406327909
974 -0.00030509896702
975 -0.000280553991907
976 -0.000259241282604
977 -0.000240181859237
978 -0.000222528771486
979 -0.000205833352576
980 -0.000189801193627
981 -0.000174336173472
982 -0.000159426674252
983 -0.000145040938494
984 -0.000131309127579
985 -0.000118225752036
986 -0.000105844854981
987 -9.42092249948e-05
988 -8.33597920656e-05
989 -7.33026697131e-05
990 -6.4024150484e-05
991 -5.5515613372e-05
992 -4.77089683922e-05
993 -4.05964416332e-05
994 -3.41315557752e-05
995 -2.82643094751e-05
996 -2.29453987135e-05
997 -1.81539697179e-05
998 -1.38426357502e-05
999 -9.98580575171e-06
1000 0.00209322683124
1001 0.00203367006091
1002 0.00191469385511
1003 0.00174889930875
1004 0.00154803191297
1005 0.00131990921516
1006 0.00108224400652
1007 0.000842186407861
1008 0.000615874956584
1009 0.000405767743234
1010 0.000216949193208
1011 5.14583027031e-05
1012 -9.02782251048e-05
1013 -0.00020939261076
1014 -0.000306071244654
1015 -0.000378550562213
1016 -0.000424246733579
1017 -0.000443685854521
1018 -0.0004405828832
1019 -0.000422173766341
1020 -0.00039594724115
1021 -0.000367784877111
1022 -0.000341159390939
1023 -0.000317485343388
1024 -0.000296616420237
1025 -0.000278093019444
1026 -0.000261155548333
1027 -0.000245219155693
1028 -0.000229802015001
1029 -0.000214714839917
1030 -0.000199832826107
1031 -0.000185191084774
1032 -0.000170839100455
1033 -0.000156819430111
1034 -0.00014328393758
1035 -0.000130266856821
1036 -0.000117847408311
1037 -0.00010610067017
1038 -9.50730831121e-05
1039 -8.47806637635e-05
1040 -7.52090868393e-05
1041 -6.63784663827e-05
1042 -5.82193661842e-05
1043 -5.07267081476e-05
1044 -4.38592388693e-05
1045 -3.75909527636e-05
1046 -3.18580465114e-05
1047 -2.66542980014e-05
1048 -2.19400945903e-05
1049 -1.76872926346e-05
1050 0.00191640230617
1051 0.00186699258698
1052 0.00176798430654
1053 0.00162906548835
1054 0.00145987214219
1055 0.00126590902803
1056 0.0010616421695
1057 0.000852653045565
1058 0.000652418582357
1059 0.000462586722445
1060 0.000287466995146
1061 0.000129223881632
1062 -1.02074443558e-05
1063 -0.000129358874021
1064 -0.000225902469255
1065 -0.000297394569756
1066 -0.000342731653882
1067 -0.000364789704923
1068 -0.000368672408641
1069 -0.000360878349034
1070 -0.000347111552387
1071 -0.000331263654613
1072 -0.00031551676539
1073 -0.000300685983147
1074 -0.000286738191271
1075 -0.000273454629378
1076 -0.000260423344739
1077 -0.000247390915447
1078 -0.000234166208034
1079 -0.00022073701947
1080 -0.0002071187305
1081 -0.00019344949087
1082 -0.000179816486504
1083 -0.00016633150254
1084 -0.000153170378268
1085 -0.000140394659603
1086 -0.000128100207097
1087 -0.000116405597559
1088 -0.000105338642136
1089 -9.49480109842e-05
1090 -8.52199595808e-05
1091 -7.61740021027e-05
1092 -6.77695779085e-05
1093 -6.00011027102e-05
1094 -5.28260795567e-05
1095 -4.62261754314e-05
1096 -4.01536901481e-05
1097 -3.46040984961e-05
1098 -2.95486153178e-05
1099 -2.49522741434e-05
1100 0.00176905595698
1101 0.00172816078816
1102 0.00164566234849
1103 0.00152955075422
1104 0.00138717833625
1105 0.00122254539948
1106 0.0010471481908
1107 0.000864831533366
1108 0.000686605883088
1109 0.000513376462373
1110 0.000349085542137
1111 0.000196999198875
1112 6.10687528513e-05
1113 -5.52781655976e-05
1114 -0.000148938899401
1115 -0.000218399259519
1116 -0.000264536356664
1117 -0.000291248511248
1118 -0.00030349130514
1119 -0.000306259634597
1120 -0.000303650704501
1121 -0.000298211473183
1122 -0.000291413625224
1123 -0.000283851930261
1124 -0.000275673117262
1125 -0.000266846310406
1126 -0.000257265323689
1127 -0.000246915483688
1128 -0.000235807484863
1129 -0.00022406172021
1130 -0.000211800820374
1131 -0.000199216178062
1132 -0.000186443710746
1133 -0.000173644087742
1134 -0.000161009777499
1135 -0.00014861983719
1136 -0.000136612847841
1137 -0.00012510257
1138 -0.000114144034724
1139 -0.000103782367451
1140 -9.40228196371e-05
1141 -8.48775418347e-05
1142 -7.63357813934e-05
1143 -6.83936007111e-05
1144 -6.09992042403e-05
1145 -5.41487829419e-05
1146 -4.78133739698e-05
1147 -4.19825447119e-05
1148 -3.6643612711e-05
1149 -3.17599230951e-05
1150 0.00165902320215
1151 0.00162496439621
1152 0.00155584672313
1153 0.00145815869553
1154 0.00133711489342
1155 0.00119542488948
1156 0.00104182627411
1157 0.000878743748993
1158 0.000715464519487
1159 0.000553073773029
1160 0.000396227558332
1161 0.000249791682092
1162 0.000119122762162
1163 8.05970657052e-06
1164 -8.11780011189e-05
1165 -0.000148586386504
1166 -0.00019624568414
1167 -0.000227954565299
1168 -0.000247849707777
1169 -0.000259518870272
1170 -0.000265836187633
1171 -0.000268560243111
1172 -0.000268775402722
1173 -0.00026701295234
1174 -0.000263533721821
1175 -0.000258460576251
1176 -0.000251907462713
1177 -0.000244021257014
1178 -0.000234935052929
1179 -0.000224874119631
1180 -0.000214022203414
1181 -0.000202604342144
1182 -0.000190806790443
1183 -0.000178818339085
1184 -0.000166833454395
1185 -0.000154976550758
1186 -0.000143399660265
1187 -0.000132216204335
1188 -0.000121497076833
1189 -0.000111293115179
1190 -0.000101611026364
1191 -9.24678131058e-05
1192 -8.38841884562e-05
1193 -7.58352277901e-05
1194 -6.83038021319e-05
1195 -6.12810159248e-05
1196 -5.47546168547e-05
1197 -4.87155268251e-05
1198 -4.31564771447e-05
1199 -3.80473006126e-05
1200 0.00158179647244
1201 0.00155240796725
1202 0.00149244871349
1203 0.00140698057678
1204 0.00129962528217
1205 0.00117207237923
1206 0.00103130831136
1207 0.000879263342756
1208 0.000724896095134
1209 0.000570187770555
1210 0.000420955448615
1211 0.00028263067935
1212 0.000160439882393
1213 5.72207123348e-05
1214 -2.63519049158e-05
1215 -9.13098075108e-05
1216 -0.000140020757137
1217 -0.000175716806986
1218 -0.000201509520997
1219 -0.000219866634523
1220 -0.000232831486896
1221 -0.00024168806366
1222 -0.000247259829378
1223 -0.000250036880609
1224 -0.000250360514325
1225 -0.000248455755073
1226 -0.000244576037343
1227 -0.000238945438665
1228 -0.000231793671911
1229 -0.000223396957398
1230 -0.000213974387003
1231 -0.000203789382872
1232 -0.000193058046727
1233 -0.000181972851858
1234 -0.000170752754271
1235 -0.000159555200373
1236 -0.000148527263196
1237 -0.000137790525285
1238 -0.000127427824833
1239 -0.000117474216248
1240 -0.000107961861164
1241 -9.89229796982e-05
1242 -9.03753544278e-05
1243 -8.2312991402e-05
1244 -7.47231790803e-05
1245 -6.76046742789e-05
1246 -6.09585372753e-05
1247 -5.47816720731e-05
1248 -4.90676044553e-05
1249 -4.37933328068e-05
1250 0.00150562196051
1251 0.00147869081843
1252 0.00142357799214
1253 0.0013444990356
1254 0.00124433459
1255 0.00112464737909
1256 0.000991885359934
1257 0.000848364160267
1258 0.000703355963595
1259 0.000559344491561
1260 0.000422156482658
1261 0.000296502176643
1262 0.000186242338529
1263 9.28416896544e-05
1264 1.59028111441e-05
1265 -4.5948803455e-05
1266 -9.47268611115e-05
1267 -0.000132928506135
1268 -0.000162716217164
1269 -0.000185745152766
1270 -0.000203467422536
1271 -0.000216827360688
1272 -0.000226436786801
1273 -0.000232766229688
1274 -0.000236190396946
1275 -0.000236988401863
1276 -0.000235472242407
1277 -0.000231927097417
1278 -0.000226622903675
1279 -0.00021985664631
1280 -0.000211878431877
1281 -0.000202976786648
1282 -0.000193371165534
1283 -0.000183268626087
1284 -0.000172917564447
1285 -0.000162477356432
1286 -0.000152100020017
1287 -0.000141904946972
1288 -0.000131979639935
1289 -0.000122369736034
1290 -0.000113120240772
1291 -0.000104277645399
1292 -9.58562446238e-05
1293 -8.78553310225e-05
1294 -8.0279832685e-05
1295 -7.31381658903e-05
1296 -6.64419851934e-05
1297 -6.01925521578e-05
1298 -5.43839677297e-05
1299 -4.89984503888e-05
1300 0.00139265170327
1301 0.00136749501834
1302 0.00131597186351
1303 0.00124205739854
1304 0.00114878402103
1305 0.00103798348955
1306 0.000916006367686
1307 0.000785637338093
1308 0.000655585908869
1309 0.000527975300389
1310 0.000407642745052
1311 0.000297929012423
1312 0.000201287004306
1313 0.000118308679249
1314 4.8238613679e-05
1315 -1.0019739355e-05
1316 -5.79981043099e-05
1317 -9.73995189708e-05
1318 -0.000129628529934
1319 -0.000155745720964
1320 -0.000176786684201
1321 -0.000193398363545
1322 -0.000206052718983
1323 -0.000215174862007
1324 -0.000221160848025
1325 -0.000224268695629
1326 -0.000224860742824
1327 -0.000223236962516
1328 -0.000219678147776
1329 -0.000214498549495
1330 -0.000207961669643
1331 -0.000200364193336
1332 -0.000191917254786
1333 -0.000182869519421
1334 -0.000173465009527
1335 -0.000163861624907
1336 -0.000154212075317
1337 -0.000144642419788
1338 -0.000135233479607
1339 -0.000126046781955
1340 -0.000117139066976
1341 -0.000108568164868
1342 -0.000100341217651
1343 -9.24721687728e-05
1344 -8.49807855702e-05
1345 -7.78844433493e-05
1346 -7.12043165694e-05
1347 -6.4944092159e-05
1348 -5.91016690143e-05
1349 -5.36556227697e-05
1350 0.00123897612426
1351 0.00121650955137
1352 0.00117060058856
1353 0.0011049018846
1354 0.00102278736416
1355 0.000925963951099
1356 0.000820339206308
1357 0.000708605716707
1358 0.000597964495674
1359 0.000489897419888
1360 0.000387961487998
1361 0.000294405809906
1362 0.000210845766456
1363 0.00013755422862
1364 7.39225943171e-05
1365 1.92046101469e-05
1366 -2.74543702109e-05
1367 -6.71498636729e-05
1368 -0.000100712826583
1369 -0.00012878661803
1370 -0.000152082677917
1371 -0.000171028369528
1372 -0.000185992074698
1373 -0.000197318372884
1374 -0.000205425611924
1375 -0.000210543660164
1376 -0.000213022279673
1377 -0.000213157371033
1378 -0.000211241292062
1379 -0.000207590081002
1380 -0.000202472510481
1381 -0.000196166297479
1382 -0.00018891153099
1383 -0.000180968268112
1384 -0.000172559043745
1385 -0.000163852734222
1386 -0.000154992058811
1387 -0.000146103682352
1388 -0.00013727089706
1389 -0.000128572987966
1390 -0.000120080634198
1391 -0.000111840596781
1392 -0.000103866914485
1393 -9.61940707577e-05
1394 -8.88489561899e-05
1395 -8.18645818918e-05
1396 -7.52608191292e-05
1397 -6.90460732341e-05
1398 -6.32190242655e-05
1399 -5.77614419047e-05
1400 0.00107473788824
1401 0.00105589861523
1402 0.00101762280692
1403 0.000962979121241
1404 0.000894915752158
1405 0.000815000302998
1406 0.000728060512057
1407 0.000636261710837
1408 0.000545163649014
1409 0.000455706821705
1410 0.000370487739311
1411 0.000291051113931
1412 0.000218608635484
1413 0.000153489674725
1414 9.53712707079e-05
1415 4.39239654928e-05
1416 -1.20082736829e-06
1417 -4.06410845088e-05
1418 -7.48117319409e-05
1419 -0.000104051892959
1420 -0.000128852571756
1421 -0.000149471180388
1422 -0.000166195316985
1423 -0.000179288751088
1424 -0.000189150705182
1425 -0.000196017460249
1426 -0.000200172723767
1427 -0.000201917166901
1428 -0.000201546089577
1429 -0.000199358888016
1430 -0.000195608728254
1431 -0.000190587730844
1432 -0.000184552001262
1433 -0.000177731950696
1434 -0.00017035483497
1435 -0.000162580880867
1436 -0.000154548318271
1437 -0.000146382809671
1438 -0.000138178701928
1439 -0.000130033067334
1440 -0.000122001413009
1441 -0.000114137714289
1442 -0.000106474985242
1443 -9.90566407659e-05
1444 -9.19200005885e-05
1445 -8.51059769253e-05
1446 -7.86352247151e-05
1447 -7.25186011077e-05
1448 -6.67470945454e-05
1449 -6.13234171627e-05
1450 0.00093158947955
1451 0.000916525924817
1452 0.000885876122745
1453 0.000842218410046
1454 0.000787596769283
1455 0.000723461324169
1456 0.000653376070046
1457 0.000578881814866
1458 0.000504288905119
1459 0.000430085909566
1460 0.000358225388004
1461 0.000289921779333
1462 0.000226246143717
1463 0.000167635436681
1464 0.000114046428068
1465 6.54803640277e-05
1466 2.19247310754e-05
1467 -1.69415864528e-05
1468 -5.12436708702e-05
1469 -8.110745687e-05
1470 -0.000106885324773
1471 -0.000128693869779
1472 -0.000146758695496
1473 -0.000161282107675
1474 -0.00017262963326
1475 -0.00018098740556
1476 -0.000186623864421
1477 -0.000189830700765
1478 -0.000190896239788
1479 -0.000190073069614
1480 -0.000187631790428
1481 -0.000183881171046
1482 -0.00017905255761
1483 -0.000173357294405
1484 -0.000167022176342
1485 -0.000160194047442
1486 -0.000153006727743
1487 -0.000145592404945
1488 -0.000138057239618
1489 -0.000130497530672
1490 -0.000122963787955
1491 -0.00011551858852
1492 -0.000108214355893
1493 -0.000101100219598
1494 -9.42263260337e-05
1495 -8.76328783442e-05
1496 -8.13441331598e-05
1497 -7.53664889562e-05
1498 -6.9697944222e-05
1499 -6.43470948955e-05
1500 0.000822234794001
1501 0.000810289748434
1502 0.000785928544683
1503 0.000751199547862
1504 0.000707446668995
1505 0.000655813684269
1506 0.000598886826328
1507 0.000537687487418
1508 0.000475614831148
1509 0.000412855456216
1510 0.000351017369235
1511 0.000291123952265
1512 0.000234133740641
1513 0.000180612356034
1514 0.000130719191268
1515 8.46521862969e-05
1516 4.2618752421e-05
1517 4.51328669905e-06
1518 -2.9610319007e-05
1519 -5.97357708178e-05
1520 -8.60872974513e-05
1521 -0.000108718473296
1522 -0.000127796040994
1523 -0.000143463711662
1524 -0.000156035276897
1525 -0.000165665535947
1526 -0.000172612494848
1527 -0.000177144864091
1528 -0.000179516687246
1529 -0.000179979691197
1530 -0.00017881202482
1531 -0.000176287473845
1532 -0.000172627546929
1533 -0.000168036279808
1534 -0.000162726018888
1535 -0.000156831043961
1536 -0.000150489776723
1537 -0.000143844774511
1538 -0.000137003313091
1539 -0.000130047266025
1540 -0.000123034657434
1541 -0.000116044492531
1542 -0.000109138111453
1543 -0.000102375502677
1544 -9.58100434041e-05
1545 -8.94813829596e-05
1546 -8.34131381567e-05
1547 -7.76120055774e-05
1548 -7.20881692788e-05
1549 -6.6855560952e-05
1550 0.000743886961218
1551 0.000734210278016
1552 0.000714511795156
1553 0.000686314877368
1554 0.000650591204416
1555 0.000608104227992
1556 0.000560769928442
1557 0.000509248871155
1558 0.000456284399664
1559 0.000401925298961
1560 0.000347512266546
1561 0.000293926530158
1562 0.000242067931232
1563 0.000192589312611
1564 0.000145750039587
1565 0.000101872646425
1566 6.13183859986e-05
1567 2.40889253001e-05
1568 -9.63977847788e-06
1569 -3.9748764042e-05
1570 -6.63974915153e-05
1571 -8.95717941257e-05
1572 -0.000109369919894
1573 -0.000125921104198
1574 -0.000139491095379
1575 -0.000150210230378
1576 -0.000158309884673
1577 -0.000164019839155
1578 -0.000167585747481
1579 -0.00016926707499
1580 -0.000169315958861
1581 -0.000167963499374
1582 -0.000165431642896
1583 -0.000161912087496
1584 -0.000157599357371
1585 -0.000152616513408
1586 -0.000147122145148
1587 -0.000141255496696
1588 -0.000135110018276
1589 -0.000128765454393
1590 -0.000122297212889
1591 -0.000115791555937
1592 -0.000109320199357
1593 -0.000102950670782
1594 -9.67321171155e-05
1595 -9.07047085111e-05
1596 -8.48907464391e-05
1597 -7.93042285205e-05
1598 -7.39622738043e-05
1599 -6.88842040479e-05
1600 0.000688790866964
1601 0.000680746414281
1602 0.000664352132088
1603 0.000640752020608
1604 0.000610717469064
1605 0.000574705243075
1606 0.000534179329601
1607 0.000489611626698
1608 0.000443246493737
1609 0.000395047215776
1610 0.000346167485528
1611 0.000297390493483
1612 0.000249573132643
1613 0.000203396912559
1614 0.00015915307168
1615 0.000117277230205
1616 7.81684268915e-05
1617 4.19134925831e-05
1618 8.76050133448e-06
1619 -2.11217039497e-05
1620 -4.78314200333e-05
1621 -7.13024610452e-05
1622 -9.16080594836e-05
1623 -0.000108834383938
1624 -0.000123216256894
1625 -0.000134851028199
1626 -0.000143937855704
1627 -0.000150696368099
1628 -0.000155358538033
1629 -0.000158162601771
1630 -0.000159333381325
1631 -0.000159085262696
1632 -0.00015762106602
1633 -0.000155124072716
1634 -0.000151763502028
1635 -0.000147677743252
1636 -0.000143022666544
1637 -0.000137917472071
1638 -0.000132457651877
1639 -0.000126731346488
1640 -0.000120824471398
1641 -0.000114831658689
1642 -0.000108829860179
1643 -0.000102883149676
1644 -9.70434930014e-05
1645 -9.13444262721e-05
1646 -8.58135625425e-05
1647 -8.04730902386e-05
1648 -7.53464169538e-05
1649 -7.04516202816e-05
1650 0.000649364400891
1651 0.000642484596682
1652 0.000628407420327
1653 0.000608033027204
1654 0.000582017706643
1655 0.000550578392178
1656 0.000514927971378
1657 0.000475392700746
1658 0.000433870833223
1659 0.000390291364095
1660 0.000345662321186
1661 0.000300685709367
1662 0.000256177612285
1663 0.000212820817018
1664 0.000170907956918
1665 0.000130891125705
1666 9.32280085612e-05
1667 5.80375728266e-05
1668 2.55986205559e-05
1669 -3.87995108462e-06
1670 -3.04539503372e-05
1671 -5.4035764346e-05
1672 -7.46564765768e-05
1673 -9.23644264879e-05
1674 -0.000107383049555
1675 -0.000119757322082
1676 -0.000129691465399
1677 -0.000137384097243
1678 -0.000143030717868
1679 -0.000146856762558
1680 -0.000149055194717
1681 -0.000149828692646
1682 -0.000149360609673
1683 -0.000147818427368
1684 -0.000145363458592
1685 -0.000142142557623
1686 -0.000138297022236
1687 -0.00013393218076
1688 -0.000129143628244
1689 -0.000124039427763
1690 -0.000118708915144
1691 -0.000113247360361
1692 -0.00010773443066
1693 -0.000102234501978
1694 -9.67918136809e-05
1695 -9.14400901242e-05
1696 -8.62172182354e-05
1697 -8.11491003977e-05
1698 -7.62645765458e-05
1699 -7.15814709979e-05
1700 0.000619368562126
1701 0.000613314244068
1702 0.000600895756595
1703 0.000582866292638
1704 0.000559768526481
1705 0.000531688545025
1706 0.000499678193743
1707 0.000463947866217
1708 0.000426165448551
1709 0.000386240043181
1710 0.000345060883175
1711 0.00030326554478
1712 0.000261605603794
1713 0.000220728903608
1714 0.000180957891222
1715 0.00014273716483
1716 0.00010651816674
1717 7.24577148018e-05
1718 4.08560886716e-05
1719 1.19225399818e-05
1720 -1.43591882159e-05
1721 -3.78763434381e-05
1722 -5.86313135978e-05
1723 -7.66481940035e-05
1724 -9.21313770232e-05
1725 -0.000105090725963
1726 -0.000115741838437
1727 -0.000124233816578
1728 -0.000130751235014
1729 -0.000135484792952
1730 -0.000138616010831
1731 -0.000140315500518
1732 -0.000140758338918
1733 -0.000140102777142
1734 -0.000138505313847
1735 -0.000136110805149
1736 -0.000133035622541
1737 -0.000129380508659
1738 -0.000125261333761
1739 -0.000120778664214
1740 -0.000116032825636
1741 -0.000111116324559
1742 -0.000106105342256
1743 -0.000101062457051
1744 -9.60266245576e-05
1745 -9.10398659599e-05
1746 -8.61462068821e-05
1747 -8.13759462387e-05
1748 -7.67557881609e-05
1749 -7.23040612042e-05
1750 0.000594622375744
1751 0.000589175694147
1752 0.000578012491851
1753 0.000561794566
1754 0.000540917441221
1755 0.000515461960003
1756 0.000486325565576
1757 0.000453649107089
1758 0.000418940504198
1759 0.000382046040014
1760 0.000343802360817
1761 0.000304774955326
1762 0.000265658419704
1763 0.000227078014485
1764 0.000189343310493
1765 0.000152875129519
1766 0.000118114071582
1767 8.52433475817e-05
1768 5.4569903174e-05
1769 2.63080612348e-05
1770 4.57578529509e-07
1771 -2.28474337668e-05
1772 -4.35803026596e-05
1773 -6.17565333814e-05
1774 -7.75594717859e-05
1775 -9.09870321626e-05
1776 -0.000102219505248
1777 -0.000111389316898
1778 -0.00011866481571
1779 -0.000124192785475
1780 -0.000128157974925
1781 -0.000130690296951
1782 -0.000131968512712
1783 -0.00013214123404
1784 -0.000131345437829
1785 -0.000129714325281
1786 -0.000127358819762
1787 -0.000124388782489
1788 -0.000120917135789
1789 -0.000117051413777
1790 -0.000112885463287
1791 -0.000108515701427
1792 -0.000104013050803
1793 -9.94279136964e-05
1794 -9.48059685882e-05
1795 -9.0198258267e-05
1796 -8.56506902777e-05
1797 -8.11950870106e-05
1798 -7.68561503721e-05
1799 -7.26504381277e-05
1800 0.000572726525784
1801 0.000567766372342
1802 0.000557610311257
1803 0.000542852020226
1804 0.000523767212366
1805 0.000500457519312
1806 0.000473698494267
1807 0.00044358221533
1808 0.000411490334485
1809 0.000377232696208
1810 0.000341590934387
1811 0.000305066075195
1812 0.000268286603573
1813 0.00023185818067
1814 0.000196068281327
1815 0.000161324845207
1816 0.000128042542317
1817 9.64134774997e-05
1818 6.67514834531e-05
1819 3.92637311245e-05
1820 1.39651412881e-05
1821 -9.00232994731e-06
1822 -2.95849631618e-05
1823 -4.77914755515e-05
1824 -6.37759486015e-05
1825 -7.75438477874e-05
1826 -8.92334805222e-05
1827 -9.89576470814e-05
1828 -0.000106875078104
1829 -0.000113086319059
1830 -0.000117774477178
1831 -0.000121056767507
1832 -0.000123097955726
1833 -0.000124031329063
1834 -0.000123970970034
1835 -0.000123044744385
1836 -0.00012136557905
1837 -0.000119048473052
1838 -0.000116207229332
1839 -0.000112948570615
1840 -0.000109355669824
1841 -0.000105525970674
1842 -0.000101520554343
1843 -9.73894346242e-05
1844 -9.31895609612e-05
1845 -8.89679104218e-05
1846 -8.47781509282e-05
1847 -8.06473671312e-05
1848 -7.65991536948e-05
1849 -7.26497588602e-05
1850 0.000552162331303
1851 0.000547618211561
1852 0.000538313738895
1853 0.000524785088632
1854 0.000507229808601
1855 0.0004857792958
1856 0.00046109282752
1857 0.000433227988463
1858 0.000403461524706
1859 0.000371581011687
1860 0.000338309438031
1861 0.000304093705569
1862 0.000269512847599
1863 0.000235136025016
1864 0.000201238547344
1865 0.000168194429254
1866 0.000136412559723
1867 0.000106073411373
1868 7.74736243818e-05
1869 5.08322595172e-05
1870 2.61850359965e-05
1871 3.66592522079e-06
1872 -1.66622403598e-05
1873 -3.47837250387e-05
1874 -5.08523482602e-05
1875 -6.48486515641e-05
1876 -7.68818041948e-05
1877 -8.70479641305e-05
1878 -9.54861980567e-05
1879 -0.000102275141242
1880 -0.000107586883739
1881 -0.00011153136975
1882 -0.00011424791599
1883 -0.000115852541583
1884 -0.000116457798042
1885 -0.000116182767029
1886 -0.000115133925746
1887 -0.000113439069171
1888 -0.000111208081924
1889 -0.000108537495379
1890 -0.000105509965869
1891 -0.000102202016011
1892 -9.86812496472e-05
1893 -9.50023314454e-05
1894 -9.12230639083e-05
1895 -8.73965782951e-05
1896 -8.35703304689e-05
1897 -7.9769865016e-05
1898 -7.6016848564e-05
1899 -7.23255097453e-05
1900 0.000532187769285
1901 0.00052802268127
1902 0.000519460228846
1903 0.000507005583305
1904 0.000490812893952
1905 0.00047101944065
1906 0.000448180081369
1907 0.00042234706076
1908 0.000394701742961
1909 0.000364999500788
1910 0.000333924930518
1911 0.000301884239377
1912 0.000269399475464
1913 0.000237003521452
1914 0.000204946951168
1915 0.000173596516499
1916 0.000143316575494
1917 0.000114281585618
1918 8.6802435016e-05
1919 6.1082849353e-05
1920 3.71667581093e-05
1921 1.51834612103e-05
1922 -4.80301167628e-06
1923 -2.27520821655e-05
1924 -3.88083104013e-05
1925 -5.2920867601e-05
1926 -6.51831776954e-05
1927 -7.56785630927e-05
1928 -8.45250191419e-05
1929 -9.18000387795e-05
1930 -9.76470083186e-05
1931 -0.000102166661282
1932 -0.000105462097635
1933 -0.000107662213271
1934 -0.000108869416765
1935 -0.00010919576756
1936 -0.000108747489166
1937 -0.000107650513429
1938 -0.000106002726272
1939 -0.000103897115572
1940 -0.000101406556683
1941 -9.86010204671e-05
1942 -9.55540223966e-05
1943 -9.23228291479e-05
1944 -8.89658718151e-05
1945 -8.55326502355e-05
1946 -8.20681767273e-05
1947 -7.85967987724e-05
1948 -7.51383001813e-05
1949 -7.17047121282e-05
1950 0.000512466053206
1951 0.000508641099355
1952 0.000500747850243
1953 0.000489245444661
1954 0.000474287585968
1955 0.000455998764397
1956 0.000434837000213
1957 0.000410879278714
1958 0.000385189130698
1959 0.000357526613012
1960 0.000328523307083
1961 0.00029854409574
1962 0.000268060929576
1963 0.000237576124974
1964 0.00020731330071
1965 0.000177611071353
1966 0.000148833870466
1967 0.000121139691598
1968 9.48245912621e-05
1969 7.00754274506e-05
1970 4.69497143922e-05
1971 2.55735492257e-05
1972 6.01864910253e-06
1973 -1.16653916405e-05
1974 -2.76014733392e-05
1975 -4.17210447202e-05
1976 -5.41180269205e-05
1977 -6.48435009902e-05
1978 -7.40030314849e-05
1979 -8.16759237562e-05
1980 -8.7968196596e-05
1981 -9.29728330109e-05
1982 -9.67773994476e-05
1983 -9.95123154494e-05
1984 -0.000101265142653
1985 -0.0001021515769
1986 -0.000102271736438
1987 -0.000101739719654
1988 -0.000100647044667
1989 -9.90750403714e-05
1990 -9.70923648978e-05
1991 -9.47727757994e-05
1992 -9.2188004674e-05
1993 -8.93983256277e-05
1994 -8.64586661988e-05
1995 -8.34134063113e-05
1996 -8.03072338904e-05
1997 -7.71595516363e-05
1998 -7.3989463523e-05
1999 -7.08117250495e-05
2000 0.000492804729109
2001 0.00048929180443
2002 0.000482009205217
2003 0.000471379498025
2004 0.000457568615863
2005 0.000440661748301
2006 0.000421066516552
2007 0.000398860980765
2008 0.000375000665581
2009 0.00034925312852
2010 0.000322206441518
2011 0.000294180043844
2012 0.000265601578345
2013 0.000236966353424
2014 0.000208461987069
2015 0.000180402224154
2016 0.000153130302187
2017 0.000126785659441
2018 0.000101654971896
2019 7.79121699964e-05
2020 5.56226834255e-05
2021 3.49109887179e-05
2022 1.58531931789e-05
2023 -1.48873593693e-06
2024 -1.72298888205e-05
2025 -3.12828147496e-05
2026 -4.37326637872e-05
2027 -5.46124323464e-05
2028 -6.40040527107e-05
2029 -7.198937234e-05
2030 -7.86369052963e-05
2031 -8.40434632197e-05
2032 -8.82973707456e-05
2033 -9.14995512049e-05
2034 -9.37447843932e-05
2035 -9.51439359415e-05
2036 -9.57877652383e-05
2037 -9.57804698006e-05
2038 -9.52038247814e-05
2039 -9.4126919905e-05
2040 -9.26241127935e-05
2041 -9.07675671657e-05
2042 -8.86317052894e-05
2043 -8.62717459918e-05
2044 -8.37373794514e-05
2045 -8.10734089613e-05
2046 -7.83151120355e-05
2047 -7.54821788029e-05
2048 -7.2593520844e-05
2049 -6.96727314183e-05
2050 0.000473262557929
2051 0.000470038200034
2052 0.000463309137751
2053 0.000453496033142
2054 0.000440744495002
2055 0.000425110851036
2056 0.000406969328394
2057 0.000386385289657
2058 0.000364228519
2059 0.000340285934089
2060 0.000315091476216
2061 0.000288938813556
2062 0.000262219831991
2063 0.000235367292442
2064 0.000208575484283
2065 0.000182123460422
2066 0.000156325424862
2067 0.000131317835236
2068 0.000107381026242
2069 8.46582099e-05
2070 6.32343342636e-05
2071 4.32240650591e-05
2072 2.47151722688e-05
2073 7.77180370826e-06
2074 -7.70277088886e-06
2075 -2.1620611502e-05
2076 -3.40413137816e-05
2077 -4.49952457222e-05
2078 -5.45421585072e-05
2079 -6.27494989096e-05
2080 -6.96805570671e-05
2081 -7.54195097119e-05
2082 -8.00551491843e-05
2083 -8.36722592044e-05
2084 -8.6362155625e-05
2085 -8.82298143494e-05
2086 -8.93599968847e-05
2087 -8.98343674498e-05
2088 -8.97284007813e-05
2089 -8.91141086021e-05
2090 -8.80672260926e-05
2091 -8.665602583e-05
2092 -8.49513742994e-05
2093 -8.3004133516e-05
2094 -8.08575311621e-05
2095 -7.85560147912e-05
2096 -7.61291021538e-05
2097 -7.35940215146e-05
2098 -7.0981286749e-05
2099 -6.83176875697e-05
2100 0.00045390665217
2101 0.000450939269239
2102 0.000444722947263
2103 0.000435677764821
2104 0.000423898935205
2105 0.000409451673401
2106 0.000392669457518
2107 0.000373611424731
2108 0.000353076381845
2109 0.000330849617337
2110 0.00030741723774
2111 0.00028304998662
2112 0.000258088117835
2113 0.000232953660111
2114 0.000207808611644
2115 0.000182902833662
2116 0.00015853942008
2117 0.000134843526549
2118 0.000112072773129
2119 9.0369653884e-05
2120 6.98221162951e-05
2121 5.05372118526e-05
2122 3.26150818106e-05
2123 1.61204828106e-05
2124 9.68765473781e-07
2125 -1.27473584275e-05
2126 -2.5069933231e-05
2127 -3.60254428589e-05
2128 -4.5650233001e-05
2129 -5.4010239924e-05
2130 -6.11651587006e-05
2131 -6.71748733989e-05
2132 -7.21364427767e-05
2133 -7.61209510934e-05
2134 -7.92078714929e-05
2135 -8.14952321174e-05
2136 -8.30538195191e-05
2137 -8.39563846096e-05
2138 -8.42826754613e-05
2139 -8.41004839579e-05
2140 -8.34839414795e-05
2141 -8.2497799287e-05
2142 -8.12004703375e-05
2143 -7.96391381443e-05
2144 -7.7860082257e-05
2145 -7.58972119367e-05
2146 -7.3781618522e-05
2147 -7.15354975527e-05
2148 -6.91922337774e-05
2149 -6.67844113136e-05
2150 0.000434922539992
2151 0.000432179092956
2152 0.000426454739768
2153 0.000418129682994
2154 0.00040725839958
2155 0.000393921579103
2156 0.000378410153008
2157 0.000360779807146
2158 0.000341765294459
2159 0.000321144030778
2160 0.000299369150979
2161 0.000276682912468
2162 0.000253387278914
2163 0.000229879544561
2164 0.000206297825694
2165 0.000182875970283
2166 0.000159895305245
2167 0.000137459501082
2168 0.000115828876353
2169 9.51366662587e-05
2170 7.54614119938e-05
2171 5.6918963533e-05
2172 3.96119873593e-05
2173 2.36039326804e-05
2174 8.81932199665e-06
2175 -4.64139460042e-06
2176 -1.68091812654e-05
2177 -2.7695404482e-05
2178 -3.73481666363e-05
2179 -4.57989698624e-05
2180 -5.31148851748e-05
2181 -5.93415875023e-05
2182 -6.45720850985e-05
2183 -6.88676888387e-05
2184 -7.23026699833e-05
2185 -7.49544221699e-05
2186 -7.68909244335e-05
2187 -7.81812367166e-05
2188 -7.89047829415e-05
2189 -7.91233656616e-05
2190 -7.89048783303e-05
2191 -7.83115095013e-05
2192 -7.73961542205e-05
2193 -7.6199346173e-05
2194 -7.47624862969e-05
2195 -7.31188585068e-05
2196 -7.12995633925e-05
2197 -6.93316193164e-05
2198 -6.72562009348e-05
2199 -6.5099420644e-05
2200 0.000416430597502
2201 0.000413885244425
2202 0.000408619609532
2203 0.000400956483789
2204 0.000390925518266
2205 0.000378629335663
2206 0.000364303103918
2207 0.000348003263482
2208 0.000330407078263
2209 0.000311285975249
2210 0.00029106629015
2211 0.000269954277365
2212 0.000248225913207
2213 0.000226254195871
2214 0.000204154033769
2215 0.000182145824748
2216 0.000160481763286
2217 0.000139263027174
2218 0.000118744336275
2219 9.90431552552e-05
2220 8.02436614202e-05
2221 6.24551159998e-05
2222 4.5778187226e-05
2223 3.02823221836e-05
2224 1.59026818419e-05
2225 2.74016589379e-06
2226 -9.21472537496e-06
2227 -1.99915119728e-05
2228 -2.96119987809e-05
2229 -3.80993126198e-05
2230 -4.55185614589e-05
2231 -5.19126605447e-05
2232 -5.73625712456e-05
2233 -6.1920104155e-05
2234 -6.56475006019e-05
2235 -6.86142907028e-05
2236 -7.0888256297e-05
2237 -7.25300103063e-05
2238 -7.3615412688e-05
2239 -7.42027480256e-05
2240 -7.43528274717e-05
2241 -7.41238169211e-05
2242 -7.35626899034e-05
2243 -7.27057564946e-05
2244 -7.1587604345e-05
2245 -7.02410678285e-05
2246 -6.87017043868e-05
2247 -6.70045200464e-05
2248 -6.51901850378e-05
2249 -6.32761712323e-05
2250 0.000398482528443
2251 0.000396128039356
2252 0.000391287950924
2253 0.000384228533863
2254 0.000374979009492
2255 0.000363647419561
2256 0.000350427775113
2257 0.000335360974099
2258 0.000319080249567
2259 0.000301357674179
2260 0.000282586180325
2261 0.000262947071852
2262 0.000242688714853
2263 0.000222157145593
2264 0.000201452841238
2265 0.000180780296869
2266 0.000160382114371
2267 0.000140339806413
2268 0.0001209039455
2269 0.000102176039735
2270 8.42443893667e-05
2271 6.72065489666e-05
2272 5.11680356795e-05
2273 3.62030755695e-05
2274 2.22663395961e-05
2275 9.44512381142e-06
2276 -2.27198127046e-06
2277 -1.28884987988e-05
2278 -2.24306259034e-05
2279 -3.09082238234e-05
2280 -3.83921059572e-05
2281 -4.49115040409e-05
2282 -5.05311996265e-05
2283 -5.52977993774e-05
2284 -5.9267964936e-05
2285 -6.2506368703e-05
2286 -6.50760550754e-05
2287 -6.70292050999e-05
2288 -6.84400528238e-05
2289 -6.93642091473e-05
2290 -6.98548158996e-05
2291 -6.99592620162e-05
2292 -6.97191963895e-05
2293 -6.9169752083e-05
2294 -6.83444549271e-05
2295 -6.72806112131e-05
2296 -6.60152200843e-05
2297 -6.45842264161e-05
2298 -6.3017957508e-05
2299 -6.13354349638e-05
2300 0.000381152888119
2301 0.000378979945438
2302 0.000374532014908
2303 0.00036801497266
2304 0.000359484847936
2305 0.000349042509019
2306 0.000336839108103
2307 0.000322911430143
2308 0.000307842046953
2309 0.00029141046554
2310 0.000273977085686
2311 0.000255705615204
2312 0.000236821147607
2313 0.000217638964027
2314 0.000198259515785
2315 0.000178860218716
2316 0.00015967461746
2317 0.000140770323941
2318 0.000122381679378
2319 0.000104601088764
2320 8.75177565386e-05
2321 7.12279001927e-05
2322 5.58402210711e-05
2323 4.14261388077e-05
2324 2.79488999006e-05
2325 1.54919611479e-05
2326 4.05429045482e-06
2327 -6.36605072251e-06
2328 -1.57882494014e-05
2329 -2.42285140006e-05
2330 -3.17299944222e-05
2331 -3.8327438525e-05
2332 -4.40697811958e-05
2333 -4.90008722206e-05
2334 -5.31726965897e-05
2335 -5.66442569804e-05
2336 -5.94727534142e-05
2337 -6.17079689995e-05
2338 -6.34149657976e-05
2339 -6.46438157917e-05
2340 -6.54379909779e-05
2341 -6.5837806283e-05
2342 -6.58866783204e-05
2343 -6.56165410356e-05
2344 -6.5060364679e-05
2345 -6.42647851411e-05
2346 -6.32643396106e-05
2347 -6.20849499822e-05
2348 -6.07504572198e-05
2349 -5.92910618515e-05
2350 0.000364425274196
2351 0.000362417549111
2352 0.000358325830021
2353 0.000352316788749
2354 0.000344445612054
2355 0.000334812186151
2356 0.000323542722647
2357 0.000310659928033
2358 0.000296711384219
2359 0.000281473054763
2360 0.000265285547625
2361 0.000248293346424
2362 0.000230700805597
2363 0.00021279914406
2364 0.0001946639553
2365 0.000176482102742
2366 0.000158437807021
2367 0.000140610404972
2368 0.00012322099189
2369 0.000106354534384
2370 9.01036212733e-05
2371 7.45599597879e-05
2372 5.98253723842e-05
2373 4.59755572064e-05
2374 3.29670204226e-05
2375 2.09014334728e-05
2376 9.77009238626e-06
2377 -4.19079634921e-07
2378 -9.68058042109e-06
2379 -1.80380212005e-05
2380 -2.55140714366e-05
2381 -3.21424853293e-05
2382 -3.79681825189e-05
2383 -4.30261093827e-05
2384 -4.73629713517e-05
2385 -5.10341956162e-05
2386 -5.40900749695e-05
2387 -5.6577408878e-05
2388 -5.85489617027e-05
2389 -6.00448291572e-05
2390 -6.1107433912e-05
2391 -6.17719691568e-05
2392 -6.20813722252e-05
2393 -6.2069341558e-05
2394 -6.17706444843e-05
2395 -6.12297636552e-05
2396 -6.04752255544e-05
2397 -5.95304018961e-05
2398 -5.84178668264e-05
2399 -5.71700100041e-05
2400 0.000348272971178
2401 0.000346426064015
2402 0.000342653498809
2403 0.000337120116762
2404 0.000329864215433
2405 0.000320972917008
2406 0.000310567362437
2407 0.000298652240808
2408 0.000285743936845
2409 0.000271622816778
2410 0.000256595744668
2411 0.000240800388961
2412 0.000224408621142
2413 0.000207691687553
2414 0.000190729341083
2415 0.000173664609822
2416 0.000156699467127
2417 0.000139895203984
2418 0.000123465888376
2419 0.000107487534798
2420 9.20513293355e-05
2421 7.72431859686e-05
2422 6.3164454729e-05
2423 4.98863319716e-05
2424 3.73680036187e-05
2425 2.57119446912e-05
2426 1.49115506272e-05
2427 4.97552496015e-06
2428 -4.10808006609e-06
2429 -1.23503698679e-05
2430 -1.97664833117e-05
2431 -2.6393291874e-05
2432 -3.22673056934e-05
2433 -3.74150206627e-05
2434 -4.18772247934e-05
2435 -4.57098700893e-05
2436 -4.89518422818e-05
2437 -5.16486284453e-05
2438 -5.38447091235e-05
2439 -5.55703358426e-05
2440 -5.68690549663e-05
2441 -5.77721269463e-05
2442 -5.83188791608e-05
2443 -5.85470940221e-05
2444 -5.84927995752e-05
2445 -5.8188982835e-05
2446 -5.76611842326e-05
2447 -5.69362370322e-05
2448 -5.60397477687e-05
2449 -5.49907586314e-05
2450 0.000332802337061
2451 0.00033110663345
2452 0.000327624411482
2453 0.000322526808343
2454 0.000315830429469
2455 0.000307617360095
2456 0.000297988573451
2457 0.000286964396538
2458 0.000275006922786
2459 0.000261904363416
2460 0.000247933849278
2461 0.00023323764308
2462 0.000217950381516
2463 0.000202336858572
2464 0.000186459160029
2465 0.000170465390674
2466 0.000154522440875
2467 0.000138698356334
2468 0.000123192594861
2469 0.000108075688484
2470 9.34363802966e-05
2471 7.93548423524e-05
2472 6.5927458678e-05
2473 5.32214537635e-05
2474 4.11993658404e-05
2475 2.99602682647e-05
2476 1.94982538457e-05
2477 9.82839753936e-06
2478 9.51818865777e-07
2479 -7.1433602094e-06
2480 -1.44740802142e-05
2481 -2.106905925e-05
2482 -2.6960562369e-05
2483 -3.21672381736e-05
2484 -3.67281308245e-05
2485 -4.06891874525e-05
2486 -4.40839773522e-05
2487 -4.69565008686e-05
2488 -4.93399354192e-05
2489 -5.12607613153e-05
2490 -5.27619245902e-05
2491 -5.38758775999e-05
2492 -5.46396573874e-05
2493 -5.50895665811e-05
2494 -5.52558498253e-05
2495 -5.51659822131e-05
2496 -5.48480572132e-05
2497 -5.43249124876e-05
2498 -5.36256244901e-05
2499 -5.2764505068e-05
