0 -3.89867915526e-05
1 -4.29896547769e-05
2 -4.52477562012e-05
3 -4.77836206411e-05
4 -5.17991664703e-05
5 -5.57637330794e-05
6 -5.94940252604e-05
7 -6.39218937453e-05
8 -6.90227744978e-05
9 -7.35826054761e-05
10 -7.78838009907e-05
11 -8.23472950535e-05
12 -8.59872929758e-05
13 -8.89432502023e-05
14 -9.13187686504e-05
15 -9.30426093545e-05
16 -9.42783662751e-05
17 -9.49187433243e-05
18 -9.50046688201e-05
19 -9.4608432916e-05
20 -9.37740477379e-05
21 -9.25716892097e-05
22 -9.1085446577e-05
23 -8.93618236454e-05
24 -8.74154586918e-05
25 -8.53736630895e-05
26 -8.32180948463e-05
27 -8.09872883205e-05
28 -7.86174857253e-05
29 -7.61204846657e-05
30 -7.35119929297e-05
31 -7.07957539155e-05
32 -6.79985082034e-05
33 -6.51407142673e-05
34 -6.22889369966e-05
35 -5.94332098824e-05
36 -5.65924863941e-05
37 -5.38570815491e-05
38 -5.13022551455e-05
39 -4.89684078765e-05
40 -4.68625697648e-05
41 -4.49835310786e-05
42 -4.32810563945e-05
43 -4.17153747607e-05
44 -4.02416550459e-05
45 -3.88526209597e-05
46 -3.75577497077e-05
47 -3.63374228201e-05
48 -3.51534907009e-05
49 -3.39495767674e-05
50 -2.95162553414e-05
51 -3.32487756924e-05
52 -3.53656179892e-05
53 -3.84952407821e-05
54 -4.30877366206e-05
55 -4.72581699259e-05
56 -5.16637133074e-05
57 -5.68316374084e-05
58 -6.25465640912e-05
59 -6.77935870112e-05
60 -7.27644782668e-05
61 -7.78480489232e-05
62 -8.20939014223e-05
63 -8.56210036253e-05
64 -8.85108612467e-05
65 -9.06976743897e-05
66 -9.23428876381e-05
67 -9.33432739172e-05
68 -9.37326751662e-05
69 -9.35919694033e-05
70 -9.29697150701e-05
71 -9.19472420968e-05
72 -9.06048677739e-05
73 -8.90076220934e-05
74 -8.71474411105e-05
75 -8.51251634157e-05
76 -8.29670980618e-05
77 -8.07294926605e-05
78 -7.83548819572e-05
79 -7.58633302026e-05
80 -7.32665563175e-05
81 -7.05719545076e-05
82 -6.7808684901e-05
83 -6.49820042272e-05
84 -6.21415137761e-05
85 -5.9310254318e-05
86 -5.65206109649e-05
87 -5.38420658947e-05
88 -5.13215031313e-05
89 -4.9002674638e-05
90 -4.68895984692e-05
91 -4.49883073365e-05
92 -4.32679696521e-05
93 -4.16880129208e-05
94 -4.02169161239e-05
95 -3.88343079772e-05
96 -3.75316768061e-05
97 -3.62957114075e-05
98 -3.50917054499e-05
99 -3.38745023087e-05
100 1.62864514487e-06
101 -2.88098258477e-06
102 -5.6072708259e-06
103 -9.79206653153e-06
104 -1.58669507252e-05
105 -2.14839001047e-05
106 -2.75360636525e-05
107 -3.46627591907e-05
108 -4.25433357557e-05
109 -4.99078025084e-05
110 -5.69880925961e-05
111 -6.4285849234e-05
112 -7.05189858157e-05
113 -7.5856479362e-05
114 -8.03828902684e-05
115 -8.40145413907e-05
116 -8.6960881691e-05
117 -8.907730731e-05
118 -9.03924346186e-05
119 -9.10271542703e-05
120 -9.10772164306e-05
121 -9.06024828246e-05
122 -8.96707148195e-05
123 -8.83720979724e-05
124 -8.67217480454e-05
125 -8.48250537221e-05
126 -8.27131477759e-05
127 -8.04729402232e-05
128 -7.80953987252e-05
129 -7.5616815958e-05
130 -7.30554963806e-05
131 -7.04194512332e-05
132 -6.7720403028e-05
133 -6.49529190574e-05
134 -6.21647577811e-05
135 -5.93945175237e-05
136 -5.66860798778e-05
137 -5.40972052562e-05
138 -5.1635423023e-05
139 -4.93182193567e-05
140 -4.71633070538e-05
141 -4.51946980962e-05
142 -4.34056233122e-05
143 -4.17837234785e-05
144 -4.02961900601e-05
145 -3.89057419417e-05
146 -3.75786663116e-05
147 -3.62978587052e-05
148 -3.50478808547e-05
149 -3.37965265775e-05
150 5.11278042584e-05
151 4.58438104908e-05
152 4.24131969772e-05
153 3.67200261051e-05
154 2.85775585694e-05
155 2.09561955185e-05
156 1.24292184558e-05
157 2.3305432248e-06
158 -8.85914146671e-06
159 -1.95780919928e-05
160 -3.00834487193e-05
161 -4.10204527505e-05
162 -5.05981210815e-05
163 -5.90299190262e-05
164 -6.63685035145e-05
165 -7.24874343637e-05
166 -7.76710899161e-05
167 -8.17130561965e-05
168 -8.46281790308e-05
169 -8.65927947845e-05
170 -8.77704341919e-05
171 -8.8197874881e-05
172 -8.79462984097e-05
173 -8.7150985315e-05
174 -8.5859866035e-05
175 -8.42014328211e-05
176 -8.22447206722e-05
177 -8.00805674499e-05
178 -7.77283072656e-05
179 -7.52815532948e-05
180 -7.27765183529e-05
181 -7.02055921603e-05
182 -6.75813441251e-05
183 -6.49051581108e-05
184 -6.22313948872e-05
185 -5.95750925137e-05
186 -5.69665977053e-05
187 -5.44666600499e-05
188 -5.20724090913e-05
189 -4.97667437788e-05
190 -4.7561390852e-05
191 -4.55110436714e-05
192 -4.36386356945e-05
193 -4.1954174628e-05
194 -4.0424118161e-05
195 -3.89996162146e-05
196 -3.76335393631e-05
197 -3.62953901878e-05
198 -3.49843471089e-05
199 -3.36877131762e-05
200 0.000116051649659
201 0.00011066522591
202 0.000106832404387
203 9.97459407592e-05
204 8.97007752612e-05
205 8.01470142602e-05
206 6.88626897334e-05
207 5.53128026773e-05
208 4.01898404264e-05
209 2.52008676194e-05
210 1.01330811779e-05
211 -5.78723740343e-06
212 -2.0134181084e-05
213 -3.31241355071e-05
214 -4.46928625432e-05
215 -5.46272187602e-05
216 -6.32622684465e-05
217 -7.02797420289e-05
218 -7.56598812144e-05
219 -7.96526143944e-05
220 -8.25258725311e-05
221 -8.42998871378e-05
222 -8.50765034993e-05
223 -8.50690697033e-05
224 -8.43677639869e-05
225 -8.31196174485e-05
226 -8.14483535865e-05
227 -7.94863780813e-05
228 -7.72699441386e-05
229 -7.48934071965e-05
230 -7.24410049553e-05
231 -6.99431865264e-05
232 -6.74177964297e-05
233 -6.48746527965e-05
234 -6.23490174883e-05
235 -5.98410238185e-05
236 -5.73517215514e-05
237 -5.49260822117e-05
238 -5.25772493666e-05
239 -5.02901121271e-05
240 -4.80513376531e-05
241 -4.59284337569e-05
242 -4.397361659e-05
243 -4.22031777526e-05
244 -4.05968746904e-05
245 -3.91047507272e-05
246 -3.76780911353e-05
247 -3.62804885926e-05
248 -3.49051351161e-05
249 -3.35630053736e-05
250 0.000185951553609
251 0.000181937717842
252 0.000178598187999
253 0.000171582724998
254 0.000161362126764
255 0.00015135746747
256 0.000138552524597
257 0.000122668660037
258 0.000104510699682
259 8.54806150961e-05
260 6.55390594754e-05
261 4.39049378938e-05
262 2.36281308737e-05
263 4.61218777636e-06
264 -1.2754276145e-05
265 -2.81076173121e-05
266 -4.17546353902e-05
267 -5.31246530504e-05
268 -6.21588622889e-05
269 -6.91537148433e-05
270 -7.454707422e-05
271 -7.83278707829e-05
272 -8.06394254083e-05
273 -8.18170570994e-05
274 -8.20369186904e-05
275 -8.14695786011e-05
276 -8.02933690739e-05
277 -7.86799672981e-05
278 -7.67102752061e-05
279 -7.44987423436e-05
280 -7.21395383155e-05
281 -6.97314333169e-05
282 -6.73345857424e-05
283 -6.49377462392e-05
284 -6.25705484775e-05
285 -6.02083555099e-05
286 -5.78396177256e-05
287 -5.54816152808e-05
288 -5.31558606767e-05
289 -5.08754782725e-05
290 -4.86315215944e-05
291 -4.64618995788e-05
292 -4.44221657555e-05
293 -4.25476681295e-05
294 -4.08281084481e-05
295 -3.92360022717e-05
296 -3.77256365633e-05
297 -3.62642643605e-05
298 -3.48361738279e-05
299 -3.34564291175e-05
300 0.000234321676453
301 0.000233273092328
302 0.000232274695632
303 0.000228214504229
304 0.000222172367392
305 0.000215624062338
306 0.000205571445052
307 0.000191820871883
308 0.000174810368889
309 0.000155142769202
310 0.000132900863009
311 0.000107125961933
312 8.13409867795e-05
313 5.59054884728e-05
314 3.16361398015e-05
315 9.47507097771e-06
316 -1.08170819125e-05
317 -2.82241626462e-05
318 -4.24156446253e-05
319 -5.37621753108e-05
320 -6.28117043298e-05
321 -6.95335628098e-05
322 -7.41073140734e-05
323 -7.70423216524e-05
324 -7.86310271439e-05
325 -7.90957222869e-05
326 -7.8691512077e-05
327 -7.76230479952e-05
328 -7.60411429554e-05
329 -7.41078549562e-05
330 -7.19558527553e-05
331 -6.96884582276e-05
332 -6.74093112653e-05
333 -6.51508491456e-05
334 -6.29151779724e-05
335 -6.06754409027e-05
336 -5.84044051011e-05
337 -5.61150861213e-05
338 -5.38091448651e-05
339 -5.15283202747e-05
340 -4.92884606971e-05
341 -4.70972667987e-05
342 -4.49802377885e-05
343 -4.29898149163e-05
344 -4.11380355274e-05
345 -3.94193219464e-05
346 -3.78111080348e-05
347 -3.62815423518e-05
348 -3.4816670384e-05
349 -3.34116494719e-05
350 0.000234470684807
351 0.000236818709068
352 0.000238433329194
353 0.000239652674304
354 0.000240617303489
355 0.000240619590776
356 0.000237902776114
357 0.00023191376658
358 0.000222421786902
359 0.00020888643729
360 0.000190517464564
361 0.000166210282672
362 0.000139485068491
363 0.000110738738049
364 8.15391062605e-05
365 5.30227081477e-05
366 2.62048444744e-05
367 2.26693457127e-06
368 -1.77759574854e-05
369 -3.42470313012e-05
370 -4.78210287265e-05
371 -5.81706587133e-05
372 -6.55643521929e-05
373 -7.06908155352e-05
374 -7.40189556707e-05
375 -7.57732501763e-05
376 -7.63351176933e-05
377 -7.59810567103e-05
378 -7.4928002426e-05
379 -7.33853924995e-05
380 -7.15326901976e-05
381 -6.94897506871e-05
382 -6.73642418628e-05
383 -6.522393736e-05
384 -6.31025641195e-05
385 -6.09599807626e-05
386 -5.87688548964e-05
387 -5.65403834357e-05
388 -5.42916375117e-05
389 -5.2031093401e-05
390 -4.97870818214e-05
391 -4.75892756913e-05
392 -4.54248131691e-05
393 -4.33327817278e-05
394 -4.13580228169e-05
395 -3.95155403451e-05
396 -3.78068109794e-05
397 -3.62171242104e-05
398 -3.47280713999e-05
399 -3.33168047736e-05
400 0.000204237996593
401 0.000209139553774
402 0.000211902162923
403 0.000217596901418
404 0.000225424820158
405 0.000231248507
406 0.000236896778555
407 0.000241431741797
408 0.000243324426276
409 0.000240590740202
410 0.000232132816714
411 0.000216234532933
412 0.000194498010096
413 0.000167204309467
414 0.000136453845992
415 0.000103847563045
416 7.0945239254e-05
417 4.03608231375e-05
418 1.36475687688e-05
419 -8.9710053249e-06
420 -2.81865015851e-05
421 -4.32157462903e-05
422 -5.43112489455e-05
423 -6.2328111384e-05
424 -6.79291834961e-05
425 -7.13838869911e-05
426 -7.32252600192e-05
427 -7.38321255953e-05
428 -7.35100999677e-05
429 -7.25107829042e-05
430 -7.10497291926e-05
431 -6.92946572699e-05
432 -6.73588494113e-05
433 -6.53333569982e-05
434 -6.32949382879e-05
435 -6.12271414918e-05
436 -5.91055997976e-05
437 -5.69444156281e-05
438 -5.47489491415e-05
439 -5.25211291928e-05
440 -5.02763019832e-05
441 -4.8050800961e-05
442 -4.58389033644e-05
443 -4.36590986082e-05
444 -4.1563957268e-05
445 -3.96014911933e-05
446 -3.77967692192e-05
447 -3.6152372933e-05
448 -3.46417555908e-05
449 -3.32225939294e-05
450 0.000156102868792
451 0.000160247962128
452 0.000163339624075
453 0.000170491765446
454 0.000181269508886
455 0.000190817695269
456 0.000203011254039
457 0.000216999490506
458 0.000230710495763
459 0.000241577058964
460 0.000247890797019
461 0.000247691693915
462 0.000238626710944
463 0.000220381831188
464 0.000194263192385
465 0.000161919407952
466 0.000125509252487
467 8.89344327574e-05
468 5.49985416905e-05
469 2.49405471605e-05
470 -1.39019622722e-06
471 -2.26572391502e-05
472 -3.87800989825e-05
473 -5.08226769541e-05
474 -5.95814526298e-05
475 -6.54335315797e-05
476 -6.90747358957e-05
477 -7.10201739156e-05
478 -7.1710208613e-05
479 -7.14562699273e-05
480 -7.05192156081e-05
481 -6.91217903116e-05
482 -6.74232928118e-05
483 -6.552634993e-05
484 -6.35511156332e-05
485 -6.15435271219e-05
486 -5.94886977691e-05
487 -5.73958085972e-05
488 -5.52563627298e-05
489 -5.30603636362e-05
490 -5.0804123885e-05
491 -4.85355841951e-05
492 -4.62712658419e-05
493 -4.40152353423e-05
494 -4.18115704843e-05
495 -3.97381840969e-05
496 -3.78424456217e-05
497 -3.61388301359e-05
498 -3.45939615918e-05
499 -3.31537855444e-05
500 0.000118660449118
501 0.000119668972689
502 0.000121113453178
503 0.00012517202601
504 0.000131865691447
505 0.00013947551408
506 0.000150924294269
507 0.000166625224224
508 0.000185321151349
509 0.000205623236888
510 0.000225631126718
511 0.000243571722989
512 0.000253621582588
513 0.000253293583264
514 0.000241241621194
515 0.00021763020592
516 0.000184391058721
517 0.000145724934028
518 0.00010598148942
519 6.83780111875e-05
520 3.38398303051e-05
521 4.86350503791e-06
522 -1.78083077835e-05
523 -3.52388958004e-05
524 -4.82961420529e-05
525 -5.74253175408e-05
526 -6.35334751472e-05
527 -6.72897954212e-05
528 -6.93218483899e-05
529 -7.00452072791e-05
530 -6.97895295625e-05
531 -6.88462086047e-05
532 -6.74393893618e-05
533 -6.57238078206e-05
534 -6.38335561622e-05
535 -6.18786709762e-05
536 -5.98859468006e-05
537 -5.78492705647e-05
538 -5.57547836622e-05
539 -5.3581296878e-05
540 -5.1316776931e-05
541 -4.90030177922e-05
542 -4.66813563189e-05
543 -4.43702195597e-05
544 -4.20898728851e-05
545 -3.99272860995e-05
546 -3.79480797725e-05
547 -3.61721306653e-05
548 -3.45745072115e-05
549 -3.30982955583e-05
550 0.000119618395752
551 0.000117309385834
552 0.000115720212199
553 0.000114253008114
554 0.000112883779302
555 0.0001132101443
556 0.000116303754823
557 0.000123294142148
558 0.000135021648476
559 0.000152308439708
560 0.000174902277421
561 0.000202403617767
562 0.000228822950476
563 0.000249674170376
564 0.00025976925888
565 0.000255393570881
566 0.000235956414156
567 0.000203662067909
568 0.000163393126829
569 0.000120608216436
570 7.81363159274e-05
571 4.05141201841e-05
572 9.79322558716e-06
573 -1.45618872645e-05
574 -3.32861778618e-05
575 -4.6783071308e-05
576 -5.61748307239e-05
577 -6.2334028514e-05
578 -6.61197985894e-05
579 -6.80948175117e-05
580 -6.87241129295e-05
581 -6.83747430087e-05
582 -6.73494520209e-05
583 -6.58805166157e-05
584 -6.41408421974e-05
585 -6.22438272288e-05
586 -6.02917726755e-05
587 -5.82926778072e-05
588 -5.6223985216e-05
589 -5.40623713397e-05
590 -5.17932196344e-05
591 -4.94467221775e-05
592 -4.70746309902e-05
593 -4.47258441475e-05
594 -4.24095627701e-05
595 -4.01818991514e-05
596 -3.81200619135e-05
597 -3.62583685551e-05
598 -3.458827586e-05
599 -3.30677268032e-05
600 0.000157817913676
601 0.000153275524097
602 0.000149175212434
603 0.000143190237115
604 0.000135226520551
605 0.000128221844491
606 0.000121892536027
607 0.000116933241374
608 0.000115285000528
609 0.000119223017977
610 0.000130460086086
611 0.000150956658361
612 0.000178684492806
613 0.000210413890416
614 0.000239755590362
615 0.000259116368587
616 0.00026315218544
617 0.000248308002132
618 0.000217215178948
619 0.000175617455399
620 0.000128640909434
621 8.32408148544e-05
622 4.39227621601e-05
623 1.15053682509e-05
624 -1.41201430096e-05
625 -3.3087458385e-05
626 -4.66640886581e-05
627 -5.58668149393e-05
628 -6.18790238431e-05
629 -6.54290283262e-05
630 -6.71644216614e-05
631 -6.75836550031e-05
632 -6.70672947606e-05
633 -6.59227470371e-05
634 -6.43846687728e-05
635 -6.2586931579e-05
636 -6.0653553134e-05
637 -5.86690777135e-05
638 -5.66090498673e-05
639 -5.44534111958e-05
640 -5.21848027109e-05
641 -4.9829930132e-05
642 -4.74329455971e-05
643 -4.50626151376e-05
644 -4.27364039763e-05
645 -4.04688226317e-05
646 -3.83288210333e-05
647 -3.63778327834e-05
648 -3.46282497555e-05
649 -3.30592673112e-05
650 0.000217376246875
651 0.000211089730017
652 0.000205144175866
653 0.000195929528321
654 0.000183643604032
655 0.000171485785136
656 0.000158474900971
657 0.000144546837788
658 0.000131528482223
659 0.000121975420659
660 0.000117780609871
661 0.000121762859123
662 0.000136239708775
663 0.000161715121865
664 0.00019523584972
665 0.0002299445147
666 0.000257109138512
667 0.000266921443483
668 0.000255282757198
669 0.000224477276654
670 0.0001798353045
671 0.000130312467948
672 8.34763218457e-05
673 4.2721701405e-05
674 9.27256200345e-06
675 -1.61634823776e-05
676 -3.47937188661e-05
677 -4.7731447477e-05
678 -5.64582896213e-05
679 -6.19453507888e-05
680 -6.50371907396e-05
681 -6.64001850577e-05
682 -6.65282330788e-05
683 -6.57958749756e-05
684 -6.45016477527e-05
685 -6.28404222884e-05
686 -6.09408891203e-05
687 -5.89460346209e-05
688 -5.68870903973e-05
689 -5.47327227317e-05
690 -5.24733050483e-05
691 -5.01353368475e-05
692 -4.7745959129e-05
693 -4.53682154342e-05
694 -4.30329775393e-05
695 -4.07408884524e-05
696 -3.85326072175e-05
697 -3.64995856489e-05
698 -3.46757638524e-05
699 -3.30545855223e-05
700 0.000291775781825
701 0.000283682151237
702 0.000275883434474
703 0.000263849647384
704 0.000247614859322
705 0.000231244610312
706 0.000213118049363
707 0.000192545123629
708 0.00017130489408
709 0.000151842993892
710 0.000135060125541
711 0.000123008728676
712 0.000119991996636
713 0.000128921876451
714 0.000151284076855
715 0.000185564108544
716 0.000224449312724
717 0.000256262470995
718 0.000269412296648
719 0.000258744568713
720 0.000225559637802
721 0.000178307217853
722 0.000126997200937
723 7.87364607828e-05
724 3.70804927383e-05
725 4.3492042278e-06
726 -2.02087039227e-05
727 -3.76510573248e-05
728 -4.96861082578e-05
729 -5.7527508739e-05
730 -6.22803630496e-05
731 -6.478089465e-05
732 -6.56874608728e-05
733 -6.54593602746e-05
734 -6.44617677187e-05
735 -6.29635314747e-05
736 -6.11337258928e-05
737 -5.91288595321e-05
738 -5.7063651337e-05
739 -5.49194145348e-05
740 -5.2685058119e-05
741 -5.0381900931e-05
742 -4.80239593743e-05
743 -4.56484457481e-05
744 -4.32997901193e-05
745 -4.09901332023e-05
746 -3.8737671768e-05
747 -3.66391133723e-05
748 -3.47466578781e-05
749 -3.30683918411e-05
750 0.000382618996468
751 0.000372128917547
752 0.000362224153119
753 0.000346628851877
754 0.000325807880361
755 0.000304768215168
756 0.000281377138042
757 0.000254704244763
758 0.00022649445303
759 0.000199344704978
760 0.000173152635176
761 0.00014873351054
762 0.000130567440209
763 0.000121499854569
764 0.000125436508842
765 0.000145630079103
766 0.000180685931955
767 0.000222702616756
768 0.000257448253488
769 0.000271801781681
770 0.000259276076528
771 0.000222732357329
772 0.000172432563037
773 0.000119116826143
774 6.96156928825e-05
775 2.89982851934e-05
776 -2.39185935559e-06
777 -2.52060725081e-05
778 -4.12788338457e-05
779 -5.19923119622e-05
780 -5.8758239216e-05
781 -6.26441421594e-05
782 -6.4481933315e-05
783 -6.48676458143e-05
784 -6.42404405929e-05
785 -6.29464664532e-05
786 -6.12241276883e-05
787 -5.92450031329e-05
788 -5.71751533657e-05
789 -5.50562038526e-05
790 -5.28586839186e-05
791 -5.05995577549e-05
792 -4.82774085085e-05
793 -4.59098708406e-05
794 -4.35441180733e-05
795 -4.12213802444e-05
796 -3.89462106638e-05
797 -3.67917038372e-05
798 -3.48361017453e-05
799 -3.31052437673e-05
800 0.000494557408417
801 0.00048110041745
802 0.00046812834863
803 0.000447835518636
804 0.000420865224459
805 0.000393596660562
806 0.000363534925463
807 0.00032969781512
808 0.000293979160408
809 0.000259389768345
810 0.000225194036556
811 0.00019129721193
812 0.000161754745237
813 0.000138029346235
814 0.000123826329589
815 0.000124113158576
816 0.00014290489896
817 0.000179640895109
818 0.000224462601581
819 0.000260947502849
820 0.000274383914953
821 0.000257447079459
822 0.000215866810896
823 0.00016201327404
824 0.00010646039824
825 5.79193485352e-05
826 1.89726725399e-05
827 -1.00868677963e-05
828 -3.09525344116e-05
829 -4.51436304442e-05
830 -5.43431062344e-05
831 -5.98909518553e-05
832 -6.2838944328e-05
833 -6.39612847306e-05
834 -6.37979344407e-05
835 -6.27720786753e-05
836 -6.1201102228e-05
837 -5.93014997282e-05
838 -5.72498919223e-05
839 -5.51627447229e-05
840 -5.30088942238e-05
841 -5.07912956005e-05
842 -4.84995409996e-05
843 -4.61485688695e-05
844 -4.37757931945e-05
845 -4.14445058943e-05
846 -3.9161548783e-05
847 -3.69684433196e-05
848 -3.49604556698e-05
849 -3.31853824324e-05
850 0.000637328887868
851 0.000619786681881
852 0.000602158073551
853 0.000575165063516
854 0.000539482816755
855 0.000503416013248
856 0.000464050106816
857 0.00042059599235
858 0.000375285534578
859 0.000331648692648
860 0.00028876610728
861 0.000246082973318
862 0.00020725781406
863 0.00017251192142
864 0.000144134746374
865 0.000125988235884
866 0.000123655927332
867 0.000142727269233
868 0.000181998548505
869 0.000229587384297
870 0.000267143427223
871 0.000276075118701
872 0.000252029014669
873 0.000204432272174
874 0.000146442311114
875 9.09549587906e-05
876 4.41284034962e-05
877 8.04882531874e-06
878 -1.8413662706e-05
879 -3.67428192626e-05
880 -4.88552907631e-05
881 -5.63982903505e-05
882 -6.06899418899e-05
883 -6.27008109278e-05
884 -6.3117806046e-05
885 -6.2449721468e-05
886 -6.10923729033e-05
887 -5.93237206223e-05
888 -5.7326594103e-05
889 -5.52640035067e-05
890 -5.31482991243e-05
891 -5.09632520091e-05
892 -4.87022469187e-05
893 -4.63782954031e-05
894 -4.40130086682e-05
895 -4.16750635743e-05
896 -3.93905660959e-05
897 -3.71811266284e-05
898 -3.5133733403e-05
899 -3.33144206713e-05
900 0.000817771251324
901 0.00079454313855
902 0.000770318415765
903 0.000733719780718
904 0.0006858941767
905 0.000637609013684
906 0.00058541890406
907 0.000528861841471
908 0.000470754629108
909 0.000415448967451
910 0.000361952197706
911 0.000309402602222
912 0.000261497818334
913 0.000217688515252
914 0.000178864194369
915 0.000147150214666
916 0.000126574919388
917 0.000124454901871
918 0.000146258547854
919 0.000189519744553
920 0.000240341938638
921 0.000274332161736
922 0.000274460919257
923 0.000241119654149
924 0.000186379071911
925 0.000126575438621
926 7.24140519234e-05
927 2.89591346003e-05
928 -3.70328100068e-06
929 -2.67728591931e-05
930 -4.22716561334e-05
931 -5.21406399263e-05
932 -5.80117102091e-05
933 -6.1070810933e-05
934 -6.21833961552e-05
935 -6.19683429431e-05
936 -6.08867326065e-05
937 -5.92866470865e-05
938 -5.7380816018e-05
939 -5.53363290986e-05
940 -5.32473256597e-05
941 -5.10910450317e-05
942 -4.88667382959e-05
943 -4.65748449555e-05
944 -4.42300359976e-05
945 -4.18924104553e-05
946 -3.96139562608e-05
947 -3.74095070527e-05
948 -3.533328947e-05
949 -3.34644515903e-05
950 0.00104988631357
951 0.00101879032798
952 0.000984817310724
953 0.000934247272488
954 0.000869380731483
955 0.0008036880562
956 0.000733732813105
957 0.00065908439766
958 0.000583933695497
959 0.000513299643886
960 0.000446040523512
961 0.000381236802582
962 0.000322799666039
963 0.000269664122896
964 0.000221805419229
965 0.000179878527974
966 0.00014591524344
967 0.000125699746435
968 0.000126780093661
969 0.000154363713454
970 0.000204088131623
971 0.000254666369257
972 0.000279996388188
973 0.0002675279211
974 0.000222725326106
975 0.000162716384631
976 0.000102879252497
977 5.22251700088e-05
978 1.29910079627e-05
979 -1.52934178174e-05
980 -3.4618051431e-05
981 -4.71486782244e-05
982 -5.48217686749e-05
983 -5.90989997312e-05
984 -6.10177072301e-05
985 -6.13418327251e-05
986 -6.05924061402e-05
987 -5.91850451582e-05
988 -5.73878987896e-05
989 -5.53739395283e-05
990 -5.33029548514e-05
991 -5.11820783264e-05
992 -4.89948832733e-05
993 -4.67384246371e-05
994 -4.4425838091e-05
995 -4.21031708143e-05
996 -3.98387431605e-05
997 -3.76460479863e-05
998 -3.55432401137e-05
999 -3.36162220913e-05
1000 0.00135093127557
1001 0.00130855038494
1002 0.00126013230614
1003 0.00118975851692
1004 0.00110026209948
1005 0.00101010511124
1006 0.00091550450405
1007 0.000816333794551
1008 0.000718226807407
1009 0.00062744920799
1010 0.000542508787567
1011 0.000462326416564
1012 0.000391065257187
1013 0.000327264131893
1014 0.000270118582363
1015 0.000219249254194
1016 0.000175149160939
1017 0.000141351285691
1018 0.000124174165702
1019 0.00013190129539
1020 0.000169017461318
1021 0.000223958084628
1022 0.000269509308978
1023 0.000281067962096
1024 0.000252603235445
1025 0.000197498533882
1026 0.000134579895016
1027 7.74686631483e-05
1028 3.15459205678e-05
1029 -2.34179320016e-06
1030 -2.59051435429e-05
1031 -4.14338253635e-05
1032 -5.11529511297e-05
1033 -5.68152983913e-05
1034 -5.96446990646e-05
1035 -6.05719874354e-05
1036 -6.02007107316e-05
1037 -5.90082685549e-05
1038 -5.733563871e-05
1039 -5.5380947876e-05
1040 -5.33272097782e-05
1041 -5.12428773669e-05
1042 -4.90926268391e-05
1043 -4.68809081641e-05
1044 -4.46110285164e-05
1045 -4.23179341721e-05
1046 -4.00631135002e-05
1047 -3.78725495941e-05
1048 -3.5741632061e-05
1049 -3.37559563156e-05
1050 0.00175010026458
1051 0.00169046528862
1052 0.00161996655464
1053 0.00152054631301
1054 0.00139492523914
1055 0.00126974400864
1056 0.00114071060316
1057 0.00100757676346
1058 0.000878927921654
1059 0.0007616293357
1060 0.000653817374716
1061 0.00055420123625
1062 0.000467147943337
1063 0.000390365033793
1064 0.000322685251242
1065 0.00026273571121
1066 0.000209966654371
1067 0.000165889839328
1068 0.000134646429892
1069 0.000123902779954
1070 0.000142765628814
1071 0.000190763116798
1072 0.00024727326143
1073 0.000281241137832
1074 0.000273477993945
1075 0.000228588893103
1076 0.000166032847511
1077 0.000103907855003
1078 5.15403916713e-05
1079 1.18521835492e-05
1080 -1.62705467187e-05
1081 -3.50860396719e-05
1082 -4.7063891274e-05
1083 -5.42445915771e-05
1084 -5.80758813336e-05
1085 -5.96541379066e-05
1086 -5.97027902466e-05
1087 -5.87609031791e-05
1088 -5.72344991687e-05
1089 -5.53643371296e-05
1090 -5.33339879046e-05
1091 -5.12828284602e-05
1092 -4.91751966793e-05
1093 -4.70120913532e-05
1094 -4.47899993248e-05
1095 -4.25266252656e-05
1096 -4.02728887462e-05
1097 -3.80723094106e-05
1098 -3.59172095429e-05
1099 -3.38779843435e-05
1100 0.00229009986242
1101 0.00220395090895
1102 0.00209979749003
1103 0.00195539238624
1104 0.00177633940322
1105 0.00160016897174
1106 0.00142185088678
1107 0.00124196740638
1108 0.00107214457894
1109 0.000920083233205
1110 0.000782834413164
1111 0.000658733812178
1112 0.000552179754558
1113 0.000459809253649
1114 0.000379652793206
1115 0.00030967464619
1116 0.000248346057747
1117 0.000195739287943
1118 0.000153788401148
1119 0.000128021635752
1120 0.000127991406995
1121 0.000161545201956
1122 0.000218848406391
1123 0.000269809055933
1124 0.000284292285158
1125 0.000254359869166
1126 0.000196043598562
1127 0.000130888249932
1128 7.26480040265e-05
1129 2.71136022501e-05
1130 -5.79124905558e-06
1131 -2.81431547026e-05
1132 -4.257799656e-05
1133 -5.13978975868e-05
1134 -5.63160555611e-05
1135 -5.85983481382e-05
1136 -5.91095842141e-05
1137 -5.84497150266e-05
1138 -5.70878989825e-05
1139 -5.53174586685e-05
1140 -5.33271873612e-05
1141 -5.13105058589e-05
1142 -4.92520639678e-05
1143 -4.71424506967e-05
1144 -4.49598007115e-05
1145 -4.27181322603e-05
1146 -4.0456243761e-05
1147 -3.82381264693e-05
1148 -3.60638793964e-05
1149 -3.3982426801e-05
1150 0.00303820765274
1151 0.0029097683317
1152 0.00275145475608
1153 0.00253581396789
1154 0.00227573816031
1155 0.00202346317401
1156 0.00177411339211
1157 0.00152940911872
1158 0.0013040368716
1159 0.00110641302928
1160 0.000931645680205
1161 0.000777123402932
1162 0.000646621135244
1163 0.000535497474705
1164 0.000440789688067
1165 0.000359411815294
1166 0.000288959008806
1167 0.000228464453471
1168 0.000177941324
1169 0.000140723263132
1170 0.000124358809642
1171 0.000140556629334
1172 0.000190114511857
1173 0.0002501959737
1174 0.00028512326862
1175 0.000273296399981
1176 0.000223142966087
1177 0.000157420435472
1178 9.43124604116e-05
1179 4.31166019638e-05
1180 5.33051964766e-06
1181 -2.07222977981e-05
1182 -3.77554735508e-05
1183 -4.83221444931e-05
1184 -5.43981919029e-05
1185 -5.7433612256e-05
1186 -5.84398875662e-05
1187 -5.8091466141e-05
1188 -5.69114137293e-05
1189 -5.52560136555e-05
1190 -5.33304232028e-05
1191 -5.13472912344e-05
1192 -4.93376768078e-05
1193 -4.72623703703e-05
1194 -4.51054062911e-05
1195 -4.28766961454e-05
1196 -4.06067235511e-05
1197 -3.83722172853e-05
1198 -3.61843956978e-05
1199 -3.40716949438e-05
1200 0.00407850751378
1201 0.00388256638362
1202 0.00363504608175
1203 0.00330599408981
1204 0.00292245413683
1205 0.00255729324494
1206 0.00220684133614
1207 0.00187373157901
1208 0.00157533641339
1209 0.00131942490969
1210 0.00109841623718
1211 0.000907266379944
1212 0.000748637127146
1213 0.000615856721335
1214 0.000504666007324
1215 0.00041061500727
1216 0.000330369973208
1217 0.00026203550278
1218 0.000204262916084
1219 0.000158290956478
1220 0.000129223791651
1221 0.000129007271383
1222 0.000165773905259
1223 0.000227023030555
1224 0.000277639213811
1225 0.000284690734032
1226 0.000245828026799
1227 0.00018214643689
1228 0.000115620066276
1229 5.92678961247e-05
1230 1.67182677003e-05
1231 -1.30377971878e-05
1232 -3.27372702003e-05
1233 -4.5106579269e-05
1234 -5.23737943878e-05
1235 -5.61900749168e-05
1236 -5.77039620777e-05
1237 -5.76854993897e-05
1238 -5.67081075711e-05
1239 -5.51792655154e-05
1240 -5.33326067396e-05
1241 -5.13779667335e-05
1242 -4.93981648588e-05
1243 -4.73439018817e-05
1244 -4.52040587124e-05
1245 -4.29851082616e-05
1246 -4.07120342621e-05
1247 -3.84646675412e-05
1248 -3.62688398462e-05
1249 -3.41386613324e-05
1250 0.00558643234054
1251 0.00527344094686
1252 0.00486977508325
1253 0.00435224339928
1254 0.00377419007574
1255 0.00323767080128
1256 0.00274153587424
1257 0.00228637765417
1258 0.00189217152728
1259 0.00156233089192
1260 0.00128439441651
1261 0.00104972921693
1262 0.00085825648613
1263 0.00070081854388
1264 0.000570943372941
1265 0.000462961437439
1266 0.000372186355635
1267 0.000295774527086
1268 0.000231235952573
1269 0.000178180521646
1270 0.000139407489617
1271 0.000125258635824
1272 0.000147639180997
1273 0.000203928303194
1274 0.000264569213337
1275 0.000289253093531
1276 0.000263763647305
1277 0.000204501043061
1278 0.000136029002798
1279 7.52433549743e-05
1280 2.81583854072e-05
1281 -5.24523039041e-06
1282 -2.76116718485e-05
1283 -4.18109207206e-05
1284 -5.02875993536e-05
1285 -5.49038834891e-05
1286 -5.69370555628e-05
1287 -5.72632886838e-05
1288 -5.64978295035e-05
1289 -5.5097512311e-05
1290 -5.33270184935e-05
1291 -5.13908755058e-05
1292 -4.94251550558e-05
1293 -4.73840536161e-05
1294 -4.52581702018e-05
1295 -4.30494206963e-05
1296 -4.07792199348e-05
1297 -3.85250199534e-05
1298 -3.63276999769e-05
1299 -3.41958875016e-05
1300 0.00785338799345
1301 0.00732243296875
1302 0.00663143177867
1303 0.00578794890467
1304 0.0048955294211
1305 0.00409846197972
1306 0.00339285097491
1307 0.00277240593071
1308 0.00225453286089
1309 0.00183285056272
1310 0.00148686169431
1311 0.00120176916724
1312 0.00097320545967
1313 0.000788460324376
1314 0.000638273834025
1315 0.000515377877183
1316 0.000413555748461
1317 0.000328810376489
1318 0.000257726280857
1319 0.000198655584082
1320 0.000152388585767
1321 0.000127174093347
1322 0.000135866043963
1323 0.000183567463348
1324 0.000248704751714
1325 0.000288291683736
1326 0.000276856992232
1327 0.000223888674834
1328 0.00015497831613
1329 9.05028616953e-05
1330 3.92675062375e-05
1331 2.3800497283e-06
1332 -2.25766801904e-05
1333 -3.85609569428e-05
1334 -4.82210486163e-05
1335 -5.36254662093e-05
1336 -5.61720034843e-05
1337 -5.68377479373e-05
1338 -5.62806923758e-05
1339 -5.49976627916e-05
1340 -5.32908999332e-05
1341 -5.13689485166e-05
1342 -4.94092864154e-05
1343 -4.73799523353e-05
1344 -4.52678784902e-05
1345 -4.30708690044e-05
1346 -4.08109205355e-05
1347 -3.85588339671e-05
1348 -3.6370445369e-05
1349 -3.42526822548e-05
1350 0.0114020154411
1351 0.010426884876
1352 0.00917835374095
1353 0.00775655134209
1354 0.00635250426584
1355 0.00516458456868
1356 0.00416459432994
1357 0.00332590306062
1358 0.00265487387865
1359 0.00212329435438
1360 0.00169916176974
1361 0.00135806665248
1362 0.00108936267259
1363 0.000875682368561
1364 0.000704442802344
1365 0.000566015994714
1366 0.000453040684036
1367 0.000359993643887
1368 0.000282668048208
1369 0.000218306722935
1370 0.000166167809989
1371 0.000132522928145
1372 0.000129521370588
1373 0.000167274224547
1374 0.000232622518664
1375 0.000283534927751
1376 0.000285504506356
1377 0.000239960900148
1378 0.000171860724037
1379 0.000104618974876
1380 4.97327612454e-05
1381 9.63763614608e-06
1382 -1.77484029916e-05
1383 -3.54405519892e-05
1384 -4.62387901458e-05
1385 -5.23982929859e-05
1386 -5.54320811982e-05
1387 -5.64126504902e-05
1388 -5.60448148007e-05
1389 -5.48636141254e-05
1390 -5.32121105004e-05
1391 -5.13069570179e-05
1392 -4.93501077004e-05
1393 -4.73331864503e-05
1394 -4.52353262639e-05
1395 -4.30550854063e-05
1396 -4.08147798288e-05
1397 -3.85774596833e-05
1398 -3.64094719167e-05
1399 -3.43130091958e-05
1400 0.0173714501826
1401 0.0153742722234
1402 0.0129468836605
1403 0.0104619271552
1404 0.00822535993412
1405 0.00645690214331
1406 0.00505453529126
1407 0.00393763024911
1408 0.00308314042533
1409 0.00242497772569
1410 0.00191433708006
1411 0.00151354001035
1412 0.00120290373182
1413 0.000959674079398
1414 0.000767230316318
1415 0.000613455439765
1416 0.000489613299774
1417 0.000388610814929
1418 0.000305388964121
1419 0.000236333007282
1420 0.000179534119047
1421 0.000139502136179
1422 0.000127078366956
1423 0.000155152507759
1424 0.000217916948422
1425 0.000276747001431
1426 0.000290583887621
1427 0.000252780571459
1428 0.000186398205671
1429 0.000117202671897
1430 5.9211318194e-05
1431 1.62717478875e-05
1432 -1.33171130041e-05
1433 -3.25701437035e-05
1434 -4.44121168742e-05
1435 -5.12524669512e-05
1436 -5.47227837622e-05
1437 -5.59791716183e-05
1438 -5.57789074204e-05
1439 -5.46899358829e-05
1440 -5.30882378108e-05
1441 -5.12037518959e-05
1442 -4.92512300717e-05
1443 -4.72493510249e-05
1444 -4.51707754218e-05
1445 -4.30156371841e-05
1446 -4.08059476922e-05
1447 -3.85947921363e-05
1448 -3.64499010414e-05
1449 -3.43734929312e-05
1450 0.0285213742426
1451 0.0236551926711
1452 0.0185572722371
1453 0.0140923371211
1454 0.0105441403261
1455 0.0079510860069
1456 0.006027988468
1457 0.00457773704828
1458 0.00351619465693
1459 0.00272192839691
1460 0.00212099194329
1461 0.00166029608304
1462 0.00130851724739
1463 0.00103668011052
1464 0.000824170863446
1465 0.000656084525475
1466 0.000522133952874
1467 0.000413878548323
1468 0.000325298088547
1469 0.000252155303203
1470 0.000191641339452
1471 0.000146804209308
1472 0.000127133820126
1473 0.000146751982546
1474 0.000205621571809
1475 0.000269426163482
1476 0.00029305338807
1477 0.00026257525443
1478 0.000198400564593
1479 0.000127925265726
1480 6.74522804925e-05
1481 2.20811260633e-05
1482 -9.41072856184e-06
1483 -3.00281672592e-05
1484 -4.27763301844e-05
1485 -5.02058294175e-05
1486 -5.40513745907e-05
1487 -5.55442298219e-05
1488 -5.54907573478e-05
1489 -5.448367728e-05
1490 -5.29289210802e-05
1491 -5.10684241652e-05
1492 -4.91243057417e-05
1493 -4.71429822542e-05
1494 -4.50914794066e-05
1495 -4.29702085517e-05
1496 -4.07969442089e-05
1497 -3.86123271209e-05
1498 -3.6484354068e-05
1499 -3.44166338015e-05
1500 0.0515157484447
1501 0.0375111785512
1502 0.0264947844558
1503 0.0186071179949
1504 0.0131698206237
1505 0.00952177204483
1506 0.0069930231531
1507 0.00518581121224
1508 0.00391408972474
1509 0.002987461041
1510 0.00230207354877
1511 0.00178698311549
1512 0.00139845706175
1513 0.00110156894867
1514 0.000871649153319
1515 0.00069136555037
1516 0.000548836391977
1517 0.000434510688895
1518 0.00034145509189
1519 0.000264959499302
1520 0.000201641528555
1521 0.000153351250824
1522 0.000128467307088
1523 0.000141510654121
1524 0.000196379593742
1525 0.00026290603112
1526 0.000293886696418
1527 0.000269555309087
1528 0.000207597390091
1529 0.000136448141033
1530 7.4051212077e-05
1531 2.67955741296e-05
1532 -6.22027033772e-06
1533 -2.79191217345e-05
1534 -4.13891970455e-05
1535 -4.92849730574e-05
1536 -5.34320275417e-05
1537 -5.51150026688e-05
1538 -5.51822084197e-05
1539 -5.42449484298e-05
1540 -5.27328635368e-05
1541 -5.09006300099e-05
1542 -4.89747476553e-05
1543 -4.70229098093e-05
1544 -4.50061519176e-05
1545 -4.292210267e-05
1546 -4.07813140017e-05
1547 -3.86153296371e-05
1548 -3.64939473516e-05
1549 -3.44269506728e-05
1550 0.0967726142675
1551 0.0587119195828
1552 0.0364636455502
1553 0.0235224409628
1554 0.0157702740865
1555 0.0109657993146
1556 0.00783205404962
1557 0.00569431303568
1558 0.00423793381638
1559 0.00319868063433
1560 0.00244378955241
1561 0.00188483570099
1562 0.00146722573187
1563 0.0011508323676
1564 0.000907494570006
1565 0.000717828046041
1566 0.000568799842094
1567 0.000449848749918
1568 0.000353423253914
1569 0.000274454354266
1570 0.000209131293914
1571 0.000158495603011
1572 0.000130135922445
1573 0.000138515980923
1574 0.000190083613769
1575 0.000257934703355
1576 0.000293945585729
1577 0.000274230564805
1578 0.000214137742468
1579 0.000142618341272
1580 7.89302009955e-05
1581 3.03155630386e-05
1582 -3.78754612696e-06
1583 -2.62712900885e-05
1584 -4.02681448548e-05
1585 -4.85117905658e-05
1586 -5.28808312778e-05
1587 -5.4705603936e-05
1588 -5.48657472917e-05
1589 -5.39867019903e-05
1590 -5.25161159575e-05
1591 -5.07182539452e-05
1592 -4.88198963142e-05
1593 -4.69029397048e-05
1594 -4.49203915473e-05
1595 -4.28660913337e-05
1596 -4.07462702192e-05
1597 -3.85891182344e-05
1598 -3.64677058881e-05
1599 -3.43979914402e-05
1600 0.163141302926
1601 0.0840691498159
1602 0.0459051294253
1603 0.0275873208402
1604 0.0177541388884
1605 0.0119924656184
1606 0.00839972278239
1607 0.00602793522561
1608 0.0044470754171
1609 0.00333260512911
1610 0.00253245627607
1611 0.00194580498397
1612 0.00150986109278
1613 0.00118127970682
1614 0.000929425480515
1615 0.000734009927771
1616 0.000581007797731
1617 0.000459252914156
1618 0.000360780123797
1619 0.000280281592513
1620 0.000213810125134
1621 0.00016185570294
1622 0.000131520513497
1623 0.000137207170024
1624 0.000186663505416
1625 0.000255019198982
1626 0.000293862486078
1627 0.000276918900586
1628 0.000218051305357
1629 0.000146379817123
1630 8.19622105384e-05
1631 3.2550860786e-05
1632 -2.1977823541e-06
1633 -2.51442997359e-05
1634 -3.94597810051e-05
1635 -4.79103201782e-05
1636 -5.24162486818e-05
1637 -5.43318066159e-05
1638 -5.45564304452e-05
1639 -5.37255629027e-05
1640 -5.22959917121e-05
1641 -5.05370986619e-05
1642 -4.86707998591e-05
1643 -4.67839481605e-05
1644 -4.48255878438e-05
1645 -4.27878223588e-05
1646 -4.06769804997e-05
1647 -3.85215942381e-05
1648 -3.63990278952e-05
1649 -3.43254962802e-05
1650 0.218839482119
1651 0.0985878780272
1652 0.0497031092416
1653 0.0290280264783
1654 0.0184404276097
1655 0.0123162614709
1656 0.00856828536738
1657 0.00612453288714
1658 0.00450802335967
1659 0.00337104342194
1660 0.00255772891878
1661 0.00196360713687
1662 0.00152243228308
1663 0.00119043143608
1664 0.000936074203708
1665 0.000738935459273
1666 0.000584843610154
1667 0.000462279682475
1668 0.000363193549395
1669 0.000282211673614
1670 0.000215446234957
1671 0.000163128858709
1672 0.00013226784141
1673 0.000137227923157
1674 0.000186062139658
1675 0.000254468914295
1676 0.000294048269883
1677 0.000277870866825
1678 0.000219349869072
1679 0.000147664211105
1680 8.30575539222e-05
1681 3.3432396764e-05
1682 -1.49638701751e-06
1683 -2.45721001297e-05
1684 -3.89851018179e-05
1685 -4.75009732689e-05
1686 -5.20559439625e-05
1687 -5.4010933635e-05
1688 -5.42748865877e-05
1689 -5.34805833718e-05
1690 -5.20876443456e-05
1691 -5.03607317313e-05
1692 -4.85196087409e-05
1693 -4.6651289827e-05
1694 -4.47040693061e-05
1695 -4.26719584791e-05
1696 -4.05634442936e-05
1697 -3.84074547815e-05
1698 -3.62823890506e-05
1699 -3.42046022835e-05
1700 0.163835347446
1701 0.0833862930247
1702 0.0446246811864
1703 0.0270021092548
1704 0.0175442826532
1705 0.0118382369976
1706 0.0082984087665
1707 0.00596673953321
1708 0.00441175701351
1709 0.00330951287753
1710 0.00251715349391
1711 0.00193699418661
1712 0.00150422993365
1713 0.00117767261781
1714 0.000926944044241
1715 0.00073234939157
1716 0.000580098406955
1717 0.000458781442834
1718 0.000360582079594
1719 0.00028019039034
1720 0.000214010155688
1721 0.000162298503257
1722 0.000132309971142
1723 0.000138499044256
1724 0.00018826198981
1725 0.000256365848181
1726 0.000294622683811
1727 0.000277164747667
1728 0.000218097925233
1729 0.000146476699663
1730 8.22102296201e-05
1731 3.29453414685e-05
1732 -1.70623986821e-06
1733 -2.45758166598e-05
1734 -3.88629160703e-05
1735 -4.73003713908e-05
1736 -5.18169949652e-05
1737 -5.37649780294e-05
1738 -5.40355332458e-05
1739 -5.32581944045e-05
1740 -5.18853661478e-05
1741 -5.01761978201e-05
1742 -4.83487575528e-05
1743 -4.64870387539e-05
1744 -4.45426998978e-05
1745 -4.2511045816e-05
1746 -4.04019987971e-05
1747 -3.82444310131e-05
1748 -3.61153372142e-05
1749 -3.40322841086e-05
1750 0.0739472897826
1751 0.0533168660713
1752 0.0340053452342
1753 0.022452670753
1754 0.0153645990823
1755 0.0106809432635
1756 0.00764291052458
1757 0.00557838603128
1758 0.00417095677048
1759 0.00315425950312
1760 0.002414048074
1761 0.00186748030185
1762 0.00145608785299
1763 0.00114374175929
1764 0.000902542881497
1765 0.000714525089236
1766 0.000566963768331
1767 0.000448886371208
1768 0.000353013655312
1769 0.000274274096846
1770 0.000209549574926
1771 0.000159450985586
1772 0.000131819296723
1773 0.000141222116859
1774 0.000193326778323
1775 0.000260646967866
1776 0.000295425496804
1777 0.000274658647329
1778 0.000214198371606
1779 0.000142770242081
1780 7.93893238105e-05
1781 3.10558583817e-05
1782 -2.82764902672e-06
1783 -2.51718579822e-05
1784 -3.91088468347e-05
1785 -4.73332298855e-05
1786 -5.17230459759e-05
1787 -5.36021725797e-05
1788 -5.38381907239e-05
1789 -5.30485036086e-05
1790 -5.16730097603e-05
1791 -4.99646669197e-05
1792 -4.81428157677e-05
1793 -4.62813916349e-05
1794 -4.43355953925e-05
1795 -4.23005766346e-05
1796 -4.01871775485e-05
1797 -3.80257130126e-05
1798 -3.58947149266e-05
1799 -3.38095620095e-05
1800 0.0383643710506
1801 0.0324392055202
1802 0.0239595171456
1803 0.0173849297893
1804 0.0126581868265
1805 0.0091643590607
1806 0.00674979866788
1807 0.00503291639244
1808 0.00382356487756
1809 0.00292655429492
1810 0.00226093547487
1811 0.001762844125
1812 0.00138281961216
1813 0.00109156190259
1814 0.000864722977796
1815 0.000686754751538
1816 0.000546338178717
1817 0.000433198398623
1818 0.000340932957462
1819 0.000264802051976
1820 0.000202378111791
1821 0.000154940150437
1822 0.000131238206988
1823 0.000145829420616
1824 0.000201373413128
1825 0.000266918516224
1826 0.000296004768743
1827 0.000270161133305
1828 0.000207708350191
1829 0.000136703719132
1830 7.4759354737e-05
1831 2.7900710828e-05
1832 -4.8110008118e-06
1833 -2.63098919435e-05
1834 -3.96954265849e-05
1835 -4.75744568331e-05
1836 -5.17519170251e-05
1837 -5.35021115029e-05
1838 -5.36602888578e-05
1839 -5.28291348038e-05
1840 -5.1431737294e-05
1841 -4.97139904116e-05
1842 -4.78943714782e-05
1843 -4.60296484864e-05
1844 -4.40797720644e-05
1845 -4.20366109789e-05
1846 -3.99161109874e-05
1847 -3.77522766138e-05
1848 -3.56234833354e-05
1849 -3.35422805951e-05
1850 0.0226914905787
1851 0.020512151624
1852 0.0166035398315
1853 0.0129990812001
1854 0.0100292997508
1855 0.0075796058046
1856 0.00576609175444
1857 0.00440740890655
1858 0.0034126005684
1859 0.00265077647153
1860 0.00207225166192
1861 0.00163146981495
1862 0.00128979019543
1863 0.00102459957776
1864 0.000815826630292
1865 0.000650540112265
1866 0.000519187512598
1867 0.000412457280157
1868 0.000324846491959
1869 0.000252152549192
1870 0.00019286219937
1871 0.000149255079059
1872 0.000131255209557
1873 0.000152876128787
1874 0.000212340825782
1875 0.000274563546372
1876 0.000295651828738
1877 0.000263281374545
1878 0.000198561269407
1879 0.000128368605478
1880 6.84412539982e-05
1881 2.35764343945e-05
1882 -7.5671028915e-06
1883 -2.79459519216e-05
1884 -4.05948555427e-05
1885 -4.79996925654e-05
1886 -5.18761417532e-05
1887 -5.34371516302e-05
1888 -5.34780878182e-05
1889 -5.25823593356e-05
1890 -5.11515281972e-05
1891 -4.94186035185e-05
1892 -4.75991964503e-05
1893 -4.57268936669e-05
1894 -4.37678949185e-05
1895 -4.17159341954e-05
1896 -3.95896740567e-05
1897 -3.74285017555e-05
1898 -3.5307218696e-05
1899 -3.32337002021e-05
1900 0.0145077775147
1901 0.0135722168914
1902 0.0116161738816
1903 0.00961145334827
1904 0.0077816112488
1905 0.00611923420606
1906 0.00480553182743
1907 0.00376842794213
1908 0.00297820927046
1909 0.00235129263806
1910 0.00186276370303
1911 0.00148279676828
1912 0.00118290530316
1913 0.000946723793717
1914 0.000758299343899
1915 0.000607618565987
1916 0.000486688092409
1917 0.000387401413375
1918 0.000305280123779
1919 0.0002367636991
1920 0.00018149125059
1921 0.000143096620504
1922 0.000132844522097
1923 0.000163178571347
1924 0.00022613182087
1925 0.000282672227789
1926 0.000293489415449
1927 0.000253652841894
1928 0.000186801736658
1929 0.000117982710424
1930 6.06523275863e-05
1931 1.82533778156e-05
1932 -1.0969022327e-05
1933 -2.99798364567e-05
1934 -4.17281738939e-05
1935 -4.85506112128e-05
1936 -5.2052515842e-05
1937 -5.33784549832e-05
1938 -5.32745252038e-05
1939 -5.22993471174e-05
1940 -5.08255671754e-05
1941 -4.90732857197e-05
1942 -4.7251588007e-05
1943 -4.53690227226e-05
1944 -4.34016389167e-05
1945 -4.13417504244e-05
1946 -3.92126340083e-05
1947 -3.70584208069e-05
1948 -3.49480551136e-05
1949 -3.28845912748e-05
1950 0.00979280441285
1951 0.00934445112183
1952 0.00828714732053
1953 0.00712978500775
1954 0.00599453565849
1955 0.00487829572216
1956 0.00394333507653
1957 0.00316912428689
1958 0.00255551335376
1959 0.00205172864364
1960 0.00164820646781
1961 0.00132760564274
1962 0.0010694235438
1963 0.000862857723821
1964 0.00069566719607
1965 0.000560329439958
1966 0.000450385472935
1967 0.000359184236012
1968 0.000283043746224
1969 0.000219331739304
1970 0.000169065144252
1971 0.000137553396724
1972 0.000137239993163
1973 0.00017728231532
1974 0.000242094154633
1975 0.000289917492263
1976 0.000288470968831
1977 0.000240831932156
1978 0.000172398897227
1979 0.00010572316689
1980 5.16033363722e-05
1981 1.21150059835e-05
1982 -1.48875847454e-05
1983 -3.2329215406e-05
1984 -4.3038356582e-05
1985 -4.918369955e-05
1986 -5.22546083605e-05
1987 -5.33068537212e-05
1988 -5.30364886263e-05
1989 -5.19692731452e-05
1990 -5.04445116371e-05
1991 -4.86731929666e-05
1992 -4.68489775949e-05
1993 -4.49572988061e-05
1994 -4.29830852471e-05
1995 -4.09185798226e-05
1996 -3.87893514449e-05
1997 -3.66448601857e-05
1998 -3.45474857397e-05
1999 -3.24970404703e-05
2000 0.00685706226268
2001 0.00662268284122
2002 0.00601693365459
2003 0.00532311031829
2004 0.00460942404028
2005 0.00385902063764
2006 0.0031997772618
2007 0.00263043658327
2008 0.00216185074329
2009 0.00176445013787
2010 0.00143739450624
2011 0.001171891289
2012 0.000953608914079
2013 0.000775974193642
2014 0.000629892665677
2015 0.000510046460647
2016 0.000411324811313
2017 0.00032849965504
2018 0.000258697490319
2019 0.000200455940588
2020 0.000156483428741
2021 0.000134027840313
2022 0.000145880807171
2023 0.000195546980159
2024 0.000259094469143
2025 0.000294714320992
2026 0.000279679278465
2027 0.000224788056384
2028 0.000155782901511
2029 9.20345704901e-05
2030 4.16668086734e-05
2031 5.44169421319e-06
2032 -1.90995631944e-05
2033 -3.4837422171e-05
2034 -4.44267961982e-05
2035 -4.98387154749e-05
2036 -5.24450334526e-05
2037 -5.32001137155e-05
2038 -5.27502479335e-05
2039 -5.15837323988e-05
2040 -5.00044190174e-05
2041 -4.82187297131e-05
2042 -4.63938793508e-05
2043 -4.4494624127e-05
2044 -4.25148472673e-05
2045 -4.04477078183e-05
2046 -3.83191895925e-05
2047 -3.61874919033e-05
2048 -3.41047576678e-05
2049 -3.20718318656e-05
2050 0.00493716642184
2051 0.00480772813615
2052 0.00444216130846
2053 0.0040116203174
2054 0.00355434470036
2055 0.00304514468808
2056 0.00258038924031
2057 0.00216410618525
2058 0.00180998374263
2059 0.00150048353914
2060 0.0012389572385
2061 0.0010221230571
2062 0.00084002714538
2063 0.000689125342038
2064 0.000563133717303
2065 0.000458215151343
2066 0.000370507956134
2067 0.000296070482222
2068 0.000232919685943
2069 0.000181022092755
2070 0.000145159626217
2071 0.000134438630547
2072 0.000160178653186
2073 0.000217634045608
2074 0.0002753012679
2075 0.000295295734853
2076 0.000266243404899
2077 0.000205351938458
2078 0.000137130206717
2079 7.7255220245e-05
2080 3.11595660273e-05
2081 -1.54268121681e-06
2082 -2.34741782104e-05
2083 -3.74240889078e-05
2084 -4.58382735283e-05
2085 -5.04803384051e-05
2086 -5.25967806136e-05
2087 -5.30392299401e-05
2088 -5.24059577279e-05
2089 -5.11406705005e-05
2090 -4.95101967853e-05
2091 -4.77192438475e-05
2092 -4.5893358609e-05
2093 -4.39881825435e-05
2094 -4.19994261913e-05
2095 -3.99284123272e-05
2096 -3.78031824216e-05
2097 -3.56874582374e-05
2098 -3.3623276543e-05
2099 -3.16158135764e-05
2100 0.0036350713893
2101 0.0035607493834
2102 0.00333029224106
2103 0.00305508072554
2104 0.00275504656715
2105 0.00240488240426
2106 0.0020754279417
2107 0.00177111505971
2108 0.00150469220414
2109 0.00126529519403
2110 0.0010579794631
2111 0.000882716717382
2112 0.000732529688444
2113 0.000605825640317
2114 0.000498135834171
2115 0.000406891066788
2116 0.00032960596465
2117 0.00026317233681
2118 0.000206937099008
2119 0.00016264849711
2120 0.000137241383204
2121 0.00014102736721
2122 0.000180852308784
2123 0.000241836778691
2124 0.000288036138451
2125 0.000289952494615
2126 0.0002478838042
2127 0.000183000786046
2128 0.000117082165788
2129 6.18670871549e-05
2130 2.0386833826e-05
2131 -8.62509053452e-06
2132 -2.78624339199e-05
2133 -3.9991967234e-05
2134 -4.72050353825e-05
2135 -5.10643123732e-05
2136 -5.26841466174e-05
2137 -5.28125984544e-05
2138 -5.20005906188e-05
2139 -5.06403439698e-05
2140 -4.89646824826e-05
2141 -4.71760657072e-05
2142 -4.53468701464e-05
2143 -4.34351145429e-05
2144 -4.14401956355e-05
2145 -3.93654507527e-05
2146 -3.7247547479e-05
2147 -3.51530954247e-05
2148 -3.31112992956e-05
2149 -3.11375495518e-05
2150 0.00272758398877
2151 0.00268217376398
2152 0.00253150048721
2153 0.0023506920256
2154 0.00214878072681
2155 0.00190427327224
2156 0.00166862944853
2157 0.00144519543132
2158 0.0012448197163
2159 0.00106038406904
2160 0.000896960324556
2161 0.00075606559518
2162 0.000632915489922
2163 0.0005272082888
2164 0.000435648363826
2165 0.000356839451244
2166 0.000289178259063
2167 0.000230710801115
2168 0.000182097494141
2169 0.00014741420357
2170 0.000135450040993
2171 0.000155743622722
2172 0.000207194518013
2173 0.000265117029118
2174 0.000294408996191
2175 0.000277584584649
2176 0.000224907276101
2177 0.000158617266219
2178 9.6516615827e-05
2179 4.65784370486e-05
2180 9.87874262893e-06
2181 -1.54489316833e-05
2182 -3.20504931767e-05
2183 -4.24017693688e-05
2184 -4.84464264854e-05
2185 -5.15473028248e-05
2186 -5.26839492119e-05
2187 -5.25133563435e-05
2188 -5.153570269e-05
2189 -5.00883436599e-05
2190 -4.83769847005e-05
2191 -4.65938608652e-05
2192 -4.47577887599e-05
2193 -4.28375570996e-05
2194 -4.08331909946e-05
2195 -3.87581347042e-05
2196 -3.66570104182e-05
2197 -3.45905726356e-05
2198 -3.25758100576e-05
2199 -3.06411501968e-05
2200 0.00207743357903
2201 0.00204835452643
2202 0.00194724804305
2203 0.00182514481082
2204 0.00168650809534
2205 0.00151321720027
2206 0.00134277647943
2207 0.00117765594256
2208 0.00102659377143
2209 0.000884353415341
2210 0.000755771666399
2211 0.000642837203483
2212 0.000542265290653
2213 0.000454330420307
2214 0.000376686498836
2215 0.000308954475643
2216 0.000250190807391
2217 0.000199749471781
2218 0.000160212092598
2219 0.00013799755432
2220 0.000142619874258
2221 0.000179340501099
2222 0.000236642577908
2223 0.00028359145946
2224 0.000292087859148
2225 0.000257957071114
2226 0.000198078994987
2227 0.0001328552926
2228 7.5870495385e-05
2229 3.16226797554e-05
2230 -2.17993253534e-07
2231 -2.19056261478e-05
2232 -3.59622749507e-05
2233 -4.46116964274e-05
2234 -4.95335718049e-05
2235 -5.19139224038e-05
2236 -5.25876127719e-05
2237 -5.21378125685e-05
2238 -5.10068228404e-05
2239 -4.94780633129e-05
2240 -4.77433971494e-05
2241 -4.59648188379e-05
2242 -4.41203637827e-05
2243 -4.21957258427e-05
2244 -4.01899222936e-05
2245 -3.81194042575e-05
2246 -3.60395988446e-05
2247 -3.40012058213e-05
2248 -3.20118392869e-05
2249 -3.01208557058e-05
2250 0.0015989827387
2251 0.00158019263338
2252 0.00151067359418
2253 0.00142634044577
2254 0.00132949113374
2255 0.00120516824287
2256 0.0010809458177
2257 0.000958160229411
2258 0.000843899667635
2259 0.000734084301143
2260 0.000632892067326
2261 0.000542462973299
2262 0.000460380055097
2263 0.000387259405011
2264 0.000321699007304
2265 0.000263751120879
2266 0.0002135690426
2267 0.000172085415798
2268 0.000144141741618
2269 0.000137980845809
2270 0.000160941439799
2271 0.000210308766078
2272 0.00026460251152
2273 0.000293110523376
2274 0.000279666099725
2275 0.000231663315799
2276 0.000168497958145
2277 0.000106870137765
2278 5.59314121519e-05
2279 1.75250333428e-05
2280 -9.62772075142e-06
2281 -2.78517275116e-05
2282 -3.95187036056e-05
2283 -4.65724798479e-05
2284 -5.04402436062e-05
2285 -5.21438993283e-05
2286 -5.23836783239e-05
2287 -5.16796733181e-05
2288 -5.04104272793e-05
2289 -4.88120171248e-05
2290 -4.70702790597e-05
2291 -4.52943419611e-05
2292 -4.34440258414e-05
2293 -4.15147901074e-05
2294 -3.95090514343e-05
2295 -3.74466894331e-05
2296 -3.53929862815e-05
2297 -3.33797288361e-05
2298 -3.14166634619e-05
2299 -2.95763776767e-05
2300 0.00124146796012
2301 0.00122931691857
2302 0.00118043649014
2303 0.00112070354219
2304 0.00105200297697
2305 0.000961791217815
2306 0.00087031958463
2307 0.000778419379863
2308 0.000691465462329
2309 0.000606364066284
2310 0.0005265613192
2311 0.000454005277614
2312 0.000386880980346
2313 0.000326095328419
2314 0.00027087963796
2315 0.000222010838547
2316 0.00018087956238
2317 0.000150472406445
2318 0.00013768097485
2319 0.000150705295284
2320 0.000190441826074
2321 0.0002442476572
2322 0.000285299464593
2323 0.000290451459029
2324 0.00025706974518
2325 0.00020011266763
2326 0.000137462247963
2327 8.13433482644e-05
2328 3.7027735996e-05
2329 4.45380449403e-06
2330 -1.81798459093e-05
2331 -3.31748571258e-05
2332 -4.26411873947e-05
2333 -4.8228335801e-05
2334 -5.1134760874e-05
2335 -5.22165192688e-05
2336 -5.20635967231e-05
2337 -5.1137625783e-05
2338 -4.97481267029e-05
2339 -4.80962231402e-05
2340 -4.63606930252e-05
2341 -4.45845050021e-05
2342 -4.27308807503e-05
2343 -4.07955712019e-05
2344 -3.87879252537e-05
2345 -3.67359927293e-05
2346 -3.47080982378e-05
2347 -3.27191659459e-05
2348 -3.07895363436e-05
2349 -2.90100072543e-05
2350 0.000969248789154
2351 0.000961250586892
2352 0.000926408417842
2353 0.000883719494462
2354 0.000834419796801
2355 0.000768061655524
2356 0.000700089354901
2357 0.000630697990061
2358 0.0005641812183
2359 0.000497952122698
2360 0.000434672302322
2361 0.000376145697202
2362 0.000321215816222
2363 0.000270805709476
2364 0.00022482837547
2365 0.000185213594487
2366 0.000154980434336
2367 0.000139209604013
2368 0.000145425002979
2369 0.000177838051629
2370 0.000227388330927
2371 0.000273841863876
2372 0.000292905422438
2373 0.000274133429173
2374 0.000225955597589
2375 0.000165439585272
2376 0.000106699403263
2377 5.73381613762e-05
2378 1.9750559986e-05
2379 -7.27123154156e-06
2380 -2.5748598519e-05
2381 -3.78136840316e-05
2382 -4.53005029882e-05
2383 -4.95617901991e-05
2384 -5.16036455506e-05
2385 -5.21221895252e-05
2386 -5.16263505507e-05
2387 -5.05121519688e-05
2388 -4.90245240204e-05
2389 -4.73452581064e-05
2390 -4.56212405721e-05
2391 -4.38386117899e-05
2392 -4.19789639108e-05
2393 -4.003492959e-05
2394 -3.80234818991e-05
2395 -3.59855405521e-05
2396 -3.39841196664e-05
2397 -3.20215801576e-05
2398 -3.0137371401e-05
2399 -2.84299483552e-05
2400 0.000760039265646
2401 0.00075468128161
2402 0.000729336828722
2403 0.00069833999006
2404 0.000662516183807
2405 0.000613126952304
2406 0.000562062564948
2407 0.000509176961451
2408 0.000457773150422
2409 0.000405738520723
2410 0.000355193915796
2411 0.000307930964507
2412 0.000262992173781
2413 0.000221750150778
2414 0.000185224546657
2415 0.000156618413971
2416 0.000140787349025
2417 0.000143573511821
2418 0.000169896726357
2419 0.000215706134246
2420 0.000262906814146
2421 0.000290540320172
2422 0.000283992503435
2423 0.000245523628151
2424 0.000189181060133
2425 0.000130054324026
2426 7.75572855981e-05
2427 3.55605778987e-05
2428 4.45545127758e-06
2429 -1.74693343921e-05
2430 -3.22351881849e-05
2431 -4.1725404351e-05
2432 -4.74641059464e-05
2433 -5.05579396099e-05
2434 -5.18362310037e-05
2435 -5.18621168545e-05
2436 -5.1078763199e-05
2437 -4.98094711984e-05
2438 -4.82447636324e-05
2439 -4.6560143369e-05
2440 -4.48402610674e-05
2441 -4.30493971005e-05
2442 -4.11772837991e-05
2443 -3.92223658786e-05
2444 -3.72103490151e-05
2445 -3.51956470617e-05
2446 -3.32239038228e-05
2447 -3.12938286147e-05
2448 -2.94747294676e-05
2449 -2.78477086067e-05
2450 0.000597901162564
2451 0.000594452392489
2452 0.000575631866389
2453 0.000552751960579
2454 0.000526292276977
2455 0.000488844708227
2456 0.00044987948604
2457 0.000408970861148
2458 0.000368742483654
2459 0.000327450697271
2460 0.00028682773001
2461 0.000248684766508
2462 0.000212667824797
2463 0.000180750300829
2464 0.000155439041566
2465 0.000141466315916
2466 0.000144075436807
2467 0.000167132916469
2468 0.000208566744707
2469 0.000255275897944
2470 0.000286565875277
2471 0.000288507623694
2472 0.000258802615208
2473 0.000207860933508
2474 0.000149918325189
2475 9.58824119444e-05
2476 5.09357042401e-05
2477 1.62837523718e-05
2478 -8.77972270462e-06
2479 -2.61390808961e-05
2480 -3.76406223879e-05
2481 -4.49012538797e-05
2482 -4.91231329387e-05
2483 -5.12151820199e-05
2484 -5.18346657283e-05
2485 -5.14488668261e-05
2486 -5.04319979586e-05
2487 -4.90371192416e-05
2488 -4.74216955499e-05
2489 -4.57431214406e-05
2490 -4.40142039313e-05
2491 -4.22103321088e-05
2492 -4.03223847757e-05
2493 -3.83603269419e-05
2494 -3.63578013019e-05
2495 -3.43743244138e-05
2496 -3.24356052371e-05
2497 -3.05506543997e-05
2498 -2.88093381871e-05
2499 -2.72695286052e-05
