0 0.255505800535
1 0.107543545112
2 0.0516583985174
3 0.0294949702597
4 0.0185280640688
5 0.0122628028199
6 0.00849702157997
7 0.0060521486956
8 0.00443697008059
9 0.00331286507486
10 0.00250874484395
11 0.0019230603322
12 0.00149015828477
13 0.00116427460122
14 0.000915718565117
15 0.000723075858306
16 0.000572577942887
17 0.000453022414908
18 0.000356200165481
19 0.000277228200441
20 0.000212326133211
21 0.000163054959242
22 0.000138479981962
23 0.000154016183939
24 0.000212068845429
25 0.000278148810789
26 0.000303430854456
27 0.00027211909051
28 0.000205935729028
29 0.000133956500712
30 7.29292615045e-05
31 2.76694857202e-05
32 -3.34909065711e-06
33 -2.34406150402e-05
34 -3.57535776724e-05
35 -4.28477851406e-05
36 -4.64783934158e-05
37 -4.78536484762e-05
38 -4.77632008416e-05
39 -4.6798243303e-05
40 -4.5340673576e-05
41 -4.36205393793e-05
42 -4.18488146015e-05
43 -4.00133993136e-05
44 -3.80942229799e-05
45 -3.60874592241e-05
46 -3.40096286407e-05
47 -3.19321949815e-05
48 -2.99067138397e-05
49 -2.79312293115e-05
50 0.115280621419
51 0.0738449180515
52 0.0428111956564
53 0.0262989680108
54 0.0171264551297
55 0.0115829338023
56 0.00812931090896
57 0.00584140113098
58 0.00430915350225
59 0.00323177851859
60 0.00245553624569
61 0.0018872265268
62 0.00146563969252
63 0.00114704954424
64 0.000903378738833
65 0.000714054887889
66 0.000565912100473
67 0.000447949718119
68 0.00035232914594
69 0.000274193362896
70 0.000209969711476
71 0.000161562843326
72 0.000138244781736
73 0.000155429538705
74 0.000214475033629
75 0.000279835396967
76 0.00030326285925
77 0.000270468328318
78 0.000203794637597
79 0.00013204234763
80 7.1483199715e-05
81 2.66851447282e-05
82 -3.98460358692e-06
83 -2.38285710403e-05
84 -3.59767069891e-05
85 -4.29665783325e-05
86 -4.65314108209e-05
87 -4.78649747352e-05
88 -4.77497748238e-05
89 -4.67717508826e-05
90 -4.53071788202e-05
91 -4.35849431144e-05
92 -4.18136542571e-05
93 -3.9977463514e-05
94 -3.80575148159e-05
95 -3.6050068863e-05
96 -3.39722958116e-05
97 -3.18962002092e-05
98 -2.98723875598e-05
99 -2.78988949296e-05
100 0.0540520055031
101 0.0432333565215
102 0.0303696589587
103 0.0208323374891
104 0.0144727990663
105 0.0102022159164
106 0.00735714267639
107 0.00538708141197
108 0.00402799501754
109 0.00305146997457
110 0.00233647565629
111 0.00180660715174
112 0.00140968315512
113 0.00110750370825
114 0.000874935215626
115 0.000693257816047
116 0.000550460116596
117 0.000436216804275
118 0.000343282358062
119 0.000267103251619
120 0.000204555209748
121 0.000158176221422
122 0.000137924289643
123 0.000158985013293
124 0.000220175977017
125 0.00028361532103
126 0.000302635914236
127 0.000266447318459
128 0.000198734350797
129 0.000127551179755
130 6.811685565e-05
131 2.43844846055e-05
132 -5.46246283412e-06
133 -2.47270486757e-05
134 -3.6495060841e-05
135 -4.32410013834e-05
136 -4.66519712902e-05
137 -4.7889232664e-05
138 -4.77165548874e-05
139 -4.670802216e-05
140 -4.522750228e-05
141 -4.35010601103e-05
142 -4.17305372922e-05
143 -3.98922737818e-05
144 -3.79703719956e-05
145 -3.59615286946e-05
146 -3.38836200255e-05
147 -3.18110948156e-05
148 -2.97911852821e-05
149 -2.78223786985e-05
150 0.0299252734563
151 0.026167286774
152 0.0206531494511
153 0.0155489427613
154 0.0115425967064
155 0.00853850664931
156 0.00637055276797
157 0.00478229988365
158 0.00364266036951
159 0.00279886719831
160 0.00216688385532
161 0.00169017336836
162 0.00132804916871
163 0.00104932087981
164 0.000832780109239
165 0.000662256970455
166 0.000527290833807
167 0.000418526484798
168 0.000329583951561
169 0.000256350848859
170 0.000196412092266
171 0.00015332649864
172 0.000138083893243
173 0.000165148185065
174 0.000229114527388
175 0.000288927004683
176 0.000301006621172
177 0.000259850099135
178 0.00019081788741
179 0.00012065318807
180 6.29933812514e-05
181 2.09000262397e-05
182 -7.69282945813e-06
183 -2.60802828255e-05
184 -3.7273199892e-05
185 -4.3649674175e-05
186 -4.68280787347e-05
187 -4.7919522678e-05
188 -4.76604704225e-05
189 -4.66061842835e-05
190 -4.51017334011e-05
191 -4.33699470333e-05
192 -4.1600179464e-05
193 -3.975876053e-05
194 -3.78336956854e-05
195 -3.58227388119e-05
196 -3.37449660579e-05
197 -3.16781551628e-05
198 -2.96642699216e-05
199 -2.77031895925e-05
200 0.0182886867303
201 0.0166974244134
202 0.0141152087194
203 0.0113635164285
204 0.00892289859427
205 0.00690967950057
206 0.00533899485348
207 0.0041192255051
208 0.00320445456241
209 0.00250332449024
210 0.00196430153123
211 0.00154857740552
212 0.00122738704075
213 0.000976759907874
214 0.00077968298832
215 0.000622895531493
216 0.000497610472257
217 0.000395718913139
218 0.000311796944771
219 0.000242379438859
220 0.000186016444254
221 0.000147683816138
222 0.000139632257826
223 0.000174584617558
224 0.000241092108337
225 0.000294905002634
226 0.000297587012256
227 0.000250359013987
228 0.000180083862111
229 0.000111535950974
230 5.63049288049e-05
231 1.63831817612e-05
232 -1.05700255521e-05
233 -2.78192110458e-05
234 -3.82680050447e-05
235 -4.41652531332e-05
236 -4.7043372248e-05
237 -4.79458712577e-05
238 -4.75762059539e-05
239 -4.64635612465e-05
240 -4.49285323098e-05
241 -4.31918786921e-05
242 -4.14223263572e-05
243 -3.95767700239e-05
244 -3.76471864558e-05
245 -3.56335578127e-05
246 -3.35566503148e-05
247 -3.14978630003e-05
248 -2.94919445169e-05
249 -2.75421567146e-05
250 0.0119506660483
251 0.0111783037338
252 0.00985505786496
253 0.00831572390617
254 0.00682052003116
255 0.00549227940629
256 0.0043833024376
257 0.00347380203987
258 0.00276096908686
259 0.00219511488072
260 0.00174757694476
261 0.00139401659846
262 0.0011157619396
263 0.000895151575313
264 0.000719230761075
265 0.00057764111166
266 0.000463087297528
267 0.000368996130627
268 0.000290768775605
269 0.000225901709119
270 0.000174148234275
271 0.000142298052712
272 0.000143781699697
273 0.000187870212376
274 0.000255436898712
275 0.000300234250604
276 0.000291475375935
277 0.000237799170524
278 0.000166775891636
279 0.000100561711481
280 4.83678238317e-05
281 1.10609632328e-05
282 -1.39377094187e-05
283 -2.98460879782e-05
284 -3.94196678266e-05
285 -4.47518409745e-05
286 -4.72766612825e-05
287 -4.79566971372e-05
288 -4.74587098714e-05
289 -4.62786652004e-05
290 -4.47083226528e-05
291 -4.29688914726e-05
292 -4.11982159348e-05
293 -3.93478447315e-05
294 -3.74123666759e-05
295 -3.53956724582e-05
296 -3.3320711189e-05
297 -3.12725325462e-05
298 -2.9276282841e-05
299 -2.73418847012e-05
300 0.00828352538607
301 0.00786984809506
302 0.00712338784125
303 0.00620732677957
304 0.00525840402773
305 0.00436628583877
306 0.00358178824375
307 0.00290742037084
308 0.0023574204876
309 0.00190556959551
310 0.001538521326
311 0.00124212819229
312 0.00100416515284
313 0.000812199088199
314 0.000656948351091
315 0.000530566405748
316 0.00042661619748
317 0.00034053646272
318 0.000268218290822
319 0.000208309088337
320 0.000162250042989
321 0.000138657152343
322 0.000151581705031
323 0.000204635919311
324 0.000270419831061
325 0.000303300568225
326 0.000282228607051
327 0.00022269273059
328 0.000151812890411
329 8.8594557006e-05
330 3.98338333123e-05
331 5.39711085846e-06
332 -1.75042553864e-05
333 -3.1976814685e-05
334 -4.06193894526e-05
335 -4.53498227548e-05
336 -4.74973908573e-05
337 -4.79404151201e-05
338 -4.7308078981e-05
339 -4.60575955238e-05
340 -4.44522414299e-05
341 -4.27121573152e-05
342 -4.09384671722e-05
343 -3.90830779352e-05
344 -3.71409603137e-05
345 -3.51207891575e-05
346 -3.30505896101e-05
347 -3.10139962268e-05
348 -2.90289219873e-05
349 -2.71136191413e-05
350 0.00602198400402
351 0.00578593755638
352 0.00532599624006
353 0.00474467303277
354 0.0041227924053
355 0.00350364806207
356 0.00293801287839
357 0.00243345920265
358 0.0020081062789
359 0.00164787928854
360 0.00134820121143
361 0.00110120714505
362 0.000898581085046
363 0.000732650567978
364 0.000596360116841
365 0.000483970832007
366 0.000390286416912
367 0.000311782740177
368 0.00024534771018
369 0.0001907790918
370 0.000151573895568
371 0.000138135898942
372 0.000163638244397
373 0.000223950741928
374 0.000284179350873
375 0.000302894681975
376 0.000269762473852
377 0.000205649156865
378 0.00013596181386
379 7.62380484024e-05
380 3.1180697267e-05
381 -2.92086884339e-07
382 -2.10456466341e-05
383 -3.40905677247e-05
384 -4.17937652273e-05
385 -4.5916128892e-05
386 -4.76850149813e-05
387 -4.78904616777e-05
388 -4.71261805981e-05
389 -4.5806154543e-05
390 -4.41674812844e-05
391 -4.24317550823e-05
392 -4.06520017289e-05
393 -3.8790868298e-05
394 -3.68418063253e-05
395 -3.48182891472e-05
396 -3.27544410266e-05
397 -3.07325278432e-05
398 -2.87590182944e-05
399 -2.68678985976e-05
400 0.0044601881915
401 0.0043155183442
402 0.00402327774658
403 0.0036471734733
404 0.00323367618575
405 0.00280225904062
406 0.0023952117572
407 0.00202003276618
408 0.00169389607485
409 0.0014102592982
410 0.00116851920099
411 0.00096517774828
412 0.000795006245988
413 0.00065337347539
414 0.000535192005738
415 0.000436044048336
416 0.000352642631367
417 0.000281610651759
418 0.000221393879053
419 0.000173221876674
420 0.000142767455013
421 0.000142339260614
422 0.000181358462288
423 0.00024585331101
424 0.000295766471878
425 0.00029786176576
426 0.000253160102104
427 0.000185944950417
428 0.000118569351038
429 6.31262088561e-05
430 2.20894504092e-05
431 -6.2162494662e-06
432 -2.47197761625e-05
433 -3.62396867518e-05
434 -4.29699122021e-05
435 -4.64664981837e-05
436 -4.78360716946e-05
437 -4.77963036568e-05
438 -4.68979567691e-05
439 -4.55077565263e-05
440 -4.38399779541e-05
441 -4.21093955525e-05
442 -4.03223672932e-05
443 -3.84547396008e-05
444 -3.64976751995e-05
445 -3.4470749412e-05
446 -3.24172707163e-05
447 -3.04109352416e-05
448 -2.8451889425e-05
449 -2.65906308121e-05
450 0.00333124646305
451 0.00323689169615
452 0.00305005007255
453 0.00280265185318
454 0.00252478107337
455 0.00222510332708
456 0.00193461824451
457 0.00165852433414
458 0.00141112328188
459 0.00119129134079
460 0.000999218079442
461 0.000834116529645
462 0.000693560521339
463 0.000574502849887
464 0.000473336965458
465 0.000386916869674
466 0.000313361462463
467 0.000250006888409
468 0.000196660110833
469 0.000156599206205
470 0.000138047308828
471 0.000153707321835
472 0.000205653753574
473 0.000268781533254
474 0.000302776408271
475 0.000286609210404
476 0.000231755427309
477 0.000163320736116
478 9.96675658576e-05
479 4.92578442304e-05
480 1.26144832646e-05
481 -1.23233997092e-05
482 -2.84714326523e-05
483 -3.8422807164e-05
484 -4.41331955255e-05
485 -4.69776246616e-05
486 -4.79333727544e-05
487 -4.76431324664e-05
488 -4.66098770731e-05
489 -4.51481850597e-05
490 -4.34588147846e-05
491 -4.17324592404e-05
492 -3.99368006066e-05
493 -3.80607124172e-05
494 -3.60969658229e-05
495 -3.40666917834e-05
496 -3.2027771994e-05
497 -3.00397712426e-05
498 -2.80979028783e-05
499 -2.62749815242e-05
500 0.00251133861486
501 0.00244803898369
502 0.00232630825267
503 0.00216086702076
504 0.0019715733933
505 0.001762805462
506 0.00155462452495
507 0.00135194420366
508 0.00116553404319
509 0.0009966555729
510 0.000845487218253
511 0.00071276764105
512 0.000597889460317
513 0.000498698733436
514 0.000412786709883
515 0.00033820751594
516 0.000273851949784
517 0.000218247908995
518 0.000172913194602
519 0.000143567708633
520 0.000140814629501
521 0.000174307030236
522 0.000234982529826
523 0.000288930866178
524 0.000302134755784
525 0.000268201698879
526 0.000206041520959
527 0.000138786810568
528 8.01496622845e-05
529 3.52506126793e-05
530 3.19143434805e-06
531 -1.83341466463e-05
532 -3.21293186372e-05
533 -4.05241908612e-05
534 -4.52106177445e-05
535 -4.74114352809e-05
536 -4.7953437137e-05
537 -4.74209854778e-05
538 -4.62580647436e-05
539 -4.47273998682e-05
540 -4.30284359583e-05
541 -4.13019529392e-05
542 -3.94967808794e-05
543 -3.76101590087e-05
544 -3.56395360004e-05
545 -3.36096070138e-05
546 -3.1588898236e-05
547 -2.96207945829e-05
548 -2.77022683391e-05
549 -2.592699115e-05
550 0.00191628385725
551 0.00187320910111
552 0.00179178025458
553 0.00167906078441
554 0.00154710946338
555 0.00139971494026
556 0.00124912534159
557 0.00109963654516
558 0.000959141935428
559 0.000829371511942
560 0.000710595834096
561 0.000604318418436
562 0.000510739751284
563 0.000428200140386
564 0.000355609822316
565 0.000291538106364
566 0.00023574148832
567 0.000188244206304
568 0.000152871492636
569 0.000137898568725
570 0.000154389992966
571 0.000203948999794
572 0.000265061977674
573 0.00030144837227
574 0.00029176461383
575 0.00024304396079
576 0.00017730126849
577 0.000113511683691
578 6.09090709097e-05
579 2.17297642425e-05
580 -5.75897429939e-06
581 -2.39818016522e-05
582 -3.55244252507e-05
583 -4.24338141444e-05
584 -4.61467477009e-05
585 -4.77311040972e-05
586 -4.7880147572e-05
587 -4.71251749679e-05
588 -4.58433766166e-05
589 -4.42529791296e-05
590 -4.25556709758e-05
591 -4.08229239951e-05
592 -3.90085467413e-05
593 -3.71097282445e-05
594 -3.51327487096e-05
595 -3.31089056031e-05
596 -3.11094511576e-05
597 -2.91620264629e-05
598 -2.72749067718e-05
599 -2.55550474717e-05
600 0.00148230125876
601 0.00145274788408
602 0.00139646646302
603 0.00131790213825
604 0.00122362118428
605 0.00111770874637
606 0.00100741585849
607 0.00089597529464
608 0.000789263478078
609 0.000688754403665
610 0.000595188618864
611 0.000509875791709
612 0.000433226223551
613 0.000364425900744
614 0.000303022868682
615 0.000248206380189
616 0.000200607524951
617 0.00016254222933
618 0.000140170545804
619 0.000143682316926
620 0.000180081124392
621 0.000238775159785
622 0.000289565732329
623 0.000302478078243
624 0.000271520373509
625 0.000212866068546
626 0.000147355163264
627 8.88938651053e-05
628 4.27870935205e-05
629 9.24612251482e-06
630 -1.39004083715e-05
631 -2.9058399182e-05
632 -3.8537331286e-05
633 -4.40769204976e-05
634 -4.69014616903e-05
635 -4.79141525679e-05
636 -4.77079821394e-05
637 -4.67566665588e-05
638 -4.53696940294e-05
639 -4.37365096947e-05
640 -4.20473314576e-05
641 -4.03023187684e-05
642 -3.84787491075e-05
643 -3.65681492176e-05
644 -3.45848860678e-05
645 -3.25742392183e-05
646 -3.05989159257e-05
647 -2.86724791168e-05
648 -2.68268036789e-05
649 -2.51685879833e-05
650 0.0011602937481
651 0.00113972589934
652 0.00109986464111
653 0.00104373212699
654 0.000975382802637
655 0.000897764444503
656 0.000815683575916
657 0.000731535402893
658 0.000649721532209
659 0.000571215908583
660 0.000497013161835
661 0.000427937309348
662 0.000364825357105
663 0.000307297043965
664 0.000255247189686
665 0.000208966873098
666 0.000170350437828
667 0.000144273602303
668 0.000139179928501
669 0.000163781721765
670 0.000215524717994
671 0.000272096837308
672 0.000302546209371
673 0.000290438273766
674 0.000242953997356
675 0.000179790409827
676 0.000117720872092
677 6.57956944625e-05
678 2.62471281009e-05
679 -1.95073415824e-06
680 -2.11019137329e-05
681 -3.34941473109e-05
682 -4.11213372194e-05
683 -4.54229152296e-05
684 -4.74564185151e-05
685 -4.79527009865e-05
686 -4.74382026656e-05
687 -4.63186613429e-05
688 -4.48401792929e-05
689 -4.31868240367e-05
690 -4.15021897047e-05
691 -3.97437041707e-05
692 -3.7907966277e-05
693 -3.59882696246e-05
694 -3.4001119059e-05
695 -3.20097061189e-05
696 -3.00605784678e-05
697 -2.8157923915e-05
698 -2.63640150907e-05
699 -2.47727314475e-05
700 0.000914880159718
701 0.000900417083313
702 0.000871439787895
703 0.000830650645293
704 0.000780534188397
705 0.000722766480974
706 0.000660937830382
707 0.000596786817269
708 0.000533586382615
709 0.000471710325544
710 0.000412255762574
711 0.000356127951581
712 0.000303919661281
713 0.000255751990923
714 0.00021220366731
715 0.00017489007276
716 0.000147746386403
717 0.000137964201945
718 0.000154183550103
719 0.000197966976466
720 0.000254527446958
721 0.000296027334543
722 0.000300215482399
723 0.000265993495477
724 0.000208401625821
725 0.000145561263668
726 8.93146317254e-05
727 4.45520464967e-05
728 1.13946514423e-05
729 -1.1854561442e-05
730 -2.73942260958e-05
731 -3.73107589939e-05
732 -4.32753921487e-05
733 -4.64853759285e-05
734 -4.78073178716e-05
735 -4.7847112002e-05
736 -4.70707647629e-05
737 -4.5808529532e-05
738 -4.42561156949e-05
739 -4.26029189616e-05
740 -4.09131663757e-05
741 -3.91435119709e-05
742 -3.72922002318e-05
743 -3.53640920895e-05
744 -3.33802205818e-05
745 -3.14138236406e-05
746 -2.94911946925e-05
747 -2.7619647231e-05
748 -2.58890097688e-05
749 -2.43697873802e-05
750 0.000723728876443
751 0.000713453612206
752 0.00069194405055
753 0.000661972419628
754 0.000624764895106
755 0.000581418761669
756 0.000534469802567
757 0.000484975726556
758 0.000435537672326
759 0.000386348147954
760 0.000338478633638
761 0.00029261160363
762 0.000249409868292
763 0.000209701380544
764 0.000175104019366
765 0.000149129236195
766 0.000137919454293
767 0.000149325885296
768 0.000186890094859
769 0.000240640136585
770 0.000287326938228
771 0.000303444160652
772 0.000281433133616
773 0.000231512856035
774 0.000170385875489
775 0.00011180642332
776 6.28921063287e-05
777 2.54082625703e-05
778 -1.74374272063e-06
779 -2.04561614194e-05
780 -3.27835461153e-05
781 -4.05239072177e-05
782 -4.5015344624e-05
783 -4.72605078118e-05
784 -4.79524329573e-05
785 -4.76002762449e-05
786 -4.66037329643e-05
787 -4.52220199291e-05
788 -4.36225106553e-05
789 -4.1977689206e-05
790 -4.02737722587e-05
791 -3.84938762885e-05
792 -3.66277229546e-05
793 -3.46915635232e-05
794 -3.27205795673e-05
795 -3.07835565452e-05
796 -2.88866881415e-05
797 -2.70599001559e-05
798 -2.54017987512e-05
799 -2.39583383824e-05
800 0.000572825642215
801 0.000565199225549
802 0.000549148563233
803 0.000526807859946
804 0.000498803392907
805 0.000465837849012
806 0.000429666854839
807 0.000390999707652
808 0.000351987572779
809 0.000312659004203
810 0.000273835501759
811 0.000236426331258
812 0.000201464535925
813 0.000170887556741
814 0.000147872485156
815 0.000137920463801
816 0.000147976335631
817 0.000181692575156
818 0.000232231228462
819 0.000279992838422
820 0.000303166657803
821 0.000290685719796
822 0.000248305812823
823 0.000190743168831
824 0.000131753259987
825 8.01285823592e-05
826 3.91289351105e-05
827 8.6158588922e-06
828 -1.30679056219e-05
829 -2.77552181856e-05
830 -3.72858001841e-05
831 -4.31270238055e-05
832 -4.63419700689e-05
833 -4.77481389393e-05
834 -4.78926354203e-05
835 -4.72153905691e-05
836 -4.60389017155e-05
837 -4.45585321027e-05
838 -4.29449429615e-05
839 -4.13017546615e-05
840 -3.95824672577e-05
841 -3.77878304923e-05
842 -3.5910112348e-05
843 -3.39692280202e-05
844 -3.20205730119e-05
845 -3.01154261342e-05
846 -2.82471182292e-05
847 -2.64796537639e-05
848 -2.4902852981e-05
849 -2.35397099417e-05
850 0.000452541302998
851 0.000446702362909
852 0.000434525063873
853 0.000417519358337
854 0.00039599770999
855 0.000370538664324
856 0.000342381877788
857 0.000311858965497
858 0.000280726036807
859 0.000249139867175
860 0.000217943522594
861 0.000188493689665
862 0.000162920103469
863 0.00014441220816
864 0.000137965145142
865 0.000149533476136
866 0.000181919715101
867 0.000229554099676
868 0.000276208076169
869 0.000301968524956
870 0.000295580833481
871 0.000259436035832
872 0.000205849906706
873 0.00014808099982
874 9.52136488814e-05
875 5.18115277443e-05
876 1.8549882717e-05
877 -5.63433989277e-06
878 -2.25005767715e-05
879 -3.3746810944e-05
880 -4.09097585577e-05
881 -4.51228828442e-05
882 -4.72619539591e-05
883 -4.79495844923e-05
884 -4.76386036261e-05
885 -4.6701187194e-05
886 -4.53803581052e-05
887 -4.38317392541e-05
888 -4.22262661599e-05
889 -4.05714868163e-05
890 -3.88387377582e-05
891 -3.70262981836e-05
892 -3.51394173307e-05
893 -3.32038225971e-05
894 -3.12856607996e-05
895 -2.9411493384e-05
896 -2.75815331648e-05
897 -2.58892678829e-05
898 -2.43993199183e-05
899 -2.31192314339e-05
900 0.000355817045258
901 0.000351285223161
902 0.00034190677259
903 0.000328746092863
904 0.000311915222149
905 0.000291896097349
906 0.000269652117454
907 0.000245405407767
908 0.000220682879096
909 0.000195953618027
910 0.000172643879564
911 0.000152976806131
912 0.000140290404058
913 0.000139137285307
914 0.000154252172994
915 0.000187340486261
916 0.000232595198053
917 0.000276258399284
918 0.000301449337383
919 0.00029762819089
920 0.000265741827132
921 0.00021590490956
922 0.000159994901012
923 0.000107351908559
924 6.26722223597e-05
925 2.75661587866e-05
926 1.36188851174e-06
927 -1.7305362907e-05
928 -3.01081150595e-05
929 -3.84893932301e-05
930 -4.36794292543e-05
931 -4.65466263989e-05
932 -4.77897920867e-05
933 -4.78808389743e-05
934 -4.72112799767e-05
935 -4.60712615036e-05
936 -4.46364461664e-05
937 -4.30645235457e-05
938 -4.14651226201e-05
939 -3.97926621906e-05
940 -3.80453233593e-05
941 -3.62169191025e-05
942 -3.43232489442e-05
943 -3.24065602515e-05
944 -3.05241661245e-05
945 -2.86794224858e-05
946 -2.69052720135e-05
947 -2.5299918484e-05
948 -2.38998411117e-05
949 -2.27021013138e-05
950 0.000276830008192
951 0.000273203652744
952 0.000265897692455
953 0.000255549971008
954 0.000242324576811
955 0.000226613789019
956 0.00020928025519
957 0.000190733818973
958 0.00017261207406
959 0.000156095450832
960 0.000143415229502
961 0.000137904429286
962 0.000143551470377
963 0.000163636366166
964 0.000198174674157
965 0.000241182295238
966 0.000280385377349
967 0.000302012376986
968 0.000297571609694
969 0.00026785410275
970 0.000220935047639
971 0.000167453905888
972 0.00011574749588
973 7.10765949549e-05
974 3.50011444037e-05
975 7.53380907047e-06
976 -1.25445081631e-05
977 -2.6579501733e-05
978 -3.60489648267e-05
979 -4.21048099639e-05
980 -4.56728252072e-05
981 -4.74517661617e-05
982 -4.79566425389e-05
983 -4.75760630317e-05
984 -4.66326909251e-05
985 -4.53381027193e-05
986 -4.38288546569e-05
987 -4.22655095077e-05
988 -4.0655369305e-05
989 -3.89686131988e-05
990 -3.72024418595e-05
991 -3.53628290001e-05
992 -3.34696633647e-05
993 -3.15840324245e-05
994 -2.97367297449e-05
995 -2.79267963871e-05
996 -2.62277759641e-05
997 -2.47170496791e-05
998 -2.34093456026e-05
999 -2.22882969007e-05
1000 0.000212170293742
1001 0.000209351209352
1002 0.000203838312026
1003 0.000195947504814
1004 0.000186141824735
1005 0.000174809631986
1006 0.00016298074278
1007 0.000151585663153
1008 0.000142548127049
1009 0.000138000954419
1010 0.00014087627011
1011 0.00015419930045
1012 0.000179504119039
1013 0.000215158862818
1014 0.000254659020972
1015 0.000287583372892
1016 0.000303208849764
1017 0.000295574973828
1018 0.000265799692741
1019 0.000221050499376
1020 0.000170037009822
1021 0.000120233132597
1022 7.63149693851e-05
1023 4.03872342301e-05
1024 1.23419429443e-05
1025 -8.51924986722e-06
1026 -2.34683628739e-05
1027 -3.37520672285e-05
1028 -4.05465762489e-05
1029 -4.47179125279e-05
1030 -4.69931398848e-05
1031 -4.78918641201e-05
1032 -4.78076014108e-05
1033 -4.70711660734e-05
1034 -4.59232478916e-05
1035 -4.45126326736e-05
1036 -4.29827187507e-05
1037 -4.14237026404e-05
1038 -3.97945391364e-05
1039 -3.80923670719e-05
1040 -3.63094666776e-05
1041 -3.44605607366e-05
1042 -3.25844735592e-05
1043 -3.07374226456e-05
1044 -2.89230420329e-05
1045 -2.71662642963e-05
1046 -2.55581243876e-05
1047 -2.4145332566e-05
1048 -2.29301997026e-05
1049 -2.18775353588e-05
1050 0.000162985727786
1051 0.000161195040302
1052 0.000157782855608
1053 0.00015307637522
1054 0.00014778844145
1055 0.000142586514794
1056 0.000138826509679
1057 0.000138123004892
1058 0.000142513333567
1059 0.000154091969426
1060 0.000174493460622
1061 0.000203605356564
1062 0.000238143749156
1063 0.000271752765301
1064 0.000296027811849
1065 0.000303439790016
1066 0.000290604337491
1067 0.000259503187364
1068 0.000216020616726
1069 0.000167593873435
1070 0.000120291461064
1071 7.81743256428e-05
1072 4.31296269349e-05
1073 1.54285791403e-05
1074 -5.65745456151e-06
1075 -2.1018200875e-05
1076 -3.1839143873e-05
1077 -3.91361683933e-05
1078 -4.37987550285e-05
1079 -4.64795003284e-05
1080 -4.77288619682e-05
1081 -4.79250329821e-05
1082 -4.73950226531e-05
1083 -4.63950035498e-05
1084 -4.50962713043e-05
1085 -4.36198532009e-05
1086 -4.21005855081e-05
1087 -4.05284462221e-05
1088 -3.88832175641e-05
1089 -3.71597020027e-05
1090 -3.53656215939e-05
1091 -3.35164879934e-05
1092 -3.16721899414e-05
1093 -2.98627783768e-05
1094 -2.80863124412e-05
1095 -2.64052071969e-05
1096 -2.48991564582e-05
1097 -2.35880010407e-05
1098 -2.24612163223e-05
1099 -2.1468716899e-05
1100 0.000138450093891
1101 0.000138187326055
1102 0.000137913333965
1103 0.000138142372094
1104 0.000139639324422
1105 0.000143530327085
1106 0.000151036221275
1107 0.000163650195251
1108 0.000182061060168
1109 0.000206522522728
1110 0.000235351501791
1111 0.000264854510212
1112 0.000289251810665
1113 0.000302488100002
1114 0.000300193547227
1115 0.00028116657208
1116 0.000248009209524
1117 0.000205749769695
1118 0.000160013511009
1119 0.000115826717171
1120 7.63265833473e-05
1121 4.30802365118e-05
1122 1.64115577925e-05
1123 -4.15227195193e-06
1124 -1.94822910277e-05
1125 -3.04591459013e-05
1126 -3.80357700151e-05
1127 -4.30036355959e-05
1128 -4.59912135125e-05
1129 -4.75167929957e-05
1130 -4.79566286173e-05
1131 -4.76177558248e-05
1132 -4.67648437341e-05
1133 -4.55753794229e-05
1134 -4.41713833229e-05
1135 -4.26876492115e-05
1136 -4.11688907582e-05
1137 -3.95773656268e-05
1138 -3.79155503611e-05
1139 -3.61740921193e-05
1140 -3.43690979941e-05
1141 -3.2540556455e-05
1142 -3.07345611667e-05
1143 -2.89617679449e-05
1144 -2.72390308638e-05
1145 -2.5654910414e-05
1146 -2.42555400758e-05
1147 -2.30470440997e-05
1148 -2.19982976929e-05
1149 -2.10603342981e-05
1150 0.000154290342183
1151 0.000155940344276
1152 0.00015965113687
1153 0.000165729886113
1154 0.000174649330024
1155 0.000187301483334
1156 0.000203733683753
1157 0.000224085252013
1158 0.000246639566213
1159 0.000269553814839
1160 0.000289207041573
1161 0.000301436934885
1162 0.000302528778592
1163 0.000290541703436
1164 0.000265795761266
1165 0.000230982421894
1166 0.000190345796962
1167 0.000147877570951
1168 0.000107254391803
1169 7.10626535502e-05
1170 4.03245755719e-05
1171 1.53485943352e-05
1172 -4.1832404538e-06
1173 -1.89271002242e-05
1174 -2.97251616958e-05
1175 -3.73165234986e-05
1176 -4.24181272857e-05
1177 -4.55828547858e-05
1178 -4.73047003811e-05
1179 -4.79352566296e-05
1180 -4.77616093463e-05
1181 -4.70410695765e-05
1182 -4.59604131894e-05
1183 -4.46355519139e-05
1184 -4.31929962438e-05
1185 -4.17195647431e-05
1186 -4.01819080229e-05
1187 -3.85751475378e-05
1188 -3.68885878139e-05
1189 -3.51361302938e-05
1190 -3.33335697398e-05
1191 -3.15405118468e-05
1192 -2.97774369223e-05
1193 -2.80440077456e-05
1194 -2.6402205844e-05
1195 -2.49273867933e-05
1196 -2.36367395647e-05
1197 -2.25253162985e-05
1198 -2.15436858845e-05
1199 -2.06522899951e-05
1200 0.00021229410429
1201 0.000215085339657
1202 0.00022096495905
1203 0.000229650731538
1204 0.000240961408885
1205 0.000254651284499
1206 0.000269496148117
1207 0.000284164845304
1208 0.000296027019678
1209 0.000302865389458
1210 0.000302091409591
1211 0.000291923276837
1212 0.000271935191691
1213 0.000243336445107
1214 0.000208352976745
1215 0.000170035958955
1216 0.000131558120291
1217 9.51724116479e-05
1218 6.27198769335e-05
1219 3.51032820797e-05
1220 1.23609557887e-05
1221 -5.65616878272e-06
1222 -1.94609009494e-05
1223 -2.96966337999e-05
1224 -3.70547900042e-05
1225 -4.20984839236e-05
1226 -4.5312443914e-05
1227 -4.71324052966e-05
1228 -4.78920679358e-05
1229 -4.78472512865e-05
1230 -4.72388330919e-05
1231 -4.62532113826e-05
1232 -4.50126880194e-05
1233 -4.36150937109e-05
1234 -4.21832644391e-05
1235 -4.06986538077e-05
1236 -3.91418627418e-05
1237 -3.75140203088e-05
1238 -3.58127410599e-05
1239 -3.40509970023e-05
1240 -3.22741017956e-05
1241 -3.05248317892e-05
1242 -2.8800368267e-05
1243 -2.7128035627e-05
1244 -2.55897516836e-05
1245 -2.42283971944e-05
1246 -2.30468189928e-05
1247 -2.20193489021e-05
1248 -2.10966384522e-05
1249 -2.02435009349e-05
1250 0.000278212869835
1251 0.000280170379472
1252 0.000284027038391
1253 0.000289144193035
1254 0.000294803389788
1255 0.000299958104439
1256 0.000303181647733
1257 0.00030290856059
1258 0.000297680943121
1259 0.000286244674454
1260 0.000268054779869
1261 0.000243367891068
1262 0.000213487559556
1263 0.000180254137312
1264 0.00014561367615
1265 0.000111624602395
1266 8.00452222383e-05
1267 5.1837554248e-05
1268 2.76372576696e-05
1269 7.62077941314e-06
1270 -8.5051650623e-06
1271 -2.10095470831e-05
1272 -3.04408261767e-05
1273 -3.72921504049e-05
1274 -4.20956244733e-05
1275 -4.52189244025e-05
1276 -4.70404029935e-05
1277 -4.7853679626e-05
1278 -4.78913044859e-05
1279 -4.73692897784e-05
1280 -4.64638093261e-05
1281 -4.5298789229e-05
1282 -4.39577099115e-05
1283 -4.25595898315e-05
1284 -4.11268684942e-05
1285 -3.96206381722e-05
1286 -3.80467356728e-05
1287 -3.63976668008e-05
1288 -3.46840604988e-05
1289 -3.29347208711e-05
1290 -3.11988129396e-05
1291 -2.94916381601e-05
1292 -2.78121929082e-05
1293 -2.62302435527e-05
1294 -2.48078707205e-05
1295 -2.3561762321e-05
1296 -2.2482252587e-05
1297 -2.15259315107e-05
1298 -2.06530184621e-05
1299 -1.98347308218e-05
1300 0.000303436642472
1301 0.000303241783444
1302 0.000302569397122
1303 0.000300946766159
1304 0.000297716641467
1305 0.000291996556498
1306 0.000283041935119
1307 0.000269970677026
1308 0.000252856120013
1309 0.000231322921178
1310 0.000205979292862
1311 0.000177749840933
1312 0.000148011535014
1313 0.000118177314752
1314 8.94011035617e-05
1315 6.27697325052e-05
1316 3.90700448344e-05
1317 1.85815817553e-05
1318 1.4249584436e-06
1319 -1.24752218991e-05
1320 -2.34488685235e-05
1321 -3.18269698481e-05
1322 -3.80215732625e-05
1323 -4.24030326247e-05
1324 -4.53108847977e-05
1325 -4.70412904968e-05
1326 -4.7839699539e-05
1327 -4.79095815978e-05
1328 -4.74416655787e-05
1329 -4.66001924486e-05
1330 -4.54971460544e-05
1331 -4.42143218875e-05
1332 -4.28554038563e-05
1333 -4.14660679708e-05
1334 -4.00109250864e-05
1335 -3.84888917362e-05
1336 -3.68909475938e-05
1337 -3.52296213261e-05
1338 -3.35140354195e-05
1339 -3.17999365519e-05
1340 -3.01100710095e-05
1341 -2.84418598167e-05
1342 -2.68349319206e-05
1343 -2.5366184912e-05
1344 -2.40634547968e-05
1345 -2.29313290599e-05
1346 -2.19386222656e-05
1347 -2.10432353064e-05
1348 -2.02101192516e-05
1349 -1.94305099991e-05
1350 0.000272026079067
1351 0.00027013392079
1352 0.000266000486514
1353 0.000259519387619
1354 0.000250584393985
1355 0.000238654945069
1356 0.000223787391588
1357 0.000205812355713
1358 0.000185464506358
1359 0.000162804345601
1360 0.000138623192981
1361 0.000113831888737
1362 8.9379364652e-05
1363 6.61271446353e-05
1364 4.46026160013e-05
1365 2.52888932819e-05
1366 8.53787819605e-06
1367 -5.63255364427e-06
1368 -1.72806375555e-05
1369 -2.65512452441e-05
1370 -3.37487510845e-05
1371 -3.91340953266e-05
1372 -4.299800531e-05
1373 -4.55780432103e-05
1374 -4.71333291221e-05
1375 -4.78540718504e-05
1376 -4.79094711883e-05
1377 -4.74661111057e-05
1378 -4.66662969919e-05
1379 -4.56170314851e-05
1380 -4.43839882163e-05
1381 -4.30677764471e-05
1382 -4.17209422432e-05
1383 -4.03126981651e-05
1384 -3.88390353729e-05
1385 -3.72937081153e-05
1386 -3.56806867463e-05
1387 -3.40096602182e-05
1388 -3.23215206213e-05
1389 -3.06526429327e-05
1390 -2.90044323601e-05
1391 -2.73922473332e-05
1392 -2.58897647692e-05
1393 -2.45436024848e-05
1394 -2.33617287668e-05
1395 -2.23325616552e-05
1396 -2.14122896054e-05
1397 -2.05668426131e-05
1398 -1.97708566479e-05
1399 -1.90350962027e-05
1400 0.000205684456527
1401 0.000203225800368
1402 0.00019806934476
1403 0.00019033134555
1404 0.000180237455093
1405 0.000167581716554
1406 0.00015277702573
1407 0.000136014794503
1408 0.000118078199126
1409 9.91938514955e-05
1410 7.99982390272e-05
1411 6.11047764653e-05
1412 4.30921292686e-05
1413 2.64372609698e-05
1414 1.13855656216e-05
1415 -1.83777892974e-06
1416 -1.31241812153e-05
1417 -2.24970861067e-05
1418 -3.00931184453e-05
1419 -3.60307228683e-05
1420 -4.05434803699e-05
1421 -4.37995003012e-05
1422 -4.5988838128e-05
1423 -4.73031286582e-05
1424 -4.78921983778e-05
1425 -4.78907949647e-05
1426 -4.74408478266e-05
1427 -4.66653466058e-05
1428 -4.56531348429e-05
1429 -4.44681011978e-05
1430 -4.31909131804e-05
1431 -4.18880152276e-05
1432 -4.05267364986e-05
1433 -3.90979260729e-05
1434 -3.7602744074e-05
1435 -3.60392111676e-05
1436 -3.4413778426e-05
1437 -3.27591983501e-05
1438 -3.1115395192e-05
1439 -2.94927699864e-05
1440 -2.78899567073e-05
1441 -2.63692377679e-05
1442 -2.4989680975e-05
1443 -2.37678933456e-05
1444 -2.270260133e-05
1445 -2.17578050696e-05
1446 -2.08984438353e-05
1447 -2.00937697569e-05
1448 -1.93401020508e-05
1449 -1.86484349905e-05
1450 0.000133675833016
1451 0.000131487485253
1452 0.000126914139345
1453 0.000120233888227
1454 0.000111624842501
1455 0.000101193293192
1456 8.93282073426e-05
1457 7.629648824e-05
1458 6.27544227622e-05
1459 4.88682517827e-05
1460 3.50961782957e-05
1461 2.18276491002e-05
1462 9.434032154e-06
1463 -1.83334605226e-06
1464 -1.18491502032e-05
1465 -2.05115083261e-05
1466 -2.77889575899e-05
1467 -3.37465445271e-05
1468 -3.84864606014e-05
1469 -4.21000983184e-05
1470 -4.4720695103e-05
1471 -4.64817337514e-05
1472 -4.75160207269e-05
1473 -4.7934754279e-05
1474 -4.78470222954e-05
1475 -4.7368984967e-05
1476 -4.65992478922e-05
1477 -4.56155630085e-05
1478 -4.44680705023e-05
1479 -4.32343639828e-05
1480 -4.19695292157e-05
1481 -4.06537023786e-05
1482 -3.92719353174e-05
1483 -3.78219834735e-05
1484 -3.63059318407e-05
1485 -3.4729967789e-05
1486 -3.31112805991e-05
1487 -3.14975152447e-05
1488 -2.99021995889e-05
1489 -2.83218741835e-05
1490 -2.67973114282e-05
1491 -2.53970542707e-05
1492 -2.4145222071e-05
1493 -2.30469759984e-05
1494 -2.20804967662e-05
1495 -2.12056710926e-05
1496 -2.03946427366e-05
1497 -1.96293142034e-05
1498 -1.8922556084e-05
1499 -1.82675675501e-05
1500 7.29454870114e-05
1501 7.12978621301e-05
1502 6.7857476812e-05
1503 6.29157961951e-05
1504 5.65639825581e-05
1505 4.90116109897e-05
1506 4.05385224336e-05
1507 3.13574807205e-05
1508 2.19878826103e-05
1509 1.24911955535e-05
1510 3.22027065341e-06
1511 -5.5882108135e-06
1512 -1.36968510366e-05
1513 -2.09657953649e-05
1514 -2.73559456167e-05
1515 -3.2796417717e-05
1516 -3.72899244931e-05
1517 -4.08970303477e-05
1518 -4.36664521861e-05
1519 -4.56617037882e-05
1520 -4.69896655275e-05
1521 -4.77277064293e-05
1522 -4.79566403687e-05
1523 -4.77638182905e-05
1524 -4.72408406144e-05
1525 -4.64667499111e-05
1526 -4.55000141915e-05
1527 -4.43869620351e-05
1528 -4.3195565733e-05
1529 -4.19760834443e-05
1530 -4.06998443984e-05
1531 -3.93624047257e-05
1532 -3.79608627727e-05
1533 -3.64869629755e-05
1534 -3.49586873308e-05
1535 -3.33821241349e-05
1536 -3.17999655179e-05
1537 -3.02358052408e-05
1538 -2.86827177091e-05
1539 -2.71680295727e-05
1540 -2.57567619308e-05
1541 -2.44863150125e-05
1542 -2.33629745346e-05
1543 -2.23761701132e-05
1544 -2.14889857027e-05
1545 -2.06711887902e-05
1546 -1.99000953394e-05
1547 -1.91803280476e-05
1548 -1.85163604129e-05
1549 -1.78882050008e-05
1550 2.77501553781e-05
1551 2.65921903857e-05
1552 2.42297655993e-05
1553 2.08648483675e-05
1554 1.6567777237e-05
1555 1.1510193634e-05
1556 5.88159930648e-06
1557 -1.72873157376e-07
1558 -6.27747750421e-06
1559 -1.24063889772e-05
1560 -1.83157726582e-05
1561 -2.38704442511e-05
1562 -2.89319051267e-05
1563 -3.34113853051e-05
1564 -3.7287425773e-05
1565 -4.05270601124e-05
1566 -4.31274193798e-05
1567 -4.51158988454e-05
1568 -4.6540314996e-05
1569 -4.74473104883e-05
1570 -4.78912016718e-05
1571 -4.79253187313e-05
1572 -4.76191172195e-05
1573 -4.70451409254e-05
1574 -4.6255614031e-05
1575 -4.53012079311e-05
1576 -4.42159269477e-05
1577 -4.30692421662e-05
1578 -4.1890534373e-05
1579 -4.06592192969e-05
1580 -3.93631036646e-05
1581 -3.80069841428e-05
1582 -3.65809168891e-05
1583 -3.50949705168e-05
1584 -3.35640104285e-05
1585 -3.20194354633e-05
1586 -3.04870869739e-05
1587 -2.8966917215e-05
1588 -2.74710609768e-05
1589 -2.60617992854e-05
1590 -2.47813528972e-05
1591 -2.36411314558e-05
1592 -2.26384259637e-05
1593 -2.17409897559e-05
1594 -2.09187841533e-05
1595 -2.01450486192e-05
1596 -1.94172043229e-05
1597 -1.87455501822e-05
1598 -1.81151026038e-05
1599 -1.75030629732e-05
1600 -3.37216786084e-06
1601 -4.12759122419e-06
1602 -5.64359804835e-06
1603 -7.80719225521e-06
1604 -1.05337131996e-05
1605 -1.37277475979e-05
1606 -1.72617371168e-05
1607 -2.10324522972e-05
1608 -2.48077330948e-05
1609 -2.85629529574e-05
1610 -3.2150082943e-05
1611 -3.54846897773e-05
1612 -3.84829635192e-05
1613 -4.10875415813e-05
1614 -4.327299761e-05
1615 -4.50231053928e-05
1616 -4.6346307338e-05
1617 -4.72612378201e-05
1618 -4.77884406754e-05
1619 -4.79565940126e-05
1620 -4.78079105979e-05
1621 -4.73945308469e-05
1622 -4.67649257242e-05
1623 -4.59632353869e-05
1624 -4.5014774386e-05
1625 -4.39601658161e-05
1626 -4.28566458769e-05
1627 -4.17224369801e-05
1628 -4.05287185969e-05
1629 -3.92762318288e-05
1630 -3.79608757489e-05
1631 -3.65799502075e-05
1632 -3.51407636308e-05
1633 -3.3650621829e-05
1634 -3.21502572006e-05
1635 -3.06552788041e-05
1636 -2.9169056972e-05
1637 -2.76992626278e-05
1638 -2.63015911453e-05
1639 -2.50222455848e-05
1640 -2.38745226645e-05
1641 -2.28620446349e-05
1642 -2.19585260752e-05
1643 -2.11334164064e-05
1644 -2.03612194833e-05
1645 -1.96293625183e-05
1646 -1.89511890241e-05
1647 -1.83197328024e-05
1648 -1.77133134664e-05
1649 -1.71039021457e-05
1650 -2.34556322328e-05
1651 -2.39117707068e-05
1652 -2.48306975522e-05
1653 -2.61548921958e-05
1654 -2.77924057565e-05
1655 -2.97190364963e-05
1656 -3.18327813433e-05
1657 -3.40688256007e-05
1658 -3.62947058934e-05
1659 -3.84780203745e-05
1660 -4.05376719383e-05
1661 -4.24134265697e-05
1662 -4.4051298415e-05
1663 -4.54085505211e-05
1664 -4.64834228368e-05
1665 -4.72640975231e-05
1666 -4.77504673789e-05
1667 -4.7949880061e-05
1668 -4.78809987404e-05
1669 -4.75768146956e-05
1670 -4.70704454534e-05
1671 -4.63935839316e-05
1672 -4.55757922998e-05
1673 -4.46390269532e-05
1674 -4.36178334177e-05
1675 -4.25616115276e-05
1676 -4.14665821691e-05
1677 -4.0314124218e-05
1678 -3.9100324019e-05
1679 -3.78284122934e-05
1680 -3.64885943031e-05
1681 -3.50951045804e-05
1682 -3.36509764689e-05
1683 -3.21915174632e-05
1684 -3.07388925971e-05
1685 -2.92902382485e-05
1686 -2.78529016897e-05
1687 -2.6476780299e-05
1688 -2.52070104113e-05
1689 -2.40624043989e-05
1690 -2.3046622685e-05
1691 -2.21418799179e-05
1692 -2.13166833432e-05
1693 -2.0548127056e-05
1694 -1.98175707049e-05
1695 -1.91346607761e-05
1696 -1.85019829775e-05
1697 -1.78993350748e-05
1698 -1.7302885112e-05
1699 -1.66850550299e-05
1700 -3.57711978971e-05
1701 -3.60335752958e-05
1702 -3.65637145737e-05
1703 -3.73276296669e-05
1704 -3.8258240735e-05
1705 -3.93567974911e-05
1706 -4.05457194714e-05
1707 -4.1788354152e-05
1708 -4.30038637644e-05
1709 -4.41622719164e-05
1710 -4.5220196711e-05
1711 -4.61401997583e-05
1712 -4.68940402764e-05
1713 -4.7452709213e-05
1714 -4.78080688162e-05
1715 -4.79529088283e-05
1716 -4.78912138379e-05
1717 -4.76371479567e-05
1718 -4.7210580933e-05
1719 -4.66328590353e-05
1720 -4.592175707e-05
1721 -4.50933663906e-05
1722 -4.4169477813e-05
1723 -4.31936487826e-05
1724 -4.21827295633e-05
1725 -4.11255038477e-05
1726 -4.00086061371e-05
1727 -3.88380474665e-05
1728 -3.76026358154e-05
1729 -3.63080552505e-05
1730 -3.49558683786e-05
1731 -3.35584587989e-05
1732 -3.21446679659e-05
1733 -3.07332313005e-05
1734 -2.93261019846e-05
1735 -2.79261224386e-05
1736 -2.65796461918e-05
1737 -2.53310027955e-05
1738 -2.41987611354e-05
1739 -2.31883390967e-05
1740 -2.22878869489e-05
1741 -2.14669576556e-05
1742 -2.07035300628e-05
1743 -1.99782396252e-05
1744 -1.92948780956e-05
1745 -1.86613489929e-05
1746 -1.80627273303e-05
1747 -1.74768518675e-05
1748 -1.68757090731e-05
1749 -1.62437713479e-05
1750 -4.28706261493e-05
1751 -4.30121705578e-05
1752 -4.32925469608e-05
1753 -4.36891000476e-05
1754 -4.41711596587e-05
1755 -4.47308971538e-05
1756 -4.53218216092e-05
1757 -4.5922816122e-05
1758 -4.64869163449e-05
1759 -4.69951421653e-05
1760 -4.74181414409e-05
1761 -4.77305919048e-05
1762 -4.79129905779e-05
1763 -4.79529422912e-05
1764 -4.78460930545e-05
1765 -4.75961035956e-05
1766 -4.72107540089e-05
1767 -4.66976641161e-05
1768 -4.60690336933e-05
1769 -4.53370883114e-05
1770 -4.45092475382e-05
1771 -4.36147851625e-05
1772 -4.268460065e-05
1773 -4.17201681133e-05
1774 -4.06979267293e-05
1775 -3.96183430741e-05
1776 -3.84848562758e-05
1777 -3.72896272934e-05
1778 -3.60361553902e-05
1779 -3.47285088659e-05
1780 -3.33779165456e-05
1781 -3.20136865056e-05
1782 -3.06497852322e-05
1783 -2.92844650589e-05
1784 -2.79250016489e-05
1785 -2.66132945178e-05
1786 -2.53936152945e-05
1787 -2.4282106848e-05
1788 -2.32847232243e-05
1789 -2.2393881881e-05
1790 -2.15805624877e-05
1791 -2.08257103024e-05
1792 -2.01085600655e-05
1793 -1.94287362813e-05
1794 -1.87966745146e-05
1795 -1.82015615598e-05
1796 -1.76248597129e-05
1797 -1.70396584903e-05
1798 -1.64264360607e-05
1799 -1.57771596733e-05
1800 -4.64833128067e-05
1801 -4.65468741319e-05
1802 -4.66697915316e-05
1803 -4.68387250412e-05
1804 -4.70415685629e-05
1805 -4.72653064562e-05
1806 -4.74849447744e-05
1807 -4.76852154488e-05
1808 -4.78400169123e-05
1809 -4.79352406858e-05
1810 -4.79533107616e-05
1811 -4.7881253978e-05
1812 -4.77115517944e-05
1813 -4.74421989964e-05
1814 -4.70707917722e-05
1815 -4.65994328958e-05
1816 -4.60354741358e-05
1817 -4.53781836107e-05
1818 -4.46366042247e-05
1819 -4.38303161065e-05
1820 -4.29813240918e-05
1821 -4.20981573431e-05
1822 -4.11676391621e-05
1823 -4.01836603486e-05
1824 -3.91409416638e-05
1825 -3.80441960698e-05
1826 -3.68856505381e-05
1827 -3.56748678652e-05
1828 -3.44105947385e-05
1829 -3.31095227862e-05
1830 -3.17961932764e-05
1831 -3.0482207698e-05
1832 -2.91642877203e-05
1833 -2.78492441524e-05
1834 -2.6580395342e-05
1835 -2.53957971349e-05
1836 -2.43118790822e-05
1837 -2.33354961575e-05
1838 -2.24599971744e-05
1839 -2.16603373531e-05
1840 -2.09155280985e-05
1841 -2.02087582634e-05
1842 -1.9536002003e-05
1843 -1.89081733929e-05
1844 -1.83186629623e-05
1845 -1.774927207e-05
1846 -1.71782992843e-05
1847 -1.65823530795e-05
1848 -1.59524931333e-05
1849 -1.52872829854e-05
1850 -4.78534008178e-05
1851 -4.78670510019e-05
1852 -4.78915345962e-05
1853 -4.79201362243e-05
1854 -4.79451352848e-05
1855 -4.79564365445e-05
1856 -4.79423653706e-05
1857 -4.78909076301e-05
1858 -4.77934398453e-05
1859 -4.76387466333e-05
1860 -4.74199483996e-05
1861 -4.71293062791e-05
1862 -4.67648907106e-05
1863 -4.63262446552e-05
1864 -4.58112308542e-05
1865 -4.52187849429e-05
1866 -4.45564989976e-05
1867 -4.38320005446e-05
1868 -4.30678662317e-05
1869 -4.22691140584e-05
1870 -4.14256606977e-05
1871 -4.0529255449e-05
1872 -3.95789522366e-05
1873 -3.85796584961e-05
1874 -3.75160812357e-05
1875 -3.63982170146e-05
1876 -3.52275730298e-05
1877 -3.40074233357e-05
1878 -3.27595844268e-05
1879 -3.14989607823e-05
1880 -3.02349413343e-05
1881 -2.8965139941e-05
1882 -2.76986867031e-05
1883 -2.64763305283e-05
1884 -2.53354015303e-05
1885 -2.42869994358e-05
1886 -2.33367971522e-05
1887 -2.24828433144e-05
1888 -2.16999504331e-05
1889 -2.09711049119e-05
1890 -2.02772230968e-05
1891 -1.96139162856e-05
1892 -1.89933070259e-05
1893 -1.84106182468e-05
1894 -1.78499684627e-05
1895 -1.72908842358e-05
1896 -1.67113028842e-05
1897 -1.60998459153e-05
1898 -1.54526512959e-05
1899 -1.4779906475e-05
1900 -4.77628137483e-05
1901 -4.77469132215e-05
1902 -4.77124622859e-05
1903 -4.76583778154e-05
1904 -4.75779705817e-05
1905 -4.74668445499e-05
1906 -4.73200915373e-05
1907 -4.71279218998e-05
1908 -4.68925394322e-05
1909 -4.66022648398e-05
1910 -4.62561002256e-05
1911 -4.58484486491e-05
1912 -4.53792789506e-05
1913 -4.48487838493e-05
1914 -4.42591223934e-05
1915 -4.36192591016e-05
1916 -4.29428381771e-05
1917 -4.22273573045e-05
1918 -4.14692750165e-05
1919 -4.06596818535e-05
1920 -3.97974841836e-05
1921 -3.8885404829e-05
1922 -3.79185581098e-05
1923 -3.68970244418e-05
1924 -3.58197442507e-05
1925 -3.46907098145e-05
1926 -3.35187784023e-05
1927 -3.23243915435e-05
1928 -3.11196433846e-05
1929 -2.99078619518e-05
1930 -2.86855109938e-05
1931 -2.74731200793e-05
1932 -2.63034469999e-05
1933 -2.52103261796e-05
1934 -2.42049833894e-05
1935 -2.32908114542e-05
1936 -2.24628682066e-05
1937 -2.1701544639e-05
1938 -2.09899744387e-05
1939 -2.03123224373e-05
1940 -1.96621150386e-05
1941 -1.9050667417e-05
1942 -1.84772712831e-05
1943 -1.79261434696e-05
1944 -1.73793149962e-05
1945 -1.68136293697e-05
1946 -1.62190149172e-05
1947 -1.55892914557e-05
1948 -1.4931125216e-05
1949 -1.426624781e-05
1950 -4.67972330851e-05
1951 -4.67667302896e-05
1952 -4.67009866213e-05
1953 -4.66023926229e-05
1954 -4.64663969343e-05
1955 -4.62915097308e-05
1956 -4.60745418259e-05
1957 -4.58092303465e-05
1958 -4.55012646454e-05
1959 -4.51392243675e-05
1960 -4.47254813534e-05
1961 -4.42588940647e-05
1962 -4.3746297785e-05
1963 -4.31951443803e-05
1964 -4.26064312742e-05
1965 -4.19755340763e-05
1966 -4.13004441121e-05
1967 -4.05738546858e-05
1968 -3.97980180132e-05
1969 -3.89738707047e-05
1970 -3.80964293766e-05
1971 -3.71627193899e-05
1972 -3.61783776622e-05
1973 -3.51453836316e-05
1974 -3.40590864635e-05
1975 -3.29409432184e-05
1976 -3.18034145829e-05
1977 -3.0654662117e-05
1978 -2.94935049124e-05
1979 -2.83245027789e-05
1980 -2.716741947e-05
1981 -2.60612122932e-05
1982 -2.50222607074e-05
1983 -2.40642677391e-05
1984 -2.3192205514e-05
1985 -2.23977302311e-05
1986 -2.166139084e-05
1987 -2.09715279833e-05
1988 -2.03114949033e-05
1989 -1.96774513014e-05
1990 -1.90791684554e-05
1991 -1.85165261826e-05
1992 -1.79762731349e-05
1993 -1.74416212248e-05
1994 -1.68905966267e-05
1995 -1.63106370596e-05
1996 -1.56980438131e-05
1997 -1.5054783979e-05
1998 -1.43999278136e-05
1999 -1.37594887289e-05
2000 -4.53361973032e-05
2001 -4.52991244478e-05
2002 -4.52168951444e-05
2003 -4.5093955487e-05
2004 -4.49296786978e-05
2005 -4.47214682639e-05
2006 -4.44686640385e-05
2007 -4.41691357169e-05
2008 -4.38308149741e-05
2009 -4.34475587101e-05
2010 -4.3024641788e-05
2011 -4.25606630499e-05
2012 -4.20545700124e-05
2013 -4.1506633467e-05
2014 -4.09124408736e-05
2015 -4.0268081484e-05
2016 -3.95772283537e-05
2017 -3.88376743151e-05
2018 -3.80470632003e-05
2019 -3.72036222034e-05
2020 -3.63082931612e-05
2021 -3.53631705028e-05
2022 -3.43690767802e-05
2023 -3.33386983137e-05
2024 -3.2278213676e-05
2025 -3.12013755722e-05
2026 -3.0110994879e-05
2027 -2.90043825238e-05
2028 -2.78895945307e-05
2029 -2.67984053494e-05
2030 -2.57544549984e-05
2031 -2.47790654642e-05
2032 -2.38742780736e-05
2033 -2.30473808854e-05
2034 -2.22895185588e-05
2035 -2.1583005727e-05
2036 -2.09160439591e-05
2037 -2.02764426933e-05
2038 -1.96602639732e-05
2039 -1.90778970466e-05
2040 -1.85283604705e-05
2041 -1.79994302775e-05
2042 -1.74769572815e-05
2043 -1.69393514651e-05
2044 -1.63745148239e-05
2045 -1.57769508903e-05
2046 -1.51493778529e-05
2047 -1.45061902043e-05
2048 -1.38727682152e-05
2049 -1.3264774844e-05
2050 -4.36101694023e-05
2051 -4.35723203712e-05
2052 -4.34847944207e-05
2053 -4.33564672865e-05
2054 -4.31885628577e-05
2055 -4.29771432854e-05
2056 -4.27245504225e-05
2057 -4.24286902482e-05
2058 -4.20948609347e-05
2059 -4.17160049935e-05
2060 -4.12926669223e-05
2061 -4.0823202329e-05
2062 -4.03062695995e-05
2063 -3.97449923735e-05
2064 -3.91381396868e-05
2065 -3.84826318454e-05
2066 -3.77770442143e-05
2067 -3.7017534172e-05
2068 -3.62112278626e-05
2069 -3.53575522918e-05
2070 -3.44528481824e-05
2071 -3.35072944271e-05
2072 -3.25327599351e-05
2073 -3.15384189828e-05
2074 -3.05220235094e-05
2075 -2.94885964861e-05
2076 -2.84377936571e-05
2077 -2.73881740118e-05
2078 -2.63649439407e-05
2079 -2.53940665968e-05
2080 -2.44811493091e-05
2081 -2.36361269845e-05
2082 -2.28594209507e-05
2083 -2.21404386279e-05
2084 -2.14660063753e-05
2085 -2.08255944933e-05
2086 -2.02077615186e-05
2087 -1.96123535203e-05
2088 -1.9048204147e-05
2089 -1.85143741909e-05
2090 -1.79988916416e-05
2091 -1.74882681092e-05
2092 -1.69637402349e-05
2093 -1.64129359359e-05
2094 -1.58297725876e-05
2095 -1.52161890079e-05
2096 -1.45859312247e-05
2097 -1.39608141767e-05
2098 -1.33592726934e-05
2099 -1.27818577807e-05
2100 -4.18378630473e-05
2101 -4.18009620682e-05
2102 -4.17133066392e-05
2103 -4.15864979497e-05
2104 -4.14186702166e-05
2105 -4.12058690453e-05
2106 -4.09500036922e-05
2107 -4.06487557052e-05
2108 -4.03070785764e-05
2109 -3.99191579363e-05
2110 -3.94858421544e-05
2111 -3.90075134356e-05
2112 -3.84819272363e-05
2113 -3.79097576337e-05
2114 -3.7287519645e-05
2115 -3.66171097424e-05
2116 -3.59001879782e-05
2117 -3.51317545008e-05
2118 -3.43164770286e-05
2119 -3.34630158208e-05
2120 -3.25760974083e-05
2121 -3.1662952732e-05
2122 -3.0728378365e-05
2123 -2.97757074239e-05
2124 -2.87970573682e-05
2125 -2.78087776048e-05
2126 -2.68306183902e-05
2127 -2.58854738875e-05
2128 -2.49861039089e-05
2129 -2.41424356818e-05
2130 -2.33582047677e-05
2131 -2.26339276223e-05
2132 -2.19565859342e-05
2133 -2.13158832644e-05
2134 -2.07033373314e-05
2135 -2.01089576059e-05
2136 -1.95355111084e-05
2137 -1.89920077342e-05
2138 -1.84751451968e-05
2139 -1.79744373709e-05
2140 -1.74768720481e-05
2141 -1.6964783564e-05
2142 -1.64272218431e-05
2143 -1.58582211914e-05
2144 -1.52589152544e-05
2145 -1.46406193398e-05
2146 -1.4026705816e-05
2147 -1.34328269866e-05
2148 -1.28624282463e-05
2149 -1.2307601705e-05
2150 -4.00072440159e-05
2151 -3.99682783518e-05
2152 -3.98786871059e-05
2153 -3.97499390824e-05
2154 -3.95777839242e-05
2155 -3.93601444577e-05
2156 -3.90983393213e-05
2157 -3.87912039645e-05
2158 -3.84434236393e-05
2159 -3.80473177398e-05
2160 -3.76038314863e-05
2161 -3.71132385775e-05
2162 -3.65753285969e-05
2163 -3.59937393192e-05
2164 -3.53634329101e-05
2165 -3.46858776424e-05
2166 -3.39639612906e-05
2167 -3.32027215883e-05
2168 -3.24073149854e-05
2169 -3.15847733985e-05
2170 -3.07342221642e-05
2171 -2.98598938379e-05
2172 -2.89608892681e-05
2173 -2.80469946811e-05
2174 -2.71285322572e-05
2175 -2.62304287599e-05
2176 -2.53640993384e-05
2177 -2.45416411294e-05
2178 -2.37677829733e-05
2179 -2.30473733866e-05
2180 -2.23746822049e-05
2181 -2.17389516003e-05
2182 -2.11334323154e-05
2183 -2.0548874332e-05
2184 -1.99798397693e-05
2185 -1.94308540778e-05
2186 -1.89094860962e-05
2187 -1.84109976643e-05
2188 -1.79256453285e-05
2189 -1.74413304804e-05
2190 -1.69407226632e-05
2191 -1.64154117662e-05
2192 -1.58604219488e-05
2193 -1.52747591701e-05
2194 -1.46701431593e-05
2195 -1.40673976553e-05
2196 -1.34842995637e-05
2197 -1.29222985447e-05
2198 -1.23764364003e-05
2199 -1.18353014754e-05
2200 -3.8095893376e-05
2201 -3.80538829386e-05
2202 -3.7962876491e-05
2203 -3.78315931051e-05
2204 -3.76544629178e-05
2205 -3.74315247756e-05
2206 -3.71628371275e-05
2207 -3.68477412872e-05
2208 -3.64928063482e-05
2209 -3.60894728757e-05
2210 -3.56402028737e-05
2211 -3.51431692593e-05
2212 -3.45989470141e-05
2213 -3.40136838591e-05
2214 -3.33854106127e-05
2215 -3.27207500983e-05
2216 -3.20216978552e-05
2217 -3.12906402907e-05
2218 -3.0530911831e-05
2219 -2.97441332765e-05
2220 -2.89273867793e-05
2221 -2.80894469901e-05
2222 -2.72444839566e-05
2223 -2.64104831921e-05
2224 -2.55952506515e-05
2225 -2.48125348875e-05
2226 -2.40658490539e-05
2227 -2.33630572497e-05
2228 -2.27052911116e-05
2229 -2.20822558635e-05
2230 -2.14886690404e-05
2231 -2.09179744736e-05
2232 -2.03622315957e-05
2233 -1.98193577674e-05
2234 -1.92973927516e-05
2235 -1.87997265855e-05
2236 -1.83208273286e-05
2237 -1.78515406821e-05
2238 -1.73798627957e-05
2239 -1.68911927538e-05
2240 -1.63769422138e-05
2241 -1.58337666364e-05
2242 -1.52624784754e-05
2243 -1.46723547266e-05
2244 -1.40831177025e-05
2245 -1.35107010468e-05
2246 -1.29592509573e-05
2247 -1.24221430696e-05
2248 -1.18910556342e-05
2249 -1.13647929585e-05
2250 -3.60914592975e-05
2251 -3.60474970215e-05
2252 -3.59557472148e-05
2253 -3.58221249847e-05
2254 -3.56418321147e-05
2255 -3.54169105097e-05
2256 -3.51455840474e-05
2257 -3.48264945806e-05
2258 -3.44681545553e-05
2259 -3.40621095261e-05
2260 -3.36134155349e-05
2261 -3.31215991272e-05
2262 -3.25897769856e-05
2263 -3.20239349334e-05
2264 -3.14209706847e-05
2265 -3.07856658482e-05
2266 -3.01187104839e-05
2267 -2.94182533933e-05
2268 -2.86890648683e-05
2269 -2.79375069435e-05
2270 -2.71743347292e-05
2271 -2.64118299692e-05
2272 -2.56631765968e-05
2273 -2.4937479295e-05
2274 -2.4233583706e-05
2275 -2.35660592052e-05
2276 -2.29336757306e-05
2277 -2.23347092617e-05
2278 -2.17617079097e-05
2279 -2.12090899079e-05
2280 -2.06721916116e-05
2281 -2.01456802451e-05
2282 -1.96314161197e-05
2283 -1.91373352267e-05
2284 -1.86645930512e-05
2285 -1.82053784078e-05
2286 -1.77524008109e-05
2287 -1.72928623106e-05
2288 -1.68143717546e-05
2289 -1.63116803663e-05
2290 -1.57796562843e-05
2291 -1.52206319427e-05
2292 -1.46448910408e-05
2293 -1.40700690001e-05
2294 -1.35112836775e-05
2295 -1.29716934359e-05
2296 -1.24462409823e-05
2297 -1.19246899251e-05
2298 -1.14076959734e-05
2299 -1.09053200151e-05
2300 -3.40171219032e-05
2301 -3.3972444187e-05
2302 -3.38813846516e-05
2303 -3.37460059501e-05
2304 -3.35657501891e-05
2305 -3.3343550142e-05
2306 -3.30764441105e-05
2307 -3.27640863519e-05
2308 -3.24159719005e-05
2309 -3.20235543426e-05
2310 -3.15929378376e-05
2311 -3.11222209032e-05
2312 -3.06150034851e-05
2313 -3.00744487452e-05
2314 -2.9497179862e-05
2315 -2.88868006028e-05
2316 -2.82475293084e-05
2317 -2.75851789545e-05
2318 -2.69114042351e-05
2319 -2.62343270619e-05
2320 -2.55626142554e-05
2321 -2.49021353491e-05
2322 -2.4260341063e-05
2323 -2.36430641275e-05
2324 -2.30492289722e-05
2325 -2.24841648829e-05
2326 -2.19392068888e-05
2327 -2.14126185451e-05
2328 -2.09004334347e-05
2329 -2.03965363087e-05
2330 -1.98999324648e-05
2331 -1.94171621773e-05
2332 -1.89524459433e-05
2333 -1.85039737339e-05
2334 -1.80652086067e-05
2335 -1.76278867208e-05
2336 -1.71806535056e-05
2337 -1.6712690838e-05
2338 -1.62193389183e-05
2339 -1.5698737593e-05
2340 -1.51515371349e-05
2341 -1.45893819345e-05
2342 -1.40301231587e-05
2343 -1.34858768438e-05
2344 -1.29588820603e-05
2345 -1.2445122091e-05
2346 -1.19355507715e-05
2347 -1.14283065248e-05
2348 -1.09342247082e-05
2349 -1.04588716687e-05
2350 -3.19345037805e-05
2351 -3.18909330024e-05
2352 -3.18043187409e-05
2353 -3.16739153974e-05
2354 -3.15012982887e-05
2355 -3.12891410244e-05
2356 -3.10347834039e-05
2357 -3.07367739502e-05
2358 -3.0405341669e-05
2359 -3.00309614872e-05
2360 -2.9619422117e-05
2361 -2.91684624716e-05
2362 -2.86824543203e-05
2363 -2.81657567776e-05
2364 -2.76201070102e-05
2365 -2.70530435845e-05
2366 -2.6473576683e-05
2367 -2.58861092542e-05
2368 -2.52996107318e-05
2369 -2.47172554859e-05
2370 -2.41443253633e-05
2371 -2.35855661825e-05
2372 -2.30464683593e-05
2373 -2.25263704474e-05
2374 -2.20189868993e-05
2375 -2.15252008923e-05
2376 -2.10417382984e-05
2377 -2.05648776246e-05
2378 -2.00926461322e-05
2379 -1.96283744762e-05
2380 -1.91772218823e-05
2381 -1.87426642536e-05
2382 -1.83182151038e-05
2383 -1.78990077365e-05
2384 -1.74768586048e-05
2385 -1.70402378147e-05
2386 -1.65822284937e-05
2387 -1.60990461846e-05
2388 -1.55884018305e-05
2389 -1.50546768314e-05
2390 -1.4507482341e-05
2391 -1.39636468898e-05
2392 -1.34356375811e-05
2393 -1.29235739402e-05
2394 -1.24220401031e-05
2395 -1.19233981567e-05
2396 -1.14278651123e-05
2397 -1.09443540575e-05
2398 -1.04769338114e-05
2399 -1.00268060212e-05
2400 -2.99016680089e-05
2401 -2.98605643547e-05
2402 -2.97776879515e-05
2403 -2.96540637774e-05
2404 -2.9489933149e-05
2405 -2.92866825561e-05
2406 -2.90438833762e-05
2407 -2.87580680061e-05
2408 -2.84414252858e-05
2409 -2.80856832023e-05
2410 -2.76969203789e-05
2411 -2.72775465939e-05
2412 -2.68328325238e-05
2413 -2.63680500243e-05
2414 -2.58872726803e-05
2415 -2.53940848779e-05
2416 -2.48956764155e-05
2417 -2.4394575537e-05
2418 -2.38975043091e-05
2419 -2.34078868704e-05
2420 -2.29284620477e-05
2421 -2.24581748525e-05
2422 -2.19970167747e-05
2423 -2.15440881832e-05
2424 -2.10957695036e-05
2425 -2.06517704246e-05
2426 -2.02087157446e-05
2427 -1.97690319362e-05
2428 -1.93384221965e-05
2429 -1.89212342009e-05
2430 -1.85135300145e-05
2431 -1.81123206629e-05
2432 -1.77111752909e-05
2433 -1.73016304184e-05
2434 -1.68741158777e-05
2435 -1.64245075797e-05
2436 -1.5949476103e-05
2437 -1.54488714323e-05
2438 -1.49272303983e-05
2439 -1.43967215522e-05
2440 -1.38711593348e-05
2441 -1.33598867038e-05
2442 -1.28633590592e-05
2443 -1.23754845703e-05
2444 -1.18891462144e-05
2445 -1.14051323868e-05
2446 -1.0933114614e-05
2447 -1.04767202016e-05
2448 -1.00358699036e-05
2449 -9.6156700335e-06
2450 -2.79288581601e-05
2451 -2.78910141327e-05
2452 -2.78123698108e-05
2453 -2.76968846054e-05
2454 -2.75437693639e-05
2455 -2.73541105828e-05
2456 -2.71289160157e-05
2457 -2.68679132068e-05
2458 -2.65820628908e-05
2459 -2.62649053296e-05
2460 -2.5921605032e-05
2461 -2.55571574262e-05
2462 -2.51740508087e-05
2463 -2.47766917472e-05
2464 -2.43683513841e-05
2465 -2.39531086911e-05
2466 -2.35346620593e-05
2467 -2.31165731015e-05
2468 -2.27012123688e-05
2469 -2.22880741521e-05
2470 -2.18768151797e-05
2471 -2.14669802316e-05
2472 -2.10597661883e-05
2473 -2.06528911709e-05
2474 -2.02432344312e-05
2475 -1.98345434628e-05
2476 -1.94306206075e-05
2477 -1.90356412749e-05
2478 -1.86486313222e-05
2479 -1.82669449533e-05
2480 -1.78862551986e-05
2481 -1.75014249946e-05
2482 -1.71027314524e-05
2483 -1.66843809174e-05
2484 -1.62429127332e-05
2485 -1.57762192816e-05
2486 -1.52847805354e-05
2487 -1.47765727735e-05
2488 -1.42629358341e-05
2489 -1.37567572758e-05
2490 -1.32631029645e-05
2491 -1.27822392496e-05
2492 -1.23083176197e-05
2493 -1.18343404712e-05
2494 -1.1362952784e-05
2495 -1.09027779817e-05
2496 -1.04575995103e-05
2497 -1.00261887755e-05
2498 -9.61567411223e-06
2499 -9.23696944736e-06
