0 0.0317289391476
1 -0.0159730704565
2 -0.0176937725863
3 -0.00862311132937
4 -0.00245022774835
5 0.000888421564681
6 0.00246800786597
7 0.00313517679046
8 0.00332656971486
9 0.00328869431806
10 0.00313746278928
11 0.00293489344492
12 0.00271826919973
13 0.00250381265624
14 0.0022996262832
15 0.00210882061338
16 0.00193323937417
17 0.00177258294222
18 0.0016261166578
19 0.00149378461081
20 0.00137444340887
21 0.00127119190618
22 0.00118974753761
23 0.00113323319922
24 0.0010872682986
25 0.00102224283397
26 0.000923302374341
27 0.000806865422773
28 0.000698141266182
29 0.000612116223039
30 0.000550096084907
31 0.000507024047802
32 0.000476760357497
33 0.000454257865567
34 0.000436136601766
35 0.000420267797085
36 0.000405416823588
37 0.000391015274481
38 0.000376761957997
39 0.000362510687764
40 0.000348276075045
41 0.000334105774366
42 0.000320098925853
43 0.000306428189192
44 0.000293157601673
45 0.000280346776155
46 0.00026797545729
47 0.000256057088098
48 0.000244588869807
49 0.000233530547623
50 0.0092030884075
51 0.00431222624794
52 0.000257089063336
53 -0.000946856233623
54 -1.44081835891e-05
55 0.00121912387197
56 0.00209533734262
57 0.002587792533
58 0.00279490407645
59 0.00282624106416
60 0.00275314663288
61 0.00262233838142
62 0.00246496126535
63 0.00229850375036
64 0.00213269299595
65 0.0019722978803
66 0.00182111969101
67 0.00168009551973
68 0.00154938845721
69 0.00142968996269
70 0.00132062213158
71 0.00122597709067
72 0.00115130205279
73 0.00109989328056
74 0.00105742422888
75 0.000995236076247
76 0.000899692346424
77 0.000787197355612
78 0.000682245646626
79 0.000599326639158
80 0.000539588442666
81 0.000498140951747
82 0.0004690313159
83 0.000447396509962
84 0.000429950075942
85 0.000414642545994
86 0.000400268432217
87 0.000386294652503
88 0.000372423044951
89 0.000358523657179
90 0.000344607504761
91 0.000330730075939
92 0.000317004564692
93 0.000303588346514
94 0.000290550223491
95 0.000277951902936
96 0.000265773461861
97 0.00025403075046
98 0.000242724716767
99 0.000231814795009
100 0.0114435282535
101 0.0117322922671
102 0.00703742965442
103 0.00239464514021
104 0.00062319574183
105 0.000458748003341
106 0.000840381861038
107 0.00128236244722
108 0.00161507461118
109 0.00182065990265
110 0.00192003181806
111 0.00194097167762
112 0.00190938157227
113 0.00184546914238
114 0.00176226226841
115 0.00166824344064
116 0.00157026002547
117 0.00147224250955
118 0.00137634447057
119 0.0012848337038
120 0.00119879156705
121 0.00112304607582
122 0.00106351877852
123 0.00102342442211
124 0.000988844868927
125 0.000933447666974
126 0.000845938851348
127 0.000742544947073
128 0.000646167481989
129 0.000570177309563
130 0.000515549325806
131 0.000477736616363
132 0.000451241535003
133 0.00043156745076
134 0.000415660168888
135 0.000401633471868
136 0.000388363802068
137 0.000375373767381
138 0.000362393231195
139 0.000349309974718
140 0.000336140345598
141 0.000322951085021
142 0.000309869873767
143 0.000297043150975
144 0.000284545772533
145 0.000272440706512
146 0.00026071087668
147 0.000249378596541
148 0.000238449006077
149 0.000227880987902
150 0.025566536495
151 -0.00348362040261
152 -0.00484999009094
153 -0.00349695863199
154 -0.00282222156371
155 -0.0021214800434
156 -0.0013513217202
157 -0.000610389800165
158 -1.21007453278e-06
159 0.000461683750655
160 0.000790772654634
161 0.00100856493842
162 0.00114076211542
163 0.00121177759269
164 0.00123876790496
165 0.00123460555802
166 0.00120951706874
167 0.0011710625415
168 0.00112396551169
169 0.00107234568986
170 0.00101910000491
171 0.000970338870535
172 0.000932466988605
173 0.000908550935114
174 0.000885557902966
175 0.000840601528542
176 0.000765404260575
177 0.000675685779705
178 0.000592028473425
179 0.000526245498539
180 0.000479147552004
181 0.000446708515799
182 0.000424099006705
183 0.000407351931209
184 0.000393760246381
185 0.000381666963969
186 0.000370073556249
187 0.000358579983192
188 0.00034695868677
189 0.00033512240971
190 0.000323095546268
191 0.00031096115615
192 0.000298865342634
193 0.00028694274518
194 0.000275275244576
195 0.000263927169666
196 0.000252887222604
197 0.000242186142406
198 0.000231835962697
199 0.000221795599431
200 0.0317089280896
201 0.00831654711797
202 -0.00445505370309
203 -0.00656676222098
204 -0.00591585464376
205 -0.00475877868899
206 -0.00360543910981
207 -0.00255619750499
208 -0.00168262595003
209 -0.000979451763153
210 -0.000433346247517
211 -2.47226573668e-05
212 0.000271506370872
213 0.000481843596268
214 0.000625866910655
215 0.000719601897586
216 0.00077569369982
217 0.000804833075194
218 0.000814082321279
219 0.000809174736947
220 0.000794710893829
221 0.000777996812609
222 0.000765861813342
223 0.000761312997095
224 0.000752825882655
225 0.000721660442891
226 0.000662606631623
227 0.00059036028015
228 0.000522679557704
229 0.000469622565619
230 0.000431908500699
231 0.000406200020897
232 0.000388491914984
233 0.000375469758623
234 0.000364852073939
235 0.000355258860135
236 0.000345845602363
237 0.000336306207766
238 0.000326465946586
239 0.000316268247859
240 0.00030574614277
241 0.000295003407477
242 0.00028420661076
243 0.000273478097061
244 0.000262907763702
245 0.000252561285677
246 0.000242435425828
247 0.000232571782598
248 0.000222990244187
249 0.000213651517823
250 0.0281416744787
251 0.0145896300805
252 0.00154309416575
253 -0.00440745412358
254 -0.00600495556982
255 -0.00579647423177
256 -0.00495516941467
257 -0.00396048722292
258 -0.00302982353042
259 -0.00221772302775
260 -0.00154136471913
261 -0.000999204571705
262 -0.000576126713161
263 -0.000250293457108
264 -3.64713348574e-06
265 0.000180022626884
266 0.000313146239944
267 0.000408594415628
268 0.000474293494572
269 0.000517230805471
270 0.000542979756639
271 0.000559679541811
272 0.000574386723557
273 0.000590560889986
274 0.000598664537319
275 0.00058411602358
276 0.000544190615439
277 0.000491988360393
278 0.000442248616052
279 0.000403400112913
280 0.000376177002728
281 0.000358028813348
282 0.000345887744603
283 0.000337142755623
284 0.000329992611171
285 0.000323332201374
286 0.000316503993784
287 0.000309285878741
288 0.000301572624462
289 0.000293344341463
290 0.000284627974398
291 0.000275558665574
292 0.000266326710865
293 0.000257039577991
294 0.000247795632534
295 0.000238662530008
296 0.000229640805273
297 0.000220791088
298 0.000212142109769
299 0.000203655660953
300 0.0239433065661
301 0.0159169271291
302 0.00585992347868
303 -0.000894283377142
304 -0.00415571954431
305 -0.00522838725064
306 -0.00514115495733
307 -0.00454830589447
308 -0.00380100150239
309 -0.00304960509036
310 -0.00236396471536
311 -0.00177381242281
312 -0.00128562750944
313 -0.000888330642747
314 -0.000570661701257
315 -0.000318512855624
316 -0.000124077768298
317 2.69739742746e-05
318 0.000141371471498
319 0.000226749996168
320 0.000289157319356
321 0.000336117714627
322 0.000375609981627
323 0.000411607916477
324 0.000437248795487
325 0.000440780183414
326 0.000421141894482
327 0.000389503578917
328 0.000357870838241
329 0.000333205711716
330 0.000316487722083
331 0.000306000398422
332 0.000299544818422
333 0.000295212647793
334 0.000291697184365
335 0.000288164319552
336 0.000284123202963
337 0.000279409152467
338 0.000273959239124
339 0.00026788073068
340 0.000261170582619
341 0.000253927425787
342 0.000246401890835
343 0.000238702505267
344 0.000230923256089
345 0.000223132925922
346 0.000215338357399
347 0.00020761021805
348 0.000199995692332
349 0.000192450383653
350 0.0204726040345
351 0.0153912420573
352 0.00801586462933
353 0.00189955380953
354 -0.00194255228344
355 -0.0038852357398
356 -0.00452855989573
357 -0.00445047547384
358 -0.00402034906336
359 -0.00345177810691
360 -0.00285848593914
361 -0.00229961238887
362 -0.001807694699
363 -0.00138595325134
364 -0.00103319966698
365 -0.000740317419124
366 -0.000504038476153
367 -0.000313264352737
368 -0.000161676282323
369 -4.31230889843e-05
370 4.91041304711e-05
371 0.000120903405536
372 0.000181659714858
373 0.000235607863245
374 0.00027875530171
375 0.000300616592775
376 0.000300889865699
377 0.00028884759733
378 0.000274195442911
379 0.000262716539841
380 0.000255853239854
381 0.00025267094548
382 0.000251708602135
383 0.000251687173048
384 0.000251744025324
385 0.000251334382287
386 0.00025012979404
387 0.000247988400782
388 0.000244883999798
389 0.000240996390806
390 0.000236336555012
391 0.000231035577898
392 0.000225271724876
393 0.000219208112211
394 0.000212953420495
395 0.000206572203865
396 0.000200065492543
397 0.000193530537394
398 0.000186997756813
399 0.000180448388474
400 0.01758182765
401 0.0142326502637
402 0.00890460667579
403 0.00383778237584
404 6.23366834335e-05
405 -0.00231336353309
406 -0.00350239786187
407 -0.00390877633535
408 -0.00383782414891
409 -0.00351657953196
410 -0.00308222650384
411 -0.00261595350472
412 -0.00216951823498
413 -0.00176264757993
414 -0.00140536884201
415 -0.00109704578255
416 -0.000836959110591
417 -0.000620451987162
418 -0.000442557902476
419 -0.000299215616716
420 -0.000184441577526
421 -9.23899338214e-05
422 -1.30979888823e-05
423 5.86159679795e-05
424 0.000119510372969
425 0.000160236897443
426 0.000180294537224
427 0.000187101359793
428 0.000188476556172
429 0.000189532078654
430 0.000192006487341
431 0.000195896018453
432 0.000200345196893
433 0.000204767384102
434 0.000208474127822
435 0.000211314653382
436 0.00021308110555
437 0.000213670137191
438 0.000213126538728
439 0.000211582539458
440 0.000209104080069
441 0.000205899828826
442 0.000202070776621
443 0.00019776751762
444 0.000193148643791
445 0.000188280958395
446 0.000183179679528
447 0.000177933793028
448 0.000172583212638
449 0.000167124749729
450 0.0151333535719
451 0.0128676859839
452 0.00903711492764
453 0.00502257322916
454 0.00164982063601
455 -0.000808088381611
456 -0.00231430627984
457 -0.00309609036984
458 -0.00335839002014
459 -0.00330289440192
460 -0.00306327661561
461 -0.00273175554241
462 -0.00237059004549
463 -0.00201364577677
464 -0.00168070809655
465 -0.00138001935437
466 -0.00111553557774
467 -0.000888017312265
468 -0.000695768182895
469 -0.000537317797386
470 -0.000408134482602
471 -0.000300867121005
472 -0.000205370973193
473 -0.000116155698132
474 -3.75412570089e-05
475 2.19001268686e-05
476 6.08519223898e-05
477 8.51120845869e-05
478 0.000101169638285
479 0.00011378077635
480 0.000124908061408
481 0.000135500954143
482 0.000145227786446
483 0.000154085829395
484 0.000161548553809
485 0.000167773053245
486 0.000172623210596
487 0.000176081049655
488 0.000178233464218
489 0.000179210628804
490 0.000179099409009
491 0.000178117608229
492 0.000176386210655
493 0.000174007978066
494 0.000171172085788
495 0.000167938640207
496 0.000164374092277
497 0.000160539287536
498 0.000156481491238
499 0.000152225071332
500 0.0130883524115
501 0.0115132108628
502 0.00873742466464
503 0.00561605006395
504 0.00275611760078
505 0.000441559831154
506 -0.00117391744686
507 -0.00218855268421
508 -0.00270760398316
509 -0.00288981767275
510 -0.00284612974939
511 -0.00266571815901
512 -0.00241359975942
513 -0.0021316115497
514 -0.00184670197179
515 -0.00157439817176
516 -0.00132422939555
517 -0.00110143198702
518 -0.000908153124145
519 -0.000746146984529
520 -0.000610861978337
521 -0.000493307261756
522 -0.00038370410669
523 -0.000278313431849
524 -0.000183351971771
525 -0.0001071383342
526 -5.16594177087e-05
527 -1.25495458454e-05
528 1.59483114545e-05
529 3.837954143e-05
530 5.70839161789e-05
531 7.36346089939e-05
532 8.82420341486e-05
533 0.000101277775931
534 0.000112442643289
535 0.000121982642877
536 0.000129925694335
537 0.000136291391919
538 0.000141196398835
539 0.000144763744394
540 0.000147072285846
541 0.000148383540302
542 0.000148822484551
543 0.000148462965919
544 0.000147496430844
545 0.000145993653248
546 0.000144037269057
547 0.000141702807249
548 0.000139018528274
549 0.000136042595095
550 0.0114027403716
551 0.0102740425618
552 0.00822874051103
553 0.00580866461403
554 0.00344334171332
555 0.00137553424634
556 -0.000206602303134
557 -0.00132457064621
558 -0.00200916146446
559 -0.0023735567841
560 -0.00249945410992
561 -0.00246295794571
562 -0.00232529231167
563 -0.00213004605577
564 -0.00190788232702
565 -0.00167912634228
566 -0.00145822562833
567 -0.00125422448171
568 -0.00107300804275
569 -0.000917871871567
570 -0.000783125680128
571 -0.000658955250609
572 -0.000537541783339
573 -0.000418498517821
574 -0.000310020862252
575 -0.000220610910852
576 -0.000152371646141
577 -0.000101956260882
578 -6.39167937393e-05
579 -3.38447949035e-05
580 -8.94329502544e-06
581 1.25863032741e-05
582 3.14520981486e-05
583 4.82397165612e-05
584 6.28628080896e-05
585 7.55342357385e-05
586 8.64583992083e-05
587 9.56471114952e-05
588 0.000103235928048
589 0.000109373928751
590 0.000114103029382
591 0.000117691277831
592 0.000120294657336
593 0.000121968605336
594 0.000122886242962
595 0.000123141890216
596 0.000122804063831
597 0.000121997168788
598 0.000120721626372
599 0.000119056348769
600 0.0100192984708
601 0.00918883756896
602 0.00764885060632
603 0.00575757100254
604 0.00381667927071
605 0.00202001850534
606 0.000548798987633
607 -0.00057943888908
608 -0.00134979098467
609 -0.0018354128975
610 -0.00209168214643
611 -0.00217728537694
612 -0.00214514435378
613 -0.00203621897179
614 -0.00188206459597
615 -0.00170536110458
616 -0.00152361440511
617 -0.00134911103224
618 -0.00119001150162
619 -0.00104871180286
620 -0.000918296032783
621 -0.000790071634041
622 -0.000659698462523
623 -0.000530721385081
624 -0.000412838195179
625 -0.000314752757999
626 -0.000238349915306
627 -0.00018059925849
628 -0.000136124742453
629 -0.00010065711548
630 -7.11094531541e-05
631 -4.56370949124e-05
632 -2.32628781121e-05
633 -3.29815539177e-06
634 1.43685488644e-05
635 2.99013076633e-05
636 4.3574453503e-05
637 5.54035473769e-05
638 6.55100559022e-05
639 7.40973648022e-05
640 8.11724554549e-05
641 8.69396051851e-05
642 9.1627124619e-05
643 9.52809756971e-05
644 9.80269204808e-05
645 0.000100004923623
646 0.000101268210864
647 0.00010196231592
648 0.000102083951361
649 0.000101716586953
650 0.008874379892
651 0.00824849449112
652 0.00706565051407
653 0.00557000345442
654 0.00397880675567
655 0.00243865648713
656 0.00111026812364
657 2.72402624524e-05
658 -0.000769917946431
659 -0.00132486259004
660 -0.00167209629607
661 -0.00185323108271
662 -0.00191037842256
663 -0.00188012135983
664 -0.00179249940952
665 -0.00167077098373
666 -0.00153370266965
667 -0.00139554660229
668 -0.00126383450096
669 -0.00113897599778
670 -0.00101427522476
671 -0.000884122894723
672 -0.000748303497469
673 -0.000613866464022
674 -0.000491363639209
675 -0.000389523220281
676 -0.000309501798445
677 -0.000248094353328
678 -0.000200035250148
679 -0.000161221658927
680 -0.000128481074733
681 -0.000100066685823
682 -7.49433680434e-05
683 -5.2393049882e-05
684 -3.21310593082e-05
685 -1.40632927911e-05
686 2.06740969378e-06
687 1.62920457964e-05
688 2.87118811748e-05
689 3.95447293403e-05
690 4.88178338794e-05
691 5.66409512616e-05
692 6.32836637223e-05
693 6.88085556082e-05
694 7.33123601115e-05
695 7.69445479104e-05
696 7.97583224257e-05
697 8.1878930894e-05
698 8.33669360916e-05
699 8.42668631429e-05
700 0.00790591811761
701 0.00742586211428
702 0.00650297791015
703 0.00531005252459
704 0.0040042396179
705 0.00269370614627
706 0.00151579192201
707 0.000508258198732
708 -0.000276717078492
709 -0.00086208770741
710 -0.00126667228956
711 -0.00151803783573
712 -0.00164703033433
713 -0.00168517500648
714 -0.00165934453754
715 -0.00159222956022
716 -0.00150223277235
717 -0.00140280438363
718 -0.0012990413121
719 -0.00119031094009
720 -0.00107199282401
721 -0.000942406473651
722 -0.000805130315887
723 -0.00066999263516
724 -0.000547989701491
725 -0.000447122487685
726 -0.00036749600823
727 -0.000305582492513
728 -0.000256292819466
729 -0.000215840572935
730 -0.000181198184717
731 -0.000150771634026
732 -0.000123532950756
733 -9.88357153597e-05
734 -7.64296992542e-05
735 -5.61833915358e-05
736 -3.78961400904e-05
737 -2.15301807939e-05
738 -7.00028184939e-06
739 5.86038451288e-06
740 1.71368433978e-05
741 2.69022713495e-05
742 3.53641319977e-05
743 4.26306894594e-05
744 4.88170014615e-05
745 5.40230466918e-05
746 5.83229006221e-05
747 6.18388522434e-05
748 6.46475072158e-05
749 6.67924011669e-05
750 0.00707316689771
751 0.00669974412977
752 0.00597070188637
753 0.00501322228472
754 0.00393946738171
755 0.00282996942929
756 0.0017980466907
757 0.000880497011985
758 0.000132583014134
759 -0.00045527343549
760 -0.000890480879337
761 -0.00118958688775
762 -0.00137377658059
763 -0.00146915801425
764 -0.00149874638809
765 -0.00148338942862
766 -0.00143918439357
767 -0.00137613622289
768 -0.0012976418074
769 -0.0012038640563
770 -0.00109323190754
771 -0.000967160009635
772 -0.000832693731162
773 -0.000701819529515
774 -0.000585424431637
775 -0.000489818004733
776 -0.000413947478701
777 -0.000354077776332
778 -0.000305454517353
779 -0.000264743784335
780 -0.000229243681816
781 -0.000197581618873
782 -0.000168818361075
783 -0.000142494158343
784 -0.000118370318767
785 -9.63078904945e-05
786 -7.61690546686e-05
787 -5.79285735067e-05
788 -4.15207745934e-05
789 -2.68334487196e-05
790 -1.37498295525e-05
791 -2.19483240793e-06
792 7.96074204744e-06
793 1.68477717899e-05
794 2.45943112838e-05
795 3.12871321272e-05
796 3.70091621032e-05
797 4.18800109185e-05
798 4.59560341188e-05
799 4.93093486674e-05
800 0.00634979480858
801 0.00605484441835
802 0.00547374473293
803 0.00470037325773
804 0.0038156353874
805 0.00287886455462
806 0.00198248133514
807 0.00115979254577
808 0.000463583570342
809 -0.000107462951017
810 -0.000552407130471
811 -0.00088025633944
812 -0.00110456553875
813 -0.00124596910329
814 -0.00132348783949
815 -0.00135416084205
816 -0.00135003415375
817 -0.00131801631621
818 -0.00126151809931
819 -0.00118231936186
820 -0.00108067857366
821 -0.000961166478881
822 -0.00083409263691
823 -0.000712636442725
824 -0.000606430512837
825 -0.000519542708567
826 -0.000450010598677
827 -0.000394104291614
828 -0.000347646947572
829 -0.000307787129701
830 -0.000272288272134
831 -0.000240113567877
832 -0.00021047675524
833 -0.000183007631478
834 -0.000157594739647
835 -0.000134095501409
836 -0.000112441995763
837 -9.26127568335e-05
838 -7.45885867584e-05
839 -5.8289874777e-05
840 -4.36109678308e-05
841 -3.04677129812e-05
842 -1.87784574639e-05
843 -8.39863356501e-06
844 7.73895004589e-07
845 8.84870874795e-06
846 1.59033520923e-05
847 2.20318774381e-05
848 2.73195598095e-05
849 3.18223307667e-05
850 0.00572005823949
851 0.0054841840634
852 0.00501691619802
853 0.00438790263226
854 0.00365598298675
855 0.00286557647837
856 0.00209073164381
857 0.00136040262392
858 0.000723332296755
859 0.000181954446003
860 -0.000257753648723
861 -0.000599027116083
862 -0.000850357490903
863 -0.00102691435014
864 -0.00114306824175
865 -0.00121092372171
866 -0.00123882857041
867 -0.00123243741902
868 -0.00119551461294
869 -0.00113035267602
870 -0.00103882473413
871 -0.000929111121539
872 -0.000814114038547
873 -0.00070674299246
874 -0.000614115413394
875 -0.000538282355797
876 -0.000476751663916
877 -0.000426069227132
878 -0.000382790161953
879 -0.000344659046012
880 -0.000309954986509
881 -0.000277903846693
882 -0.00024796099327
883 -0.000219826977422
884 -0.000193555642454
885 -0.000169007682942
886 -0.000146190682663
887 -0.000125102138304
888 -0.000105753611179
889 -8.81062113019e-05
890 -7.20672801567e-05
891 -5.7560764935e-05
892 -4.4500712803e-05
893 -3.27884969216e-05
894 -2.23188443455e-05
895 -1.29864067158e-05
896 -4.70506196532e-06
897 2.59060532368e-06
898 9.00830674051e-06
899 1.45958305722e-05
900 0.00517377493072
901 0.00498313611452
902 0.00460350392439
903 0.00408766091936
904 0.00347863932911
905 0.00281039643089
906 0.0021423189185
907 0.00149817552937
908 0.000921650887529
909 0.000416956753695
910 -7.18721250992e-06
911 -0.00035062623457
912 -0.000617949993887
913 -0.000818997362349
914 -0.000963362517715
915 -0.00105884102054
916 -0.0011115801174
917 -0.00112656709805
918 -0.00110655852727
919 -0.0010540123735
920 -0.000973661366364
921 -0.000877391884119
922 -0.000778790291353
923 -0.000688769549009
924 -0.000611654805917
925 -0.000548006665574
926 -0.000495226187447
927 -0.000450433423855
928 -0.000410970494851
929 -0.000375187657595
930 -0.000341857116693
931 -0.000310473680555
932 -0.000280721082344
933 -0.000252402461107
934 -0.000225693413037
935 -0.000200505812214
936 -0.000176868138752
937 -0.00015485792547
938 -0.000134495521913
939 -0.000115759670415
940 -9.86042268596e-05
941 -8.29661518007e-05
942 -6.8732841416e-05
943 -5.58744378008e-05
944 -4.42753174045e-05
945 -3.38307402124e-05
946 -2.44517765263e-05
947 -1.60937846275e-05
948 -8.6466606127e-06
949 -2.06660102998e-06
950 0.00469919402748
951 0.00454337383352
952 0.00423265685267
953 0.00380641750613
954 0.00329764067123
955 0.00273174202591
956 0.00215650606974
957 0.00159101916402
958 0.00107359818566
959 0.000608640680533
960 0.000205604933647
961 -0.000132929035653
962 -0.000407909076496
963 -0.000624307693173
964 -0.000787919988748
965 -0.000903666369402
966 -0.000975739100547
967 -0.00100760584221
968 -0.00100081331452
969 -0.000959505109073
970 -0.000892513847069
971 -0.0008134032642
972 -0.000734299104575
973 -0.000663078769761
974 -0.000601928249261
975 -0.000550518207918
976 -0.000506536014333
977 -0.00046784173784
978 -0.000432531878035
979 -0.000399496228653
980 -0.000367979578029
981 -0.000337714012903
982 -0.000308590432203
983 -0.000280528253908
984 -0.00025378149573
985 -0.000228304237536
986 -0.00020420642694
987 -0.0001815981558
988 -0.000160519683009
989 -0.000140988421468
990 -0.000122967466078
991 -0.0001064411264
992 -9.12761656931e-05
993 -7.74672703652e-05
994 -6.49152547678e-05
995 -5.35166070381e-05
996 -4.31850644365e-05
997 -3.38833703445e-05
998 -2.55214467469e-05
999 -1.80480987301e-05
1000 0.00429104901439
1001 0.0041629936601
1002 0.00390724884957
1003 0.0035529585849
1004 0.00312680519911
1005 0.00264679242286
1006 0.0021513865342
1007 0.00165573651692
1008 0.00119250573193
1009 0.000765674563177
1010 0.00038497289006
1011 5.50051818423e-05
1012 -0.000221638441514
1013 -0.00044639837926
1014 -0.000622235265183
1015 -0.000752145125792
1016 -0.000837606142688
1017 -0.000880713349966
1018 -0.000883702623841
1019 -0.000854046301829
1020 -0.000803364377319
1021 -0.000744128393601
1022 -0.000685669044024
1023 -0.000633047705457
1024 -0.000587126827087
1025 -0.000547230568698
1026 -0.000511639606246
1027 -0.000478945154576
1028 -0.000447902038415
1029 -0.000417880363141
1030 -0.000388511709585
1031 -0.00035974290113
1032 -0.000331613578359
1033 -0.000304196497418
1034 -0.000277764699392
1035 -0.000252346880791
1036 -0.000228145052517
1037 -0.000205272590187
1038 -0.000183804701399
1039 -0.0001637725407
1040 -0.000145142838138
1041 -0.000127950480337
1042 -0.000112071571117
1043 -9.74976748112e-05
1044 -8.41312183036e-05
1045 -7.19283490139e-05
1046 -6.07728227931e-05
1047 -5.065362715e-05
1048 -4.14955723332e-05
1049 -3.32392180134e-05
1050 0.00394913534611
1051 0.00384355945908
1052 0.00363165306061
1053 0.00333567653875
1054 0.00297684479595
1055 0.00256738742013
1056 0.00213828034104
1057 0.00170106951936
1058 0.00128371642774
1059 0.000890045310226
1060 0.000530462037196
1061 0.000211470055768
1062 -6.18955079779e-05
1063 -0.000288964509506
1064 -0.000470597579117
1065 -0.00060766724697
1066 -0.000699828134213
1067 -0.000749389509975
1068 -0.000761310385254
1069 -0.000745417396053
1070 -0.000713343594492
1071 -0.000674808340085
1072 -0.000636296711137
1073 -0.000600787174979
1074 -0.000568561585136
1075 -0.000539077830815
1076 -0.000511254266845
1077 -0.00048429442298
1078 -0.000457504535497
1079 -0.000430670619078
1080 -0.000403692170231
1081 -0.000376729859131
1082 -0.000349934001047
1083 -0.000323497243707
1084 -0.000297715187985
1085 -0.000272725706252
1086 -0.000248728918991
1087 -0.000225902389067
1088 -0.00020431260382
1089 -0.00018404327834
1090 -0.000165062793809
1091 -0.000147413798417
1092 -0.000131029189559
1093 -0.000115885011017
1094 -0.000101886656811
1095 -8.9015965684e-05
1096 -7.71801666557e-05
1097 -6.63730829058e-05
1098 -5.65361584502e-05
1099 -4.75970431755e-05
1100 0.00366734683195
1101 0.00357923252169
1102 0.00340090451257
1103 0.00315032681167
1104 0.00284340815664
1105 0.00248873409939
1106 0.0021114498174
1107 0.00172047660199
1108 0.00134076066936
1109 0.000976627822994
1110 0.000638758057359
1111 0.000334625713941
1112 7.01405743141e-05
1113 -0.000152873595257
1114 -0.000333401888329
1115 -0.000470615267063
1116 -0.000564426521006
1117 -0.000618809705446
1118 -0.000641002586086
1119 -0.00064077647008
1120 -0.000627736634315
1121 -0.000608745715961
1122 -0.000588076568884
1123 -0.000567441914763
1124 -0.000547079668001
1125 -0.000526750040288
1126 -0.000505956926609
1127 -0.00048436335146
1128 -0.000461737939252
1129 -0.000438178906681
1130 -0.000413782245664
1131 -0.000388877106339
1132 -0.000363707033142
1133 -0.000338534357052
1134 -0.000313714961491
1135 -0.000289452537025
1136 -0.00026595431473
1137 -0.000243434966697
1138 -0.000222002674165
1139 -0.000201742753841
1140 -0.000182652152951
1141 -0.000164776801653
1142 -0.000148093744417
1143 -0.000132571254921
1144 -0.000118116835256
1145 -0.000104736647271
1146 -9.23697285075e-05
1147 -8.09995761519e-05
1148 -7.05940291563e-05
1149 -6.10789799597e-05
1150 0.00341783218353
1151 0.00334230082586
1152 0.00318867121798
1153 0.00297178831495
1154 0.00270366963945
1155 0.00239116389574
1156 0.00205523622201
1157 0.0017035527723
1158 0.00135871202649
1159 0.00102499513482
1160 0.000712172753246
1161 0.000427449486484
1162 0.00017698824108
1163 -3.61986087539e-05
1164 -0.000209808615208
1165 -0.000342809604937
1166 -0.000436614153028
1167 -0.000496507860536
1168 -0.000530145431433
1169 -0.000545547827447
1170 -0.000549850469354
1171 -0.000547723460234
1172 -0.000541930310043
1173 -0.000533648152513
1174 -0.000523259458284
1175 -0.000510818469679
1176 -0.000496260958727
1177 -0.000479629377818
1178 -0.000461024009579
1179 -0.000440738416856
1180 -0.000419053696104
1181 -0.000396391887014
1182 -0.000373069076705
1183 -0.000349403783819
1184 -0.000325829057703
1185 -0.000302558566177
1186 -0.000279836343747
1187 -0.00025790120342
1188 -0.000236883726188
1189 -0.000216876984075
1190 -0.000197896986397
1191 -0.00017999442188
1192 -0.000163188794143
1193 -0.000147417923123
1194 -0.000132672392468
1195 -0.000118934051866
1196 -0.000106178206982
1197 -9.43842822175e-05
1198 -8.35324971721e-05
1199 -7.35584995915e-05
1200 0.00316532562562
1201 0.00309947331445
1202 0.00296571219729
1203 0.00277634885358
1204 0.0025410275683
1205 0.00226605511527
1206 0.0019689008462
1207 0.00165602256494
1208 0.00134701788225
1209 0.00104525816539
1210 0.000759513650016
1211 0.000496474125535
1212 0.00026303925196
1213 6.32943668475e-05
1214 -0.00010043552321
1215 -0.000227947966528
1216 -0.000321955054283
1217 -0.000387989979342
1218 -0.000432590933453
1219 -0.000461700974797
1220 -0.000480384053093
1221 -0.00049181470842
1222 -0.000497870738049
1223 -0.000499555437297
1224 -0.000497408078857
1225 -0.000491677477599
1226 -0.000482634630256
1227 -0.000470578271392
1228 -0.000455807298039
1229 -0.000438769313528
1230 -0.00041986875427
1231 -0.00039958512086
1232 -0.000378276108499
1233 -0.000356344299585
1234 -0.000334238810461
1235 -0.000312186230946
1236 -0.000290483560385
1237 -0.000269363230348
1238 -0.000248989817284
1239 -0.000229420237952
1240 -0.000210740023264
1241 -0.000193005163008
1242 -0.000176220588841
1243 -0.000160393740817
1244 -0.000145512584104
1245 -0.000131566941133
1246 -0.000118561333732
1247 -0.000106479081647
1248 -9.53059291083e-05
1249 -8.49890835355e-05
1250 0.00290776299104
1251 0.00285086686178
1252 0.00273573744436
1253 0.00257228179669
1254 0.00236831302547
1255 0.00212935761162
1256 0.00186940561741
1257 0.00159336646609
1258 0.00131798756572
1259 0.0010460592579
1260 0.000785994349816
1261 0.000544900754168
1262 0.00033001816509
1263 0.000145495720317
1264 -7.32718724793e-06
1265 -0.000129325978764
1266 -0.000223575403133
1267 -0.000295017570567
1268 -0.000348636422974
1269 -0.000388571729058
1270 -0.00041834294955
1271 -0.000440176894738
1272 -0.000455439065297
1273 -0.000465073581867
1274 -0.000469681090961
1275 -0.000469663761355
1276 -0.000465511247693
1277 -0.000457665351844
1278 -0.000446550089848
1279 -0.000432725542053
1280 -0.000416648559729
1281 -0.000398825090674
1282 -0.000379680994282
1283 -0.000359668415982
1284 -0.000339200551376
1285 -0.000318570866968
1286 -0.000298083730442
1287 -0.000277969430454
1288 -0.000258392719964
1289 -0.000239458549884
1290 -0.000221261665796
1291 -0.000203861801886
1292 -0.000187282734652
1293 -0.00017155452078
1294 -0.000156678960342
1295 -0.000142671598449
1296 -0.000129548375902
1297 -0.000117304951629
1298 -0.000105924390267
1299 -9.53717530329e-05
1300 0.00266764613434
1301 0.00261896619715
1302 0.00252020430395
1303 0.0023792728388
1304 0.00220251375154
1305 0.0019938671759
1306 0.00176474394405
1307 0.00151926843442
1308 0.0012723317972
1309 0.0010268723429
1310 0.000791479691529
1311 0.00057316815544
1312 0.000378328232721
1313 0.000210049633598
1314 6.8459523588e-05
1315 -4.77341653367e-05
1316 -0.000141510637182
1317 -0.000216698881026
1318 -0.000276782771498
1319 -0.000324514243613
1320 -0.000362394588983
1321 -0.000391972000463
1322 -0.000414294025313
1323 -0.000430191012319
1324 -0.000440347633428
1325 -0.000445206732253
1326 -0.000445388690738
1327 -0.000441399645991
1328 -0.00043376277003
1329 -0.000423075593926
1330 -0.000409797419298
1331 -0.000394491064878
1332 -0.000377627526326
1333 -0.000359639694873
1334 -0.000340962140065
1335 -0.00032191983911
1336 -0.000302803485846
1337 -0.000283858320027
1338 -0.000265248593111
1339 -0.000247116334071
1340 -0.000229546853814
1341 -0.000212626811018
1342 -0.000196403360079
1343 -0.00018091285407
1344 -0.000166182379098
1345 -0.000152247018986
1346 -0.000139133137412
1347 -0.000126847162292
1348 -0.000115376696286
1349 -0.000104691453585
1350 0.00244379395242
1351 0.00240147516842
1352 0.00231511450813
1353 0.00219125439555
1354 0.00203548977962
1355 0.00185042865307
1356 0.00164628586618
1357 0.00142720388959
1358 0.0012067684636
1359 0.000987990712932
1360 0.000778723531695
1361 0.00058481364171
1362 0.000411087369029
1363 0.000259336795674
1364 0.000129041033659
1365 1.87979142967e-05
1366 -7.34930548408e-05
1367 -0.000150589902851
1368 -0.000214732568539
1369 -0.000267707663449
1370 -0.000311282349685
1371 -0.000346501766122
1372 -0.00037416775924
1373 -0.000394968399232
1374 -0.000409695654191
1375 -0.00041875957399
1376 -0.000422784948145
1377 -0.000422342679452
1378 -0.000417991672382
1379 -0.000410306891328
1380 -0.000399788216687
1381 -0.000387036045257
1382 -0.000372497519536
1383 -0.000356612585719
1384 -0.000339840695966
1385 -0.000322504323197
1386 -0.000304883836295
1387 -0.000287223366416
1388 -0.000269717750395
1389 -0.000252511798107
1390 -0.000235700679871
1391 -0.000219394714715
1392 -0.00020365069384
1393 -0.000188523635149
1394 -0.000174064692526
1395 -0.00016032664728
1396 -0.000147340805223
1397 -0.000135117944123
1398 -0.000123658460808
1399 -0.00011293820268
1400 0.00221384767662
1401 0.00217664789501
1402 0.0021004906353
1403 0.00199127235387
1404 0.00185401521735
1405 0.00169103359315
1406 0.00151168888961
1407 0.00132006590912
1408 0.0011279621289
1409 0.00093784611571
1410 0.000756106475888
1411 0.000586955481079
1412 0.000433751209257
1413 0.0002976199898
1414 0.000177925778081
1415 7.3692295886e-05
1416 -1.62814095981e-05
1417 -9.37999534304e-05
1418 -0.000160164496276
1419 -0.00021644518908
1420 -0.00026388956969
1421 -0.00030313935983
1422 -0.000334836653109
1423 -0.000359534355396
1424 -0.000378003036181
1425 -0.000390683164809
1426 -0.000398133506806
1427 -0.000400946162502
1428 -0.000399662247415
1429 -0.000394847463608
1430 -0.000387046953755
1431 -0.000376831520198
1432 -0.00036463261726
1433 -0.000350910493509
1434 -0.000336118503507
1435 -0.000320566563069
1436 -0.000304520822598
1437 -0.000288253698924
1438 -0.00027195987301
1439 -0.000255787541865
1440 -0.000239834290488
1441 -0.00022425160461
1442 -0.00020910005178
1443 -0.000194456435585
1444 -0.000180388292532
1445 -0.000166960896368
1446 -0.000154211238103
1447 -0.00014215518221
1448 -0.000130791450944
1449 -0.000120124537349
1450 0.00197717441472
1451 0.00194527764265
1452 0.00187967206212
1453 0.0017859972494
1454 0.00166831526048
1455 0.00152913743445
1456 0.00137640884843
1457 0.00121360635849
1458 0.00105052011882
1459 0.00088866035938
1460 0.000732880801653
1461 0.000586247611469
1462 0.000451250201871
1463 0.000328776312184
1464 0.000218481587915
1465 0.000119977518687
1466 3.2796086878e-05
1467 -4.4128353259e-05
1468 -0.000111409907663
1469 -0.000169588782568
1470 -0.000219557327168
1471 -0.000261653290646
1472 -0.00029639064027
1473 -0.000324197405582
1474 -0.000345791721501
1475 -0.000361562097112
1476 -0.00037204462395
1477 -0.000377790891911
1478 -0.000379349223135
1479 -0.000377263761475
1480 -0.000372072948687
1481 -0.00036431790591
1482 -0.000354454175202
1483 -0.000342907494199
1484 -0.000330123526333
1485 -0.000316385143165
1486 -0.000301973588571
1487 -0.000287170023037
1488 -0.000272150910075
1489 -0.000257075883463
1490 -0.000242082530046
1491 -0.000227309982436
1492 -0.000212845772217
1493 -0.000198786257669
1494 -0.000185209507737
1495 -0.000172191908844
1496 -0.000159770238755
1497 -0.000147969743981
1498 -0.000136796317047
1499 -0.00012625864076
1500 0.00175800629888
1501 0.00173150782108
1502 0.0016768673976
1503 0.00159908039225
1504 0.00150119515472
1505 0.00138554703507
1506 0.0012584374278
1507 0.00112246022685
1508 0.000985502439815
1509 0.000848239437573
1510 0.000714502588687
1511 0.000586635226226
1512 0.000466619614071
1513 0.000355456220295
1514 0.000253205531242
1515 0.000159938366763
1516 7.57189959837e-05
1517 2.5506875312e-08
1518 -6.72924037805e-05
1519 -0.000126401083002
1520 -0.000177891499187
1521 -0.000221949341391
1522 -0.000258952749412
1523 -0.000289218531808
1524 -0.000313394940775
1525 -0.000331804650671
1526 -0.000344943938832
1527 -0.000353339323464
1528 -0.00035753224936
1529 -0.000358031577172
1530 -0.000355328212447
1531 -0.000349957285416
1532 -0.000342369157366
1533 -0.000332963800033
1534 -0.000322160063679
1535 -0.000310231959662
1536 -0.000297480934196
1537 -0.000284164514355
1538 -0.000270456035813
1539 -0.000256543701418
1540 -0.000242570904774
1541 -0.000228679050331
1542 -0.000214986768009
1543 -0.000201597588221
1544 -0.000188603456543
1545 -0.000176078034186
1546 -0.000164066067009
1547 -0.000152602385013
1548 -0.000141700216801
1549 -0.000131382148872
1550 0.00157657038861
1551 0.00155481226558
1552 0.00151011986217
1553 0.00144642118643
1554 0.00136606499189
1555 0.00127079996945
1556 0.00116541851486
1557 0.00105170474908
1558 0.000935971545976
1559 0.000818456625983
1560 0.000702216766943
1561 0.000589151610428
1562 0.000481074962636
1563 0.000379160353581
1564 0.000283712547142
1565 0.000195137939958
1566 0.000113910541808
1567 3.98259189848e-05
1568 -2.69344090939e-05
1569 -8.62706705e-05
1570 -0.000138606783364
1571 -0.000183963244142
1572 -0.000222580724696
1573 -0.000254758558094
1574 -0.000281041429743
1575 -0.000301686614412
1576 -0.000317158945551
1577 -0.000327954613956
1578 -0.000334566686266
1579 -0.000337464646727
1580 -0.000337139702603
1581 -0.000334065911773
1582 -0.00032867956012
1583 -0.000321359265286
1584 -0.000312499084583
1585 -0.000302370854001
1586 -0.000291274723812
1587 -0.00027944299111
1588 -0.000267074255518
1589 -0.000254366881393
1590 -0.000241458011696
1591 -0.000228511119701
1592 -0.000215660633215
1593 -0.000203020479906
1594 -0.000190683551639
1595 -0.000178721807111
1596 -0.00016719851909
1597 -0.00015614645007
1598 -0.000145589770301
1599 -0.000135560058499
1600 0.0014380570026
1601 0.00142016023648
1602 0.00138346102518
1603 0.00133089960706
1604 0.0012643669802
1605 0.0011849731007
1606 0.00109631681051
1607 0.000999682821608
1608 0.000900123623506
1609 0.00079765568044
1610 0.000694823978059
1611 0.000593253278942
1612 0.000494656207797
1613 0.000400301277049
1614 0.000310615655559
1615 0.000226311996544
1616 0.000148035666207
1617 7.582809963e-05
1618 1.0071470413e-05
1619 -4.89869000414e-05
1620 -0.000101616849787
1621 -0.000147725761863
1622 -0.000187500898167
1623 -0.000221142557927
1624 -0.000249122724303
1625 -0.000271653256157
1626 -0.000289166632928
1627 -0.000302103933979
1628 -0.000310891901543
1629 -0.000316000645123
1630 -0.000317889606301
1631 -0.000316985410186
1632 -0.000313689885456
1633 -0.000308373128198
1634 -0.000301401153828
1635 -0.000293041527808
1636 -0.000283561134394
1637 -0.000273197018823
1638 -0.000262184345168
1639 -0.000250696296969
1640 -0.000238887394208
1641 -0.000226943437823
1642 -0.00021499530724
1643 -0.000203164449897
1644 -0.000191543308684
1645 -0.000180211848808
1646 -0.000169239014718
1647 -0.000158659220278
1648 -0.000148512798266
1649 -0.000138824744652
1650 0.00133633290484
1651 0.00132135018841
1652 0.00129056519332
1653 0.00124620498269
1654 0.00118985578597
1655 0.00112207142159
1656 0.00104573230169
1657 0.00096171436782
1658 0.000874168152029
1659 0.000783019149072
1660 0.000690429500325
1661 0.000597833005637
1662 0.000506853011701
1663 0.000418801534662
1664 0.000334177221978
1665 0.000253785893139
1666 0.000178444753511
1667 0.000108313018426
1668 4.38781603769e-05
1669 -1.44996569416e-05
1670 -6.69914471533e-05
1671 -0.000113451145141
1672 -0.000153967437191
1673 -0.000188655869461
1674 -0.000217984624181
1675 -0.000242076028466
1676 -0.000261338214716
1677 -0.00027614497051
1678 -0.000286888183594
1679 -0.000294028818433
1680 -0.000297951364504
1681 -0.000299061234912
1682 -0.000297730162057
1683 -0.000294317493005
1684 -0.000289144776551
1685 -0.000282464017148
1686 -0.000274548925073
1687 -0.000265652926264
1688 -0.000255974715707
1689 -0.000245712118027
1690 -0.000235038286936
1691 -0.000224123606797
1692 -0.000213117111684
1693 -0.000202138414397
1694 -0.000191278475732
1695 -0.000180626902753
1696 -0.000170251320062
1697 -0.000160196731953
1698 -0.000150509139443
1699 -0.000141220576513
1700 0.00126053047257
1701 0.00124763268838
1702 0.00122111128755
1703 0.00118273395619
1704 0.00113377376567
1705 0.00107446996848
1706 0.00100722372254
1707 0.000932590598576
1708 0.000854124717663
1709 0.000771686999266
1710 0.000687142914887
1711 0.000601798156328
1712 0.000517164994154
1713 0.000434504730363
1714 0.000354413966629
1715 0.000277726196304
1716 0.000205286540066
1717 0.000137367157739
1718 7.45262073613e-05
1719 1.71375192651e-05
1720 -3.48798228508e-05
1721 -8.13133804685e-05
1722 -0.000122187536734
1723 -0.000157581543471
1724 -0.00018792772428
1725 -0.000213249429846
1726 -0.000233964192883
1727 -0.000250377435621
1728 -0.00026286844616
1729 -0.000271819773677
1730 -0.000277595058719
1731 -0.000280545381667
1732 -0.000281042979636
1733 -0.00027940447144
1734 -0.000275908456318
1735 -0.00027083300254
1736 -0.000264449605991
1737 -0.00025697420956
1738 -0.000248622178608
1739 -0.000239589389476
1740 -0.000230057348566
1741 -0.000220197675472
1742 -0.000210156618029
1743 -0.000200054891623
1744 -0.000189993137719
1745 -0.00018005592886
1746 -0.000170319779615
1747 -0.000160837549448
1748 -0.000151652774053
1749 -0.000142804100598
1750 0.00120120881061
1751 0.00118980894696
1752 0.00116642102873
1753 0.00113252276005
1754 0.00108900663782
1755 0.00103608809453
1756 0.000975739788719
1757 0.00090832582547
1758 0.000837006736959
1759 0.000761503123392
1760 0.000683545267088
1761 0.000604283235677
1762 0.000525125590416
1763 0.0004473078975
1764 0.000371427664673
1765 0.000298300013305
1766 0.000228776667484
1767 0.000163195965919
1768 0.000102137441301
1769 4.60005061431e-05
1770 -5.24762713565e-06
1771 -5.13457353525e-05
1772 -9.22663413184e-05
1773 -0.000128066285692
1774 -0.000159115341011
1775 -0.000185408010266
1776 -0.000207313761098
1777 -0.00022510585429
1778 -0.000239125302108
1779 -0.000249669569067
1780 -0.00025711801232
1781 -0.000261754247108
1782 -0.000263934719575
1783 -0.000263926591954
1784 -0.00026199694969
1785 -0.000258445537072
1786 -0.000253512412539
1787 -0.00024740312395
1788 -0.000240338633361
1789 -0.000232519599016
1790 -0.00022411527527
1791 -0.000215314144155
1792 -0.000206251268435
1793 -0.000197047591961
1794 -0.000187802389712
1795 -0.000178605664424
1796 -0.000169540780411
1797 -0.000160660421367
1798 -0.000152014271152
1799 -0.0001436327644
1800 0.00115181112651
1801 0.00114155747874
1802 0.00112055692154
1803 0.00109008893591
1804 0.00105075701968
1805 0.00100281131331
1806 0.000947906005531
1807 0.000886274277843
1808 0.000820776586031
1809 0.000751053763875
1810 0.000678712329038
1811 0.000604768496449
1812 0.000530504814407
1813 0.000457135036314
1814 0.000385228989545
1815 0.00031558174531
1816 0.000248998012698
1817 0.000185846160035
1818 0.000126736191778
1819 7.20696487529e-05
1820 2.18471500991e-05
1821 -2.3659703612e-05
1822 -6.43623564137e-05
1823 -0.000100288692756
1824 -0.000131750438725
1825 -0.000158768556392
1826 -0.00018162615711
1827 -0.000200554243499
1828 -0.000215876770757
1829 -0.00022780954304
1830 -0.000236736711236
1831 -0.000242893932411
1832 -0.000246585359329
1833 -0.000248073260131
1834 -0.000247620021721
1835 -0.000245498068453
1836 -0.000241922471005
1837 -0.000237118147634
1838 -0.000231301741658
1839 -0.000224668858473
1840 -0.00021738014681
1841 -0.000209622677083
1842 -0.000201535240304
1843 -0.000193232563077
1844 -0.000184816656148
1845 -0.000176373761998
1846 -0.000167998366388
1847 -0.000159743315835
1848 -0.000151654793009
1849 -0.000143761746337
1850 0.00110769735563
1851 0.00109837729744
1852 0.00107929453449
1853 0.00105157655467
1854 0.00101564880621
1855 0.000971811973243
1856 0.000921445655908
1857 0.000864696873184
1858 0.000804187944325
1859 0.00073951288479
1860 0.000672154930189
1861 0.00060302367687
1862 0.000533299170994
1863 0.000464119618215
1864 0.000396032249036
1865 0.000329773646441
1866 0.000266151352213
1867 0.000205527578856
1868 0.000148487305938
1869 9.54503838991e-05
1870 4.64546840022e-05
1871 1.76484391943e-06
1872 -3.84996607267e-05
1873 -7.43169678521e-05
1874 -0.000106002796385
1875 -0.000133526049095
1876 -0.000157110163529
1877 -0.000176955488549
1878 -0.000193356314728
1879 -0.00020648741709
1880 -0.000216689985685
1881 -0.000224167104098
1882 -0.000229197810193
1883 -0.000232044534558
1884 -0.000232950283291
1885 -0.000232144059605
1886 -0.000229835293429
1887 -0.000226270149121
1888 -0.000221652025779
1889 -0.000216168577222
1890 -0.000209977231104
1891 -0.000203243978417
1892 -0.000196122501715
1893 -0.000188713702882
1894 -0.00018112361629
1895 -0.00017344763975
1896 -0.000165774464428
1897 -0.000158157413852
1898 -0.00015063445632
1899 -0.000143240268731
1900 0.00106626255502
1901 0.00105776025238
1902 0.00104028463774
1903 0.00101488185681
1904 0.000981881577104
1905 0.000941588020268
1906 0.000895150708091
1907 0.000842699031589
1908 0.000786646166267
1909 0.00072651600804
1910 0.000663703432384
1911 0.000599031785652
1912 0.000533564908424
1913 0.000468373686759
1914 0.000403966837099
1915 0.000341081538784
1916 0.000280443364586
1917 0.000222395089977
1918 0.000167541223271
1919 0.000116274398873
1920 6.86615932833e-05
1921 2.49692161611e-05
1922 -1.46796616286e-05
1923 -5.02147440966e-05
1924 -8.19322556019e-05
1925 -0.000109736852338
1926 -0.000133824466337
1927 -0.000154375997555
1928 -0.000171642987053
1929 -0.000185778268687
1930 -0.000197056453145
1931 -0.000205686840154
1932 -0.000211902728031
1933 -0.000215975853092
1934 -0.000218106351119
1935 -0.000218515472861
1936 -0.000217408860833
1937 -0.000215023254184
1938 -0.000211549640427
1939 -0.000207167765989
1940 -0.000202032563456
1941 -0.000196304418794
1942 -0.000190125101115
1943 -0.000183599506942
1944 -0.000176834292556
1945 -0.000169920483817
1946 -0.000162949629783
1947 -0.000155966897362
1948 -0.000149013811133
1949 -0.000142129132254
1950 0.00102623477549
1951 0.00101845031558
1952 0.00100239040298
1953 0.000978997328582
1954 0.000948594812177
1955 0.000911452699249
1956 0.000868513576687
1957 0.0008199492093
1958 0.000767925070493
1959 0.000711971458717
1960 0.000653373788232
1961 0.000592875584095
1962 0.00053144721552
1963 0.000470105866283
1964 0.000409304467607
1965 0.000349714271449
1966 0.000292052671286
1967 0.000236628342935
1968 0.000184027117897
1969 0.000134622878798
1970 8.85185176569e-05
1971 4.59719801849e-05
1972 7.12104991159e-06
1973 -2.79437779264e-05
1974 -5.94754426407e-05
1975 -8.73462698127e-05
1976 -0.000111756812997
1977 -0.000132820414425
1978 -0.000150748218929
1979 -0.000165693972428
1980 -0.000177880404339
1981 -0.00018751798978
1982 -0.000194792855002
1983 -0.000199962865774
1984 -0.000203203426487
1985 -0.000204739309772
1986 -0.000204759618481
1987 -0.000203487477015
1988 -0.000201101158694
1989 -0.000197772014923
1990 -0.000193656299546
1991 -0.000188899804021
1992 -0.000183636391615
1993 -0.000177977690042
1994 -0.000172024131946
1995 -0.000165866225905
1996 -0.000159590040565
1997 -0.000153234767705
1998 -0.000146851255452
1999 -0.000140479254967
2000 0.000986863613886
2001 0.000979724327293
2002 0.000964929086579
2003 0.000943340698304
2004 0.000915302786503
2005 0.000881001924964
2006 0.000841274129741
2007 0.000796290491289
2008 0.000747998044747
2009 0.000695943276885
2010 0.000641325286285
2011 0.000584793348483
2012 0.000527219240169
2013 0.000469596559674
2014 0.000412299425964
2015 0.000355950622661
2016 0.000301234665569
2017 0.000248437020959
2018 0.000198135487954
2019 0.000150677352421
2020 0.000106180426809
2021 6.48996673909e-05
2022 2.69830445506e-05
2023 -7.45302023528e-06
2024 -3.86484362791e-05
2025 -6.6440640902e-05
2026 -9.10078008975e-05
2027 -0.000112415926854
2028 -0.000130831985814
2029 -0.000146432729297
2030 -0.000159374413695
2031 -0.000169859585242
2032 -0.000178064744304
2033 -0.000184193237019
2034 -0.000188429976099
2035 -0.000190987649508
2036 -0.000192044450045
2037 -0.000191804852214
2038 -0.000190441032489
2039 -0.000188109919399
2040 -0.000184959133722
2041 -0.000181124547363
2042 -0.000176746930153
2043 -0.000171927419967
2044 -0.000166766132609
2045 -0.000161351043041
2046 -0.000155750942412
2047 -0.000150017044031
2048 -0.000144199098951
2049 -0.000138341742532
2050 0.000947984113042
2051 0.000941437103977
2052 0.000927779404019
2053 0.000907868341206
2054 0.000882004953206
2055 0.000850315803828
2056 0.000813567763649
2057 0.000771902970161
2058 0.000727090153932
2059 0.0006787068663
2060 0.000627836710877
2061 0.000575071021803
2062 0.000521206632938
2063 0.000467113737034
2064 0.000413188751819
2065 0.000359997073453
2066 0.000308172581239
2067 0.000257992609827
2068 0.000210021201924
2069 0.00016454469965
2070 0.000121721687657
2071 8.17902194464e-05
2072 4.49221694139e-05
2073 1.12345262663e-05
2074 -1.9478860456e-05
2075 -4.70491065313e-05
2076 -7.15966658372e-05
2077 -9.31862687474e-05
2078 -0.000111952787107
2079 -0.000128045908456
2080 -0.000141599116935
2081 -0.000152783852492
2082 -0.000161779789332
2083 -0.000168753369983
2084 -0.0001738813611
2085 -0.000177370827746
2086 -0.00017938945891
2087 -0.000180109917843
2088 -0.000179699710265
2089 -0.000178303589804
2090 -0.000176064576797
2091 -0.000173112497419
2092 -0.000169580397053
2093 -0.000165570231443
2094 -0.000161167819509
2095 -0.000156459636026
2096 -0.000151514355676
2097 -0.000146380340712
2098 -0.000141118375753
2099 -0.000135770307062
2100 0.00090975505153
2101 0.000903735097863
2102 0.000891128492748
2103 0.000872788196163
2104 0.00084891181013
2105 0.000819638124088
2106 0.000785648269269
2107 0.000747066854136
2108 0.000705515788136
2109 0.00066056488709
2110 0.000613202449546
2111 0.000563978112242
2112 0.000513590714904
2113 0.000462895845225
2114 0.000412225795858
2115 0.0003620855287
2116 0.000313087124979
2117 0.000265485586212
2118 0.000219799281809
2119 0.000176318037932
2120 0.000135209819472
2121 9.66921167785e-05
2122 6.09561307543e-05
2123 2.8119074927e-05
2124 -1.99535751766e-06
2125 -2.92030724737e-05
2126 -5.35927154573e-05
2127 -7.52286733066e-05
2128 -9.41981535484e-05
2129 -0.000110639246718
2130 -0.000124675954272
2131 -0.000136431502622
2132 -0.000146097345568
2133 -0.000153812736527
2134 -0.000159735221343
2135 -0.00016406007756
2136 -0.000166939300501
2137 -0.000168533172574
2138 -0.000169001318682
2139 -0.000168473278967
2140 -0.000167090535664
2141 -0.000164975320164
2142 -0.000162244556396
2143 -0.000158992572699
2144 -0.00015530949215
2145 -0.000151271413885
2146 -0.000146954447711
2147 -0.000142405754199
2148 -0.00013768128975
2149 -0.000132830528174
2150 0.000872370734036
2151 0.00086680345943
2152 0.000855186227422
2153 0.000838292896591
2154 0.000816238051218
2155 0.000789186755201
2156 0.000757735842683
2157 0.000722002201925
2158 0.000683481045716
2159 0.000641727069978
2160 0.000597664057569
2161 0.000551785156008
2162 0.000504710451208
2163 0.000457246717968
2164 0.000409677862166
2165 0.000362476029302
2166 0.000316212563372
2167 0.000271103723251
2168 0.000227676974131
2169 0.000186197157341
2170 0.000146807476277
2171 0.000109737894907
2172 7.51869037174e-05
2173 4.32777876364e-05
2174 1.38578470649e-05
2175 -1.28765978448e-05
2176 -3.6997519257e-05
2177 -5.85377546432e-05
2178 -7.76026240182e-05
2179 -9.42606434886e-05
2180 -0.000108648875413
2181 -0.000120858309538
2182 -0.000131073506454
2183 -0.000139416766099
2184 -0.00014603791237
2185 -0.000151102358117
2186 -0.000154758510305
2187 -0.000157144894007
2188 -0.000158414909472
2189 -0.00015868743428
2190 -0.000158091526487
2191 -0.00015675174781
2192 -0.000154774463434
2193 -0.000152238732946
2194 -0.00014923458344
2195 -0.000145842228504
2196 -0.00014212806943
2197 -0.00013813764409
2198 -0.000133937610793
2199 -0.00012957142002
2200 0.000835782734988
2201 0.000830613802433
2202 0.000819914640083
2203 0.000804347192142
2204 0.000783975709439
2205 0.00075900737839
2206 0.000729928604758
2207 0.000696857438089
2208 0.000661173628813
2209 0.000622419556612
2210 0.000581465042427
2211 0.000538730548933
2212 0.000494782216123
2213 0.000450380014779
2214 0.000405766009212
2215 0.000361389624559
2216 0.000317761705396
2217 0.000275086639193
2218 0.00023387396187
2219 0.000194352070508
2220 0.0001566759446
2221 0.000121070764378
2222 8.774118672e-05
2223 5.68247994903e-05
2224 2.8184144049e-05
2225 2.01191443198e-06
2226 -2.17194179153e-05
2227 -4.30760411083e-05
2228 -6.21101509398e-05
2229 -7.88703255801e-05
2230 -9.34873362109e-05
2231 -0.000106047099421
2232 -0.000116711757118
2233 -0.00012558830085
2234 -0.000132811596106
2235 -0.000138530569616
2236 -0.000142880929253
2237 -0.000145980666548
2238 -0.000147976570193
2239 -0.000148981007352
2240 -0.000149115709707
2241 -0.000148497411383
2242 -0.000147218808213
2243 -0.000145359453165
2244 -0.000143001764714
2245 -0.000140216605018
2246 -0.000137067595462
2247 -0.00013361070033
2248 -0.00012991616088
2249 -0.000126028197107
2250 0.000800068669477
2251 0.000795284170149
2252 0.000785440630074
2253 0.0007710876645
2254 0.000752288087669
2255 0.000729258858459
2256 0.000702403950898
2257 0.000671809536117
2258 0.000638766543739
2259 0.000602818567449
2260 0.000564770479612
2261 0.000524996747588
2262 0.000484009646152
2263 0.00044251303363
2264 0.000400714574797
2265 0.000359026234438
2266 0.000317934455767
2267 0.000277599264549
2268 0.000238522483975
2269 0.000200910414436
2270 0.000164938240585
2271 0.000130811902364
2272 9.87411578137e-05
2273 6.88662073652e-05
2274 4.10856666024e-05
2275 1.55662513412e-05
2276 -7.72120096334e-06
2277 -2.87890101715e-05
2278 -4.76949531323e-05
2279 -6.44591277671e-05
2280 -7.92241457603e-05
2281 -9.2049615301e-05
2282 -0.000103069562547
2283 -0.00011238699227
2284 -0.000120122338983
2285 -0.00012640524582
2286 -0.000131359811442
2287 -0.000135087290113
2288 -0.000137732251925
2289 -0.000139407373798
2290 -0.000140219008951
2291 -0.000140261352107
2292 -0.000139624789075
2293 -0.000138392066068
2294 -0.000136635715521
2295 -0.00013442395062
2296 -0.000131817556563
2297 -0.000128877625079
2298 -0.000125671477181
2299 -0.00012224838138
2300 0.000765409347353
2301 0.000760991374159
2302 0.000751939292482
2303 0.000738681614356
2304 0.000721335158685
2305 0.000700102960143
2306 0.000675303854204
2307 0.000647017188548
2308 0.000616432065123
2309 0.000583106420263
2310 0.00054777695471
2311 0.000510779756931
2312 0.000472575302897
2313 0.000433802167188
2314 0.00039466316569
2315 0.00035551326429
2316 0.000316825063339
2317 0.000278741046691
2318 0.000241740863587
2319 0.000206015736453
2320 0.00017173867939
2321 0.000139104859274
2322 0.000108324747606
2323 7.95326375436e-05
2324 5.26469404097e-05
2325 2.78278211916e-05
2326 5.06979512979e-06
2327 -1.56340861782e-05
2328 -3.43255550837e-05
2329 -5.10371156309e-05
2330 -6.5856945847e-05
2331 -7.88594046425e-05
2332 -9.01507628656e-05
2333 -9.98241944056e-05
2334 -0.000107983962947
2335 -0.000114747417059
2336 -0.000120226744296
2337 -0.000124519952218
2338 -0.00012775776005
2339 -0.00013004129622
2340 -0.000131457393899
2341 -0.000132094068328
2342 -0.000132049761549
2343 -0.000131393521145
2344 -0.000130185866832
2345 -0.000128507615344
2346 -0.000126417603323
2347 -0.00012397332216
2348 -0.000121233977697
2349 -0.000118254325463
2350 0.00073188161574
2351 0.000727801706288
2352 0.000719477694521
2353 0.00070725882966
2354 0.00069125953888
2355 0.000671680177936
2356 0.00064878789641
2357 0.000622632153384
2358 0.000594328761699
2359 0.000563426334828
2360 0.000530618047364
2361 0.000496197792088
2362 0.000460582198947
2363 0.000424364137943
2364 0.000387703086482
2365 0.000350982770973
2366 0.000314581482349
2367 0.000278664804332
2368 0.000243680894785
2369 0.000209798607718
2370 0.00017719236026
2371 0.000146045921159
2372 0.000116557908928
2373 8.88733433261e-05
2374 6.28984142045e-05
2375 3.88333757631e-05
2376 1.6659226559e-05
2377 -3.60898723808e-06
2378 -2.20031722824e-05
2379 -3.85714561199e-05
2380 -5.33642408357e-05
2381 -6.64556363049e-05
2382 -7.79396053037e-05
2383 -8.78876397986e-05
2384 -9.63926945894e-05
2385 -0.000103564622139
2386 -0.00010950368087
2387 -0.000114305128924
2388 -0.000118074122558
2389 -0.000120892760315
2390 -0.000122853081587
2391 -0.000124036243093
2392 -0.000124532651226
2393 -0.000124404621708
2394 -0.00012371077944
2395 -0.000122530509338
2396 -0.00012092602773
2397 -0.000118955202411
2398 -0.0001166592302
2399 -0.000114093765843
2400 0.000699544773908
2401 0.000695792325555
2402 0.00068811879274
2403 0.000676867845051
2404 0.000662118817346
2405 0.00064404539322
2406 0.000622901372684
2407 0.000598698505679
2408 0.000572488158313
2409 0.000543827709023
2410 0.000513345184356
2411 0.000481324924557
2412 0.00044812314561
2413 0.000414295722638
2414 0.00038001056283
2415 0.000345560696256
2416 0.000311354733851
2417 0.000277515830244
2418 0.000244472577831
2419 0.000212374408128
2420 0.000181395312181
2421 0.000151708384036
2422 0.000123512253098
2423 9.69454205025e-05
2424 7.19223871202e-05
2425 4.86474806142e-05
2426 2.71078064437e-05
2427 7.32119921923e-06
2428 -1.07398178312e-05
2429 -2.71014677364e-05
2430 -4.17994433977e-05
2431 -5.49113304076e-05
2432 -6.65120984192e-05
2433 -7.6655407504e-05
2434 -8.54221043186e-05
2435 -9.29249446653e-05
2436 -9.92434106011e-05
2437 -0.00010446877401
2438 -0.000108691611622
2439 -0.000111981036997
2440 -0.000114433160909
2441 -0.000116114308841
2442 -0.000117098358099
2443 -0.000117450921509
2444 -0.000117236452919
2445 -0.00011652580413
2446 -0.000115380370547
2447 -0.00011385064655
2448 -0.000111979340271
2449 -0.000109809381259
2450 0.000668476994775
2451 0.000665028971038
2452 0.000657940892972
2453 0.000647568064638
2454 0.000633946507586
2455 0.00061724087854
2456 0.000597664466661
2457 0.000575262354893
2458 0.000550978042827
2459 0.00052438642958
2460 0.000496056622315
2461 0.000466281801094
2462 0.000435340981851
2463 0.0004037738962
2464 0.000371707874667
2465 0.000339441072893
2466 0.000307309461087
2467 0.000275448721757
2468 0.000244259414398
2469 0.000213880482051
2470 0.000184482156443
2471 0.000156227437988
2472 0.000129307887669
2473 0.000103856937908
2474 7.97982344385e-05
2475 5.73319035554e-05
2476 3.64472233753e-05
2477 1.71729364794e-05
2478 -4.94994092199e-07
2479 -1.65846156248e-05
2480 -3.1133464349e-05
2481 -4.42008660052e-05
2482 -5.5852697998e-05
2483 -6.61266323122e-05
2484 -7.51014281445e-05
2485 -8.28706741405e-05
2486 -8.95022255152e-05
2487 -9.50874649854e-05
2488 -9.96998766324e-05
2489 -0.000103401068737
2490 -0.000106279311363
2491 -0.000108395347833
2492 -0.000109814389148
2493 -0.000110603182166
2494 -0.000110827676356
2495 -0.000110551879718
2496 -0.000109829090014
2497 -0.000108697322085
2498 -0.000107218986228
2499 -0.000105436002454
