0 -0.00532432916002
1 -0.00519546176444
2 -0.00498581591518
3 -0.00469347334405
4 -0.00433539743464
5 -0.00393593564686
6 -0.00351885055267
7 -0.00309005305389
8 -0.00267792230653
9 -0.0022895515319
10 -0.001930464084
11 -0.00160605377822
12 -0.00131922094923
13 -0.00106758838009
14 -0.000848032519645
15 -0.0006559259116
16 -0.000489252899561
17 -0.000345882375688
18 -0.00022721138802
19 -0.00013705101706
20 -7.37035307173e-05
21 -2.91405536615e-05
22 6.80387904267e-06
23 3.99341102163e-05
24 7.16807994977e-05
25 0.000101397141579
26 0.000127208685139
27 0.000148309392645
28 0.000164185769215
29 0.000175150148809
30 0.000182012482575
31 0.000185436833997
32 0.000186105877449
33 0.000184566925647
34 0.000181444806263
35 0.000177064132149
36 0.000171793201861
37 0.000165995853088
38 0.000159895738929
39 0.000153621065006
40 0.000147187337589
41 0.000140727209311
42 0.000134277708376
43 0.000127924930225
44 0.000121705200757
45 0.000115651558284
46 0.000109800979495
47 0.000104218268822
48 9.89751476025e-05
49 9.405715966e-05
50 -0.00539778312638
51 -0.00526704849931
52 -0.00504909457282
53 -0.00474171158703
54 -0.00436827659574
55 -0.00395587611454
56 -0.00352481876643
57 -0.00308504411911
58 -0.00266567443089
59 -0.00227203879044
60 -0.00190985206072
61 -0.0015839334577
62 -0.00129641273819
63 -0.00104403783569
64 -0.000823526429179
65 -0.000630514520693
66 -0.000464175600407
67 -0.000323651879714
68 -0.000210376851045
69 -0.000126170738421
70 -6.77450029898e-05
71 -2.66483717426e-05
72 6.95854665597e-06
73 3.88477252223e-05
74 7.02642552701e-05
75 0.000100148750446
76 0.000126393643747
77 0.000147886972446
78 0.000164056269543
79 0.000175226134017
80 0.000182171920941
81 0.000185569231198
82 0.000186180408572
83 0.000184589740011
84 0.00018140419515
85 0.000176987196512
86 0.000171666638828
87 0.000165833457263
88 0.000159699493388
89 0.000153391537372
90 0.000146936778728
91 0.000140461152724
92 0.000134021133699
93 0.000127674258673
94 0.000121457875439
95 0.000115409495839
96 0.000109568502517
97 0.000103997306026
98 9.87631100082e-05
99 9.38560138366e-05
100 -0.00563805331979
101 -0.00549038761432
102 -0.00524147340901
103 -0.00489489582094
104 -0.00447871842076
105 -0.00402381066232
106 -0.00355544601672
107 -0.00308482430804
108 -0.00264263367405
109 -0.00223279826412
110 -0.00186003471415
111 -0.0015278018806
112 -0.00123625528145
113 -0.00098098959245
114 -0.000758522330354
115 -0.000565723138013
116 -0.000403775727559
117 -0.000272688036111
118 -0.00017181878675
119 -9.94253154111e-05
120 -5.04238956025e-05
121 -1.64827535407e-05
122 1.17114676341e-05
123 4.01028566075e-05
124 7.00998600608e-05
125 0.000100109189042
126 0.000127170507011
127 0.000149501300326
128 0.000166263273979
129 0.000177719422251
130 0.000184689820869
131 0.000187936413914
132 0.000188304427271
133 0.000186427955288
134 0.00018295799158
135 0.000178273154109
136 0.000172703970453
137 0.000166658487437
138 0.00016033336322
139 0.000153851666736
140 0.00014726460404
141 0.000140683829777
142 0.000134163315601
143 0.000127758161244
144 0.000121491726735
145 0.000115399749911
146 0.000109535884059
147 0.000103947269975
148 9.86908120389e-05
149 9.37611072545e-05
150 -0.0060318344354
151 -0.00585458550412
152 -0.00555180364964
153 -0.0051373768656
154 -0.00464858222763
155 -0.0041227760133
156 -0.00359326324749
157 -0.00307309467883
158 -0.00259490782903
159 -0.00216001345472
160 -0.00177095687457
161 -0.00142883392806
162 -0.00113152025451
163 -0.000873905446007
164 -0.000653320362693
165 -0.000468081511969
166 -0.000319599464681
167 -0.000205689085064
168 -0.000121651306562
169 -6.26698901015e-05
170 -2.36613027988e-05
171 1.97467925629e-06
172 2.2478818667e-05
173 4.47135024218e-05
174 7.13467075069e-05
175 0.000100650188697
176 0.000128479573752
177 0.000151923588829
178 0.000169544541439
179 0.000181440321805
180 0.000188472121137
181 0.000191510721277
182 0.000191516115727
183 0.000189215136779
184 0.000185313298448
185 0.000180219295488
186 0.000174277744137
187 0.000167903749488
188 0.000161287180892
189 0.000154547924083
190 0.000147754240343
191 0.000141014277045
192 0.000134372853286
193 0.000127876048486
194 0.000121533181688
195 0.000115379209989
196 0.000109478175449
197 0.000103861491956
198 9.85723661793e-05
199 9.36088588791e-05
200 -0.00660363921248
201 -0.00637915889061
202 -0.00599052915341
203 -0.00546959442311
204 -0.00486954663312
205 -0.00423817739985
206 -0.00362024918178
207 -0.00303068127833
208 -0.00250362726182
209 -0.00203577494459
210 -0.00162646308988
211 -0.00127380787194
212 -0.000973835399192
213 -0.00072140079149
214 -0.000513922688254
215 -0.000348595666499
216 -0.000223433255704
217 -0.000131799293115
218 -6.54404169472e-05
219 -1.86034745733e-05
220 1.19731064999e-05
221 2.99322311683e-05
222 4.16031201834e-05
223 5.50233615084e-05
224 7.55197541075e-05
225 0.000102399422887
226 0.000130374293373
227 0.000154932977368
228 0.000173609217604
229 0.000186096443346
230 0.000193247445725
231 0.000196051646264
232 0.000195609444418
233 0.000192773684383
234 0.000188314288605
235 0.000182693325151
236 0.000176275628673
237 0.000169470092883
238 0.000162478374501
239 0.000155413789319
240 0.000148355279772
241 0.000141410961288
242 0.000134613983204
243 0.000127995736912
244 0.000121555751572
245 0.000115327605146
246 0.000109375362359
247 0.000103721557327
248 9.83914501129e-05
249 9.33872393032e-05
250 -0.00739556772948
251 -0.00709632450579
252 -0.00657338388706
253 -0.00589061425912
254 -0.00512586045481
255 -0.00434505809238
256 -0.00360706104763
257 -0.00292790464744
258 -0.0023419228867
259 -0.0018380087543
260 -0.00141110103927
261 -0.00105624642582
262 -0.000766513615557
263 -0.000534669541599
264 -0.00035489564439
265 -0.000219962645792
266 -0.000123003446871
267 -5.39079548137e-05
268 -3.56116213933e-06
269 3.28281033436e-05
270 5.63568049684e-05
271 6.77145471899e-05
272 7.04623573862e-05
273 7.31222287658e-05
274 8.44844605886e-05
275 0.000106481070752
276 0.000133355132202
277 0.000158674490761
278 0.000178449845565
279 0.000191645188852
280 0.000198979041798
281 0.000201541863516
282 0.000200591753644
283 0.000197118546927
284 0.000191996985149
285 0.000185739763563
286 0.000178748248609
287 0.000171415574757
288 0.000163968977216
289 0.000156520506311
290 0.000149136121762
291 0.00014194075637
292 0.00013495013871
293 0.000128178941833
294 0.000121620326488
295 0.000115303703661
296 0.00010927995325
297 0.00010357348463
298 9.81903760774e-05
299 9.31344315049e-05
300 -0.008442163695
301 -0.00802201153642
302 -0.00729514592406
303 -0.0063719798229
304 -0.00537581430974
305 -0.00439780060309
306 -0.00351218993301
307 -0.00273250441551
308 -0.0020894131426
309 -0.00155864169343
310 -0.0011297443578
311 -0.000792061807492
312 -0.000531152444096
313 -0.000334818371548
314 -0.000191928045772
315 -9.05426264769e-05
316 -2.06789955782e-05
317 2.81351255613e-05
318 6.43351974264e-05
319 9.08584582104e-05
320 0.000107500450494
321 0.000112797612446
322 0.000107516753511
323 9.89548438673e-05
324 9.90248888678e-05
325 0.00011358867384
326 0.000137685385892
327 0.000163079505163
328 0.000183855533
329 0.000197810239706
330 0.000205381570306
331 0.000207739381228
332 0.000206254911321
333 0.000202092610883
334 0.000196232120783
335 0.000189275117482
336 0.000181637358082
337 0.000173727029144
338 0.00016575608633
339 0.000157873426782
340 0.000150137118771
341 0.000142653557411
342 0.000135432691057
343 0.000128484974785
344 0.000121789757364
345 0.000115366921747
346 0.000109260780442
347 0.000103488345664
348 9.80422039646e-05
349 9.29222101741e-05
350 -0.00968878768915
351 -0.00908531008629
352 -0.00807061921429
353 -0.0068227478964
354 -0.00553613107644
355 -0.00433074148664
356 -0.00329218007269
357 -0.00242467313946
358 -0.0017470656083
359 -0.00121582124435
360 -0.000811154072187
361 -0.00051357350219
362 -0.000296731032263
363 -0.000144277342085
364 -3.97758269337e-05
365 2.98883929457e-05
366 7.60450507123e-05
367 0.000107417709465
368 0.000130909412527
369 0.000148034848611
370 0.000157368306098
371 0.000157111757052
372 0.000145194815347
373 0.000127046519564
374 0.000115758732065
375 0.000121636119141
376 0.000141638397674
377 0.00016631507477
378 0.000187736087353
379 0.000202435133336
380 0.000210311818007
381 0.000212542485533
382 0.000210640464243
383 0.00020590013455
384 0.000199413467694
385 0.000191830789577
386 0.000183614747498
387 0.000175187765193
388 0.000166812248206
389 0.000158557275542
390 0.000150495773759
391 0.000142788852504
392 0.000135389743502
393 0.000128298866952
394 0.000121504385481
395 0.000115010229823
396 0.00010884499346
397 0.00010303234576
398 9.75489892619e-05
399 9.23976310929e-05
400 -0.011311035588
401 -0.0104233578248
402 -0.00896599559786
403 -0.00725342244238
404 -0.00558727481452
405 -0.00411311928738
406 -0.00292206698505
407 -0.00199126511287
408 -0.00131103056304
409 -0.000811653849478
410 -0.000457212093702
411 -0.000217609405391
412 -5.50462770842e-05
413 4.99873623183e-05
414 0.00011628415332
415 0.000156484843197
416 0.000179511491154
417 0.000193867899481
418 0.000203838527538
419 0.000210278291569
420 0.000211235981939
421 0.000204515891149
422 0.000186196654848
423 0.000159050821282
424 0.000136296212356
425 0.000132186861667
426 0.000146684777798
427 0.000169786600119
428 0.000191560701264
429 0.000206936565823
430 0.000215139724533
431 0.000217265903621
432 0.000214945643696
433 0.000209618581977
434 0.000202483454108
435 0.000194262819052
436 0.00018546837787
437 0.000176525835594
438 0.000167684481793
439 0.000159064508116
440 0.000150709707004
441 0.000142757817456
442 0.000135179303444
443 0.000127959648107
444 0.000121068566789
445 0.0001145066048
446 0.000108289540161
447 0.000102434984734
448 9.692210928e-05
449 9.17415008308e-05
450 -0.0136126670215
451 -0.0122393828427
452 -0.0100330779592
453 -0.00761698508585
454 -0.00544766867996
455 -0.00366832403018
456 -0.00234694502388
457 -0.00139860312737
458 -0.000761407827877
459 -0.000332633144264
460 -5.51536908878e-05
461 0.000111036931605
462 0.000210343397984
463 0.000264107352411
464 0.000290007658978
465 0.000298940659968
466 0.000297229618494
467 0.000292091436946
468 0.000286137648631
469 0.000279633695783
470 0.000270445052303
471 0.000255924042793
472 0.000231012459136
473 0.00019533249904
474 0.000161131505115
475 0.000145877262012
476 0.000153408306391
477 0.000174005913998
478 0.000195714169032
479 0.00021165199215
480 0.000220192489022
481 0.000222226054822
482 0.000219486665098
483 0.000213534109696
484 0.000205713555036
485 0.00019682243376
486 0.000187412415844
487 0.000177922987697
488 0.00016861046971
489 0.000159596995795
490 0.000150919716192
491 0.000142710934884
492 0.000134940158029
493 0.000127577903402
494 0.000120584972422
495 0.000113947500792
496 0.000107670625844
497 0.000101771561633
498 9.62229601074e-05
499 9.10144813972e-05
500 -0.0169593104541
501 -0.0146695387005
502 -0.0111660734669
503 -0.00770012056922
504 -0.00491698091026
505 -0.00285829388844
506 -0.00148589781786
507 -0.000606443444477
508 -8.03712672859e-05
509 0.000230020237534
510 0.000400194805246
511 0.000475768936386
512 0.000501909671182
513 0.000498378316652
514 0.000479489249031
515 0.000453643423437
516 0.000424404242082
517 0.000397225070136
518 0.000373138097132
519 0.000352002610629
520 0.000331270189421
521 0.000307985527396
522 0.000276272381088
523 0.000232941043883
524 0.000188222937234
525 0.000161667389789
526 0.000161286940747
527 0.000178511030402
528 0.000199700131204
529 0.000216046977639
530 0.000224890308122
531 0.000226852894552
532 0.00022371425638
533 0.000217167623238
534 0.000208680209341
535 0.00019913507445
536 0.000189126195571
537 0.000179107130722
538 0.000169335595606
539 0.00015994039007
540 0.000150957213768
541 0.000142499274152
542 0.000134545205656
543 0.000127046906383
544 0.000119953706428
545 0.000113246102841
546 0.000106912894375
547 0.000100973822659
548 9.5397218709e-05
549 9.01711025149e-05
550 -0.0218827803486
551 -0.017701863215
552 -0.011918087124
553 -0.00700937194422
554 -0.00364229734684
555 -0.00148666197805
556 -0.000249273161958
557 0.000417513695527
558 0.000738597318613
559 0.000872936614478
560 0.000901835994351
561 0.000867919898489
562 0.000810224445338
563 0.000742897620359
564 0.000675029460781
565 0.000611369399719
566 0.000552732826184
567 0.000502150463127
568 0.000459042582281
569 0.000422642575162
570 0.000389887998531
571 0.000357506928891
572 0.000319004603173
573 0.000269004465044
574 0.000215214238894
575 0.000178166052556
576 0.000169706237217
577 0.000183062584349
578 0.000203319806206
579 0.000219884293676
580 0.000228961900871
581 0.000230850604878
582 0.000227348724973
583 0.00022026471709
584 0.000211166801135
585 0.000201016847934
586 0.000190460827683
587 0.000179954539844
588 0.0001697627329
589 0.000160021973782
590 0.000150756597833
591 0.000142074729755
592 0.000133956859854
593 0.000126337679264
594 0.000119158443505
595 0.0001123914265
596 0.000106009966498
597 0.000100041536405
598 9.44482519392e-05
599 8.92144007747e-05
600 -0.0290209008624
601 -0.020652937603
602 -0.0111030493886
603 -0.00472469069247
604 -0.00124246564253
605 0.000551594757951
606 0.00134422622526
607 0.00161595319498
608 0.00163443357152
609 0.00154329522257
610 0.00140637179263
611 0.00125231279424
612 0.00110667326409
613 0.000974558169346
614 0.000857938225182
615 0.000757057499607
616 0.000670228681055
617 0.000597182214786
618 0.000536218744758
619 0.000485476927127
620 0.000441522984489
621 0.00040064872743
622 0.000355895376308
623 0.000300335740399
624 0.000239296458814
625 0.000193413834617
626 0.000177604857678
627 0.000187080648073
628 0.000206182430955
629 0.000222751688207
630 0.00023195820061
631 0.000233768222738
632 0.000229951666298
633 0.00022240966867
634 0.000212791905621
635 0.000202133968969
636 0.000191116064843
637 0.000180206832444
638 0.000169668438759
639 0.000159642905888
640 0.000150162462054
641 0.000141302372223
642 0.000133059565876
643 0.000125353067566
644 0.000118114913071
645 0.000111312214453
646 0.000104908537688
647 9.8930381925e-05
648 9.33398527776e-05
649 8.8112637828e-05
650 -0.0385928032226
651 -0.020661721072
652 -0.00646269683368
653 -4.15805094237e-05
654 0.00234272088202
655 0.00308467810007
656 0.00310088877706
657 0.00283312131235
658 0.00249468439886
659 0.00216192001057
660 0.00185799273486
661 0.00158919203266
662 0.00136264598632
663 0.00117215709989
664 0.00101250059928
665 0.000879083761783
666 0.00076804258862
667 0.000675862172873
668 0.000599706977908
669 0.000536853215038
670 0.000483437497973
671 0.000435368064256
672 0.000385254520741
673 0.000325250516695
674 0.000258687806079
675 0.000205947280628
676 0.000184131579654
677 0.000190186116016
678 0.000208091842724
679 0.000224486680532
680 0.000233703076525
681 0.000235394725285
682 0.000231309676509
683 0.000223412240177
684 0.000213380718683
685 0.000202327221727
686 0.000190956739664
687 0.000179741683304
688 0.00016894534086
689 0.000158713556046
690 0.000149079494024
691 0.000140105229807
692 0.000131783557697
693 0.000124029342343
694 0.000116763460057
695 0.000109952112874
696 0.000103551445353
697 9.75855017698e-05
698 9.20189851374e-05
699 8.68211750747e-05
700 -0.0424050338822
701 -0.00919386245287
702 0.00415126456727
703 0.00669891706697
704 0.00641912538302
705 0.00557689957823
706 0.00467426733512
707 0.00385770795417
708 0.00319078302841
709 0.00264820495931
710 0.00220649820123
711 0.00184629126142
712 0.00155654756102
713 0.00132105865097
714 0.00112878449907
715 0.000970795139966
716 0.00084133033211
717 0.000734803611774
718 0.00064721144894
719 0.000575189359657
720 0.00051459429476
721 0.000460971303506
722 0.000406637461242
723 0.000343243483879
724 0.000272729359569
725 0.00021508237476
726 0.00018884495377
727 0.000192217328194
728 0.000209032781046
729 0.000225135161271
730 0.000234240136211
731 0.000235770687285
732 0.000231450770287
733 0.000223250351865
734 0.000212914925235
735 0.000201579496581
736 0.000189958387774
737 0.000178534962048
738 0.000167575236887
739 0.000157217313297
740 0.000147497388176
741 0.000138469447643
742 0.00013011901475
743 0.000122356754755
744 0.000115105574455
745 0.00010831923575
746 0.000101954852629
747 9.60324613587e-05
748 9.05129772256e-05
749 8.53643665622e-05
750 -0.00660838226557
751 0.0175358731834
752 0.0162394401816
753 0.0123495140441
754 0.00935312688036
755 0.00719698888891
756 0.00563342695651
757 0.00446173402016
758 0.00359481307993
759 0.00292758938264
760 0.00240648324834
761 0.00199538324451
762 0.00167004313017
763 0.00140907747599
764 0.0011981543971
765 0.001026226094
766 0.000886134045595
767 0.000771198494932
768 0.000676654341253
769 0.000598973325149
770 0.000533993759785
771 0.000476781319483
772 0.000419590357232
773 0.00035383995864
774 0.000280851174082
775 0.000220274799965
776 0.000191366827918
777 0.000192984717095
778 0.000208947485995
779 0.00022467725869
780 0.000233561107873
781 0.000234884861699
782 0.000230338693557
783 0.000221921905719
784 0.000211385572674
785 0.00019986907132
786 0.000188108542614
787 0.00017658727432
788 0.000165554556339
789 0.000155149051007
790 0.000145410507231
791 0.000136389910715
792 0.000128064036729
793 0.00012033836482
794 0.000113136379335
795 0.000106408218839
796 0.000100107808241
797 9.42523143783e-05
798 8.88007369646e-05
799 8.37215031383e-05
800 -0.00586419899648
801 0.0189651211143
802 0.016267212003
803 0.0123522567316
804 0.00939925808416
805 0.00721087604361
806 0.00563971534263
807 0.00447382843143
808 0.00361241097992
809 0.00294525393365
810 0.00242449273917
811 0.00201480572953
812 0.00168862908974
813 0.00142655669967
814 0.00121402508728
815 0.00104053350453
816 0.000898976245461
817 0.00078240676628
818 0.000686132054798
819 0.000606818796533
820 0.000540399098651
821 0.000481838829509
822 0.000423351064325
823 0.000356390195399
824 0.000282428576475
825 0.000220972982876
826 0.000191303499898
827 0.000192268251733
828 0.000207706432489
829 0.000223007092818
830 0.000231556159513
831 0.000232617649257
832 0.000227875900562
833 0.000219324329698
834 0.000208688008869
835 0.00019711381656
836 0.000185340130742
837 0.000173829294918
838 0.000162818983936
839 0.000152455015867
840 0.000142780177798
841 0.000133831351656
842 0.000125586662701
843 0.000117948824854
844 0.000110836203355
845 0.000104203346949
846 9.79996528776e-05
847 9.22373741181e-05
848 8.68792385315e-05
849 8.18913587033e-05
850 -0.0460368506568
851 -0.0105545731772
852 0.00350816720338
853 0.00643942587465
854 0.00639914562316
855 0.00555077494596
856 0.00465746651209
857 0.00386926236948
858 0.0032254725899
859 0.00268921006781
860 0.00225131399581
861 0.00189720092692
862 0.00160695974217
863 0.00136919248307
864 0.00117321439143
865 0.0010111337837
866 0.000877750327394
867 0.000766828953054
868 0.000674365858096
869 0.00059758899718
870 0.000532987280031
871 0.00047549017205
872 0.000417337171513
873 0.000350438689406
874 0.000277052100628
875 0.000216847902593
876 0.000188432981576
877 0.000189915128414
878 0.000205174947272
879 0.000220004985671
880 0.000228110617898
881 0.000228871497353
882 0.000223972095051
883 0.000215374949158
884 0.000204759004065
885 0.000193269056762
886 0.000181610041098
887 0.000170220252396
888 0.000159338869069
889 0.000149112136994
890 0.000139581359262
891 0.000130781950139
892 0.000122681909186
893 0.000115184275921
894 0.000108208557962
895 0.000101708791197
896 9.563468866e-05
897 8.99960944424e-05
898 8.47571426748e-05
899 7.98821868032e-05
900 -0.0375569695988
901 -0.0211248912804
902 -0.00705361694827
903 -0.000409515136935
904 0.00222192302443
905 0.00299867277953
906 0.00304899353327
907 0.00282875349744
908 0.00252963248099
909 0.00221247552853
910 0.00191800113351
911 0.00166103000103
912 0.00143653356881
913 0.00124413443579
914 0.0010802011802
915 0.000941059706262
916 0.000824497881343
917 0.000725829023076
918 0.00064224298367
919 0.000571924514612
920 0.000512160130095
921 0.000457975891985
922 0.000401664532713
923 0.000336068098816
924 0.000264868710477
925 0.00020809694918
926 0.000182865268603
927 0.000185911397576
928 0.000201278713329
929 0.000215589154316
930 0.000223152502014
931 0.000223584954611
932 0.000218567434578
933 0.000210026339591
934 0.000199565265413
935 0.000188294296188
936 0.000176874486756
937 0.000165728373071
938 0.00015509222172
939 0.000145100430913
940 0.000135802629605
941 0.000127224932174
942 0.000119339891929
943 0.000112034718683
944 0.000105243936773
945 9.89149509892e-05
946 9.30074183607e-05
947 8.75233100914e-05
948 8.24295218433e-05
949 7.76935517051e-05
950 -0.0278969353822
951 -0.0203989273435
952 -0.0112133227458
953 -0.0048949611725
954 -0.00130924704354
955 0.000492074495042
956 0.00130536294655
957 0.0016195572523
958 0.00167744285757
959 0.0016053372205
960 0.00147987902003
961 0.00134116828993
962 0.00119980242124
963 0.00106659816738
964 0.000945491868402
965 0.000837708025657
966 0.000744350358422
967 0.00066310675429
968 0.00059251040534
969 0.000531839824983
970 0.000479438033338
971 0.000430348559181
972 0.000377149964778
973 0.000314021186583
974 0.0002467060502
975 0.000195434511636
976 0.000175003558711
977 0.000180386799995
978 0.000196021055389
979 0.00020974392056
980 0.00021668513036
981 0.000216779779199
982 0.000211705262282
983 0.000203332607841
984 0.000193159015038
985 0.000182227447398
986 0.000171172487778
987 0.000160391099524
988 0.000150104700886
989 0.000140449140315
990 0.000131473222363
991 0.000123191246269
992 0.000115578222659
993 0.000108520750869
994 0.000101955006598
995 9.58341994984e-05
996 9.01277597363e-05
997 8.48300658678e-05
998 7.99073261592e-05
999 7.53343919416e-05
1000 -0.0211266818494
1001 -0.0173611913959
1002 -0.0117678250001
1003 -0.00695738015541
1004 -0.00357281947744
1005 -0.00144313064372
1006 -0.000212993386628
1007 0.000471924539278
1008 0.000816671700395
1009 0.000962213080705
1010 0.000997995437905
1011 0.000978028681826
1012 0.000923716013158
1013 0.000854691452357
1014 0.000781449786869
1015 0.000709813384577
1016 0.000643607039267
1017 0.0005831455827
1018 0.000528366237741
1019 0.000479668812033
1020 0.000436476631986
1021 0.0003937931519
1022 0.000344724786858
1023 0.000285241215515
1024 0.000223591810829
1025 0.000179705119897
1026 0.000165312520357
1027 0.000173468824665
1028 0.000189376614087
1029 0.000202413686717
1030 0.000208679721949
1031 0.000208463149587
1032 0.000203425758175
1033 0.00019533291408
1034 0.000185571541977
1035 0.000175114691728
1036 0.000164549972251
1037 0.000154237920658
1038 0.000144406506455
1039 0.000135178745251
1040 0.00012660624101
1041 0.000118694212795
1042 0.00011140873085
1043 0.000104652232532
1044 9.83570147007e-05
1045 9.24878571701e-05
1046 8.7013770217e-05
1047 8.1930647375e-05
1048 7.72023902494e-05
1049 7.28162841864e-05
1050 -0.0164146120393
1051 -0.0143549444414
1052 -0.0109185648244
1053 -0.00751163419884
1054 -0.00473870609897
1055 -0.00271032974589
1056 -0.00135993293493
1057 -0.000484765316052
1058 4.55476242739e-05
1059 0.000353765485964
1060 0.000522020589516
1061 0.000606334144101
1062 0.000632717314477
1063 0.000626211541874
1064 0.000600945876067
1065 0.000566565501628
1066 0.000529099972497
1067 0.000490988727167
1068 0.000453619098098
1069 0.000418326456671
1070 0.000385393163494
1071 0.000349919962662
1072 0.000305751215454
1073 0.000251101019049
1074 0.000196897557117
1075 0.000161948134644
1076 0.000154300035496
1077 0.000165285211305
1078 0.000181323421889
1079 0.000193561160292
1080 0.00019914857351
1081 0.000198680950936
1082 0.00019378686464
1083 0.00018608119333
1084 0.000176860040902
1085 0.000166998364302
1086 0.000157038571609
1087 0.000147311593905
1088 0.000138031669681
1089 0.000129320948798
1090 0.000121227454143
1091 0.000113752712367
1092 0.000106849210434
1093 0.00010043261444
1094 9.44560904591e-05
1095 8.88737983565e-05
1096 8.36670811081e-05
1097 7.88298156778e-05
1098 7.43233552113e-05
1099 7.01437444041e-05
1100 -0.0130385877562
1101 -0.0118326057503
1102 -0.00965875903915
1103 -0.00729393004332
1104 -0.00515934387753
1105 -0.0034153673399
1106 -0.00212824729777
1107 -0.00120631592482
1108 -0.00058550466863
1109 -0.000176047255117
1110 8.7041723757e-05
1111 0.000252829147388
1112 0.000346932233215
1113 0.000395669554528
1114 0.000414770539575
1115 0.000415760737101
1116 0.000406615096085
1117 0.00039086093304
1118 0.000371354567768
1119 0.000350065508253
1120 0.000327856765936
1121 0.000299980046389
1122 0.000261320341338
1123 0.000212913870881
1124 0.000167961689861
1125 0.000143079985554
1126 0.000142317777661
1127 0.000155835338729
1128 0.0001717655273
1129 0.000183114800315
1130 0.000188068984173
1131 0.000187444371225
1132 0.000182804661978
1133 0.000175617557309
1134 0.000167070484436
1135 0.000157924087692
1136 0.000148686946973
1137 0.000139661430662
1138 0.000131038676601
1139 0.000122925349782
1140 0.000115373886787
1141 0.000108397286012
1142 0.000101919200466
1143 9.5892091947e-05
1144 9.02669599263e-05
1145 8.5007961547e-05
1146 8.00980356232e-05
1147 7.55328406067e-05
1148 7.1270751563e-05
1149 6.73215150114e-05
1150 -0.0105560504797
1151 -0.00980917211833
1152 -0.00838617809547
1153 -0.00673879117392
1154 -0.00513585563956
1155 -0.00371273032801
1156 -0.00257600260521
1157 -0.00169777779381
1158 -0.00105948995707
1159 -0.000603125919964
1160 -0.00028329916739
1161 -6.16477415936e-05
1162 8.36371557871e-05
1163 0.000176979431978
1164 0.000233672274415
1165 0.000265925193929
1166 0.000282634725947
1167 0.000287924300733
1168 0.000285639380499
1169 0.000278005909608
1170 0.000266247170553
1171 0.000245834606095
1172 0.000213211922121
1173 0.000172556250159
1174 0.000138411331875
1175 0.000124014809658
1176 0.000129633919197
1177 0.000145101284905
1178 0.000160642031351
1179 0.000171078869568
1180 0.00017548565528
1181 0.000174833050496
1182 0.000170584417254
1183 0.00016406297347
1184 0.000156311280138
1185 0.000147996003648
1186 0.000139590361316
1187 0.000131358800163
1188 0.000123463596084
1189 0.000116022793958
1190 0.000109079704254
1191 0.000102651290076
1192 9.66583113649e-05
1193 9.10658202153e-05
1194 8.58324512319e-05
1195 8.0928107676e-05
1196 7.63422108724e-05
1197 7.20711106566e-05
1198 6.80727042835e-05
1199 6.43702404771e-05
1200 -0.00869813791882
1201 -0.00821141463565
1202 -0.00724636405629
1203 -0.00607946823103
1204 -0.00488022207348
1205 -0.00374650995369
1206 -0.00278368886658
1207 -0.00199387859307
1208 -0.00138477317644
1209 -0.000921859601166
1210 -0.000577650845345
1211 -0.000324050421959
1212 -0.000144739812941
1213 -1.90509224897e-05
1214 6.69398267494e-05
1215 0.000124887825691
1216 0.000163495548069
1217 0.000187328635084
1218 0.000200525296436
1219 0.000205400049323
1220 0.000203190494177
1221 0.000189850477526
1222 0.000163854784935
1223 0.000132452423475
1224 0.000109977958699
1225 0.000105589708902
1226 0.000116496037212
1227 0.000133169088815
1228 0.000148037111773
1229 0.000157591443085
1230 0.000161585091974
1231 0.000161050326222
1232 0.000157338508803
1233 0.000151612626315
1234 0.000144776687781
1235 0.000137400853476
1236 0.000129909885021
1237 0.000122546276568
1238 0.000115447177125
1239 0.000108725271294
1240 0.000102440357575
1241 9.66037431082e-05
1242 9.11380758187e-05
1243 8.60143622736e-05
1244 8.11986372666e-05
1245 7.66731197968e-05
1246 7.24325634332e-05
1247 6.84702582615e-05
1248 6.47524360815e-05
1249 6.13094029437e-05
1250 -0.00726006617792
1251 -0.00693111063659
1252 -0.00625887958307
1253 -0.00541937960223
1254 -0.00451997208101
1255 -0.0036269524096
1256 -0.00283039046573
1257 -0.00214432422428
1258 -0.00158938846244
1259 -0.0011462643983
1260 -0.00080080552281
1261 -0.000534514587089
1262 -0.000335882373163
1263 -0.000188975941742
1264 -8.16905077322e-05
1265 -3.96317124746e-06
1266 5.22460828527e-05
1267 9.16417549875e-05
1268 0.000118201940725
1269 0.000134014930574
1270 0.00014022603569
1271 0.000133624728686
1272 0.000115141686127
1273 9.42583542866e-05
1274 8.35504452146e-05
1275 8.79315797389e-05
1276 0.000102743743097
1277 0.000119877220551
1278 0.000133901169799
1279 0.000142664307402
1280 0.000146430854974
1281 0.000146200255552
1282 0.000143158346774
1283 0.00013837324383
1284 0.000132548180847
1285 0.00012620734313
1286 0.000119714963157
1287 0.000113286444182
1288 0.00010703885047
1289 0.000101092637911
1290 9.55109842665e-05
1291 9.02950082376e-05
1292 8.53842636526e-05
1293 8.07537046293e-05
1294 7.63803282636e-05
1295 7.2255110609e-05
1296 6.83777578416e-05
1297 6.47387308303e-05
1298 6.1316605425e-05
1299 5.81468204686e-05
1300 -0.00612823218059
1301 -0.00589961015159
1302 -0.0054193629737
1303 -0.00480508076217
1304 -0.00412592175775
1305 -0.00342436253349
1306 -0.00277333704588
1307 -0.00218999939097
1308 -0.00169913343003
1309 -0.00129061885396
1310 -0.000959568627413
1311 -0.00069475143805
1312 -0.00048894748017
1313 -0.00033045041975
1314 -0.000209551584678
1315 -0.000117949587334
1316 -4.84692391354e-05
1317 3.25671698109e-06
1318 4.07229071883e-05
1319 6.56702026763e-05
1320 7.92102872538e-05
1321 7.93271330866e-05
1322 6.93820288129e-05
1323 5.96459791789e-05
1324 5.97162654834e-05
1325 7.0955897688e-05
1326 8.81993164705e-05
1327 0.000105160391749
1328 0.000118285742648
1329 0.000126491775407
1330 0.000130254011089
1331 0.000130530869993
1332 0.000128350465276
1333 0.000124611150575
1334 0.000119875515719
1335 0.000114633672039
1336 0.000109180074366
1337 0.000103715541698
1338 9.8346584047e-05
1339 9.32042803185e-05
1340 8.83570780683e-05
1341 8.37860900138e-05
1342 7.94508567108e-05
1343 7.53330575924e-05
1344 7.14195287895e-05
1345 6.77083467135e-05
1346 6.42067506726e-05
1347 6.09005328798e-05
1348 5.7782871844e-05
1349 5.48991901014e-05
1350 -0.00522420598924
1351 -0.00506123890831
1352 -0.00471052618317
1353 -0.00425331839026
1354 -0.00373616186206
1355 -0.00318383562245
1356 -0.00265457752548
1357 -0.00216453838522
1358 -0.00173830719687
1359 -0.0013710952651
1360 -0.00106360086267
1361 -0.000809782459521
1362 -0.000605859812381
1363 -0.000443621577536
1364 -0.000315680712885
1365 -0.00021527172257
1366 -0.00013661852137
1367 -7.57892221177e-05
1368 -2.98946918247e-05
1369 2.43160912193e-06
1370 2.23940220904e-05
1371 2.94167252018e-05
1372 2.86802523779e-05
1373 2.95656426691e-05
1374 3.84311555237e-05
1375 5.43242931566e-05
1376 7.26805968515e-05
1377 8.90615869194e-05
1378 0.000101398917678
1379 0.000109280880951
1380 0.000113276595493
1381 0.000114249639504
1382 0.000113044036886
1383 0.000110431557094
1384 0.000106849248503
1385 0.000102747776003
1386 9.83665738829e-05
1387 9.3897290529e-05
1388 8.94507695463e-05
1389 8.51334186776e-05
1390 8.10410036056e-05
1391 7.71300687526e-05
1392 7.33879727066e-05
1393 6.97941397062e-05
1394 6.63521743146e-05
1395 6.30632810529e-05
1396 5.99460351026e-05
1397 5.69800331167e-05
1398 5.41814125617e-05
1399 5.15909171647e-05
1400 -0.00448953381503
1401 -0.00437057356012
1402 -0.00410986840406
1403 -0.00376496216329
1404 -0.00336736702035
1405 -0.0029309768828
1406 -0.00250163892419
1407 -0.00209311183081
1408 -0.001727629185
1409 -0.00140327439406
1410 -0.0011239117625
1411 -0.000887034593756
1412 -0.000691189396889
1413 -0.000531025317087
1414 -0.000401115344686
1415 -0.000296269544843
1416 -0.000211985821828
1417 -0.000144839675167
1418 -9.25689014216e-05
1419 -5.41921703703e-05
1420 -2.83057343569e-05
1421 -1.41824869762e-05
1422 -5.97049204959e-06
1423 3.79408893997e-06
1424 1.88880653272e-05
1425 3.74373184154e-05
1426 5.5977599151e-05
1427 7.16541420617e-05
1428 8.34431109148e-05
1429 9.12889024961e-05
1430 9.57640226643e-05
1431 9.75950378749e-05
1432 9.74885533131e-05
1433 9.60545502914e-05
1434 9.36722519453e-05
1435 9.07244212765e-05
1436 8.74242983772e-05
1437 8.39644452818e-05
1438 8.04415215864e-05
1439 7.69670393625e-05
1440 7.36311703938e-05
1441 7.03876815362e-05
1442 6.7235781381e-05
1443 6.41688018071e-05
1444 6.12009608067e-05
1445 5.83376016378e-05
1446 5.56079718693e-05
1447 5.29941219457e-05
1448 5.05275181017e-05
1449 4.82365833607e-05
1450 -0.00388656463951
1451 -0.00379814835552
1452 -0.00360091747359
1453 -0.00333749467122
1454 -0.00302844645167
1455 -0.00268192272127
1456 -0.0023333731084
1457 -0.00199391863435
1458 -0.00168299427643
1459 -0.00139995597254
1460 -0.00115008002538
1461 -0.000933286531678
1462 -0.000749500126904
1463 -0.000595520209624
1464 -0.000467590704878
1465 -0.000361817599649
1466 -0.000274662773673
1467 -0.00020330778502
1468 -0.000146105767549
1469 -0.000102562199917
1470 -7.11793706199e-05
1471 -5.04365151606e-05
1472 -3.47429001402e-05
1473 -1.85829276803e-05
1474 1.73224659242e-07
1475 1.98282002757e-05
1476 3.8050715352e-05
1477 5.31328119582e-05
1478 6.46873173316e-05
1479 7.27806716685e-05
1480 7.79259703285e-05
1481 8.07484678306e-05
1482 8.18112169907e-05
1483 8.15850823428e-05
1484 8.04183782172e-05
1485 7.86279632875e-05
1486 7.64144531813e-05
1487 7.39695779919e-05
1488 7.13728727318e-05
1489 6.874775496e-05
1490 6.61665403202e-05
1491 6.35962358652e-05
1492 6.10349496634e-05
1493 5.84933272794e-05
1494 5.60004517816e-05
1495 5.35691743399e-05
1496 5.12333686042e-05
1497 4.89769745844e-05
1498 4.68449375317e-05
1499 4.48607704629e-05
1500 -0.00338967164551
1501 -0.00332296630327
1502 -0.00317102184363
1503 -0.00296687869521
1504 -0.00272391149415
1505 -0.00244659981824
1506 -0.00216257816476
1507 -0.00188046733407
1508 -0.0016168886059
1509 -0.00137162752312
1510 -0.00115054641379
1511 -0.000954812397266
1512 -0.0007851286125
1513 -0.000639918678284
1514 -0.000516552199889
1515 -0.000412129638665
1516 -0.00032387359603
1517 -0.000249603171501
1518 -0.000188413101688
1519 -0.000140587718585
1520 -0.000104897604371
1521 -7.92514082522e-05
1522 -5.86177953353e-05
1523 -3.88037103033e-05
1524 -1.83412408055e-05
1525 1.50625708636e-06
1526 1.93216133151e-05
1527 3.40819678676e-05
1528 4.57209902345e-05
1529 5.43111084728e-05
1530 6.03009203353e-05
1531 6.41843853788e-05
1532 6.64209378843e-05
1533 6.7398057268e-05
1534 6.74141704409e-05
1535 6.67427306311e-05
1536 6.55947593559e-05
1537 6.4135789615e-05
1538 6.24414598728e-05
1539 6.06385569814e-05
1540 5.87839867113e-05
1541 5.68601820366e-05
1542 5.4873283513e-05
1543 5.28451807031e-05
1544 5.08217534146e-05
1545 4.88200187714e-05
1546 4.68725133296e-05
1547 4.49723033338e-05
1548 4.31684987665e-05
1549 4.14825083433e-05
1550 -0.00297375739305
1551 -0.00292221227129
1552 -0.00280364938498
1553 -0.00264350963473
1554 -0.00245087319107
1555 -0.00222761653105
1556 -0.0019954540519
1557 -0.00176094610636
1558 -0.001538137947
1559 -0.00132680580519
1560 -0.00113270589263
1561 -0.000957671112572
1562 -0.000802844347978
1563 -0.000667648213606
1564 -0.000550157172417
1565 -0.0004480572449
1566 -0.000359357135494
1567 -0.000282699165943
1568 -0.000218566917743
1569 -0.000168246998276
1570 -0.000130476155613
1571 -0.000102538111188
1572 -7.96394448296e-05
1573 -5.83141778339e-05
1574 -3.73525754999e-05
1575 -1.76326429736e-05
1576 -6.88477551686e-08
1577 1.4696018865e-05
1578 2.66963556441e-05
1579 3.59944012309e-05
1580 4.29691792866e-05
1581 4.79584842736e-05
1582 5.13640725868e-05
1583 5.35302024572e-05
1584 5.46959546202e-05
1585 5.51185112459e-05
1586 5.50047081224e-05
1587 5.44954492222e-05
1588 5.36739759369e-05
1589 5.26557441995e-05
1590 5.14967411178e-05
1591 5.01922049413e-05
1592 4.87588001262e-05
1593 4.72327248591e-05
1594 4.56712088991e-05
1595 4.40939042208e-05
1596 4.25273945857e-05
1597 4.09810943622e-05
1598 3.95013053017e-05
1599 3.81058604247e-05
1600 -0.00262191072085
1601 -0.00258166399358
1602 -0.00248812854436
1603 -0.00236114976905
1604 -0.00220732050029
1605 -0.00202668111132
1606 -0.00183624619657
1607 -0.00164120101617
1608 -0.00145306287143
1609 -0.00127153553284
1610 -0.00110201123531
1611 -0.000946461407417
1612 -0.000806095949792
1613 -0.000680807109142
1614 -0.000568936245108
1615 -0.000468884559354
1616 -0.000379645905705
1617 -0.000301570074193
1618 -0.000236870220104
1619 -0.00018725705191
1620 -0.000150543291185
1621 -0.000122892447283
1622 -9.96559072624e-05
1623 -7.79476488449e-05
1624 -5.68822762143e-05
1625 -3.72070651414e-05
1626 -1.95899284991e-05
1627 -4.51909385859e-06
1628 8.05213117497e-06
1629 1.81790872554e-05
1630 2.615121898e-05
1631 3.22418955494e-05
1632 3.67869474135e-05
1633 4.00942589208e-05
1634 4.23606140277e-05
1635 4.38373010842e-05
1636 4.47070997682e-05
1637 4.50946116346e-05
1638 4.50993013912e-05
1639 4.48182579507e-05
1640 4.43197483993e-05
1641 4.3602187183e-05
1642 4.27010992134e-05
1643 4.16686270969e-05
1644 4.05619622693e-05
1645 3.93985908497e-05
1646 3.82059620575e-05
1647 3.7010457201e-05
1648 3.58544886346e-05
1649 3.47493752727e-05
1650 -0.00232347561984
1651 -0.00229191585638
1652 -0.00221749444341
1653 -0.00211586698926
1654 -0.00199219473594
1655 -0.00184496880871
1656 -0.00168807793938
1657 -0.00152538885342
1658 -0.00136630427189
1659 -0.00121046481776
1660 -0.00106249696001
1661 -0.000924242265167
1662 -0.000796578321377
1663 -0.000679629847327
1664 -0.000571944364661
1665 -0.00047300378133
1666 -0.000383981454184
1667 -0.000307418113411
1668 -0.000246418590653
1669 -0.000201417450497
1670 -0.000168318806718
1671 -0.000142407706457
1672 -0.00011956473135
1673 -9.77654443594e-05
1674 -7.65155416498e-05
1675 -5.6633034683e-05
1676 -3.86835057369e-05
1677 -2.3095094372e-05
1678 -9.82241361079e-06
1679 1.18310689315e-06
1680 1.01396283961e-05
1681 1.72865554659e-05
1682 2.29082414471e-05
1683 2.72833414731e-05
1684 3.05756602404e-05
1685 3.30281731937e-05
1686 3.48070891043e-05
1687 3.60311477359e-05
1688 3.68011582203e-05
1689 3.72029974336e-05
1690 3.73176875776e-05
1691 3.71621408696e-05
1692 3.6778369829e-05
1693 3.62247565492e-05
1694 3.55546045022e-05
1695 3.47861858084e-05
1696 3.39576943323e-05
1697 3.3102395558e-05
1698 3.2258055132e-05
1699 3.14315698345e-05
1700 -0.00207029010068
1701 -0.0020452777836
1702 -0.00198541918073
1703 -0.00190326895674
1704 -0.00180302367458
1705 -0.00168207779467
1706 -0.00155206184274
1707 -0.0014156718873
1708 -0.00128048704473
1709 -0.00114599904595
1710 -0.00101583753437
1711 -0.000891547162934
1712 -0.000773508935702
1713 -0.000662097183217
1714 -0.000556947617992
1715 -0.000459928144874
1716 -0.000374825203862
1717 -0.00030515857257
1718 -0.000252650938659
1719 -0.000214947307235
1720 -0.000186287441942
1721 -0.000162142128582
1722 -0.000139541869546
1723 -0.000117413666254
1724 -9.57217847798e-05
1725 -7.53970258028e-05
1726 -5.69248774342e-05
1727 -4.0705956185e-05
1728 -2.66729992065e-05
1729 -1.48031472561e-05
1730 -4.9008042925e-06
1731 3.22066933547e-06
1732 9.83509381972e-06
1733 1.51775052143e-05
1734 1.94084193963e-05
1735 2.27520636182e-05
1736 2.53603703703e-05
1737 2.73612302015e-05
1738 2.88343942951e-05
1739 2.98709422559e-05
1740 3.05697768722e-05
1741 3.09465697733e-05
1742 3.10506371418e-05
1743 3.09484673163e-05
1744 3.06900758761e-05
1745 3.02962238238e-05
1746 2.98192999633e-05
1747 2.92867224798e-05
1748 2.87323743078e-05
1749 2.81671658772e-05
1750 -0.00185237020089
1751 -0.00183215546148
1752 -0.00178364120979
1753 -0.00171688531633
1754 -0.00163489831654
1755 -0.0015348460994
1756 -0.00142625276292
1757 -0.00131080412717
1758 -0.00119471791369
1759 -0.00107675238559
1760 -0.00095983596259
1761 -0.000845212435157
1762 -0.000733207186073
1763 -0.000625597285173
1764 -0.000524417269679
1765 -0.000434236260019
1766 -0.000359707985231
1767 -0.000302513625611
1768 -0.000261111621044
1769 -0.000230760104598
1770 -0.000205512915491
1771 -0.000182177072075
1772 -0.000159196700683
1773 -0.000136369501777
1774 -0.000114010102433
1775 -9.30804106764e-05
1776 -7.39992413951e-05
1777 -5.71124931969e-05
1778 -4.23327258392e-05
1779 -2.96609773522e-05
1780 -1.88948634814e-05
1781 -9.88322235471e-06
1782 -2.37494605332e-06
1783 3.84571795001e-06
1784 8.90025728213e-06
1785 1.30395447398e-05
1786 1.63955483976e-05
1787 1.90934114994e-05
1788 2.12012313387e-05
1789 2.28218015678e-05
1790 2.40562294659e-05
1791 2.4931356317e-05
1792 2.54975593373e-05
1793 2.58193140931e-05
1794 2.59475796932e-05
1795 2.59104711863e-05
1796 2.57702565058e-05
1797 2.55480873279e-05
1798 2.52774918903e-05
1799 2.4962239062e-05
1800 -0.00166527998988
1801 -0.00164882800953
1802 -0.00160886259169
1803 -0.00155383441637
1804 -0.00148550353723
1805 -0.00140115006378
1806 -0.00130843516507
1807 -0.00120813468732
1808 -0.00110542845362
1809 -0.000998350296006
1810 -0.000889545059864
1811 -0.000780869952466
1812 -0.000673920473222
1813 -0.000573015178859
1814 -0.000482350692513
1815 -0.000406812407442
1816 -0.000348611854443
1817 -0.000305853040194
1818 -0.000274358308151
1819 -0.000248972071337
1820 -0.000225158718586
1821 -0.000201456620486
1822 -0.000177535700863
1823 -0.000153774789219
1824 -0.000130670684868
1825 -0.000109086355849
1826 -8.94079507581e-05
1827 -7.19071802558e-05
1828 -5.64657367758e-05
1829 -4.31020402199e-05
1830 -3.15993602911e-05
1831 -2.18279698493e-05
1832 -1.35545348479e-05
1833 -6.58381496856e-06
1834 -7.97407289942e-07
1835 4.03212237865e-06
1836 8.03710635277e-06
1837 1.1338957585e-05
1838 1.40102402001e-05
1839 1.61578150151e-05
1840 1.78707372726e-05
1841 1.9196865566e-05
1842 2.01861664107e-05
1843 2.08999177935e-05
1844 2.13888667825e-05
1845 2.16898951317e-05
1846 2.18634466579e-05
1847 2.19282588633e-05
1848 2.19192707452e-05
1849 2.18412472698e-05
1850 -0.00149823601136
1851 -0.00148459642992
1852 -0.00145074803731
1853 -0.00140395135386
1854 -0.00134519060991
1855 -0.00127147743869
1856 -0.00118916905852
1857 -0.00109828394835
1858 -0.00100361839197
1859 -0.000903069524427
1860 -0.000800353939519
1861 -0.000699028516666
1862 -0.000602702433579
1863 -0.000516838480743
1864 -0.000445120582642
1865 -0.000389440506741
1866 -0.000348182803685
1867 -0.000317091761837
1868 -0.00029161563408
1869 -0.000268072671389
1870 -0.00024387746651
1871 -0.000218976864135
1872 -0.000193817987735
1873 -0.000169105519641
1874 -0.000145305291981
1875 -0.00012315816073
1876 -0.0001029900044
1877 -8.49955527883e-05
1878 -6.90307063289e-05
1879 -5.51077124184e-05
1880 -4.30116358548e-05
1881 -3.26228525486e-05
1882 -2.37261226249e-05
1883 -1.61379546742e-05
1884 -9.73899315673e-06
1885 -4.32215470747e-06
1886 2.39326258986e-07
1887 4.06543597351e-06
1888 7.23857305161e-06
1889 9.85839786576e-06
1890 1.20180304384e-05
1891 1.37548985409e-05
1892 1.51314950222e-05
1893 1.62021891304e-05
1894 1.70213128229e-05
1895 1.76333018081e-05
1896 1.80971400359e-05
1897 1.84327547353e-05
1898 1.86727183291e-05
1899 1.88222372575e-05
1900 -0.00133699538066
1901 -0.00132544385502
1902 -0.00129524780233
1903 -0.0012534609315
1904 -0.00120057560337
1905 -0.00113291138419
1906 -0.00105658550889
1907 -0.000971733049227
1908 -0.000883690227136
1909 -0.000791230536453
1910 -0.000699784436235
1911 -0.000614039519745
1912 -0.000537773124616
1913 -0.000474568254543
1914 -0.000425063918329
1915 -0.000387623130542
1916 -0.00035850296178
1917 -0.000333673639085
1918 -0.000310063225393
1919 -0.000285925824087
1920 -0.000260262240645
1921 -0.000233877721793
1922 -0.000207549291404
1923 -0.00018202683802
1924 -0.00015767237059
1925 -0.000135139379827
1926 -0.000114649886464
1927 -9.63218259529e-05
1928 -7.99989080525e-05
1929 -6.56687460568e-05
1930 -5.31351491363e-05
1931 -4.22759470203e-05
1932 -3.28928930232e-05
1933 -2.48132890302e-05
1934 -1.79171409085e-05
1935 -1.20091286939e-05
1936 -6.97502524317e-06
1937 -2.68050436868e-06
1938 9.31384540424e-07
1939 3.96322846053e-06
1940 6.50879254894e-06
1941 8.61147702866e-06
1942 1.03348937247e-05
1943 1.17262199367e-05
1944 1.2845196222e-05
1945 1.37442049202e-05
1946 1.44787983993e-05
1947 1.50671001014e-05
1948 1.55396762217e-05
1949 1.58986298567e-05
1950 -0.00116622721738
1951 -0.00115617271351
1952 -0.00112810108079
1953 -0.0010895744224
1954 -0.00104106116764
1955 -0.000978639307508
1956 -0.000909069888417
1957 -0.000833621521887
1958 -0.000757854296505
1959 -0.000681962087079
1960 -0.000611255075639
1961 -0.000549242615415
1962 -0.000497576653728
1963 -0.000456636391543
1964 -0.000424547747759
1965 -0.000398284334067
1966 -0.00037461052121
1967 -0.000351131552525
1968 -0.000326560061947
1969 -0.000300596405028
1970 -0.000273224514279
1971 -0.000245539559305
1972 -0.000218348649084
1973 -0.000192316981477
1974 -0.000167707408463
1975 -0.000145044352859
1976 -0.000124437321466
1977 -0.000105963615682
1978 -8.94521039611e-05
1979 -7.48750886903e-05
1980 -6.20555611085e-05
1981 -5.08682833522e-05
1982 -4.11424737592e-05
1983 -3.26783467096e-05
1984 -2.5380861567e-05
1985 -1.90641858056e-05
1986 -1.36212744272e-05
1987 -8.93788144889e-06
1988 -4.95372320778e-06
1989 -1.56429659838e-06
1990 1.32926488959e-06
1991 3.76601048206e-06
1992 5.79573013431e-06
1993 7.47572702246e-06
1994 8.87529905545e-06
1995 1.00423880553e-05
1996 1.10278699485e-05
1997 1.18499766224e-05
1998 1.25353569385e-05
1999 1.30896287749e-05
2000 -0.000983704715427
2001 -0.000975182060364
2002 -0.000950342514681
2003 -0.000916889146808
2004 -0.000875790261833
2005 -0.000823705683464
2006 -0.000767790169103
2007 -0.000710040250444
2008 -0.000654708673218
2009 -0.000602575339706
2010 -0.000556708005656
2011 -0.000518048474854
2012 -0.000486221200977
2013 -0.00045979164066
2014 -0.000436490431901
2015 -0.000414023052357
2016 -0.000390714212364
2017 -0.000365733388853
2018 -0.000339046911712
2019 -0.000311131364964
2020 -0.00028238230729
2021 -0.000253841209714
2022 -0.000226206948982
2023 -0.000200035358432
2024 -0.000175454648423
2025 -0.000152878938402
2026 -0.000132345228928
2027 -0.000113901561508
2028 -9.73911939143e-05
2029 -8.27255027963e-05
2030 -6.97681542842e-05
2031 -5.83822999564e-05
2032 -4.8395655265e-05
2033 -3.9652881629e-05
2034 -3.20512600789e-05
2035 -2.54213773128e-05
2036 -1.96653636355e-05
2037 -1.46706956027e-05
2038 -1.03742498058e-05
2039 -6.68152492453e-06
2040 -3.49489526655e-06
2041 -7.81844959045e-07
2042 1.51152041209e-06
2043 3.45292065493e-06
2044 5.10922331081e-06
2045 6.52491305766e-06
2046 7.74416018026e-06
2047 8.77984127686e-06
2048 9.65842109524e-06
2049 1.03901616412e-05
2050 -0.000819069179377
2051 -0.000812623249286
2052 -0.000793977491412
2053 -0.000769518362226
2054 -0.000740292828637
2055 -0.000704467551512
2056 -0.000667622571829
2057 -0.00063122275597
2058 -0.000597480439776
2059 -0.000566741498122
2060 -0.000539722110822
2061 -0.000515759088822
2062 -0.000493973316892
2063 -0.00047293623389
2064 -0.000451288586404
2065 -0.00042796279297
2066 -0.000402582574819
2067 -0.000375258972917
2068 -0.000346584392063
2069 -0.000317237611605
2070 -0.000287711499453
2071 -0.000258856899459
2072 -0.000231248128341
2073 -0.000205303937471
2074 -0.00018105484457
2075 -0.000158807013759
2076 -0.00013856192542
2077 -0.000120325726864
2078 -0.000103938364506
2079 -8.9327852728e-05
2080 -7.6349178554e-05
2081 -6.48741350367e-05
2082 -5.47398748674e-05
2083 -4.58170283216e-05
2084 -3.80066578061e-05
2085 -3.1142752572e-05
2086 -2.513375186e-05
2087 -1.98834195666e-05
2088 -1.53310853307e-05
2089 -1.13884648008e-05
2090 -7.96057722833e-06
2091 -5.00977485852e-06
2092 -2.48013113147e-06
2093 -3.03673791478e-07
2094 1.57919328936e-06
2095 3.21422758088e-06
2096 4.63853819784e-06
2097 5.86223377009e-06
2098 6.91359286786e-06
2099 7.8066067169e-06
2100 -0.000711494668176
2101 -0.000707160260657
2102 -0.000695954277964
2103 -0.000681416276385
2104 -0.000664057563968
2105 -0.000643740548463
2106 -0.000623048140688
2107 -0.000602516142021
2108 -0.000582897128429
2109 -0.000563997890907
2110 -0.000545538768884
2111 -0.000526626180539
2112 -0.000506769504315
2113 -0.000485303876616
2114 -0.000461753278697
2115 -0.000435944038964
2116 -0.000408215500045
2117 -0.000379038472957
2118 -0.000349109427589
2119 -0.000319100332209
2120 -0.00028947283662
2121 -0.000260865525112
2122 -0.000233717869694
2123 -0.000208334712577
2124 -0.000184668602426
2125 -0.00016296105365
2126 -0.000143179570369
2127 -0.000125297336421
2128 -0.000109185150278
2129 -9.47474083408e-05
2130 -8.18508863788e-05
2131 -7.0390531397e-05
2132 -6.02099250717e-05
2133 -5.11932176896e-05
2134 -4.32460922161e-05
2135 -3.62227126747e-05
2136 -3.00357399029e-05
2137 -2.45985313322e-05
2138 -1.98536302841e-05
2139 -1.5711835647e-05
2140 -1.20798059767e-05
2141 -8.91913856763e-06
2142 -6.17876370268e-06
2143 -3.79046561204e-06
2144 -1.70158016606e-06
2145 1.26486217285e-07
2146 1.72641025104e-06
2147 3.11278963682e-06
2148 4.31665902947e-06
2149 5.35296495056e-06
2150 -0.000668818076204
2151 -0.00066592682266
2152 -0.000660006630997
2153 -0.000651917253717
2154 -0.000641799008
2155 -0.000630285930121
2156 -0.000617701761598
2157 -0.000604012466498
2158 -0.000589452783598
2159 -0.000573610692727
2160 -0.000556195855255
2161 -0.00053666449977
2162 -0.000514947562361
2163 -0.000491029485668
2164 -0.000464945205354
2165 -0.000436970082433
2166 -0.000407675439764
2167 -0.000377536076946
2168 -0.0003472359788
2169 -0.000317335873829
2170 -0.000288207637601
2171 -0.000260316419297
2172 -0.000233981193697
2173 -0.000209414407784
2174 -0.00018653417657
2175 -0.000165524761401
2176 -0.000146323022687
2177 -0.000128921240038
2178 -0.000113175411474
2179 -9.90111818641e-05
2180 -8.6297986582e-05
2181 -7.4952709682e-05
2182 -6.48201431418e-05
2183 -5.5790441849e-05
2184 -4.77825405999e-05
2185 -4.0666837439e-05
2186 -3.43644462617e-05
2187 -2.87967019075e-05
2188 -2.39060767982e-05
2189 -1.9607583335e-05
2190 -1.58110570361e-05
2191 -1.2477132327e-05
2192 -9.55983896576e-06
2193 -7.00161144986e-06
2194 -4.74501007684e-06
2195 -2.75321428897e-06
2196 -9.97498563428e-07
2197 5.3368880625e-07
2198 1.87161060552e-06
2199 3.03260549083e-06
2200 -0.000665129992182
2201 -0.000662913770791
2202 -0.000659019692034
2203 -0.00065315813194
2204 -0.00064536756604
2205 -0.000636206607681
2206 -0.000625194056752
2207 -0.000612123169959
2208 -0.000597253034695
2209 -0.000580111170762
2210 -0.000560674244116
2211 -0.000538802786698
2212 -0.000514648793922
2213 -0.000488570114401
2214 -0.000460757102809
2215 -0.00043165145725
2216 -0.000401824102658
2217 -0.000371673727172
2218 -0.000341808962065
2219 -0.000312653640461
2220 -0.000284511900971
2221 -0.000257682875369
2222 -0.000232406322767
2223 -0.000208848818971
2224 -0.000186896223806
2225 -0.000166694667222
2226 -0.000148204661811
2227 -0.000131371537888
2228 -0.000116090813743
2229 -0.000102284243154
2230 -8.98483124238e-05
2231 -7.8691869293e-05
2232 -6.86689285686e-05
2233 -5.96925590986e-05
2234 -5.16899533813e-05
2235 -4.45465364521e-05
2236 -3.81879114279e-05
2237 -3.25416885868e-05
2238 -2.75490220193e-05
2239 -2.31315035587e-05
2240 -1.92062960898e-05
2241 -1.57280982631e-05
2242 -1.26614537013e-05
2243 -9.94918511738e-06
2244 -7.54370405488e-06
2245 -5.41525922353e-06
2246 -3.53392029463e-06
2247 -1.8887480151e-06
2248 -4.38236681327e-07
2249 8.28115541511e-07
2250 -0.000670289071682
2251 -0.000668208970742
2252 -0.000664309634923
2253 -0.000658303857594
2254 -0.000650204034058
2255 -0.000640178174235
2256 -0.000627883054402
2257 -0.000613112936407
2258 -0.000596327126768
2259 -0.00057701781242
2260 -0.000555433000098
2261 -0.000531692012218
2262 -0.000505992853577
2263 -0.00047884464354
2264 -0.000450451996841
2265 -0.000421282209567
2266 -0.000391871696732
2267 -0.00036250070927
2268 -0.000333686902214
2269 -0.000305728968226
2270 -0.000278897396572
2271 -0.000253360384982
2272 -0.000229316329194
2273 -0.000206887329883
2274 -0.000185957354275
2275 -0.000166669865648
2276 -0.00014894999734
2277 -0.00013277450608
2278 -0.000118033418672
2279 -0.000104676719313
2280 -9.2579400584e-05
2281 -8.16668183336e-05
2282 -7.18187312769e-05
2283 -6.29584489839e-05
2284 -5.50198668426e-05
2285 -4.79006858714e-05
2286 -4.1530932013e-05
2287 -3.58441651102e-05
2288 -3.07824971725e-05
2289 -2.6271912822e-05
2290 -2.22406287214e-05
2291 -1.86544919758e-05
2292 -1.54756551109e-05
2293 -1.2648296087e-05
2294 -1.01297007287e-05
2295 -7.89196323856e-06
2296 -5.90975938395e-06
2297 -4.1623630451e-06
2298 -2.61795901776e-06
2299 -1.26024297483e-06
2300 -0.000667296428666
2301 -0.000665160169487
2302 -0.000660623656284
2303 -0.000653817013878
2304 -0.00064477092948
2305 -0.000633273145091
2306 -0.000619405186228
2307 -0.000603008347505
2308 -0.000584721631631
2309 -0.000563998404331
2310 -0.000541260681776
2311 -0.000516764652046
2312 -0.000490688303916
2313 -0.000463572176033
2314 -0.00043561613485
2315 -0.000407259437823
2316 -0.000378966796038
2317 -0.00035092807331
2318 -0.000323569897571
2319 -0.000297102023386
2320 -0.000271777371009
2321 -0.00024768020669
2322 -0.000224975058895
2323 -0.000203761221233
2324 -0.000183941405728
2325 -0.000165627606575
2326 -0.000148755854474
2327 -0.00013329080089
2328 -0.000119152315555
2329 -0.000106279510962
2330 -9.45677929269e-05
2331 -8.39516017459e-05
2332 -7.43267882e-05
2333 -6.56291205599e-05
2334 -5.77978684077e-05
2335 -5.07413671125e-05
2336 -4.43978807543e-05
2337 -3.87015547716e-05
2338 -3.36037462952e-05
2339 -2.90402215173e-05
2340 -2.49447769649e-05
2341 -2.1285966761e-05
2342 -1.80256847588e-05
2343 -1.51128079306e-05
2344 -1.25106406132e-05
2345 -1.0191251925e-05
2346 -8.12599342509e-06
2347 -6.29550674564e-06
2348 -4.67439202941e-06
2349 -3.23464307129e-06
2350 -0.000651710727084
2351 -0.000649548637285
2352 -0.000644497661329
2353 -0.000637109735137
2354 -0.000627449062895
2355 -0.000615018393386
2356 -0.000600293929777
2357 -0.000583138366172
2358 -0.000564320037855
2359 -0.000543252409803
2360 -0.000520451198725
2361 -0.000496238162993
2362 -0.000470773822447
2363 -0.00044457508762
2364 -0.00041778528382
2365 -0.000390840890084
2366 -0.000364101502516
2367 -0.000337718656768
2368 -0.000312048120072
2369 -0.000287242202486
2370 -0.000263534140927
2371 -0.000240957294564
2372 -0.000219655553309
2373 -0.000199720608236
2374 -0.000181052140066
2375 -0.000163746058637
2376 -0.000147745657342
2377 -0.000133033659386
2378 -0.000119539512127
2379 -0.000107187647565
2380 -9.58971845276e-05
2381 -8.56195947965e-05
2382 -7.62569887241e-05
2383 -6.77568713944e-05
2384 -6.00641347169e-05
2385 -5.31019166787e-05
2386 -4.68110277675e-05
2387 -4.11350478594e-05
2388 -3.60355261107e-05
2389 -3.14582335149e-05
2390 -2.73362291723e-05
2391 -2.36351972054e-05
2392 -2.03232983625e-05
2393 -1.73543702589e-05
2394 -1.46975742438e-05
2395 -1.23181263705e-05
2396 -1.0190896365e-05
2397 -8.29524592626e-06
2398 -6.60131929585e-06
2399 -5.08723310993e-06
2400 -0.000625543347998
2401 -0.000623444657881
2402 -0.000618187186769
2403 -0.000610650424228
2404 -0.000600917491033
2405 -0.00058827834315
2406 -0.000573506197623
2407 -0.0005564603568
2408 -0.000537970307442
2409 -0.000517450915496
2410 -0.000495434523204
2411 -0.000472295635672
2412 -0.000448114489246
2413 -0.000423389607142
2414 -0.0003982565659
2415 -0.000373036166701
2416 -0.000348112713525
2417 -0.000323556067565
2418 -0.000299680273523
2419 -0.000276602268475
2420 -0.000254546088098
2421 -0.000233515235995
2422 -0.000213637421876
2423 -0.000194986878514
2424 -0.000177471085976
2425 -0.00016118648804
2426 -0.000146089499722
2427 -0.000132150690428
2428 -0.000119297411745
2429 -0.000107485598872
2430 -9.66457065958e-05
2431 -8.67227138653e-05
2432 -7.76413465166e-05
2433 -6.9361567383e-05
2434 -6.18396369608e-05
2435 -5.50041235827e-05
2436 -4.88029917184e-05
2437 -4.31872448774e-05
2438 -3.81250320694e-05
2439 -3.35660829035e-05
2440 -2.94421410966e-05
2441 -2.57271433074e-05
2442 -2.23929874474e-05
2443 -1.9395626079e-05
2444 -1.6701148603e-05
2445 -1.42795582446e-05
2446 -1.21021285253e-05
2447 -1.01466959942e-05
2448 -8.38771046585e-06
2449 -6.80966056248e-06
2450 -0.00059264592229
2451 -0.000590699390804
2452 -0.00058550593676
2453 -0.000578177918422
2454 -0.000568792551774
2455 -0.000556504214021
2456 -0.00054227016938
2457 -0.00052596921697
2458 -0.00050840901225
2459 -0.000489015933792
2460 -0.000468297061787
2461 -0.000446674276697
2462 -0.000424149995246
2463 -0.000401187041039
2464 -0.000377894016051
2465 -0.000354605993157
2466 -0.000331576124167
2467 -0.000308904587892
2468 -0.000286845210495
2469 -0.000265503914314
2470 -0.000245096603548
2471 -0.000225598515414
2472 -0.000207123458875
2473 -0.000189735828922
2474 -0.000173368569309
2475 -0.000158112202347
2476 -0.000143907659756
2477 -0.000130724798662
2478 -0.000118516742833
2479 -0.000107243079423
2480 -9.68488115248e-05
2481 -8.72941361349e-05
2482 -7.8513608866e-05
2483 -7.04841121265e-05
2484 -6.31610835858e-05
2485 -5.64820604731e-05
2486 -5.04023495183e-05
2487 -4.48791092842e-05
2488 -3.98849425017e-05
2489 -3.53727257595e-05
2490 -3.12798928857e-05
2491 -2.75808924663e-05
2492 -2.42497419576e-05
2493 -2.12421916291e-05
2494 -1.8525827563e-05
2495 -1.60719344706e-05
2496 -1.38520198612e-05
2497 -1.18479278094e-05
2498 -1.00352680812e-05
2499 -8.4016143944e-06
