0 -8.62365804699e-05
1 -8.58832471858e-05
2 -8.57524201112e-05
3 -8.54828929892e-05
4 -8.50575509919e-05
5 -8.47106899377e-05
6 -8.42962868645e-05
7 -8.3730312925e-05
8 -8.30148896991e-05
9 -8.22846339192e-05
10 -8.14755945009e-05
11 -8.04281727952e-05
12 -7.93817849195e-05
13 -7.82730837658e-05
14 -7.70853639367e-05
15 -7.5819712452e-05
16 -7.43995285558e-05
17 -7.28815888635e-05
18 -7.13436606095e-05
19 -6.97339139567e-05
20 -6.79322126443e-05
21 -6.6052669141e-05
22 -6.41991003572e-05
23 -6.22919009835e-05
24 -6.02670356694e-05
25 -5.82624817611e-05
26 -5.62391525949e-05
27 -5.42845123127e-05
28 -5.23482695276e-05
29 -5.04797795722e-05
30 -4.8726212311e-05
31 -4.70940827367e-05
32 -4.55773327854e-05
33 -4.4150595237e-05
34 -4.28190388813e-05
35 -4.15452239553e-05
36 -4.03193974288e-05
37 -3.91555742207e-05
38 -3.80517653448e-05
39 -3.69945513317e-05
40 -3.59571164174e-05
41 -3.49253911205e-05
42 -3.38702464494e-05
43 -3.27779480943e-05
44 -3.16318371347e-05
45 -3.0431035652e-05
46 -2.92055985169e-05
47 -2.79874813721e-05
48 -2.68060140803e-05
49 -2.56567908515e-05
50 -8.57230985648e-05
51 -8.54390530911e-05
52 -8.53441282251e-05
53 -8.506169366e-05
54 -8.46350843333e-05
55 -8.43233690992e-05
56 -8.38916135743e-05
57 -8.33119068382e-05
58 -8.26166338289e-05
59 -8.18865938633e-05
60 -8.10779076864e-05
61 -8.00562352208e-05
62 -7.90162056901e-05
63 -7.79119718166e-05
64 -7.67288315985e-05
65 -7.54593149937e-05
66 -7.4049607339e-05
67 -7.25566502528e-05
68 -7.10358818905e-05
69 -6.94427702723e-05
70 -6.76660920952e-05
71 -6.58274431519e-05
72 -6.39860011717e-05
73 -6.21016867042e-05
74 -6.01140780369e-05
75 -5.81444058915e-05
76 -5.61731951434e-05
77 -5.42636692453e-05
78 -5.23636012496e-05
79 -5.05245400323e-05
80 -4.87805785216e-05
81 -4.713558184e-05
82 -4.55962175601e-05
83 -4.41480933506e-05
84 -4.27966245803e-05
85 -4.15169114854e-05
86 -4.02927162849e-05
87 -3.91301349927e-05
88 -3.80187512725e-05
89 -3.69457768356e-05
90 -3.58861384063e-05
91 -3.48323280742e-05
92 -3.37647348463e-05
93 -3.26657383188e-05
94 -3.15236147149e-05
95 -3.03403599644e-05
96 -2.91364165661e-05
97 -2.79333415712e-05
98 -2.67553825548e-05
99 -2.56026775819e-05
100 -8.50561539601e-05
101 -8.48274293019e-05
102 -8.47576649938e-05
103 -8.44975252103e-05
104 -8.4108328781e-05
105 -8.3832829602e-05
106 -8.34274360445e-05
107 -8.28773721931e-05
108 -8.22187106459e-05
109 -8.15157988781e-05
110 -8.0728662738e-05
111 -7.97297768933e-05
112 -7.87081042498e-05
113 -7.76206790938e-05
114 -7.64574107831e-05
115 -7.52130588474e-05
116 -7.38342025218e-05
117 -7.2379618945e-05
118 -7.09008092145e-05
119 -6.93530952541e-05
120 -6.76278288452e-05
121 -6.58466303438e-05
122 -6.40671970128e-05
123 -6.2247737749e-05
124 -6.03294340785e-05
125 -5.84312286632e-05
126 -5.65362648066e-05
127 -5.46992484535e-05
128 -5.28563451956e-05
129 -5.10402991771e-05
130 -4.9280815199e-05
131 -4.75883195443e-05
132 -4.59804438594e-05
133 -4.44565924005e-05
134 -4.30407755101e-05
135 -4.17140575925e-05
136 -4.04571233794e-05
137 -3.92691117879e-05
138 -3.81258383461e-05
139 -3.700579569e-05
140 -3.58911893332e-05
141 -3.47861536561e-05
142 -3.36822474604e-05
143 -3.2571850024e-05
144 -3.1445543366e-05
145 -3.02994754749e-05
146 -2.91387354777e-05
147 -2.7965739492e-05
148 -2.67928691227e-05
149 -2.56296418972e-05
150 -8.36357659052e-05
151 -8.35019428908e-05
152 -8.34797079302e-05
153 -8.32715619385e-05
154 -8.29663319222e-05
155 -8.27699222936e-05
156 -8.2437034834e-05
157 -8.19741208604e-05
158 -8.14191149739e-05
159 -8.08063838205e-05
160 -8.01029244242e-05
161 -7.91916091316e-05
162 -7.82389288005e-05
163 -7.72063905725e-05
164 -7.60908299083e-05
165 -7.48901807935e-05
166 -7.35563851892e-05
167 -7.21496735923e-05
168 -7.07231967359e-05
169 -6.92378734963e-05
170 -6.75918095661e-05
171 -6.59022336414e-05
172 -6.42237915294e-05
173 -6.25119683726e-05
174 -6.07062468783e-05
175 -5.89087033655e-05
176 -5.70987760816e-05
177 -5.53271413102e-05
178 -5.35352058584e-05
179 -5.17488229028e-05
180 -4.99832913382e-05
181 -4.82459890556e-05
182 -4.65673592475e-05
183 -4.49599256217e-05
184 -4.34575000784e-05
185 -4.20487232412e-05
186 -4.07196494495e-05
187 -3.94673548021e-05
188 -3.82647490646e-05
189 -3.70837903862e-05
190 -3.59011741181e-05
191 -3.47325058261e-05
192 -3.35846896045e-05
193 -3.24612704236e-05
194 -3.13538191775e-05
195 -3.02466578437e-05
196 -2.91294233724e-05
197 -2.79912707178e-05
198 -2.68372341025e-05
199 -2.5677742645e-05
200 -8.09897519899e-05
201 -8.10121826056e-05
202 -8.10725696026e-05
203 -8.09659468757e-05
204 -8.08220247444e-05
205 -8.07726541263e-05
206 -8.05845928264e-05
207 -8.02964556079e-05
208 -7.99450361797e-05
209 -7.95161770276e-05
210 -7.89895298504e-05
211 -7.82697796615e-05
212 -7.74787215944e-05
213 -7.65836844617e-05
214 -7.55855007463e-05
215 -7.44792087463e-05
216 -7.32306455132e-05
217 -7.19025352577e-05
218 -7.05538364471e-05
219 -6.91565991982e-05
220 -6.76136142164e-05
221 -6.60365705428e-05
222 -6.44759501063e-05
223 -6.28851775576e-05
224 -6.12041371196e-05
225 -5.95188254677e-05
226 -5.77994708708e-05
227 -5.60868789712e-05
228 -5.43305298594e-05
229 -5.25620328851e-05
230 -5.08017316097e-05
231 -4.90496902418e-05
232 -4.73251552452e-05
233 -4.56410829813e-05
234 -4.40408970853e-05
235 -4.25205675574e-05
236 -4.10759643717e-05
237 -3.9717022912e-05
238 -3.84218922711e-05
239 -3.71637843877e-05
240 -3.59156456286e-05
241 -3.46903670728e-05
242 -3.35036962789e-05
243 -3.23656862981e-05
244 -3.12663105386e-05
245 -3.01843568658e-05
246 -2.90989318802e-05
247 -2.79960428514e-05
248 -2.68767965149e-05
249 -2.57411283324e-05
250 -7.6431604196e-05
251 -7.67010455327e-05
252 -7.69011780929e-05
253 -7.69752887254e-05
254 -7.71117189545e-05
255 -7.73196193986e-05
256 -7.739241914e-05
257 -7.74186926437e-05
258 -7.74286668865e-05
259 -7.73291817716e-05
260 -7.71205376297e-05
261 -7.67449153839e-05
262 -7.62505392342e-05
263 -7.56158250378e-05
264 -7.4855791126e-05
265 -7.39614191802e-05
266 -7.29031983902e-05
267 -7.17429895729e-05
268 -7.05219069315e-05
269 -6.92399516399e-05
270 -6.78116248019e-05
271 -6.63507102629e-05
272 -6.48980550221e-05
273 -6.34164274755e-05
274 -6.1844271704e-05
275 -6.02552127707e-05
276 -5.86192889453e-05
277 -5.69687346913e-05
278 -5.52497694456e-05
279 -5.35000091677e-05
280 -5.17448828336e-05
281 -4.99894769428e-05
282 -4.82441113325e-05
283 -4.65006867464e-05
284 -4.48015696759e-05
285 -4.31519825404e-05
286 -4.15632984961e-05
287 -4.00608336586e-05
288 -3.86424419043e-05
289 -3.72892879533e-05
290 -3.59756781854e-05
291 -3.4709358907e-05
292 -3.34923452392e-05
293 -3.23320341503e-05
294 -3.12210533891e-05
295 -3.01405037163e-05
296 -2.90732702221e-05
297 -2.80038931389e-05
298 -2.69255494217e-05
299 -2.58275961571e-05
300 -6.86733857204e-05
301 -6.93384293485e-05
302 -6.97763796591e-05
303 -7.01572037965e-05
304 -7.0759454354e-05
305 -7.1408193837e-05
306 -7.19239401524e-05
307 -7.24829157021e-05
308 -7.310911373e-05
309 -7.35783801127e-05
310 -7.39314056973e-05
311 -7.41601703893e-05
312 -7.4189847723e-05
313 -7.40266923172e-05
314 -7.36838603826e-05
315 -7.31633469152e-05
316 -7.24386581767e-05
317 -7.15649588145e-05
318 -7.05822796043e-05
319 -6.94852413652e-05
320 -6.82164604588e-05
321 -6.68658029128e-05
322 -6.55062658957e-05
323 -6.41021289158e-05
324 -6.2612201763e-05
325 -6.10951540089e-05
326 -5.95263074201e-05
327 -5.79376066398e-05
328 -5.62802681016e-05
329 -5.45687748163e-05
330 -5.2824860889e-05
331 -5.10613977133e-05
332 -4.9290214269e-05
333 -4.75044180707e-05
334 -4.57253126376e-05
335 -4.39571391226e-05
336 -4.22210722344e-05
337 -4.05650124688e-05
338 -3.89987560991e-05
339 -3.75334245174e-05
340 -3.6148114994e-05
341 -3.48376013179e-05
342 -3.35912817966e-05
343 -3.24008184904e-05
344 -3.12584790835e-05
345 -3.01588896644e-05
346 -2.90953694116e-05
347 -2.80511733246e-05
348 -2.70101086541e-05
349 -2.59559197206e-05
350 -5.70575456097e-05
351 -5.83436083427e-05
352 -5.90897290312e-05
353 -5.99069204422e-05
354 -6.120537325e-05
355 -6.24257760675e-05
356 -6.35608535953e-05
357 -6.48854592316e-05
358 -6.63904496321e-05
359 -6.76550348231e-05
360 -6.88013572361e-05
361 -6.98963955931e-05
362 -7.06726245944e-05
363 -7.11837148572e-05
364 -7.14505440911e-05
365 -7.14578798e-05
366 -7.1232813509e-05
367 -7.07732705286e-05
368 -7.01289778368e-05
369 -6.93066260695e-05
370 -6.82627779425e-05
371 -6.708986215e-05
372 -6.58509085076e-05
373 -6.45305620327e-05
374 -6.3098213717e-05
375 -6.16385528037e-05
376 -6.01307994741e-05
377 -5.86008903026e-05
378 -5.69962580172e-05
379 -5.53304942055e-05
380 -5.36181358303e-05
381 -5.18576587022e-05
382 -5.00655387226e-05
383 -4.8239961107e-05
384 -4.64098402351e-05
385 -4.4565235048e-05
386 -4.27211412506e-05
387 -4.09420382615e-05
388 -3.92695217972e-05
389 -3.77039515744e-05
390 -3.62399939645e-05
391 -3.48851403601e-05
392 -3.36083087867e-05
393 -3.23903902716e-05
394 -3.12210238243e-05
395 -3.01016534178e-05
396 -2.90321813817e-05
397 -2.80009969323e-05
398 -2.69921897046e-05
399 -2.59869729283e-05
400 -4.04499571853e-05
401 -4.25943528815e-05
402 -4.36653354048e-05
403 -4.51265263239e-05
404 -4.74710335817e-05
405 -4.94774154268e-05
406 -5.14994698223e-05
407 -5.39148751512e-05
408 -5.66733327497e-05
409 -5.90767520895e-05
410 -6.1346948536e-05
411 -6.3687931789e-05
412 -6.55241960949e-05
413 -6.69954093152e-05
414 -6.81169894827e-05
415 -6.88736374259e-05
416 -6.93374751347e-05
417 -6.94599262539e-05
418 -6.92821971467e-05
419 -6.88380597519e-05
420 -6.81126548306e-05
421 -6.7185599055e-05
422 -6.61111801039e-05
423 -6.49100834361e-05
424 -6.35647074277e-05
425 -6.21668123639e-05
426 -6.07121627132e-05
427 -5.92318445937e-05
428 -5.76734049614e-05
429 -5.60487374998e-05
430 -5.43603805219e-05
431 -5.2601240301e-05
432 -5.07878038602e-05
433 -4.89233623177e-05
434 -4.7041204666e-05
435 -4.51359063702e-05
436 -4.32184206483e-05
437 -4.13510190998e-05
438 -3.95781324891e-05
439 -3.79214370426e-05
440 -3.63783445966e-05
441 -3.49559990777e-05
442 -3.36320301292e-05
443 -3.23844842029e-05
444 -3.11930913906e-05
445 -3.00552453648e-05
446 -2.8976154617e-05
447 -2.7953137616e-05
448 -2.69765792262e-05
449 -2.60198602545e-05
450 -1.56439928089e-05
451 -1.87541736117e-05
452 -2.0351997487e-05
453 -2.27475156719e-05
454 -2.65907352548e-05
455 -2.97638591595e-05
456 -3.31559577861e-05
457 -3.72022881763e-05
458 -4.18054609759e-05
459 -4.59525273338e-05
460 -4.99322264457e-05
461 -5.41222064646e-05
462 -5.75751766065e-05
463 -6.04913307521e-05
464 -6.28959706064e-05
465 -6.47718431794e-05
466 -6.62709135447e-05
467 -6.72608667376e-05
468 -6.7779277203e-05
469 -6.78992804567e-05
470 -6.76566744598e-05
471 -6.71054757524e-05
472 -6.63047692327e-05
473 -6.53010195875e-05
474 -6.40897243084e-05
475 -6.27732194966e-05
476 -6.13755583833e-05
477 -5.99329967769e-05
478 -5.84051070649e-05
479 -5.68061856469e-05
480 -5.51337348552e-05
481 -5.3381141279e-05
482 -5.15558097704e-05
483 -4.96577300155e-05
484 -4.77332964571e-05
485 -4.57882553037e-05
486 -4.38280374092e-05
487 -4.18999161064e-05
488 -4.00443458976e-05
489 -3.82882590627e-05
490 -3.66396397253e-05
491 -3.51255980037e-05
492 -3.37339942029e-05
493 -3.24460595774e-05
494 -3.12306354522e-05
495 -3.0072869169e-05
496 -2.89812043114e-05
497 -2.79633517233e-05
498 -2.70114594512e-05
499 -2.60919260249e-05
500 2.06228413732e-05
501 1.64226400685e-05
502 1.41407954004e-05
503 1.04045799953e-05
504 4.55212993213e-06
505 -2.05022175899e-07
506 -5.51641976705e-06
507 -1.19414893327e-05
508 -1.91648718202e-05
509 -2.5867527718e-05
510 -3.23641114363e-05
511 -3.92445237175e-05
512 -4.51105488278e-05
513 -5.01980349886e-05
514 -5.45481653908e-05
515 -5.81132303206e-05
516 -6.11626081758e-05
517 -6.34570842457e-05
518 -6.50445214304e-05
519 -6.60333884778e-05
520 -6.65350839271e-05
521 -6.65688932517e-05
522 -6.61948979015e-05
523 -6.55094330052e-05
524 -6.45336544603e-05
525 -6.33576934785e-05
526 -6.20282861131e-05
527 -6.06170930677e-05
528 -5.91062172949e-05
529 -5.7516453711e-05
530 -5.5854087639e-05
531 -5.41103510812e-05
532 -5.22921535744e-05
533 -5.03927158714e-05
534 -4.84544577048e-05
535 -4.64885202408e-05
536 -4.45087895898e-05
537 -4.25484839426e-05
538 -4.06277569451e-05
539 -3.87749926202e-05
540 -3.70156255955e-05
541 -3.53942785764e-05
542 -3.39185540074e-05
543 -3.25729508566e-05
544 -3.13249674659e-05
545 -3.01524382424e-05
546 -2.90519082446e-05
547 -2.80330507133e-05
548 -2.70873044075e-05
549 -2.61813621405e-05
550 7.08844526129e-05
551 6.58616332442e-05
552 6.28507103304e-05
553 5.75035383916e-05
554 4.92526817997e-05
555 4.2547774172e-05
556 3.47623554294e-05
557 2.52161631166e-05
558 1.45343132346e-05
559 4.31294829701e-06
560 -5.73689469801e-06
561 -1.64400926807e-05
562 -2.58064675985e-05
563 -3.41179145102e-05
564 -4.13754141763e-05
565 -4.74882782762e-05
566 -5.28795907606e-05
567 -5.71444528923e-05
568 -6.0352004458e-05
569 -6.26581306837e-05
570 -6.42972167122e-05
571 -6.52318952902e-05
572 -6.55219255119e-05
573 -6.53316650557e-05
574 -6.47204139068e-05
575 -6.37901068142e-05
576 -6.26109977574e-05
577 -6.12605348548e-05
578 -5.97685241596e-05
579 -5.81895136767e-05
580 -5.65339343679e-05
581 -5.48068297997e-05
582 -5.30129991579e-05
583 -5.11420477294e-05
584 -4.92260186533e-05
585 -4.72589313762e-05
586 -4.52631260117e-05
587 -4.32773495385e-05
588 -4.13139179548e-05
589 -3.93847299911e-05
590 -3.7521895434e-05
591 -3.57903172747e-05
592 -3.42116034688e-05
593 -3.27900078396e-05
594 -3.14971751795e-05
595 -3.03087583378e-05
596 -2.92002271996e-05
597 -2.81667017036e-05
598 -2.72032308907e-05
599 -2.62852687428e-05
600 0.000131992439153
601 0.000126809132357
602 0.000123634110164
603 0.000116670901201
604 0.00010660293882
605 9.82148811107e-05
606 8.79119448921e-05
607 7.5078868719e-05
608 6.06023310918e-05
609 4.62746324537e-05
610 3.18823242833e-05
611 1.63338029349e-05
612 2.33134828483e-06
613 -1.03701668424e-05
614 -2.16969963986e-05
615 -3.14439880845e-05
616 -4.01820723809e-05
617 -4.73113659004e-05
618 -5.28724810386e-05
619 -5.71059890644e-05
620 -6.03784678043e-05
621 -6.26171147373e-05
622 -6.38907002366e-05
623 -6.44484495893e-05
624 -6.43955020787e-05
625 -6.38521498649e-05
626 -6.29330935367e-05
627 -6.17430744943e-05
628 -6.03251323889e-05
629 -5.87676331374e-05
630 -5.71309386891e-05
631 -5.54328303496e-05
632 -5.36732948961e-05
633 -5.18439489262e-05
634 -4.99641949749e-05
635 -4.80202897834e-05
636 -4.60184269459e-05
637 -4.40080218212e-05
638 -4.20176314299e-05
639 -4.00464966667e-05
640 -3.81104826626e-05
641 -3.62790201721e-05
642 -3.45973513668e-05
643 -3.30892882765e-05
644 -3.17410049208e-05
645 -3.05220774635e-05
646 -2.93967906005e-05
647 -2.83381836174e-05
648 -2.73401905073e-05
649 -2.63940434025e-05
650 0.000193491324336
651 0.000189302880502
652 0.000186715453277
653 0.000179506125783
654 0.00016936095368
655 0.000160632604734
656 0.000148954246582
657 0.00013398390341
658 0.000116775764971
659 9.90046578704e-05
660 8.03870554663e-05
661 5.97536383928e-05
662 4.04802824874e-05
663 2.24448660606e-05
664 5.90717242141e-06
665 -8.67155325228e-06
666 -2.18691601161e-05
667 -3.29323635343e-05
668 -4.17653592031e-05
669 -4.86787633164e-05
670 -5.42453304507e-05
671 -5.83024238724e-05
672 -6.09461781202e-05
673 -6.25629656305e-05
674 -6.33250272065e-05
675 -6.33612574839e-05
676 -6.28473613147e-05
677 -6.1926191121e-05
678 -6.06871677265e-05
679 -5.92256750903e-05
680 -5.76296884394e-05
681 -5.59649117915e-05
682 -5.42444152151e-05
683 -5.24602189564e-05
684 -5.06195788694e-05
685 -4.87072201612e-05
686 -4.67230170991e-05
687 -4.47045532277e-05
688 -4.26938349535e-05
689 -4.07004010457e-05
690 -3.87230578022e-05
691 -3.68218956422e-05
692 -3.50533429909e-05
693 -3.34594513337e-05
694 -3.20378797062e-05
695 -3.07653251676e-05
696 -2.95991238328e-05
697 -2.85070188635e-05
698 -2.74712176729e-05
699 -2.64910056494e-05
700 0.000239855015288
701 0.000237983208535
702 0.000236799711129
703 0.000231901085576
704 0.000224441129355
705 0.000217766169138
706 0.000207497814331
707 0.000193385963017
708 0.000176605999704
709 0.000157907466922
710 0.00013697016628
711 0.000112549982097
712 8.8585832275e-05
713 6.50699052502e-05
714 4.27776444172e-05
715 2.22822940806e-05
716 3.49003400899e-06
717 -1.27136516259e-05
718 -2.58913067481e-05
719 -3.64721857694e-05
720 -4.52043629877e-05
721 -5.17576868921e-05
722 -5.63175829284e-05
723 -5.94020953615e-05
724 -6.13042157701e-05
725 -6.21789760573e-05
726 -6.22740139033e-05
727 -6.17716060256e-05
728 -6.08231417985e-05
729 -5.95524640182e-05
730 -5.80596796469e-05
731 -5.64392501143e-05
732 -5.47553129891e-05
733 -5.30029401725e-05
734 -5.11981930268e-05
735 -4.93228235236e-05
736 -4.73705658893e-05
737 -4.53676374103e-05
738 -4.33503822043e-05
739 -4.13421611369e-05
740 -3.93487055035e-05
741 -3.74123386721e-05
742 -3.55777355889e-05
743 -3.3899254874e-05
744 -3.23884470459e-05
745 -3.10372271873e-05
746 -2.9811351298e-05
747 -2.8679635891e-05
748 -2.7608833697e-05
749 -2.65926345639e-05
750 0.000256412805105
751 0.00025777692479
752 0.000258341154068
753 0.000258004097643
754 0.000256555990917
755 0.000254294732712
756 0.000249079516104
757 0.000240526382684
758 0.000229008332159
759 0.00021396503615
760 0.000194925457632
761 0.000170543076792
762 0.00014453519383
763 0.000116962484822
764 8.93793685068e-05
765 6.27613075065e-05
766 3.74805810164e-05
767 1.50196917134e-05
768 -3.79886695999e-06
769 -1.92467859061e-05
770 -3.22471590538e-05
771 -4.22330712267e-05
772 -4.94436471377e-05
773 -5.45714735656e-05
774 -5.80743220926e-05
775 -6.01294196223e-05
776 -6.11013117655e-05
777 -6.12207972801e-05
778 -6.07048086844e-05
779 -5.97247453224e-05
780 -5.84164645732e-05
781 -5.68857819255e-05
782 -5.5233373654e-05
783 -5.35114141268e-05
784 -5.17423834734e-05
785 -4.99058274927e-05
786 -4.79941858966e-05
787 -4.60247879205e-05
788 -4.4021163117e-05
789 -4.20107733484e-05
790 -4.0011513768e-05
791 -3.80596576394e-05
792 -3.6172975045e-05
793 -3.4406363442e-05
794 -3.27914286601e-05
795 -3.13414648068e-05
796 -3.00389531564e-05
797 -2.88533933679e-05
798 -2.77480072471e-05
799 -2.67013598822e-05
800 0.000237387353114
801 0.000241430962067
802 0.000243402193049
803 0.000248021882568
804 0.000253872513807
805 0.000257368924926
806 0.000260098162695
807 0.000261233166428
808 0.000259822464971
809 0.000253871145627
810 0.000242657704444
811 0.000224649708295
812 0.000201801574934
813 0.000174240167094
814 0.000144021214837
815 0.000112554886834
816 8.08746105847e-05
817 5.15197808675e-05
818 2.59487135195e-05
819 4.38809183501e-06
820 -1.41639644535e-05
821 -2.87686097778e-05
822 -3.96082496279e-05
823 -4.7557814839e-05
824 -5.3268106821e-05
825 -5.69564419649e-05
826 -5.91405099538e-05
827 -6.0132419874e-05
828 -6.02357501274e-05
829 -5.96712424781e-05
830 -5.86297105108e-05
831 -5.72616285516e-05
832 -5.56847378664e-05
833 -5.39971860612e-05
834 -5.22617744344e-05
835 -5.04646588266e-05
836 -4.85993443499e-05
837 -4.66756479572e-05
838 -4.47099089045e-05
839 -4.27150491994e-05
840 -4.0712992438e-05
841 -3.8745889539e-05
842 -3.68171665108e-05
843 -3.49666425743e-05
844 -3.32447731789e-05
845 -3.16869557115e-05
846 -3.02950700865e-05
847 -2.90468952451e-05
848 -2.79042002928e-05
849 -2.68358153504e-05
850 0.000191790866262
851 0.000195842293815
852 0.000198439918104
853 0.000205321618295
854 0.000215441932068
855 0.0002235655156
856 0.000233718379925
857 0.000244983243891
858 0.00025556906361
859 0.000262718613478
860 0.000265129389507
861 0.000261035328729
862 0.000248992345218
863 0.000228677329941
864 0.000201605160628
865 0.00016928477843
866 0.000133539542561
867 9.79920883678e-05
868 6.51193142635e-05
869 3.62035114489e-05
870 1.05956582966e-05
871 -1.00695749785e-05
872 -2.57895205213e-05
873 -3.75960269646e-05
874 -4.63343033698e-05
875 -5.22733547226e-05
876 -5.61160809549e-05
877 -5.83056548808e-05
878 -5.92749163355e-05
879 -5.93083930267e-05
880 -5.86614709075e-05
881 -5.7545986026e-05
882 -5.61179591467e-05
883 -5.44923205295e-05
884 -5.27912156368e-05
885 -5.10358724916e-05
886 -4.92229327127e-05
887 -4.73533147394e-05
888 -4.54349833395e-05
889 -4.34669694129e-05
890 -4.14586164996e-05
891 -3.94657702175e-05
892 -3.75020133748e-05
893 -3.55831206589e-05
894 -3.37606234335e-05
895 -3.20933537252e-05
896 -3.06007541696e-05
897 -2.92808462553e-05
898 -2.80967066387e-05
899 -2.70121177455e-05
900 0.000151750914944
901 0.000153120913305
902 0.000154493099992
903 0.000159109740049
904 0.000166581234147
905 0.000174088717347
906 0.000185334120593
907 0.000200143331689
908 0.00021715529479
909 0.000234494037566
910 0.000250554005765
911 0.000263606943489
912 0.000268686509723
913 0.000263943240718
914 0.000248678007259
915 0.000223215541172
916 0.000189416036496
917 0.000151231719875
918 0.000112633020811
919 7.63641273859e-05
920 4.28603618804e-05
921 1.48180073369e-05
922 -7.11009456032e-06
923 -2.3964143938e-05
924 -3.67095050728e-05
925 -4.56515127952e-05
926 -5.17199226261e-05
927 -5.55098849442e-05
928 -5.76405541237e-05
929 -5.8496671164e-05
930 -5.84057734187e-05
931 -5.76506542941e-05
932 -5.64499514565e-05
933 -5.49558486548e-05
934 -5.33080753192e-05
935 -5.15939258013e-05
936 -4.98297497262e-05
937 -4.80139329889e-05
938 -4.61400126836e-05
939 -4.41995654534e-05
940 -4.21912641502e-05
941 -4.01692794405e-05
942 -3.81708329658e-05
943 -3.62059000401e-05
944 -3.43024635903e-05
945 -3.2534052262e-05
946 -3.09427808681e-05
947 -2.95476616436e-05
948 -2.83213665203e-05
949 -2.72227219919e-05
950 0.000144813553838
951 0.000142779459368
952 0.000141686946102
953 0.000141320047539
954 0.000141577103215
955 0.000143307247958
956 0.000148171034007
957 0.000157040411198
958 0.000169885555749
959 0.000187089703779
960 0.000208007666395
961 0.000231990933657
962 0.000252992762419
963 0.000267337883736
964 0.000270987194395
965 0.000261219704309
966 0.000238395039363
967 0.00020470219274
968 0.000164812143856
969 0.000123348014819
970 8.23536644932e-05
971 4.63188750947e-05
972 1.70735263114e-05
973 -6.04436563263e-06
974 -2.38885357071e-05
975 -3.67175525577e-05
976 -4.56688040171e-05
977 -5.15531183361e-05
978 -5.51953941136e-05
979 -5.71258031994e-05
980 -5.77814668238e-05
981 -5.7522828341e-05
982 -5.66424675295e-05
983 -5.53522528595e-05
984 -5.3812943562e-05
985 -5.21455881304e-05
986 -5.04197128301e-05
987 -4.86395572133e-05
988 -4.67982416686e-05
989 -4.48807793194e-05
990 -4.2882632474e-05
991 -4.08437833779e-05
992 -3.88117678063e-05
993 -3.68144154441e-05
994 -3.48572529251e-05
995 -3.30062897411e-05
996 -3.13302924034e-05
997 -2.98619564783e-05
998 -2.85905118862e-05
999 -2.74699490482e-05
1000 0.000172617700032
1001 0.00016790039397
1002 0.000164389107139
1003 0.000159287815607
1004 0.00015258756662
1005 0.000147325971974
1006 0.000143329875924
1007 0.000141495608365
1008 0.000142969494117
1009 0.000150128321429
1010 0.000163919545863
1011 0.000185585214532
1012 0.000211737205268
1013 0.000238892221007
1014 0.000261165388062
1015 0.000272333990069
1016 0.000268990921753
1017 0.000249057524874
1018 0.000215593628953
1019 0.000174053540208
1020 0.000128082038594
1021 8.45957094433e-05
1022 4.73891745198e-05
1023 1.69339566812e-05
1024 -7.18295181801e-06
1025 -2.49367677975e-05
1026 -3.75967898561e-05
1027 -4.61763000715e-05
1028 -5.17739030018e-05
1029 -5.50893610301e-05
1030 -5.67163838991e-05
1031 -5.7123976933e-05
1032 -5.66784620408e-05
1033 -5.566082932e-05
1034 -5.42839490677e-05
1035 -5.26803777412e-05
1036 -5.09752219724e-05
1037 -4.92172949944e-05
1038 -4.73996980823e-05
1039 -4.55063512385e-05
1040 -4.35248723905e-05
1041 -4.14859759827e-05
1042 -3.9430634332e-05
1043 -3.74092790493e-05
1044 -3.54238293483e-05
1045 -3.35185652056e-05
1046 -3.17699877643e-05
1047 -3.02322603743e-05
1048 -2.89045171539e-05
1049 -2.77469782667e-05
1050 0.000225359810652
1051 0.000218554188001
1052 0.000212985223375
1053 0.000204413887497
1054 0.000192385194653
1055 0.000181447139558
1056 0.000169985374566
1057 0.000158231982699
1058 0.000147714934899
1059 0.000141662238985
1060 0.000141533783354
1061 0.000149924353864
1062 0.000167755773583
1063 0.000194325216582
1064 0.000225228217945
1065 0.000253746523273
1066 0.000272452398233
1067 0.000273823983039
1068 0.000255902525423
1069 0.000222035829745
1070 0.000176536475793
1071 0.000128232224851
1072 8.35312595352e-05
1073 4.51760177461e-05
1074 1.38026963378e-05
1075 -9.91521155537e-06
1076 -2.71842939257e-05
1077 -3.91562561636e-05
1078 -4.72175147297e-05
1079 -5.22857846282e-05
1080 -5.51360907278e-05
1081 -5.63878468788e-05
1082 -5.65029642058e-05
1083 -5.58352595499e-05
1084 -5.46654841269e-05
1085 -5.31708034999e-05
1086 -5.14915821677e-05
1087 -4.97500645024e-05
1088 -4.79538027493e-05
1089 -4.60845265195e-05
1090 -4.41247038491e-05
1091 -4.21009004774e-05
1092 -4.00394478778e-05
1093 -3.79982682242e-05
1094 -3.60029328675e-05
1095 -3.40698193424e-05
1096 -3.22633323232e-05
1097 -3.06556203261e-05
1098 -2.9256947127e-05
1099 -2.80424327808e-05
1100 0.00029641813839
1101 0.000287676998187
1102 0.000280189390823
1103 0.000268598103812
1104 0.000252158101746
1105 0.000236622852778
1106 0.000219358640586
1107 0.000200009598076
1108 0.000179989009162
1109 0.000162614490725
1110 0.000148639793168
1111 0.000140422575998
1112 0.000141976705582
1113 0.000155448037915
1114 0.000180616269935
1115 0.000214215979778
1116 0.000248558552534
1117 0.000272456221723
1118 0.000277122357366
1119 0.0002600062626
1120 0.000223149638458
1121 0.000175162168159
1122 0.000125097242052
1123 7.90783379618e-05
1124 3.96658978648e-05
1125 8.94258655115e-06
1126 -1.39561398559e-05
1127 -3.01542640694e-05
1128 -4.13045179614e-05
1129 -4.85623247609e-05
1130 -5.29412687069e-05
1131 -5.52364344985e-05
1132 -5.60562530673e-05
1133 -5.58372737206e-05
1134 -5.4932799251e-05
1135 -5.35897413936e-05
1136 -5.19723172319e-05
1137 -5.02380096894e-05
1138 -4.84587967169e-05
1139 -4.66127903736e-05
1140 -4.46822311538e-05
1141 -4.26867673114e-05
1142 -4.06415196456e-05
1143 -3.86033594137e-05
1144 -3.66051668423e-05
1145 -3.46611552211e-05
1146 -3.28044242459e-05
1147 -3.11190799047e-05
1148 -2.96364063764e-05
1149 -2.83496229651e-05
1150 0.000385421730912
1151 0.000374277125432
1152 0.000364546922379
1153 0.000349450862709
1154 0.00032827096465
1155 0.000307956097788
1156 0.000285195060144
1157 0.000259366936682
1158 0.000231689079549
1159 0.000205665740694
1160 0.000180935089779
1161 0.000158710736629
1162 0.00014373402103
1163 0.000138972331905
1164 0.000147662635505
1165 0.000171515354838
1166 0.000207400982796
1167 0.000245661785351
1168 0.000273213402938
1169 0.000279439661162
1170 0.000260452721358
1171 0.000220594140988
1172 0.000169819367365
1173 0.000117916774453
1174 7.05303362649e-05
1175 3.20277978312e-05
1176 2.51423726699e-06
1177 -1.8813865726e-05
1178 -3.3779581783e-05
1179 -4.37354943917e-05
1180 -5.00005194423e-05
1181 -5.35800524176e-05
1182 -5.52672242309e-05
1183 -5.56177876907e-05
1184 -5.50600557347e-05
1185 -5.39183812248e-05
1186 -5.24106470758e-05
1187 -5.07036667407e-05
1188 -4.8937112153e-05
1189 -4.71204270133e-05
1190 -4.52281892084e-05
1191 -4.32712438555e-05
1192 -4.12637625001e-05
1193 -3.92328461074e-05
1194 -3.72280081946e-05
1195 -3.52729716253e-05
1196 -3.33731846017e-05
1197 -3.16084875463e-05
1198 -3.00368276637e-05
1199 -2.86671228918e-05
1200 0.000493697586284
1201 0.000479541798185
1202 0.000466776382057
1203 0.000447060554817
1204 0.000419844776313
1205 0.000393543674168
1206 0.000364289594746
1207 0.000331425684933
1208 0.000296140974264
1209 0.000262449188333
1210 0.000229268201483
1211 0.000196686714679
1212 0.000169150493952
1213 0.00014849880394
1214 0.000138672633438
1215 0.000144143334019
1216 0.000167339728706
1217 0.000205153833112
1218 0.000246382294596
1219 0.000275429909387
1220 0.000280628664533
1221 0.000257497839092
1222 0.000213085970268
1223 0.000159260748326
1224 0.000105361527802
1225 5.89685976473e-05
1226 2.21759849783e-05
1227 -5.06557303079e-06
1228 -2.4512141711e-05
1229 -3.77088035772e-05
1230 -4.62336246654e-05
1231 -5.13570899804e-05
1232 -5.40844236343e-05
1233 -5.51292801591e-05
1234 -5.50077716044e-05
1235 -5.41242216306e-05
1236 -5.27667689027e-05
1237 -5.11282305429e-05
1238 -4.9383415776e-05
1239 -4.76003192851e-05
1240 -4.57511348773e-05
1241 -4.38409103471e-05
1242 -4.18708345195e-05
1243 -3.98569569408e-05
1244 -3.78412654117e-05
1245 -3.58664724597e-05
1246 -3.39316317425e-05
1247 -3.20949756325e-05
1248 -3.04360392568e-05
1249 -2.89798869475e-05
1250 0.00062945138409
1251 0.000611146396046
1252 0.000593988574694
1253 0.000567815024238
1254 0.000532301813007
1255 0.000497677275197
1256 0.000459734578679
1257 0.000417655464155
1258 0.000373050416332
1259 0.000330675790677
1260 0.000288970058524
1261 0.000247415982148
1262 0.00021005494556
1263 0.00017749215591
1264 0.000152412245967
1265 0.000139102241663
1266 0.000142606712634
1267 0.000166717635087
1268 0.000207323393131
1269 0.000250707100068
1270 0.000280109029588
1271 0.000280332384032
1272 0.00025035743861
1273 0.00020057608716
1274 0.000143176615312
1275 8.9646358119e-05
1276 4.52304905872e-05
1277 1.13643162018e-05
1278 -1.3314139844e-05
1279 -3.0317142653e-05
1280 -4.15340290027e-05
1281 -4.8501020856e-05
1282 -5.24701488414e-05
1283 -5.43493342515e-05
1284 -5.47714012512e-05
1285 -5.42198325506e-05
1286 -5.30589497474e-05
1287 -5.15344698036e-05
1288 -4.98273144511e-05
1289 -4.80754842913e-05
1290 -4.6269989491e-05
1291 -4.44028224862e-05
1292 -4.24655911719e-05
1293 -4.04687600492e-05
1294 -3.8439418228e-05
1295 -3.64377144902e-05
1296 -3.44732423195e-05
1297 -3.25764138222e-05
1298 -3.08320100647e-05
1299 -2.92880506141e-05
1300 0.000802355145982
1301 0.000778122424977
1302 0.000754685069381
1303 0.000719224868749
1304 0.000671936575624
1305 0.000625735195953
1306 0.00057567759281
1307 0.000521193677612
1308 0.000464236317569
1309 0.000410769799732
1310 0.000358817131352
1311 0.000307584386051
1312 0.000261069435786
1313 0.000218878859038
1314 0.000182361469925
1315 0.000154126926345
1316 0.000138610237434
1317 0.000142792223502
1318 0.00016995240133
1319 0.000214055166746
1320 0.000260015606683
1321 0.000284994820357
1322 0.000276450360945
1323 0.000237929568678
1324 0.000181852894167
1325 0.00012324710417
1326 7.14416787147e-05
1327 3.04627427964e-05
1328 -7.6901692848e-08
1329 -2.15172732601e-05
1330 -3.5874399154e-05
1331 -4.49951337428e-05
1332 -5.04247915655e-05
1333 -5.32744995269e-05
1334 -5.43391778756e-05
1335 -5.41968530375e-05
1336 -5.32832592647e-05
1337 -5.19097025536e-05
1338 -5.02749402247e-05
1339 -4.85481178645e-05
1340 -4.67770248381e-05
1341 -4.49405473631e-05
1342 -4.30291502434e-05
1343 -4.10458476681e-05
1344 -3.90073436146e-05
1345 -3.69769467482e-05
1346 -3.49837877099e-05
1347 -3.30380179656e-05
1348 -3.12141934691e-05
1349 -2.95857580008e-05
1350 0.00102405862148
1351 0.000991281172458
1352 0.000958778741764
1353 0.000910172942508
1354 0.000845935049929
1355 0.000783580227203
1356 0.000716743895345
1357 0.000645179002626
1358 0.00057195576356
1359 0.000503960462486
1360 0.000438994440043
1361 0.000376056059995
1362 0.000319411743411
1363 0.000267956167054
1364 0.00022203941165
1365 0.000182542063002
1366 0.000152173770108
1367 0.000137388734301
1368 0.000145152456017
1369 0.000177776788471
1370 0.000227694473277
1371 0.000271902905023
1372 0.00028763475676
1373 0.000267158305815
1374 0.000218363544294
1375 0.000158109110216
1376 0.000100101629296
1377 5.19800191058e-05
1378 1.51161996615e-05
1379 -1.12630632112e-05
1380 -2.92089655396e-05
1381 -4.08149481554e-05
1382 -4.79294737601e-05
1383 -5.19095876695e-05
1384 -5.372216657e-05
1385 -5.40703303116e-05
1386 -5.34546600004e-05
1387 -5.22561273521e-05
1388 -5.07158233124e-05
1389 -4.90105706592e-05
1390 -4.72579473815e-05
1391 -4.54419993503e-05
1392 -4.35488852165e-05
1393 -4.15761582821e-05
1394 -3.95336895812e-05
1395 -3.74764920006e-05
1396 -3.54514124765e-05
1397 -3.34669813886e-05
1398 -3.15755867971e-05
1399 -2.98684546214e-05
1400 0.00131439221259
1401 0.00126946945901
1402 0.00122336535872
1403 0.00115568124564
1404 0.00106707648433
1405 0.000981618973427
1406 0.000891279905089
1407 0.000796165006526
1408 0.000701074796556
1409 0.000613740133345
1410 0.000531881047354
1411 0.000454139353711
1412 0.000385168660828
1413 0.000323284449129
1414 0.000268068233679
1415 0.000219142278258
1416 0.000177548376865
1417 0.000147655300812
1418 0.000136339324821
1419 0.000150844219228
1420 0.00019257763482
1421 0.000245751487489
1422 0.000283336807005
1423 0.00028529307903
1424 0.000250071208336
1425 0.000192530887635
1426 0.00013038791461
1427 7.5553986364e-05
1428 3.21116635077e-05
1429 3.69019401223e-07
1430 -2.15874964795e-05
1431 -3.59959437877e-05
1432 -4.50168729256e-05
1433 -5.02787690416e-05
1434 -5.29316762512e-05
1435 -5.38339473531e-05
1436 -5.3559199122e-05
1437 -5.25550340062e-05
1438 -5.11222540285e-05
1439 -4.94487753458e-05
1440 -4.76993315708e-05
1441 -4.58981599894e-05
1442 -4.40191117553e-05
1443 -4.20555350987e-05
1444 -4.00132504455e-05
1445 -3.79327804193e-05
1446 -3.58758656722e-05
1447 -3.38619613129e-05
1448 -3.19168346818e-05
1449 -3.01417294699e-05
1450 0.00170231552429
1451 0.00163950550947
1452 0.00157254499783
1453 0.00147581664275
1454 0.00135190943677
1455 0.00123284958595
1456 0.00110917178461
1457 0.000981586612703
1458 0.000856908553331
1459 0.000743969583998
1460 0.000640044301356
1461 0.000543571016547
1462 0.000459298563097
1463 0.000384851077178
1464 0.00031929571786
1465 0.00026125775704
1466 0.000210376612136
1467 0.000168964551717
1468 0.000141914263565
1469 0.000137277948902
1470 0.000162690702844
1471 0.000213316928251
1472 0.000265646111193
1473 0.000290614493682
1474 0.00027423276223
1475 0.000224614462052
1476 0.000161328358459
1477 0.000100821761796
1478 5.07998067327e-05
1479 1.33571650801e-05
1480 -1.29770374465e-05
1481 -3.05220428274e-05
1482 -4.16767668376e-05
1483 -4.83739473192e-05
1484 -5.19649165797e-05
1485 -5.34781462815e-05
1486 -5.35859431715e-05
1487 -5.27985665609e-05
1488 -5.14832591515e-05
1489 -4.98571968611e-05
1490 -4.81058970613e-05
1491 -4.63132945179e-05
1492 -4.44420823797e-05
1493 -4.2486053973e-05
1494 -4.0444767431e-05
1495 -3.83480197059e-05
1496 -3.62628782743e-05
1497 -3.42247269189e-05
1498 -3.22393943318e-05
1499 -3.04009641558e-05
1500 0.00222219864476
1501 0.0021314703675
1502 0.00203277722773
1503 0.00189219337042
1504 0.00171647782369
1505 0.00154891143271
1506 0.0013781721184
1507 0.00120624201374
1508 0.00104210244094
1509 0.000895868307252
1510 0.000763918386206
1511 0.00064421133463
1512 0.000541192041833
1513 0.000451805709732
1514 0.000374277688967
1515 0.00030649263408
1516 0.000247026898047
1517 0.000196538001225
1518 0.000157659519144
1519 0.000136801498577
1520 0.000143517901721
1521 0.000182621364133
1522 0.000239773380558
1523 0.000283760155841
1524 0.000288620680947
1525 0.000251673539807
1526 0.000190808311019
1527 0.000126408452633
1528 7.03308532899e-05
1529 2.71945576852e-05
1530 -3.70513528764e-06
1531 -2.4574094463e-05
1532 -3.80242297774e-05
1533 -4.62454107943e-05
1534 -5.08362969552e-05
1535 -5.29935079331e-05
1536 -5.35118856634e-05
1537 -5.2960870963e-05
1538 -5.17725449734e-05
1539 -5.02087620856e-05
1540 -4.8457969241e-05
1541 -4.66661525882e-05
1542 -4.48009402411e-05
1543 -4.28525140651e-05
1544 -4.08147596715e-05
1545 -3.87123084384e-05
1546 -3.66056248708e-05
1547 -3.45461551339e-05
1548 -3.25317836222e-05
1549 -3.06398009637e-05
1550 0.00293483560226
1551 0.00280200913455
1552 0.00265200093872
1553 0.00244285068135
1554 0.00218915456402
1555 0.00195040940173
1556 0.00171239870074
1557 0.00147935841682
1558 0.0012625602636
1559 0.00107315101095
1560 0.000905769472958
1561 0.000757143244031
1562 0.000631426024168
1563 0.000524331779826
1564 0.000433104791362
1565 0.000354367940624
1566 0.000286024412488
1567 0.000227445918292
1568 0.000179354783532
1569 0.000145886899327
1570 0.000135451897001
1571 0.000158564695211
1572 0.00021150140568
1573 0.000267704538279
1574 0.000293358928254
1575 0.000272718745318
1576 0.000218037753334
1577 0.000151878701469
1578 9.05486956911e-05
1579 4.17755974369e-05
1580 6.15867799199e-06
1581 -1.81993196616e-05
1582 -3.40666737722e-05
1583 -4.39009391423e-05
1584 -4.95509120952e-05
1585 -5.238673526e-05
1586 -5.333933731e-05
1587 -5.30447269374e-05
1588 -5.19935334088e-05
1589 -5.05000380225e-05
1590 -4.87592835574e-05
1591 -4.69615505374e-05
1592 -4.51018950331e-05
1593 -4.3161711009e-05
1594 -4.11306811535e-05
1595 -3.90292449277e-05
1596 -3.69066350068e-05
1597 -3.48278687317e-05
1598 -3.27927585611e-05
1599 -3.08573047529e-05
1600 0.00393686457294
1601 0.00373527438131
1602 0.0034998496385
1603 0.00318144178097
1604 0.00280751563179
1605 0.00246175339478
1606 0.00212739398986
1607 0.00181010038308
1608 0.00152364270865
1609 0.00127841617111
1610 0.00106661297077
1611 0.000882984779648
1612 0.000730211513719
1613 0.000602301242733
1614 0.000495002254092
1615 0.000403994010189
1616 0.000326174641411
1617 0.000259801850833
1618 0.000204031216577
1619 0.00016088846989
1620 0.000136430256386
1621 0.000142890513606
1622 0.00018530013554
1623 0.00024617427381
1624 0.000289383340506
1625 0.000286894479257
1626 0.000241703427333
1627 0.00017619808155
1628 0.000110792375573
1629 5.67247044211e-05
1630 1.64438200906e-05
1631 -1.14812783011e-05
1632 -2.98612484063e-05
1633 -4.13753885094e-05
1634 -4.81274482851e-05
1635 -5.16697479409e-05
1636 -5.30726579518e-05
1637 -5.30500453867e-05
1638 -5.21455747053e-05
1639 -5.0727748111e-05
1640 -4.90099361623e-05
1641 -4.72066880233e-05
1642 -4.53559478826e-05
1643 -4.34236535823e-05
1644 -4.1401760036e-05
1645 -3.93049794365e-05
1646 -3.71709395012e-05
1647 -3.50733460991e-05
1648 -3.30227035623e-05
1649 -3.10526019579e-05
1650 0.00539681173007
1651 0.00507376358431
1652 0.00468680188085
1653 0.00418577051404
1654 0.00362181179774
1655 0.00311421478235
1656 0.00264009210256
1657 0.00220670500202
1658 0.00182891188219
1659 0.00151276132555
1660 0.00124641523597
1661 0.00102101586445
1662 0.000836554939135
1663 0.000684817001463
1664 0.000559555729205
1665 0.000454990946086
1666 0.000366888155985
1667 0.000292544463514
1668 0.000229860437223
1669 0.000179017568965
1670 0.000143688311811
1671 0.00013533186267
1672 0.000164331493224
1673 0.000223209875203
1674 0.000278959251141
1675 0.000294260320548
1676 0.000260964422655
1677 0.000198434072529
1678 0.000130319013398
1679 7.15563331866e-05
1680 2.68111017959e-05
1681 -4.6293836151e-06
1682 -2.55318605568e-05
1683 -3.87455773969e-05
1684 -4.66085463432e-05
1685 -5.08670561831e-05
1686 -5.27222876532e-05
1687 -5.29801342758e-05
1688 -5.22301454771e-05
1689 -5.08936469399e-05
1690 -4.92139662048e-05
1691 -4.74065196344e-05
1692 -4.55628772367e-05
1693 -4.36385480861e-05
1694 -4.16267536402e-05
1695 -3.95354671685e-05
1696 -3.73947359406e-05
1697 -3.5281373174e-05
1698 -3.3218795953e-05
1699 -3.1226001516e-05
1700 0.00757137220408
1701 0.00702084154494
1702 0.00635586115282
1703 0.00554439055872
1704 0.00467806913659
1705 0.00392861959677
1706 0.00325797961845
1707 0.00266856585723
1708 0.00217487525064
1709 0.0017716005365
1710 0.00144064704423
1711 0.00116711115845
1712 0.000947538701241
1713 0.000769593887002
1714 0.000624786117064
1715 0.000505753363056
1716 0.000406914345903
1717 0.000324453222682
1718 0.000255274216937
1719 0.000198095792986
1720 0.000154490686053
1721 0.000134043276377
1722 0.000149410855991
1723 0.000201756769457
1724 0.00026473143488
1725 0.000295856165499
1726 0.000275652694599
1727 0.000218057634611
1728 0.000148625031602
1729 8.5885258306e-05
1730 3.69814374945e-05
1731 2.17370603058e-06
1732 -2.12012458602e-05
1733 -3.60835607851e-05
1734 -4.50405649186e-05
1735 -5.00058633077e-05
1736 -5.23061606851e-05
1737 -5.28456362328e-05
1738 -5.22551314316e-05
1739 -5.10032192809e-05
1740 -4.93659382948e-05
1741 -4.75590663549e-05
1742 -4.57202600889e-05
1743 -4.38032660405e-05
1744 -4.18012795145e-05
1745 -3.97165971711e-05
1746 -3.75755171761e-05
1747 -3.5453955789e-05
1748 -3.33855584367e-05
1749 -3.13773524041e-05
1750 0.0110529941237
1751 0.0100346668079
1752 0.00881014472823
1753 0.00743741016939
1754 0.00607585498505
1755 0.00495654325943
1756 0.00400509972966
1757 0.0032070363775
1758 0.00256564336336
1759 0.00205582057859
1760 0.00164905052996
1761 0.00132099717328
1762 0.0010618314344
1763 0.000855390164686
1764 0.000689861717503
1765 0.000555652682504
1766 0.000445775468565
1767 0.000355112080845
1768 0.00027965488158
1769 0.000216982271725
1770 0.000166912418503
1771 0.000136985443172
1772 0.000139973500411
1773 0.000183409378876
1774 0.000249000344063
1775 0.000293081367873
1776 0.000286097381906
1777 0.000234847389834
1778 0.000165360057074
1779 9.9427040394e-05
1780 4.67595748942e-05
1781 8.7702602415e-06
1782 -1.69549747238e-05
1783 -3.3459260291e-05
1784 -4.34654968083e-05
1785 -4.91198365033e-05
1786 -5.18530671661e-05
1787 -5.2667079568e-05
1788 -5.22357489984e-05
1789 -5.10689494219e-05
1790 -4.94760508887e-05
1791 -4.76743055834e-05
1792 -4.58381954393e-05
1793 -4.39292091481e-05
1794 -4.19376614448e-05
1795 -3.98624646643e-05
1796 -3.77266500479e-05
1797 -3.55991051419e-05
1798 -3.35243459454e-05
1799 -3.15028682356e-05
1800 0.0169482131607
1801 0.0147963731963
1802 0.0123884052529
1803 0.00999182439988
1804 0.0078447888058
1805 0.0061855623984
1806 0.00485557109228
1807 0.00379509921812
1808 0.00297931813286
1809 0.00234844671421
1810 0.00185856168038
1811 0.00147269482398
1812 0.00117271265556
1813 0.000937512348811
1814 0.000751319716847
1815 0.000602153260568
1816 0.000481595853913
1817 0.000383078663068
1818 0.000301805237494
1819 0.0002343559639
1820 0.000179275610322
1821 0.000142234718007
1822 0.000135070780497
1823 0.000169227109214
1824 0.000234017832387
1825 0.000287639733258
1826 0.000292676984456
1827 0.000248353444739
1828 0.000179799616909
1829 0.000111507319588
1830 5.56336054241e-05
1831 1.48278328403e-05
1832 -1.30281227196e-05
1833 -3.1001837865e-05
1834 -4.19773855157e-05
1835 -4.8261406872e-05
1836 -5.13914726859e-05
1837 -5.24565068475e-05
1838 -5.21741769202e-05
1839 -5.10874014e-05
1840 -4.95382431759e-05
1841 -4.77468866893e-05
1842 -4.59129165058e-05
1843 -4.40138625682e-05
1844 -4.20350334344e-05
1845 -3.99698621175e-05
1846 -3.78411561212e-05
1847 -3.57088613393e-05
1848 -3.36266504296e-05
1849 -3.15938618503e-05
1850 0.0281135407123
1851 0.0226394773205
1852 0.0176154226523
1853 0.0133724108843
1854 0.0100152798956
1855 0.00760137502462
1856 0.00578502568416
1857 0.00441080492893
1858 0.00339861799593
1859 0.00263725476728
1860 0.00206050299507
1861 0.00161661498477
1862 0.00127633544531
1863 0.00101324758502
1864 0.00080731784572
1865 0.00064402876926
1866 0.000513522866413
1867 0.000407803105421
1868 0.000321210887041
1869 0.000249598326374
1870 0.000190610715349
1871 0.000148266953017
1872 0.000133187130884
1873 0.000158901104906
1874 0.000221028759723
1875 0.000281129933195
1876 0.000296369798729
1877 0.000258821107556
1878 0.000191824750414
1879 0.000121891646039
1880 6.33898876105e-05
1881 2.01760430686e-05
1882 -9.528671988e-06
1883 -2.87956084925e-05
1884 -4.06283852054e-05
1885 -4.74646023915e-05
1886 -5.09440889585e-05
1887 -5.2229477153e-05
1888 -5.20806084359e-05
1889 -5.10661524289e-05
1890 -4.95571294938e-05
1891 -4.77802121294e-05
1892 -4.59501250549e-05
1893 -4.40625819539e-05
1894 -4.20945226865e-05
1895 -4.00392720538e-05
1896 -3.79158423718e-05
1897 -3.57778633418e-05
1898 -3.36866493403e-05
1899 -3.16434096801e-05
1900 0.0505155125119
1901 0.0354107818981
1902 0.0249482744274
1903 0.017590358607
1904 0.0125041480431
1905 0.00911638612142
1906 0.00672734532308
1907 0.00500963120336
1908 0.00379400470322
1909 0.00290249947305
1910 0.00224211162332
1911 0.00174405901303
1912 0.00136696386907
1913 0.00107866273329
1914 0.000855110382935
1915 0.000679491419798
1916 0.00054030528296
1917 0.000428399273273
1918 0.000337279041826
1919 0.000262227036615
1920 0.000200241839527
1921 0.000154026538831
1922 0.000133073576347
1923 0.000151876013664
1924 0.000210744070363
1925 0.000274867244025
1926 0.000298111827949
1927 0.000266524113881
1928 0.00020129873372
1929 0.000130308509325
1930 6.97707737438e-05
1931 2.46142651542e-05
1932 -6.60351182405e-06
1933 -2.69291953836e-05
1934 -3.94684875955e-05
1935 -4.67611392206e-05
1936 -5.05293181294e-05
1937 -5.19989650024e-05
1938 -5.19630353759e-05
1939 -5.10118357307e-05
1940 -4.95399631e-05
1941 -4.77807461001e-05
1942 -4.59554924823e-05
1943 -4.40776236169e-05
1944 -4.21179457112e-05
1945 -4.00676973363e-05
1946 -3.7946348388e-05
1947 -3.58026638339e-05
1948 -3.3704125812e-05
1949 -3.1654980549e-05
1950 0.0890415894775
1951 0.0537727772968
1952 0.0339974468743
1953 0.0222058986027
1954 0.0150100215002
1955 0.010536810586
1956 0.00756507236948
1957 0.00552205673669
1958 0.00412357991232
1959 0.00311860634316
1960 0.00238761856839
1961 0.00184469107517
1962 0.00143776845222
1963 0.0011293894757
1964 0.000891889716599
1965 0.000706535594828
1966 0.0005606369484
1967 0.000443969745703
1968 0.000349365268848
1969 0.000271699846327
1970 0.00020758173873
1971 0.000158726481076
1972 0.000133762709039
1973 0.000147500139701
1974 0.000203372967774
1975 0.000269732443014
1976 0.00029872628943
1977 0.000271823480613
1978 0.000208197524502
1979 0.000136599311607
1980 7.46041113069e-05
1981 2.80107485654e-05
1982 -4.32790987971e-06
1983 -2.54621509018e-05
1984 -3.85393897412e-05
1985 -4.61795349729e-05
1986 -5.0170860788e-05
1987 -5.17811016139e-05
1988 -5.1834630511e-05
1989 -5.0935072225e-05
1990 -4.94932803478e-05
1991 -4.77487579663e-05
1992 -4.59261154455e-05
1993 -4.4053561689e-05
1994 -4.20968385327e-05
1995 -4.004885025e-05
1996 -3.79294927358e-05
1997 -3.57823981682e-05
1998 -3.36808334952e-05
1999 -3.16303283396e-05
2000 0.141461887386
2001 0.0757699399243
2002 0.0429362766565
2003 0.026263651742
2004 0.0170540555401
2005 0.0116185711246
2006 0.00817333152712
2007 0.00588217447355
2008 0.0043510075353
2009 0.00326487198977
2010 0.0024847815185
2011 0.0019114658161
2012 0.00148436220391
2013 0.00116262894396
2014 0.000915823658997
2015 0.000724044270045
2016 0.000573755445129
2017 0.000453985287038
2018 0.000357120913378
2019 0.000277759498878
2020 0.000212335669435
2021 0.000161914575281
2022 0.000134568297518
2023 0.000145161616424
2024 0.000198945806463
2025 0.000266397316946
2026 0.000298859184645
2027 0.000274952414396
2028 0.000212496344577
2029 0.000140571887573
2030 7.77018883552e-05
2031 3.02189158249e-05
2032 -2.83784551413e-06
2033 -2.44741310855e-05
2034 -3.78923206428e-05
2035 -4.57516433962e-05
2036 -4.98860719535e-05
2037 -5.15888385914e-05
2038 -5.17016300131e-05
2039 -5.08360658709e-05
2040 -4.94134370518e-05
2041 -4.76780480731e-05
2042 -4.58560163687e-05
2043 -4.39848035462e-05
2044 -4.20296615934e-05
2045 -3.99844311216e-05
2046 -3.78673008703e-05
2047 -3.57212746018e-05
2048 -3.36212219687e-05
2049 -3.15733969274e-05
2050 0.190865003867
2051 0.0923165295628
2052 0.0479098487439
2053 0.0282684080177
2054 0.0180229152151
2055 0.0120899708045
2056 0.00842453128953
2057 0.00602687922076
2058 0.004441658147
2059 0.00332237486942
2060 0.00252254100648
2061 0.00193767177768
2062 0.00150281685322
2063 0.00117568146568
2064 0.000925148769416
2065 0.000730860159103
2066 0.000578883636785
2067 0.000457900585914
2068 0.000360174326382
2069 0.000280116110801
2070 0.000214252942621
2071 0.000163273709901
2072 0.000135069329696
2073 0.000144510607801
2074 0.000197444039693
2075 0.000265208990476
2076 0.000298922208629
2077 0.000276168125089
2078 0.000214160912619
2079 0.000142161465135
2080 7.89873256832e-05
2081 3.11640309198e-05
2082 -2.16578050732e-06
2083 -2.3994410991e-05
2084 -3.7546627541e-05
2085 -4.5496151154e-05
2086 -4.96884143307e-05
2087 -5.1428128931e-05
2088 -5.15643878413e-05
2089 -5.07120821631e-05
2090 -4.92967824349e-05
2091 -4.75645232432e-05
2092 -4.57418400814e-05
2093 -4.38722289191e-05
2094 -4.19185889178e-05
2095 -3.98772355131e-05
2096 -3.77651996752e-05
2097 -3.56232110727e-05
2098 -3.35276561925e-05
2099 -3.14834299784e-05
2100 0.179249351801
2101 0.0868965137025
2102 0.0453205578954
2103 0.027147586952
2104 0.0175320380438
2105 0.0118045146325
2106 0.00825676320536
2107 0.00592712492988
2108 0.00438077231189
2109 0.00328299312789
2110 0.00249613201992
2111 0.00192043489898
2112 0.00149089888402
2113 0.00116736728295
2114 0.000919153034042
2115 0.000726442844419
2116 0.000575681387643
2117 0.000455516852447
2118 0.000358332027839
2119 0.000278631647572
2120 0.000213203788132
2121 0.000162674614368
2122 0.000135110303091
2123 0.000145405879514
2124 0.000198877944895
2125 0.000266312651171
2126 0.000299083079282
2127 0.0002755073135
2128 0.000213216779408
2129 0.000141294518691
2130 7.83518021275e-05
2131 3.0769342588e-05
2132 -2.36649600986e-06
2133 -2.4063684979e-05
2134 -3.75284381442e-05
2135 -4.54217701666e-05
2136 -4.95790879251e-05
2137 -5.12970022319e-05
2138 -5.14198132468e-05
2139 -5.0559808943e-05
2140 -4.91405264332e-05
2141 -4.74074274475e-05
2142 -4.55867260359e-05
2143 -4.37188899649e-05
2144 -4.1770115058e-05
2145 -3.97326916972e-05
2146 -3.76257116783e-05
2147 -3.54892287609e-05
2148 -3.33980948643e-05
2149 -3.13576962068e-05
2150 0.0950182243692
2151 0.0606591396541
2152 0.036290051395
2153 0.0233175340947
2154 0.0157167624616
2155 0.0108302124362
2156 0.00770325736255
2157 0.00559898037979
2158 0.00417659665954
2159 0.00315159653522
2160 0.00240860732989
2161 0.00186146431435
2162 0.00144999129348
2163 0.00113845151435
2164 0.000898230761738
2165 0.000711121236612
2166 0.000564345366804
2167 0.000446933727276
2168 0.000351714569136
2169 0.000273434201587
2170 0.000209278731018
2171 0.000160214584765
2172 0.000134806366488
2173 0.000147940331539
2174 0.000203230418286
2175 0.000269595336173
2176 0.000299226800786
2177 0.000272946729657
2178 0.000209657448848
2179 0.000138026529521
2180 7.5881569529e-05
2181 2.90922827825e-05
2182 -3.40755077465e-06
2183 -2.46477571945e-05
2184 -3.7814001425e-05
2185 -4.55124370965e-05
2186 -4.95455676377e-05
2187 -5.11858382862e-05
2188 -5.12609494307e-05
2189 -5.03755941097e-05
2190 -4.89443582394e-05
2191 -4.7209169557e-05
2192 -4.53938237729e-05
2193 -4.35291519531e-05
2194 -4.15834070366e-05
2195 -3.95496350467e-05
2196 -3.74463571356e-05
2197 -3.53150773256e-05
2198 -3.32304823907e-05
2199 -3.11690155086e-05
2200 0.0462500686894
2201 0.0372953379067
2202 0.0262039036804
2203 0.0184601600737
2204 0.0131947071707
2205 0.00943023008778
2206 0.00688419681568
2207 0.00510141628827
2208 0.00386044891101
2209 0.00294490201011
2210 0.00226971428756
2211 0.00176653616468
2212 0.00138361576201
2213 0.00109119238468
2214 0.000863881369175
2215 0.000685884260188
2216 0.000545550360745
2217 0.000432619298901
2218 0.000340650716764
2219 0.000264725418037
2220 0.000202710963524
2221 0.000156173744239
2222 0.00013452641822
2223 0.000152424253777
2224 0.000210473305237
2225 0.000274703010262
2226 0.000298964813555
2227 0.000268271835511
2228 0.000203471474122
2229 0.000132396471701
2230 7.16529192391e-05
2231 2.62141400747e-05
2232 -5.22508429961e-06
2233 -2.57089834416e-05
2234 -3.8376119679e-05
2235 -4.57521792895e-05
2236 -4.95795195903e-05
2237 -5.109130127e-05
2238 -5.10889015564e-05
2239 -5.01633631965e-05
2240 -4.87142120024e-05
2241 -4.69751170215e-05
2242 -4.51657851438e-05
2243 -4.3303388083e-05
2244 -4.13601731643e-05
2245 -3.93275817202e-05
2246 -3.72249540874e-05
2247 -3.50897905452e-05
2248 -3.28513592932e-05
2249 -3.03671853794e-05
2250 0.0262100620472
2251 0.0232640433069
2252 0.0182540949668
2253 0.0139560313934
2254 0.010585593777
2255 0.00788760928224
2256 0.00593984537067
2257 0.00450635311822
2258 0.00347179718172
2259 0.00268561475967
2260 0.0020926734501
2261 0.00164360226748
2262 0.0012966894476
2263 0.00102868445541
2264 0.000818238903795
2265 0.000652069258789
2266 0.000520196736417
2267 0.000413220917096
2268 0.000325586372285
2269 0.000252853214268
2270 0.000193835344956
2271 0.000151009608971
2272 0.00013490020786
2273 0.000159380132177
2274 0.00022058414546
2275 0.000281051247069
2276 0.00029770510695
2277 0.000261259045905
2278 0.000194733612129
2279 0.000124656690968
2280 6.58229484502e-05
2281 2.22365684751e-05
2282 -7.74824806589e-06
2283 -2.71991204067e-05
2284 -3.91858696758e-05
2285 -4.61223984922e-05
2286 -4.96713526503e-05
2287 -5.10099153497e-05
2288 -5.09037778702e-05
2289 -4.99251330765e-05
2290 -4.84505050615e-05
2291 -4.67060120994e-05
2292 -4.49024081526e-05
2293 -4.30397504843e-05
2294 -4.10960899753e-05
2295 -3.90576688797e-05
2296 -3.68259713387e-05
2297 -3.43084121008e-05
2298 -3.16732870293e-05
2299 -2.91455247948e-05
2300 0.0163602866193
2301 0.0151796810886
2302 0.0127451097764
2303 0.0103607633578
2304 0.00827281516498
2305 0.00642021360493
2306 0.00499080812946
2307 0.00388315466365
2308 0.00305106646918
2309 0.00239764298484
2310 0.00189216558805
2311 0.00150190084202
2312 0.00119513914166
2313 0.000954775762881
2314 0.000763736123966
2315 0.000611420187961
2316 0.000489406428413
2317 0.000389472254091
2318 0.000307002771692
2319 0.000238235222628
2320 0.000183098705904
2321 0.000145389230871
2322 0.000136824379969
2323 0.000169451156231
2324 0.000233383421704
2325 0.000287812012053
2326 0.000294638409043
2327 0.000251485222474
2328 0.000183356029695
2329 0.000114820116363
2330 5.8568314251e-05
2331 1.73304880162e-05
2332 -1.08492381566e-05
2333 -2.90348694084e-05
2334 -4.01931911656e-05
2335 -4.65950724513e-05
2336 -4.98061429188e-05
2337 -5.09337590848e-05
2338 -5.07027350434e-05
2339 -4.96583314326e-05
2340 -4.81507047359e-05
2341 -4.63994946861e-05
2342 -4.46001902913e-05
2343 -4.27267072219e-05
2344 -4.06522557739e-05
2345 -3.82487944412e-05
2346 -3.56148999697e-05
2347 -3.30012702594e-05
2348 -3.05907855851e-05
2349 -2.83755643742e-05
2350 0.0108435051438
2351 0.0103006878462
2352 0.00902473397648
2353 0.00767118906323
2354 0.00638385271488
2355 0.0051348305318
2356 0.00411306689141
2357 0.00328073194315
2358 0.00263017208436
2359 0.0021016549118
2360 0.00168148185269
2361 0.00134998271338
2362 0.00108463069727
2363 0.000873361257096
2364 0.000702885588112
2365 0.000565543602293
2366 0.000454116562703
2367 0.000362028618803
2368 0.000285360040634
2369 0.000221286877365
2370 0.000171126190599
2371 0.000140321246784
2372 0.000141546662021
2373 0.000183287826226
2374 0.000248250294345
2375 0.000293742656665
2376 0.000288871406029
2377 0.00023872154599
2378 0.000169524904158
2379 0.000103241680023
2380 5.0119613842e-05
2381 1.16663558337e-05
2382 -1.44223758649e-05
2383 -3.11549141026e-05
2384 -4.13607852988e-05
2385 -4.71444097084e-05
2386 -4.9967393439e-05
2387 -5.08517835985e-05
2388 -5.04773855386e-05
2389 -4.9357968729e-05
2390 -4.78123673466e-05
2391 -4.60336973321e-05
2392 -4.40972255599e-05
2393 -4.18716882716e-05
2394 -3.94144316197e-05
2395 -3.68940753643e-05
2396 -3.44435844858e-05
2397 -3.21326570381e-05
2398 -2.99617215933e-05
2399 -2.79164536853e-05
2400 0.00749374986012
2401 0.00722170417517
2402 0.00650579465254
2403 0.00570887417766
2404 0.00490656036563
2405 0.00406794934394
2406 0.00334693908164
2407 0.00273224255219
2408 0.00223314418765
2409 0.00181434704024
2410 0.00147197104149
2411 0.00119615821898
2412 0.000970679282704
2413 0.000788090719755
2414 0.000638637172269
2415 0.000516373127356
2416 0.000416085109045
2417 0.000332159679578
2418 0.00026168155172
2419 0.000203003221135
2420 0.000159109457542
2421 0.000137295821251
2422 0.00015033760073
2423 0.000200981303579
2424 0.000264008256301
2425 0.000297330233339
2426 0.000279569475234
2427 0.000222911813451
2428 0.000153527041679
2429 9.02763608403e-05
2430 4.08016956307e-05
2431 5.44270028291e-06
2432 -1.83306690654e-05
2433 -3.34719679946e-05
2434 -4.2633541989e-05
2435 -4.7738005958e-05
2436 -5.01335794618e-05
2437 -5.07483822666e-05
2438 -5.02151813532e-05
2439 -4.89719958909e-05
2440 -4.72038219425e-05
2441 -4.50688490511e-05
2442 -4.27912279192e-05
2443 -4.0470790963e-05
2444 -3.81890795467e-05
2445 -3.59415992378e-05
2446 -3.37220937658e-05
2447 -3.15828972326e-05
2448 -2.95442206134e-05
2449 -2.75939760639e-05
2450 0.00535127450927
2451 0.0052079904784
2452 0.00478134895567
2453 0.00429351343433
2454 0.00378243820618
2455 0.00321374919915
2456 0.00270536326185
2457 0.00225449276013
2458 0.00187603891143
2459 0.0015484181427
2460 0.0012730867051
2461 0.00104688964624
2462 0.000858164486456
2463 0.000702494150884
2464 0.000572962617937
2465 0.000465636491527
2466 0.000376136154635
2467 0.000300497913037
2468 0.000236572100741
2469 0.000184204505
2470 0.000148373822885
2471 0.000138132169214
2472 0.000164536719492
2473 0.000222202268518
2474 0.000278901922215
2475 0.00029690226323
2476 0.000265898889519
2477 0.000203892210988
2478 0.000135602343201
2479 7.62214732937e-05
2480 3.08955089228e-05
2481 -1.10507361836e-06
2482 -2.24077971224e-05
2483 -3.58700442497e-05
2484 -4.39356104479e-05
2485 -4.83278536778e-05
2486 -5.02655327326e-05
2487 -5.05185804014e-05
2488 -4.95980353925e-05
2489 -4.79216359009e-05
2490 -4.58297134149e-05
2491 -4.36549049553e-05
2492 -4.15643157552e-05
2493 -3.94937102052e-05
2494 -3.74156491706e-05
2495 -3.53200460376e-05
2496 -3.32222611255e-05
2497 -3.1179207635e-05
2498 -2.92038825086e-05
2499 -2.72987654156e-05
