0.0001	84.56593911250192
0.00010202	86.22193538682761
0.00010408	87.9099314345747
0.00010618	89.63092724279552
0.00010833	91.38592278361462
0.00011052	93.17491805669817
0.00011275	94.9989130470276
0.00011503	96.85890772277833
0.00011735	98.754902083121
0.00011972	100.68989609127173
0.00012214	102.65988973203633
0.00012461	104.66988297995256
0.00012712	106.71987583310278
0.00012969	108.8098682307651
0.00013231	110.93986016827246
0.00013499	113.10985159914313
0.00013771	115.31984254089078
0.00014049	117.57983290768782
0.00014333	119.87982268188279
0.00014623	122.21981183129265
0.00014918	124.61980031699622
0.0001522	127.04978809748633
0.00015527	129.53977514056336
0.00015841	132.0697613829513
0.00016161	134.65974677466244
0.00016487	137.28973130829922
0.0001682	139.97971486533058
0.0001716	142.71969741218166
0.00017507	145.50967889407332
0.0001786	148.34965929190088
0.00018221	151.25963842325595
0.00018589	154.20961633114308
0.00018965	157.22959283255892
0.00019348	160.29956794643704
0.00019739	163.43954149873844
0.00020138	166.6295134609198
0.00020544	169.88948373858705
0.00020959	173.20945216990484
0.00021383	176.59941862044826
0.00021815	180.04938307081943
0.00022255	183.5693453809685
0.00022705	187.14930535240833
0.00023164	190.80926284315674
0.00023632	194.53921775735077
0.00024109	198.33916995757508
0.00024596	202.20911922871247
0.00025093	206.15906536704364
0.000256	210.18900820148747
0.00026117	214.28894760224503
0.00026645	218.4688832533862
0.00027183	222.73881498369292
0.00027732	227.07874260258657
0.00028292	231.50866577738154
0.00028864	236.02858416895148
0.00029447	240.63849761557626
0.00030042	245.32840581239626
0.00030649	250.10830841158457
0.00031268	254.98820504186634
0.00031899	259.9580954535417
0.00032544	265.0279789933636
0.00033201	270.1878556169109
0.00033872	275.44772461358565
0.00034556	280.81758562016523
0.00035254	286.2874381509757
0.00035966	291.85728175040475
0.00036693	297.53711568829846
0.00037434	303.3269396003566
0.0003819	309.22675278418586
0.00038962	315.2365544867379
0.00039749	321.36634415500765
0.00040552	327.6161209543747
0.00041371	333.97588431319923
0.00042207	340.46563305692564
0.0004306	347.075366520592
0.00043929	353.8150839703714
0.00044817	360.6747840072257
0.00045722	367.6744658659618
0.00046646	374.8041282294027
0.00047588	382.0637703047781
0.0004855	389.4733901372604
0.0004953	397.012987422048
0.00050531	404.69255992189744
0.00051552	412.522106403627
0.00052593	420.5016254710378
0.00053656	428.63111500314903
0.00054739	436.91057408638704
0.00055845	445.349999829161
0.00056973	453.9393910202854
0.00058124	462.69874495882505
0.00059299	471.6180594821991
0.00060496	480.7073330433116
0.00061719	489.95656202613145
0.00062965	499.3857448020828
0.00064237	508.98487782262026
0.00065535	518.7639581070465
0.00066859	528.7329825046257
0.0006821	538.8719481612299
0.00069588	549.2008512698573
0.00070993	559.7296881361624
0.00072427	570.4384548021807
0.00073891	581.3471461345705
0.00075383	592.4557593567213
0.00076906	603.7742879440032
0.0007846	615.2927277787944
0.00080045	627.0110741491108
0.00081662	638.9493204235604
0.00083311	651.1074612612529
0.00084994	663.4754899799321
0.00086711	676.0733995445162
0.00088463	688.8911832934169
0.0009025	701.9388339760802
0.00092073	715.2163436152205
0.00093933	728.7337031404036
0.00095831	742.4809042178356
0.00097767	756.4779371084642
0.00099742	770.7247918080571
0.0010176	785.2114550405418
0.0010381	799.9479288994628
0.0010591	814.9541801085765
0.0010805	830.2102107770907
0.0011023	845.7260086765972
0.0011246	861.5215460938233
0.0011473	877.5768251149188
0.0011705	893.9118156676939
0.0011941	910.5165188566359
0.0012182	927.400903023684
0.0012429	944.5749332154729
0.001268	962.0386247606733
0.0012936	979.7919427840975
0.0013197	997.834867870601
0.0013464	1016.1673600694048
0.0013736	1034.8594069307965
0.0014013	1053.7510078303183
0.0014296	1073.04208976258
0.0014585	1092.6326395666038
0.001488	1112.522629320374
0.001518	1132.7120546480714
0.0015487	1153.2008365954537
0.00158	1174.0889493463349
0.0016119	1195.2763763942023
0.0016445	1216.7630544541933
0.0016777	1238.6489539729373
0.0017116	1260.8340250255642
0.0017462	1283.3182249728877
0.0017814	1306.2015200297305
0.0018174	1329.383819142138
0.0018541	1352.9650814978088
0.0018916	1376.845242015063
0.0019298	1401.0242828755852
0.0019688	1425.7020531450994
0.0020086	1450.6785426041217
0.0020491	1475.9537305120887
0.0020905	1501.627433031605
0.0021328	1527.699571726642
0.0021758	1554.0701961732198
0.0022198	1580.839049050332
0.0022646	1607.906177855012
0.0023104	1635.471314796854
0.0023571	1663.2345294018803
0.0024047	1691.4956060962215
0.0024533	1720.0544614319444
0.0025028	1749.0110031494155
0.0025534	1778.3649873725558
0.002605	1808.0163985538522
0.0026576	1838.065061517499
0.0027113	1868.510767931106
0.002766	1899.253499584029
0.0028219	1930.3929022866585
0.0028789	1961.9288878013163
0.0029371	1993.7612661733513
0.0029964	2025.8899486939795
0.0030569	2058.5145367628074
0.0031187	2091.434870148023
0.0031817	2124.6508381145986
0.003246	2158.2620582683244
0.0033115	2192.1684804272973
0.0033784	2226.3696659101056
0.0034467	2260.9652756153146
0.0035163	2295.8552408262767
0.0035874	2331.1389665359543
0.0036598	2366.616586655241
0.0037338	2402.3873428301667
0.0038092	2438.5510648864833
0.0038861	2474.907501041618
0.0039646	2511.6559503924677
0.0040447	2548.596262550013
0.0041264	2585.827942796988
0.0042098	2623.2505591672
0.0042948	2660.9637272309083
0.0043816	2698.8668142478573
0.0044701	2736.959532091379
0.0045604	2775.3410860690688
0.0046525	2813.81127173365
0.0047465	2852.5690731613167
0.0048424	2891.4142549481735
0.0049402	2930.4460889065986
0.00504	2969.5639498326573
0.0051419	3008.8668125189615
0.0052457	3048.1548550781026
0.0053517	3087.6263440381085
0.0054598	3127.1809925252765
0.0055701	3166.7180468819074
0.0056826	3206.2367630648864
0.0057974	3245.8358612825546
0.0059145	3285.3149979802433
0.006034	3324.872547832189
0.0061559	3364.2084001484563
0.0062803	3403.620537979392
0.0064072	3442.8088320402867
0.0065366	3481.872035819601
0.0066686	3520.80880950271
0.0068033	3559.518075453915
0.0069408	3597.998390423107
0.007081	3636.2489793084897
0.007224	3674.1686927515348
0.00737	3711.755582172401
0.0075189	3749.0087933587024
0.0076708	3785.9266539608875
0.0078257	3822.4082828865467
0.0079838	3858.351952496698
0.0081451	3893.8558383290606
0.0083096	3928.8190046855393
0.0084775	3963.239083115438
0.0086488	3997.114564191021
0.0088235	4030.2450287870106
0.0090017	4062.7279407167925
0.0091836	4094.4612634085634
0.0093691	4125.443955629918
0.0095583	4155.574530928181
0.0097514	4184.850261305144
0.0099484	4213.2694889325
0.010149	4240.633882118545
0.010354	4267.036232467757
0.010564	4292.371589814068
0.010777	4316.651306605392
0.010995	4339.761490570305
0.011217	4361.707258319492
0.011443	4382.289099454718
0.011675	4401.689132036936
0.01191	4419.630746696584
0.012151	4436.189226072558
0.012397	4451.370440529893
0.012647	4464.983339007292
0.012902	4477.0190314906495
0.013163	4487.3692152001295
0.013429	4496.13994031595
0.0137	4503.133062279001
0.013977	4508.437722409442
0.014259	4511.865111647824
0.014547	4513.40586414992
0.014841	4512.96125445714
0.015141	4510.629734059517
0.015447	4506.3131210237425
0.015759	4499.913732915353
0.016077	4491.432584229626
0.016402	4480.8603928760685
0.016734	4468.002205371165
0.017072	4452.968764435675
0.017416	4435.76261663269
0.017768	4416.364086875719
0.018127	4394.591613244011
0.018493	4370.546583174822
0.018867	4344.221226981488
0.019248	4315.53420399033
0.019637	4284.576071174248
0.020034	4251.254899006184
0.020438	4215.686321946421
0.020851	4177.852177934177
0.021272	4137.771934196787
0.021702	4095.4407158607323
0.022141	4050.9633827235584
0.022588	4004.3617042185642
0.023044	3955.6324428485036
0.02351	3904.8689156055643
0.023985	3852.1910005810937
0.024469	3797.6100433013153
0.024964	3741.302638753294
0.025468	3683.3076309626604
0.025982	3623.719875727942
0.026507	3562.6342726987987
0.027043	3500.2543258649944
0.027589	3436.701960786413
0.028146	3372.0719892590364
0.028715	3306.459271348524
0.029295	3240.0801011161057
0.029887	3173.122538901081
0.03049	3105.613878519335
0.031106	3037.914426086644
0.031735	2970.0365042236363
0.032376	2902.1921529443157
0.03303	2834.472267732222
0.033697	2767.257248736736
0.034378	2700.4505820105055
0.035072	2634.4418316696983
0.035781	2569.302128373563
0.036504	2505.0505523149072
0.037241	2442.054841967674
0.037993	2380.303341056004
0.038761	2319.963886163886
0.039544	2261.1375274390703
0.040343	2203.897263483095
0.041158	2148.415297886858
0.041989	2094.6833959649166
0.042838	2042.7547535879182
0.043703	1992.6431412868833
0.044586	1944.3107146823534
0.045486	1897.9284317674005
0.046405	1853.2818507521995
0.047343	1810.3544993726282
0.048299	1769.140744080649
0.049275	1729.512527745727
0.05027	1691.2962325707165
0.051286	1654.4503886742295
0.052322	1618.7226474604206
0.053379	1583.9241865834588
0.054457	1549.8828098396511
0.055557	1516.4189702511476
0.05668	1483.3584070054371
0.057825	1450.3209424565653
0.058993	1417.1509898065462
0.060184	1383.7120403937706
0.0614	1349.698659291979
0.062641	1314.8442688155442
0.063906	1279.1333034904887
0.065197	1242.373466448524
0.066514	1204.4099072906454
0.067858	1165.1624527554443
0.069229	1124.7155730404509
0.070627	1083.0178164577626
0.072054	1040.283125252909
0.07351	996.5406292704514
0.074994	952.104391717356
0.076509	907.1721544577711
0.078055	862.0326881026099
0.079632	817.0269297346355
0.081241	772.4699172963764
0.082882	728.7906206952085
0.084556	686.2611449046915
0.086264	645.251337891683
0.088007	605.9860131986934
0.089785	568.7315504442277
0.091598	533.7523742598208
0.093449	501.07840429243896
0.095337	470.78957597804884
0.097263	442.88690388222847
0.099227	417.29929815924504
0.10123	393.8847274426537
0.10328	372.4207527583975
0.10536	352.7711458305265
0.10749	334.55643142634875
0.10966	317.5567641346311
0.11188	301.42050777226865
0.11414	285.9215807358592
0.11644	270.79057025102264
0.1188	255.73128191510574
0.1212	240.6647170039354
0.12365	225.45916613971283
0.12614	210.13429952384075
0.12869	194.66577416149127
0.13129	179.22080699331843
0.13394	163.97101879493056
0.13665	149.09438398603692
0.13941	134.83326573724915
0.14223	121.36392019863234
0.1451	108.87530305193579
0.14803	97.46208228797674
0.15102	87.17891998047017
0.15407	78.02479173079004
0.15718	69.94224873803907
0.16036	62.81920073406766
0.1636	56.544947530213044
0.1669	50.97314060124063
0.17028	45.939639204111735
0.17371	41.35203122302432
0.17722	37.07345749421153
0.1808	33.046990616671636
0.18446	29.22640760734152
0.18818	25.625391296482693
0.19198	22.247849674924314
0.19586	19.128311991641166
0.19982	16.30214816065327
0.20386	13.793074577267346
0.20797	11.613985859041637
0.21218	9.744569486238456
0.21646	8.170080394976148
0.22083	6.8478230517703
0.2253	5.736097174668061
0.22985	4.799335287033683
0.23449	4.000930038922936
0.23923	3.3132500114188805
0.24406	2.7192996512098917
0.24899	2.206446310255014
0.25402	1.7683200851982972
0.25915	1.4000044591067335
0.26439	1.0960675490120722
0.26973	0.8508048007859783
0.27518	0.6560215099640345
0.28074	0.5033048421042262
0.28641	0.38441513940975397
0.29219	0.29194552374812716
0.2981	0.219791696991503
0.30412	0.163719496069719
0.31026	0.12032359273488806
0.31653	0.0870838567025966
0.32292	0.062106807271256864
0.32945	0.04366278698595606
0.3361	0.030344709894951413
0.34289	0.020859124462881608
0.34982	0.014185147387977
0.35689	0.009532623435083869
0.36409	0.0063198969130721094
0.37145	0.0041175952325648996
0.37895	0.002635168664103673
0.38661	0.001654244778345763
0.39442	0.0010200099213077275
0.40239	0.0006180696334855916
0.41052	0.0003682169044594623
0.41881	0.00021549248648587607
0.42727	0.0001235093170657236
0.4359	0.0000692725267908712
0.44471	0.000037978635343428063
0.45369	0.000020356932712994235
0.46286	0.000010648344969062849
0.47221	5.436103926065054e-6
0.48174	2.706769177792336e-6
0.49148	1.3106252134437344e-6
0.50141	6.174618198280234e-7
0.51153	2.8277865052066117e-7
0.52187	1.2549762736432335e-7
0.53241	5.399940594562275e-8
0.54317	2.247219622179197e-8
0.55414	9.042711167711026e-9
0.56533	3.5122791944239854e-9
0.57675	1.314351057088438e-9
0.5884	4.733309539788995e-10
0.60029	1.637153669397583e-10
0.61242	5.431749469630015e-11
0.62479	1.726522176310078e-11
0.63741	5.245858233445498e-12
0.65029	1.520222076778356e-12
0.66342	4.199487379578233e-13
0.67683	1.1011124532727078e-13
0.6905	2.7411460272598404e-14
0.70445	6.456280566018734e-15
0.71868	1.436226008286384e-15
0.7332	3.0094088699947037e-16
0.74801	5.928384845992907e-17
0.76312	1.0948134418790698e-17
0.77854	1.8893750757001294e-18
0.79426	3.0442381262984525e-19
0.81031	4.5546276106504035e-20
0.82668	6.3200140625331064e-21
0.84338	8.105291965735622e-22
0.86041	9.585335633666368e-23
0.8778	1.0387414588507138e-23
0.89553	1.0313782648991194e-24
0.91362	9.333995010939765e-26
0.93208	7.667482117052293e-27
0.95091	5.700225190663167e-28
0.97011	3.8236340665662597e-29
0.98971	2.297364817711541e-30
1.0097	1.2339317587122329e-31
1.0301	5.8873424323421426e-33
1.0509	2.490021843273672e-34
1.0721	9.301982700267583e-36
1.0938	3.0103606219411176e-37
1.1159	8.536229080044712e-39
1.1384	2.112801991617497e-40
1.1614	4.471522800886247e-42
1.1849	8.051841886891294e-44
1.2088	1.2489006241016233e-45
1.2333	1.603767495334558e-47
1.2582	1.7567660470607207e-49
1.2836	1.6045494710667294e-51
1.3095	1.2152857829392903e-53
1.336	7.445554476829104e-56
1.363	3.737211015365343e-58
1.3905	1.527960371608008e-60
1.4186	4.956035046930727e-63
1.4472	1.2926889694950763e-65
1.4765	2.5825750838501622e-68
1.5063	4.090647466580675e-71
1.5367	4.992594780067498e-74
1.5678	4.554200392786174e-77
1.5994	3.2208916994127865e-80
1.6318	1.6347284581091367e-83
1.6647	6.32696344947757e-87
1.6984	1.7229080204650563e-90
1.7327	3.4298436200696863e-94
1.7677	4.8229466090914065e-98
1.8034	4.740144385459144e-102
1.8398	3.2211839728454085e-106
1.877	1.4569820826754308e-110
1.9149	4.451488312597411e-115
1.9536	8.830811689385976e-120
1.993	1.1549283671685858e-124
2.0333	9.280810926927408e-130
2.0744	4.647941705085931e-135
2.1163	1.4302332031312784e-140
2.159	2.6653701867743378e-146
2.2026	2.871396377002845e-152
2.2471	1.7582018713864278e-158
2.2925	6.013889705430221e-165
2.3388	1.129111698772384e-171
2.3861	1.1041308068424619e-178
2.4343	5.7064621999195e-186
2.4835	1.4761045476596172e-193
2.5336	1.940421476510062e-201
2.5848	1.1800585754559814e-209
2.637	3.365593510397905e-218
2.6903	4.234002296795461e-227
2.7447	2.2907527314273424e-236
2.8001	5.407884561646098e-246
2.8567	5.0093110374842435e-256
2.9144	1.8437761946863845e-266
2.9733	2.5136972915125747e-277
3.0333	1.2862212855536853e-288
3.0946	2.1959121768794507e-300
3.1571	0
3.2209	0
3.286	0
3.3523	0
3.4201	0
3.4892	0
3.5596	0
3.6316	0
3.7049	0
3.7798	0
3.8561	0
3.934	0
4.0135	0
4.0946	0
4.1773	0
4.2617	0
4.3478	0
4.4356	0
4.5252	0
4.6166	0
4.7099	0
4.805	0
4.9021	0
5.0011	0
5.1021	0
5.2052	0
5.3104	0
5.4176	0
5.5271	0
5.6387	0
5.7526	0
5.8689	0
5.9874	0
6.1084	0
6.2318	0
6.3577	0
6.4861	0
6.6171	0
6.7508	0
6.8872	0
7.0263	0
7.1682	0
7.313	0
7.4608	0
7.6115	0
7.7653	0
7.9221	0
8.0822	0
8.2454	0
8.412	0
8.5819	0
8.7553	0
8.9322	0
9.1126	0
9.2967	0
9.4845	0
9.6761	0
9.8716	0
10.071	0
10.274	0
10.482	0
10.694	0
10.91	0
11.13	0
11.355	0
11.584	0
11.818	0
12.057	0
12.301	0
12.549	0
12.803	0
13.061	0
13.325	0
13.594	0
13.869	0
14.149	0
14.435	0
14.727	0
15.024	0
15.328	0
15.637	0
15.953	0
16.275	0
16.604	0
16.94	0
17.282	0
17.631	0
17.987	0
18.351	0
18.721	0
19.099	0
19.485	0
19.879	0
20.28	0
20.69	0
21.108	0
21.535	0
21.97	0
22.413	0
22.866	0
23.328	0
23.799	0
24.28	0
24.771	0
25.271	0
25.782	0
26.302	0
26.834	0
27.376	0
27.929	0
28.493	0
29.069	0
29.656	0
30.255	0
30.866	0
31.49	0
32.126	0
32.775	0
33.437	0
34.112	0
34.801	0
35.504	0
36.222	0
36.953	0
37.7	0
38.462	0
39.239	0
40.031	0
40.84	0
41.665	0
42.507	0
43.365	0
44.241	0
45.135	0
46.047	0
46.977	0
47.926	0
48.894	0
49.882	0
50.89	0
51.918	0
52.966	0
54.036	0
55.128	0
56.242	0
57.378	0
58.537	0
59.72	0
60.926	0
62.157	0
63.412	0
64.693	0
66.	0
67.334	0
68.694	0
70.082	0
71.497	0
72.942	0
74.415	0
75.918	0
77.452	0
79.017	0
80.613	0
82.241	0
83.903	0
85.598	0
87.327	0
89.091	0
90.891	0
92.727	0
94.6	0
96.511	0
98.461	0
100.45	0
102.48	0
104.55	0
106.66	0
