0 0.0262342310992
1 0.0198160594549
2 0.0121825338741
3 0.00514659469254
4 -0.000515621579426
5 -0.00379931380626
6 -0.00555928379219
7 -0.00600643292611
8 -0.00562247870366
9 -0.00500628087535
10 -0.00423560638575
11 -0.00345734242606
12 -0.00274152661666
13 -0.00209247983835
14 -0.00158979840898
15 -0.00116919435278
16 -0.000819430846543
17 -0.000549565153238
18 -0.000334683001914
19 -0.000167780809995
20 -3.3822081686e-05
21 7.23830395897e-05
22 0.000158499515764
23 0.000221593014352
24 0.000260879750182
25 0.000276511851071
26 0.000276575435871
27 0.00027432417466
28 0.000276219161519
29 0.000277879209648
30 0.000278551536801
31 0.000282147707982
32 0.000286584769792
33 0.000287064763348
34 0.000285895073258
35 0.000283039546296
36 0.000280750068285
37 0.000276560599866
38 0.000272877558782
39 0.000266517536628
40 0.000259282823554
41 0.000252626764335
42 0.000245107722341
43 0.000236806697769
44 0.00022869992218
45 0.000220099521778
46 0.000212710709751
47 0.000204822437745
48 0.000197690566728
49 0.000190018348756
50 0.0257915319342
51 0.019213919131
52 0.0102638592749
53 0.0037163264378
54 -0.00135655775062
55 -0.0040079000289
56 -0.00523858288493
57 -0.00542646616071
58 -0.00501593881372
59 -0.00435004980237
60 -0.00367844512437
61 -0.00296479355078
62 -0.00237042862424
63 -0.00181445590754
64 -0.00137368075283
65 -0.00100840926397
66 -0.000707755838466
67 -0.00047209434633
68 -0.00028185645201
69 -0.000136576746445
70 -1.81270594233e-05
71 7.8657767713e-05
72 0.000159844524344
73 0.000221930950437
74 0.00026041726751
75 0.00027337729054
76 0.000270860078798
77 0.000266682512688
78 0.000266559369591
79 0.000267103820784
80 0.000267539679856
81 0.000271486556998
82 0.000275342496655
83 0.000275142691992
84 0.000274209365017
85 0.000272082689427
86 0.000270136779847
87 0.000266135547322
88 0.000262154700397
89 0.000256050600901
90 0.000249504341651
91 0.000243009963074
92 0.000235486051906
93 0.000227556397607
94 0.000219737850068
95 0.000211560961048
96 0.000204568832154
97 0.000197079591118
98 0.000190093714285
99 0.000182656369529
100 0.0277771293385
101 0.0187967000149
102 0.00788721853009
103 0.00113144794187
104 -0.00290314418098
105 -0.00445343508695
106 -0.00485149316283
107 -0.00462238465133
108 -0.00408112567065
109 -0.00345361453351
110 -0.00288584971214
111 -0.00231597994982
112 -0.00184545794617
113 -0.00141341529377
114 -0.00106716222854
115 -0.000777318101651
116 -0.000536557553154
117 -0.000346628420399
118 -0.000194387232939
119 -7.86967897268e-05
120 1.75236052713e-05
121 0.000100745375029
122 0.000177234304238
123 0.000239260745964
124 0.00027670760282
125 0.000285445778339
126 0.000277306374983
127 0.000268071106958
128 0.000264251718597
129 0.000262440704206
130 0.000261579659421
131 0.000264891636713
132 0.000268494674095
133 0.000268328472443
134 0.000267575716564
135 0.000265675025907
136 0.000263972922188
137 0.000260255998419
138 0.000256428144544
139 0.000250638525603
140 0.000244382215598
141 0.000238246092728
142 0.000231094067536
143 0.0002234054039
144 0.000215851761112
145 0.000207914908391
146 0.00020115437454
147 0.000193898060664
148 0.000187113591216
149 0.00017987433653
150 0.0306690220821
151 0.0170047216395
152 0.00355525596939
153 -0.00241412626583
154 -0.00430693293334
155 -0.00428510671144
156 -0.00375720063875
157 -0.00319370223142
158 -0.00264956407337
159 -0.00217577355569
160 -0.00180182950568
161 -0.00144879857384
162 -0.00115499200034
163 -0.000888828284443
164 -0.000667800327196
165 -0.000477084668231
166 -0.000315266702589
167 -0.000185538644333
168 -8.35387851723e-05
169 -6.26455272304e-06
170 6.31220037361e-05
171 0.000131298537468
172 0.000202238088614
173 0.000262664703431
174 0.000297381347084
175 0.000300256784337
176 0.000284732716509
177 0.000268933862519
178 0.000260330232218
179 0.00025555581426
180 0.000253123621647
181 0.000255564494987
182 0.000259016588631
183 0.000258934247646
184 0.000258482790826
185 0.000256809589339
186 0.000255515713005
187 0.000252215233689
188 0.000249038710852
189 0.000243782804241
190 0.0002378909767
191 0.00023202945504
192 0.000225347036263
193 0.000217973106399
194 0.000210788653692
195 0.0002031829683
196 0.000196699226786
197 0.000189750444645
198 0.000183245650791
199 0.000176305151323
200 0.0339362148014
201 0.0113414599536
202 -0.00290082160909
203 -0.00545279731244
204 -0.0041291302397
205 -0.00264317685564
206 -0.00160461324337
207 -0.00106921873055
208 -0.000784948664129
209 -0.000630630093008
210 -0.000544239397276
211 -0.000466455895533
212 -0.000386158887121
213 -0.000308291182953
214 -0.000227227300454
215 -0.000146788430695
216 -7.30389374557e-05
217 -1.12707595157e-05
218 3.4394921183e-05
219 7.06151516117e-05
220 0.000113877499419
221 0.000168347929822
222 0.000232495216625
223 0.000288984020982
224 0.000318998268012
225 0.000314428454754
226 0.000290561085462
227 0.000267662951924
228 0.00025413373892
229 0.000246271690365
230 0.000242259686171
231 0.000243910833166
232 0.000247085598127
233 0.000247352955479
234 0.000247025223318
235 0.000245824558488
236 0.000245139939748
237 0.000242293648732
238 0.000239618905559
239 0.000234934403257
240 0.000229351052657
241 0.000224221203226
242 0.000217971702353
243 0.000211288409675
244 0.000204523030391
245 0.000197107422492
246 0.000191010116705
247 0.000184567630499
248 0.000178464754337
249 0.000171956855787
250 0.0330407129933
251 -0.00242441702115
252 -0.0079474427543
253 -0.00401373152984
254 -0.000593177177592
255 0.00096145399559
256 0.00152736249348
257 0.00151536499777
258 0.00125378065611
259 0.000961877440016
260 0.000707519847253
261 0.000492787783915
262 0.000357048794927
263 0.000251424233082
264 0.000195976305689
265 0.000168776379078
266 0.000155314377032
267 0.000149612380212
268 0.000140758205059
269 0.000140953925249
270 0.000163497444583
271 0.000206614394064
272 0.000262493165424
273 0.000312799632243
274 0.00033586142411
275 0.000323111726034
276 0.000291290520563
277 0.000261518032733
278 0.000242922115827
279 0.000232410137377
280 0.000227082911551
281 0.000228371885367
282 0.000231279310376
283 0.000231865486513
284 0.000232050756353
285 0.000231650827166
286 0.000231495887815
287 0.000229361438704
288 0.000227460907123
289 0.000223280408052
290 0.000218683914507
291 0.000214124335439
292 0.000208476149921
293 0.000202418418759
294 0.000196049850373
295 0.00018943206262
296 0.000183951126093
297 0.000177861784863
298 0.000172268557733
299 0.000166104612793
300 0.00745406125905
301 -0.0102580616903
302 -0.00033987053505
303 0.00495557209965
304 0.00582301621765
305 0.00545649597771
306 0.00469328086897
307 0.00384045436321
308 0.00297943358648
309 0.00226698586152
310 0.00171575869546
311 0.00126469400101
312 0.000956518396552
313 0.000703550290712
314 0.000537962005007
315 0.000421447703752
316 0.00033466272467
317 0.000271768771886
318 0.000220521947943
319 0.000196372088172
320 0.000205967730434
321 0.000239464571401
322 0.000286437677241
323 0.000327486101343
324 0.000342298868401
325 0.000322178324269
326 0.000283376375393
327 0.000248268518348
328 0.000226005479421
329 0.000213688504098
330 0.000207308569095
331 0.000208223330605
332 0.000211308857621
333 0.000212339026275
334 0.000213516663219
335 0.000213886800675
336 0.000214405377721
337 0.000213211933021
338 0.00021193128659
339 0.000208736300522
340 0.000204989458008
341 0.000201134052448
342 0.000196423852503
343 0.00019098034995
344 0.000185474499373
345 0.000179710878191
346 0.000174801088626
347 0.000169496248085
348 0.000164271922617
349 0.000158602334077
350 -0.00565271909965
351 0.0147461890566
352 0.0151640888893
353 0.0129617879192
354 0.0101646827919
355 0.00805388473909
356 0.00637617569068
357 0.00503331886693
358 0.00388497509675
359 0.00297219691423
360 0.00227956107417
361 0.00171243400558
362 0.0013111449079
363 0.000979117472842
364 0.000748162111857
365 0.000574382709713
366 0.000438286726901
367 0.000338709856052
368 0.000265616813429
369 0.000231991804375
370 0.000235317092806
371 0.000261027960512
372 0.000297989344597
373 0.000328873195318
374 0.000335354041293
375 0.000308856661539
376 0.000265727947731
377 0.000227363847192
378 0.000203137042573
379 0.000189681632973
380 0.000183402505417
381 0.000184299087001
382 0.00018790998478
383 0.000189834865876
384 0.000192234453549
385 0.000193568039192
386 0.000194928694952
387 0.000194691097317
388 0.000194404127378
389 0.000192248661604
390 0.000189394880302
391 0.000186370975246
392 0.000182642127128
393 0.000177987369917
394 0.000173468872467
395 0.0001684156854
396 0.00016424618114
397 0.000159506160837
398 0.000154845397168
399 0.000149887489076
400 0.00158835860964
401 -0.0061312340733
402 0.00552319922907
403 0.00764534244066
404 0.00766210876138
405 0.00672562287534
406 0.00563113407664
407 0.00464272333966
408 0.00371160419662
409 0.00292525799382
410 0.00230229046479
411 0.00176972862897
412 0.0013777266008
413 0.00104549303877
414 0.000801147565321
415 0.000608634007471
416 0.000455602297232
417 0.000346473280738
418 0.000274092357808
419 0.000243368007687
420 0.000244783980652
421 0.00026407633254
422 0.000291793041582
423 0.000313711648906
424 0.00031343538807
425 0.000282309982215
426 0.000237410155618
427 0.000198752912755
428 0.000174439791688
429 0.000161272628818
430 0.000155935392519
431 0.000157544936689
432 0.000161832737632
433 0.000165106699328
434 0.000168236106125
435 0.000170836826876
436 0.000173312921721
437 0.000174219227445
438 0.000174909061369
439 0.000173866124237
440 0.000172026834413
441 0.000170086875248
442 0.000167260261386
443 0.000163797619438
444 0.00016019536846
445 0.000156003345779
446 0.000152490838754
447 0.000148510572494
448 0.000144614578981
449 0.000140417309873
450 0.0282085601128
451 -0.00792559590514
452 -0.00848872792412
453 -0.00296982945528
454 0.00101768091552
455 0.00256440674851
456 0.00299506874309
457 0.00292877320899
458 0.0026044618469
459 0.00221282295084
460 0.00183173390714
461 0.00146740033773
462 0.00117275274364
463 0.00090868600312
464 0.000699378970069
465 0.000527309794634
466 0.000392008945246
467 0.000300239992816
468 0.000246285573695
469 0.000226056539773
470 0.000228252351779
471 0.000242958917317
472 0.000263918914863
473 0.000279649902454
474 0.000274625851727
475 0.000241819960909
476 0.000198554133795
477 0.000162006348198
478 0.000139521969681
479 0.000128221455175
480 0.000124729006843
481 0.000127562934256
482 0.000132863050962
483 0.000137534641811
484 0.000142137231795
485 0.000145977193077
486 0.000149715814363
487 0.000151920648419
488 0.000153772446511
489 0.000153838219194
490 0.000153288004608
491 0.000152502650149
492 0.000150729469632
493 0.000148354977061
494 0.000145655628266
495 0.000142350950857
496 0.00013977465868
497 0.000136607656766
498 0.000133572841191
499 0.00013002302496
500 0.0312407480925
501 0.0061655902803
502 -0.00697645209187
503 -0.00687866960034
504 -0.00385698274997
505 -0.00148662342787
506 -2.65678169419e-05
507 0.000716386197668
508 0.001035421487
509 0.00110436238111
510 0.00103653022556
511 0.000907865305898
512 0.000760577655465
513 0.000609472878473
514 0.00047211820167
515 0.00035382593739
516 0.000264590007779
517 0.000208775909654
518 0.000182543189485
519 0.00017635806234
520 0.000181752925111
521 0.000195351710837
522 0.000213694590604
523 0.00022628112701
524 0.000219201719421
525 0.00018836550643
526 0.000149689279353
527 0.000118085498854
528 9.93871050229e-05
529 9.12801416644e-05
530 9.03555861951e-05
531 9.4921706297e-05
532 0.000101603207748
533 0.00010789742088
534 0.000113957518159
535 0.000119312639224
536 0.000124298880084
537 0.000127768606816
538 0.000130833146425
539 0.000132196697039
540 0.000132927644407
541 0.000133253290938
542 0.0001327148992
543 0.000131507955114
544 0.000129923194351
545 0.000127784455902
546 0.000126093298811
547 0.000123864875704
548 0.000121623509281
549 0.000118789688631
550 0.0272205597388
551 0.0126890137026
552 -0.000728651549886
553 -0.00490100763267
554 -0.00497457943963
555 -0.00359697168917
556 -0.00218268199795
557 -0.00116499567962
558 -0.000468988872686
559 -6.21644770515e-05
560 0.000140140888148
561 0.000232819037572
562 0.000238537870861
563 0.000215359198927
564 0.000168952702555
565 0.000123411245169
566 9.45014263149e-05
567 8.08272082548e-05
568 8.4868148093e-05
569 9.43919441549e-05
570 0.000105971869711
571 0.000122649120228
572 0.000142458858309
573 0.000155120110381
574 0.000149201708734
575 0.000123566129343
576 9.25895619362e-05
577 6.81756624685e-05
578 5.48425625829e-05
579 5.09401721421e-05
580 5.32849634377e-05
581 5.99128724215e-05
582 6.82988014867e-05
583 7.64019555537e-05
584 8.40747978719e-05
585 9.11035764396e-05
586 9.74035328434e-05
587 0.00010238658421
588 0.000106715439624
589 0.000109558017637
590 0.000111640015868
591 0.000113129115064
592 0.000113945204633
593 0.000113866859518
594 0.000113346384609
595 0.000112433549168
596 0.000111591079611
597 0.000110313107016
598 0.000108852558369
599 0.000106870414961
600 0.0228718142378
601 0.0142263693607
602 0.00388013716394
603 -0.00139023024143
604 -0.00369731564455
605 -0.00377536651846
606 -0.00308026657369
607 -0.00228190107798
608 -0.00155523092403
609 -0.00101652539905
610 -0.000663848740042
611 -0.000417384629142
612 -0.000291292259791
613 -0.000199940684787
614 -0.000158321678226
615 -0.000130394250944
616 -0.000100549057796
617 -7.4166844736e-05
618 -4.12659221666e-05
619 -1.4862432346e-05
620 6.05560472189e-06
621 2.94173074183e-05
622 5.37931853756e-05
623 6.96627661077e-05
624 6.79279938629e-05
625 5.03788258526e-05
626 2.96918936898e-05
627 1.4089950859e-05
628 7.25961653025e-06
629 8.14957591102e-06
630 1.43029930251e-05
631 2.3223760924e-05
632 3.34266464355e-05
633 4.35492671949e-05
634 5.30378272419e-05
635 6.17272466947e-05
636 6.9431465128e-05
637 7.58787775333e-05
638 8.15435143484e-05
639 8.58249467896e-05
640 8.92190551916e-05
641 9.20434761866e-05
642 9.41236198391e-05
643 9.53263361247e-05
644 9.60382017922e-05
645 9.623528339e-05
646 9.63835552927e-05
647 9.61107626409e-05
648 9.54615904975e-05
649 9.43983057127e-05
650 0.0192070422324
651 0.013779030317
652 0.00632713361461
653 0.00152610726825
654 -0.00168020219744
655 -0.00283023066988
656 -0.00295744145205
657 -0.00261220475702
658 -0.00210343448708
659 -0.0016230752885
660 -0.00125322674892
661 -0.000943143946762
662 -0.000748177608166
663 -0.000577467786015
664 -0.000468032884533
665 -0.000380579103091
666 -0.000303598927803
667 -0.000243987987564
668 -0.000185247104543
669 -0.000141742843136
670 -0.000109855285068
671 -7.79136720355e-05
672 -4.69489873066e-05
673 -2.55903711968e-05
674 -2.02636097953e-05
675 -2.73262897966e-05
676 -3.62063630003e-05
677 -4.2014830751e-05
678 -4.19051569553e-05
679 -3.59255553254e-05
680 -2.57712323015e-05
681 -1.44473641417e-05
682 -2.31452853246e-06
683 9.89421805779e-06
684 2.12329427838e-05
685 3.15719177321e-05
686 4.07011841877e-05
687 4.86528672656e-05
688 5.57287506008e-05
689 6.14379037596e-05
690 6.62263289099e-05
691 7.03867312925e-05
692 7.37588581533e-05
693 7.62037654234e-05
694 7.8148923396e-05
695 7.94606258284e-05
696 8.06745024967e-05
697 8.13141404493e-05
698 8.15546353722e-05
699 8.13827082987e-05
700 0.01626412338
701 0.0126798252472
702 0.007362239756
703 0.00346127012797
704 0.000196726750775
705 -0.00150545591104
706 -0.0022517777134
707 -0.00237329582503
708 -0.00218314857954
709 -0.00188026211131
710 -0.00159334856347
711 -0.00130063856162
712 -0.00109063981092
713 -0.000882224679795
714 -0.000733192670436
715 -0.000607728099942
716 -0.000498334632816
717 -0.000413904229903
718 -0.000334504785173
719 -0.000275267800683
720 -0.000232701589649
721 -0.000192032262862
722 -0.000153758603127
723 -0.000125090162639
724 -0.000110426416956
725 -0.000105423701843
726 -0.000102089191767
727 -9.79575561462e-05
728 -9.1020966118e-05
729 -8.00099511905e-05
730 -6.59657821365e-05
731 -5.22703534299e-05
732 -3.82397748333e-05
733 -2.40179646338e-05
734 -1.09530970302e-05
735 1.01941856268e-06
736 1.16008421096e-05
737 2.10489736982e-05
738 2.9499034877e-05
739 3.66561466511e-05
740 4.28711579114e-05
741 4.83349303994e-05
742 5.30110686835e-05
743 5.67555905705e-05
744 5.99096826173e-05
745 6.23777413492e-05
746 6.46242035708e-05
747 6.62178014172e-05
748 6.73916037392e-05
749 6.80771990902e-05
750 0.0139586660723
751 0.0114707042258
752 0.00761163221219
753 0.00458688181439
754 0.00163171882021
755 -0.000235971006038
756 -0.00134514979631
757 -0.00183200165063
758 -0.00195330607409
759 -0.00186675809774
760 -0.00171262534506
761 -0.00149168874327
762 -0.00130738611008
763 -0.0010990755798
764 -0.000938459395471
765 -0.000796270026811
766 -0.000669687182013
767 -0.000570443440158
768 -0.000476061306753
769 -0.000405133912813
770 -0.000354235349557
771 -0.000306570857552
772 -0.000261029154448
773 -0.000223357092233
774 -0.000197908474239
775 -0.00018022724141
776 -0.000165306305127
777 -0.000152112743158
778 -0.000138923739738
779 -0.000123219210184
780 -0.000105678962798
781 -8.97538033042e-05
782 -7.39214670416e-05
783 -5.7788239352e-05
784 -4.30361692999e-05
785 -2.94993945914e-05
786 -1.75272590562e-05
787 -6.58760150814e-06
788 3.15928287105e-06
789 1.176793112e-05
790 1.9379791281e-05
791 2.61477208823e-05
792 3.2067254527e-05
793 3.71256241167e-05
794 4.14690450367e-05
795 4.5101079851e-05
796 4.83438382309e-05
797 5.08741885096e-05
798 5.29772034722e-05
799 5.45292330728e-05
800 0.0120873290803
801 0.0102829196693
802 0.00743107812059
803 0.00512494883092
804 0.00258366087768
805 0.000774736893879
806 -0.000486605470355
807 -0.00120439160062
808 -0.00156888027643
809 -0.0016783773617
810 -0.00166407298494
811 -0.0015360500889
812 -0.00140538043563
813 -0.00122498813512
814 -0.00107548165055
815 -0.000935650809749
816 -0.00080601068025
817 -0.000701336729859
818 -0.000600006936485
819 -0.000522885026676
820 -0.000467531957499
821 -0.000415288920957
822 -0.000362381673739
823 -0.000314675032914
824 -0.000278123768355
825 -0.000248850999603
826 -0.000223590172308
827 -0.000202717860309
828 -0.0001843182054
829 -0.000164749278019
830 -0.000144050228419
831 -0.000126303977305
832 -0.000108844385422
833 -9.09685687553e-05
834 -7.45403863355e-05
835 -5.96414384447e-05
836 -4.63081434602e-05
837 -3.39340598454e-05
838 -2.29409961456e-05
839 -1.29319646377e-05
840 -3.95289208208e-06
841 4.07955506976e-06
842 1.12060277045e-05
843 1.75243111655e-05
844 2.30363600173e-05
845 2.77908138053e-05
846 3.199462437e-05
847 3.54747600542e-05
848 3.84623277348e-05
849 4.08819907862e-05
850 0.0105112333244
851 0.00916194836515
852 0.0069986535467
853 0.00524304324736
854 0.00312116030025
855 0.0014792971066
856 0.000212739577537
857 -0.000613694520229
858 -0.00113362243067
859 -0.00139204918599
860 -0.00149859160135
861 -0.00146654542579
862 -0.00140019693319
863 -0.0012655821403
864 -0.00114352746499
865 -0.00102091321273
866 -0.000900251891089
867 -0.000799781483028
868 -0.000699437055803
869 -0.000622649130979
870 -0.000567827486344
871 -0.000512286008343
872 -0.000451646334871
873 -0.000394053549475
874 -0.000347328196398
875 -0.000308430877491
876 -0.000275122818937
877 -0.000248551677071
878 -0.000226190846779
879 -0.000203567332999
880 -0.000180314760785
881 -0.000161123484948
882 -0.000142374104221
883 -0.000123006524482
884 -0.000105115759077
885 -8.88975382715e-05
886 -7.42710399809e-05
887 -6.06133930046e-05
888 -4.84319452883e-05
889 -3.71021186021e-05
890 -2.68840092438e-05
891 -1.76409764572e-05
892 -9.34598571921e-06
893 -1.84950157312e-06
894 4.78614586845e-06
895 1.06068382619e-05
896 1.57413585141e-05
897 2.01448761671e-05
898 2.39870288534e-05
899 2.72312493881e-05
900 0.00916039895355
901 0.00810005394399
902 0.00644120669638
903 0.00510556544462
904 0.00335955190697
905 0.00192531085116
906 0.000740746501437
907 -0.000104107036828
908 -0.000703000898986
909 -0.00106017966871
910 -0.00126080017583
911 -0.00131485411326
912 -0.00131440214369
913 -0.00123329754049
914 -0.00114931803929
915 -0.00105279164453
916 -0.000951411873464
917 -0.0008630662308
918 -0.000772193783291
919 -0.000702252409778
920 -0.000650814807391
921 -0.000592245014364
922 -0.000524141581713
923 -0.000457406254203
924 -0.000403098276426
925 -0.000357670083917
926 -0.000319264906667
927 -0.000288930283091
928 -0.000263983010362
929 -0.000239350765286
930 -0.000214211791219
931 -0.00019388973792
932 -0.000174153997701
933 -0.000153439119712
934 -0.000134391652381
935 -0.0001169801272
936 -0.000101204361559
937 -8.64091292573e-05
938 -7.31206103397e-05
939 -6.05384964648e-05
940 -4.91644489803e-05
941 -3.8816948753e-05
942 -2.94145151344e-05
943 -2.08220562258e-05
944 -1.31207107328e-05
945 -6.29625658848e-06
946 -2.80806429545e-07
947 4.99954142912e-06
948 9.65759282802e-06
949 1.36975944638e-05
950 0.00798266303457
951 0.00716011832945
952 0.00586190639171
953 0.00483931962135
954 0.00341349636591
955 0.00219285796341
956 0.00112889536171
957 0.000319596906781
958 -0.000304476303136
959 -0.000719043995454
960 -0.000985921232567
961 -0.00111264337182
962 -0.00117191750515
963 -0.00114595725898
964 -0.00110374830392
965 -0.00103903047815
966 -0.000963143471677
967 -0.000894475163719
968 -0.00081977206945
969 -0.00076103456615
970 -0.000713316368779
971 -0.000650932244755
972 -0.000575797980408
973 -0.000503106759645
974 -0.000444666844455
975 -0.000396211762979
976 -0.000355484881517
977 -0.000323185972011
978 -0.000297005369463
979 -0.000271125617395
980 -0.000244804690382
981 -0.0002238380028
982 -0.000203513283143
983 -0.000181709666457
984 -0.000161680870428
985 -0.000143302137609
986 -0.000126585058608
987 -0.000110828385479
988 -9.65932354345e-05
989 -8.28904721958e-05
990 -7.05609280017e-05
991 -5.92198029968e-05
992 -4.88343781892e-05
993 -3.92155867413e-05
994 -3.05428688572e-05
995 -2.27777389194e-05
996 -1.59598223852e-05
997 -9.85521351554e-06
998 -4.42072310218e-06
999 3.68660804189e-07
1000 0.00699976172575
1001 0.00634979973428
1002 0.0053162840129
1003 0.0045301359875
1004 0.00336781263358
1005 0.00234126761241
1006 0.0014091632918
1007 0.000662039982386
1008 4.72253865882e-05
1009 -0.000393125259479
1010 -0.000702738517652
1011 -0.000885308281245
1012 -0.000994291159954
1013 -0.00101956074992
1014 -0.00101828986718
1015 -0.000988630425064
1016 -0.000941879083356
1017 -0.000898349757732
1018 -0.000843993470195
1019 -0.000797153637966
1020 -0.00075060353989
1021 -0.000684395434722
1022 -0.00060502131554
1023 -0.00053076845618
1024 -0.000472187453385
1025 -0.000424432091817
1026 -0.000383740983863
1027 -0.000351480289479
1028 -0.000325258579071
1029 -0.000299171289527
1030 -0.000272249481007
1031 -0.000251041184126
1032 -0.000230399288323
1033 -0.00020779781606
1034 -0.000186968358137
1035 -0.000167799224734
1036 -0.00015034506862
1037 -0.00013380730509
1038 -0.000118848502653
1039 -0.000104152401545
1040 -9.09014845984e-05
1041 -7.86675051193e-05
1042 -6.74029279715e-05
1043 -5.68695843159e-05
1044 -4.73215708618e-05
1045 -3.86784048925e-05
1046 -3.11308247934e-05
1047 -2.42664618108e-05
1048 -1.81127266143e-05
1049 -1.26284496913e-05
1050 0.00619627087488
1051 0.00566313299834
1052 0.00483652314211
1053 0.00422725628728
1054 0.00327671910848
1055 0.00241383613301
1056 0.00160721747855
1057 0.000932069719214
1058 0.000346273110945
1059 -9.84922353849e-05
1060 -0.000430988833341
1061 -0.000653297823766
1062 -0.000801504652018
1063 -0.000871247177837
1064 -0.000907398003712
1065 -0.000912824941453
1066 -0.000897971518045
1067 -0.000881494816693
1068 -0.000847513338467
1069 -0.000809100659588
1070 -0.000761487593821
1071 -0.000692542581768
1072 -0.00061341098108
1073 -0.000542718092432
1074 -0.000487879476637
1075 -0.000443587974629
1076 -0.000404820948284
1077 -0.000374000382388
1078 -0.00034864953137
1079 -0.000322971505357
1080 -0.000296066884686
1081 -0.000275062353558
1082 -0.000254278028097
1083 -0.000231199370856
1084 -0.000210038806154
1085 -0.000190448360729
1086 -0.000172409658788
1087 -0.000155238584879
1088 -0.000139434481195
1089 -0.000123958779087
1090 -0.000109924744216
1091 -9.69744768838e-05
1092 -8.49548206281e-05
1093 -7.36395184814e-05
1094 -6.33146093313e-05
1095 -5.39040477004e-05
1096 -4.56901609192e-05
1097 -3.81548733917e-05
1098 -3.13432971043e-05
1099 -2.52114962177e-05
1100 0.00552614885602
1101 0.0050869904188
1102 0.00441485160292
1103 0.0039412617226
1104 0.00315725649187
1105 0.00243235297471
1106 0.00173806672874
1107 0.00113699809568
1108 0.000591247322819
1109 0.000157187224991
1110 -0.000182531697572
1111 -0.000430448723331
1112 -0.000606836234371
1113 -0.000712984231006
1114 -0.000782929049017
1115 -0.000821554848503
1116 -0.000838757470523
1117 -0.000846735417691
1118 -0.000828110401268
1119 -0.000793056820119
1120 -0.000744228860803
1121 -0.000676821158897
1122 -0.00060407972592
1123 -0.000541138095832
1124 -0.000493472208907
1125 -0.00045439065922
1126 -0.000419147166547
1127 -0.000390803249087
1128 -0.000367123777537
1129 -0.000342455253556
1130 -0.000316095327114
1131 -0.000295653425288
1132 -0.000275250973264
1133 -0.000252176583095
1134 -0.00023065829272
1135 -0.000210784735827
1136 -0.000192254621234
1137 -0.00017460393221
1138 -0.00015835635263
1139 -0.000142174540021
1140 -0.000127593574429
1141 -0.000114032442082
1142 -0.000101397586861
1143 -8.94030253708e-05
1144 -7.8377814467e-05
1145 -6.83307851865e-05
1146 -5.95085953404e-05
1147 -5.13898425139e-05
1148 -4.39998263436e-05
1149 -3.72927710948e-05
1150 0.00497533134606
1151 0.00459989112534
1152 0.0040450461401
1153 0.00367274171029
1154 0.00302237224627
1155 0.00241142208853
1156 0.00181682362184
1157 0.00128585214157
1158 0.000784863817741
1159 0.000371385347948
1160 3.57550820661e-05
1161 -0.000225943110255
1162 -0.000421288782108
1163 -0.000556341646729
1164 -0.000655421437457
1165 -0.000724099601662
1166 -0.000768869606009
1167 -0.000794305828318
1168 -0.000783650078477
1169 -0.00074972972904
1170 -0.000702700615417
1171 -0.000642808161273
1172 -0.000581452470845
1173 -0.000529360921783
1174 -0.000490561388884
1175 -0.000458010035637
1176 -0.000427434864629
1177 -0.000402196704218
1178 -0.000380555798166
1179 -0.000357484897995
1180 -0.000332015916765
1181 -0.000312390029313
1182 -0.000292532312623
1183 -0.000269536040793
1184 -0.000248147270992
1185 -0.000228194047771
1186 -0.000209541145167
1187 -0.000191659588535
1188 -0.000175133960554
1189 -0.000158646384044
1190 -0.000143663982634
1191 -0.000129635558561
1192 -0.000116556631738
1193 -0.000104056114408
1194 -9.24915280351e-05
1195 -8.18746701097e-05
1196 -7.25620361287e-05
1197 -6.39582415534e-05
1198 -5.60708573755e-05
1199 -4.87946755474e-05
1200 0.00450226542533
1201 0.00418240057091
1202 0.00371713310825
1203 0.00342159893725
1204 0.00287924653346
1205 0.00236318754139
1206 0.00185462029086
1207 0.00138841899266
1208 0.000932780119565
1209 0.00054544236448
1210 0.000221648742828
1211 -4.50317618055e-05
1212 -0.000251591603309
1213 -0.000409106532856
1214 -0.000532246928045
1215 -0.000625130605843
1216 -0.00068849162518
1217 -0.000722066336811
1218 -0.000714579962117
1219 -0.000683635957533
1220 -0.000644167412567
1221 -0.000597422690983
1222 -0.00055043401051
1223 -0.000510850701604
1224 -0.000481513836047
1225 -0.000456088033152
1226 -0.000430426623815
1227 -0.000408670785331
1228 -0.000389564028927
1229 -0.00036832575653
1230 -0.000344092966734
1231 -0.000325637763524
1232 -0.000306635817183
1233 -0.000284061648375
1234 -0.000262944475917
1235 -0.000243204663571
1236 -0.000224613245853
1237 -0.000206676273157
1238 -0.000190199986878
1239 -0.000173466128874
1240 -0.000158212237458
1241 -0.000143863689265
1242 -0.000130429414972
1243 -0.000117538339344
1244 -0.000105523967329
1245 -9.44622266999e-05
1246 -8.47514765997e-05
1247 -7.56937771179e-05
1248 -6.73681521873e-05
1249 -5.96497282508e-05
1250 0.00409388016047
1251 0.00381825547471
1252 0.00342419510533
1253 0.00318901783656
1254 0.00273241591286
1255 0.00229570968116
1256 0.00186050537196
1257 0.00145237056602
1258 0.00104133557937
1259 0.000683275348557
1260 0.000375992797416
1261 0.000110717764611
1262 -0.000101309741511
1263 -0.000275370761587
1264 -0.000415195256837
1265 -0.000522585247019
1266 -0.000593761693134
1267 -0.000629090353377
1268 -0.000625600139505
1269 -0.000603337395704
1270 -0.000577039962982
1271 -0.000546173100787
1272 -0.000514772491945
1273 -0.0004878986325
1274 -0.000467821224498
1275 -0.000449268448324
1276 -0.000428571258054
1277 -0.000410431687647
1278 -0.000394208076513
1279 -0.000374922066191
1280 -0.000352383807707
1281 -0.000335285424574
1282 -0.000317257403084
1283 -0.000295418142665
1284 -0.000274884560066
1285 -0.000255631064628
1286 -0.000237337631056
1287 -0.000219588885993
1288 -0.000203083337239
1289 -0.000186246205304
1290 -0.000170916251003
1291 -0.000156445118251
1292 -0.000142822286904
1293 -0.000129700402531
1294 -0.000117382640227
1295 -0.000106009669959
1296 -9.60082106486e-05
1297 -8.66400310258e-05
1298 -7.79296155301e-05
1299 -6.98573612579e-05
1300 0.00373706447058
1301 0.00349833527774
1302 0.00316081061088
1303 0.00297377735656
1304 0.00258670008969
1305 0.00221486725543
1306 0.00184174543578
1307 0.00148677184116
1308 0.00111786912781
1309 0.000790055129803
1310 0.000502248461919
1311 0.000242754654836
1312 2.97958809097e-05
1313 -0.000153856737481
1314 -0.000301184583055
1315 -0.000412653687363
1316 -0.000485142074681
1317 -0.000522569457857
1318 -0.000527722809126
1319 -0.000519104297
1320 -0.00050877595088
1321 -0.000494540671676
1322 -0.000477762211293
1323 -0.000462627550897
1324 -0.00045087559056
1325 -0.000438735438639
1326 -0.000422954707725
1327 -0.000408342406313
1328 -0.000394912530706
1329 -0.000377794006097
1330 -0.00035712044905
1331 -0.000341575949515
1332 -0.000324800331689
1333 -0.000303938280886
1334 -0.000284230402614
1335 -0.00026548879977
1336 -0.000247607435812
1337 -0.000230220239849
1338 -0.000214105752164
1339 -0.000197390865103
1340 -0.00018209133037
1341 -0.000167638596754
1342 -0.000153904802137
1343 -0.000140629053714
1344 -0.000128074025572
1345 -0.000116464288975
1346 -0.000106222077944
1347 -9.65732421262e-05
1348 -8.75836548551e-05
1349 -7.92278951983e-05
1350 0.00342902040607
1351 0.00322013443834
1352 0.0029288574356
1353 0.00277932764976
1354 0.00244911832217
1355 0.00213103016645
1356 0.00181229766726
1357 0.00150375180145
1358 0.00117409213466
1359 0.00087544748303
1360 0.000607530112351
1361 0.000355762707595
1362 0.000146129672909
1363 -3.99778208813e-05
1364 -0.000186726013617
1365 -0.000296819667299
1366 -0.000369891074682
1367 -0.000412827700482
1368 -0.00043074611838
1369 -0.000437807822276
1370 -0.000443359705183
1371 -0.000443882819283
1372 -0.000439924176498
1373 -0.000434795157076
1374 -0.000430618520519
1375 -0.000424218787001
1376 -0.000412990270903
1377 -0.000401987894265
1378 -0.000391545216473
1379 -0.000376842193515
1380 -0.000358133897477
1381 -0.000344291383583
1382 -0.000328991575529
1383 -0.00030924748904
1384 -0.000290538585284
1385 -0.000272728643359
1386 -0.000255453454428
1387 -0.000238631962099
1388 -0.000222886582528
1389 -0.000206421607935
1390 -0.000191370420879
1391 -0.000177112596071
1392 -0.000163462739265
1393 -0.000150209520266
1394 -0.000137597767334
1395 -0.00012588275608
1396 -0.00011554268597
1397 -0.000105719621662
1398 -9.65154831813e-05
1399 -8.79078167777e-05
1400 0.00316369288693
1401 0.00297855537617
1402 0.00272259208699
1403 0.00260443240249
1404 0.00232340252753
1405 0.00205112391055
1406 0.00177949478493
1407 0.00151201303465
1408 0.00121831798584
1409 0.000945293829126
1410 0.000695201523619
1411 0.000452631069869
1412 0.000249994521278
1413 6.71792704972e-05
1414 -7.48170948647e-05
1415 -0.000182748402414
1416 -0.000258968650829
1417 -0.000310256597757
1418 -0.000342110408003
1419 -0.000364108632944
1420 -0.000383528192132
1421 -0.000396419290227
1422 -0.000403069415045
1423 -0.000406304497142
1424 -0.000408423066361
1425 -0.000407179231314
1426 -0.000400237563307
1427 -0.000392506997429
1428 -0.000384698077591
1429 -0.000372521453044
1430 -0.000355982803025
1431 -0.000343888969843
1432 -0.00033021549842
1433 -0.000311657891045
1434 -0.000294178097063
1435 -0.00027738055863
1436 -0.000260933576927
1437 -0.000244884333758
1438 -0.000229766494094
1439 -0.000213815678785
1440 -0.000199119351416
1441 -0.000185074352056
1442 -0.000171653965671
1443 -0.000158524426818
1444 -0.00014588111417
1445 -0.000134090200688
1446 -0.000123686308424
1447 -0.000113853197035
1448 -0.00010451969516
1449 -9.57581842453e-05
1450 0.00294939815433
1451 0.00278256154903
1452 0.00255529000027
1453 0.00246439949033
1454 0.00222308757139
1455 0.0019878104245
1456 0.00175477773179
1457 0.0015199712169
1458 0.00125260135163
1459 0.000999471898845
1460 0.000763618418997
1461 0.000530963767989
1462 0.000337983416345
1463 0.000162146217994
1464 2.61151906993e-05
1465 -8.04896211927e-05
1466 -0.000161231906142
1467 -0.000221028722969
1468 -0.000265107731232
1469 -0.000299225139843
1470 -0.000329339107521
1471 -0.000351772918469
1472 -0.000366780056425
1473 -0.000376759724063
1474 -0.000384274804135
1475 -0.000387526627372
1476 -0.000384428704922
1477 -0.000380007408511
1478 -0.000374906096706
1479 -0.000365118197378
1480 -0.000350791217554
1481 -0.000340519480493
1482 -0.000328508091056
1483 -0.000311360197377
1484 -0.00029520276109
1485 -0.000279657946013
1486 -0.00026411771991
1487 -0.000249055127549
1488 -0.000234633083043
1489 -0.000219292715095
1490 -0.000205045987031
1491 -0.000191393268201
1492 -0.000178288845196
1493 -0.000165410312695
1494 -0.000152852633598
1495 -0.000141197110338
1496 -0.00013089013495
1497 -0.000121072915784
1498 -0.000111664906178
1499 -0.000102777263128
1500 0.00278722636198
1501 0.00263291401015
1502 0.0024295586792
1503 0.00235790022246
1504 0.00214429009655
1505 0.00193645125032
1506 0.00172853054333
1507 0.00151484342874
1508 0.00126533281335
1509 0.00102725307923
1510 0.000804957189498
1511 0.000585270787646
1512 0.000405389678279
1513 0.000239125593375
1514 0.000109902829235
1515 4.68359918358e-06
1516 -7.96388475628e-05
1517 -0.000146071177614
1518 -0.000199246509042
1519 -0.000242213121647
1520 -0.000280134605275
1521 -0.000309616825446
1522 -0.000331126582461
1523 -0.000346476504625
1524 -0.000358481010337
1525 -0.00036556577203
1526 -0.000366071230827
1527 -0.000364784606118
1528 -0.000362293993036
1529 -0.000354991199796
1530 -0.00034296304466
1531 -0.000334688160281
1532 -0.000324326584746
1533 -0.000308860327106
1534 -0.000294140316719
1535 -0.000279751904206
1536 -0.000265491718025
1537 -0.000251223727928
1538 -0.00023767116246
1539 -0.000222998613923
1540 -0.000209395599664
1541 -0.000196292340092
1542 -0.000183597724644
1543 -0.000171008075593
1544 -0.000158678405332
1545 -0.000147170063516
1546 -0.000136939742953
1547 -0.00012721654113
1548 -0.000117820457922
1549 -0.000108903439137
1550 0.00264332759025
1551 0.00249950362728
1552 0.00231558005774
1553 0.00225257833827
1554 0.00205692643485
1555 0.00186586210897
1556 0.0016731173222
1557 0.00147394489399
1558 0.00124090904113
1559 0.00102024698179
1560 0.000816131823509
1561 0.000614700812253
1562 0.000451439758072
1563 0.000296992392122
1564 0.000175471613763
1565 7.28043532865e-05
1566 -1.31429570892e-05
1567 -8.36621341352e-05
1568 -0.000142849454044
1569 -0.000191857139194
1570 -0.000235001890556
1571 -0.000269619133506
1572 -0.000296060694642
1573 -0.00031586191716
1574 -0.000331650071278
1575 -0.000342105523266
1576 -0.000345904411873
1577 -0.000347276775798
1578 -0.000347356668421
1579 -0.000342362282852
1580 -0.000332622201047
1581 -0.00032615602614
1582 -0.000317669821352
1583 -0.000303931794216
1584 -0.000291058153272
1585 -0.000278141147862
1586 -0.000264844055457
1587 -0.000251677298366
1588 -0.000239112987546
1589 -0.000225249019986
1590 -0.000212267347745
1591 -0.000199717389411
1592 -0.000187463523826
1593 -0.000175272691079
1594 -0.000163276121913
1595 -0.000152019285477
1596 -0.000141993045465
1597 -0.000132367662129
1598 -0.000123099536773
1599 -0.000114300466212
1600 0.00246297045054
1601 0.00233356845473
1602 0.00216392326131
1603 0.00210474405305
1604 0.00192471008477
1605 0.00174933518462
1606 0.00157253153748
1607 0.00139157681966
1608 0.00118216035094
1609 0.000985343421881
1610 0.000805194382904
1611 0.000626203361224
1612 0.000480965862094
1613 0.000339290745684
1614 0.000225894810655
1615 0.000126867315329
1616 4.11212706265e-05
1617 -3.12637567566e-05
1618 -9.39789616565e-05
1619 -0.000146728163732
1620 -0.000193297452816
1621 -0.000231452172262
1622 -0.000261670339763
1623 -0.000284868755636
1624 -0.00030376577953
1625 -0.000317203556347
1626 -0.000323906293693
1627 -0.000327945663508
1628 -0.000330442415847
1629 -0.000327774000916
1630 -0.000320238172434
1631 -0.000315749510702
1632 -0.000309073676459
1633 -0.000297126136023
1634 -0.000285739588892
1635 -0.000274238688042
1636 -0.000262237502276
1637 -0.000250231768915
1638 -0.000238673369936
1639 -0.000225686997306
1640 -0.000213519524307
1641 -0.000201675913162
1642 -0.000190006368611
1643 -0.000178344017867
1644 -0.00016677716907
1645 -0.000155848056923
1646 -0.000146118276988
1647 -0.000136783076048
1648 -0.000127604165304
1649 -0.000118845296041
1650 0.00223138908403
1651 0.00211555010984
1652 0.0019643690504
1653 0.00191149762199
1654 0.00175205008099
1655 0.00159724040503
1656 0.00144397194639
1657 0.00128812247382
1658 0.00110774993104
1659 0.000939451306141
1660 0.000784446151089
1661 0.000627819307134
1662 0.000499699328474
1663 0.000370379798841
1664 0.000265040875748
1665 0.000170376216629
1666 8.61649808965e-05
1667 1.35760323635e-05
1668 -5.09125229823e-05
1669 -0.000105805970963
1670 -0.000154427395056
1671 -0.000195065343035
1672 -0.000228097766268
1673 -0.000254185782795
1674 -0.000275616456945
1675 -0.000291605674
1676 -0.000300973139897
1677 -0.000307381052048
1678 -0.000312132746312
1679 -0.000311709213567
1680 -0.000306397462857
1681 -0.0003036895863
1682 -0.000298815860561
1683 -0.000288685515571
1684 -0.000278962790028
1685 -0.000268963907773
1686 -0.000258254238717
1687 -0.000247494495459
1688 -0.000236972705816
1689 -0.000225058781971
1690 -0.0002137111013
1691 -0.000202545579288
1692 -0.000191472585122
1693 -0.000180383797985
1694 -0.000169167635788
1695 -0.000158637037956
1696 -0.000149218408701
1697 -0.000140112938053
1698 -0.000131170853391
1699 -0.000122585758155
1700 0.00198299584862
1701 0.00188297332158
1702 0.00175261116392
1703 0.00171033771745
1704 0.00157508029477
1705 0.00144459281895
1706 0.00131797463113
1707 0.00118901534669
1708 0.00103743453733
1709 0.000895274286993
1710 0.000763412405594
1711 0.000626145333455
1712 0.000512930606333
1713 0.000394345652032
1714 0.00029638394783
1715 0.000206286323936
1716 0.000124379904887
1717 5.26276995864e-05
1718 -1.23579079927e-05
1719 -6.82231957748e-05
1720 -0.000117877412642
1721 -0.000160082581683
1722 -0.00019517455579
1723 -0.000223452628831
1724 -0.000246999981689
1725 -0.000265136791273
1726 -0.00027695350021
1727 -0.000285528784224
1728 -0.000292300244224
1729 -0.000294000152935
1730 -0.000290888950937
1731 -0.000290089650774
1732 -0.000287141308263
1733 -0.000278897033026
1734 -0.000270738987157
1735 -0.000262109884948
1736 -0.000252855728563
1737 -0.000243427653685
1738 -0.00023402921944
1739 -0.000223071459426
1740 -0.000212531280107
1741 -0.000202149591092
1742 -0.000191768490454
1743 -0.000181319455958
1744 -0.000170602366156
1745 -0.000160506494121
1746 -0.000151383311728
1747 -0.000142583295817
1748 -0.000133822836149
1749 -0.000125416962452
1750 0.00176339217425
1751 0.00167601648691
1752 0.00156524129741
1753 0.00153468324638
1754 0.00142203021155
1755 0.00131473857991
1756 0.00121185239403
1757 0.0011068050363
1758 0.00097938376277
1759 0.000858760210097
1760 0.000745759266313
1761 0.000624068264519
1762 0.000523143815159
1763 0.000413612541191
1764 0.000322269441379
1765 0.000236649818096
1766 0.000157427637964
1767 8.71881401575e-05
1768 2.24686324117e-05
1769 -3.36514674287e-05
1770 -8.36983369985e-05
1771 -0.000126939569307
1772 -0.000163598090298
1773 -0.000193641160437
1774 -0.00021889295388
1775 -0.00023893976264
1776 -0.000252829811318
1777 -0.000263373652779
1778 -0.000271989974265
1779 -0.000275742716324
1780 -0.000274745097964
1781 -0.000275695780032
1782 -0.000274393785737
1783 -0.00026783230949
1784 -0.000261291333328
1785 -0.000254199362013
1786 -0.000246172725592
1787 -0.000237936361795
1788 -0.0002296148937
1789 -0.000219607742765
1790 -0.000209993872863
1791 -0.000200439227481
1792 -0.000190796364943
1793 -0.000180987272109
1794 -0.000170843010485
1795 -0.000161265784849
1796 -0.000152606778272
1797 -0.000144255542495
1798 -0.000135845762249
1799 -0.000127714374591
1800 0.00159133839194
1801 0.00151518939748
1802 0.00141856082449
1803 0.0013980744995
1804 0.00130356080269
1805 0.00121478406675
1806 0.00113057135943
1807 0.00104388299172
1808 0.00093515998123
1809 0.000831087964587
1810 0.000732473566509
1811 0.000623151219913
1812 0.000531860861077
1813 0.000429802174932
1814 0.000344305108597
1815 0.000262766427088
1816 0.0001863412346
1817 0.000117935365936
1818 5.40489762111e-05
1819 -1.77456516145e-06
1820 -5.17210836712e-05
1821 -9.53883258126e-05
1822 -0.000133122196466
1823 -0.000164444869154
1824 -0.00019110867414
1825 -0.00021270046413
1826 -0.000228438239589
1827 -0.000240792725273
1828 -0.000251102955543
1829 -0.000256689183867
1830 -0.000257626107219
1831 -0.000260235744527
1832 -0.000260510350154
1833 -0.000255698649968
1834 -0.000250889876574
1835 -0.000245389434512
1836 -0.000238604966942
1837 -0.000231557892133
1838 -0.000224266020158
1839 -0.000215331741188
1840 -0.000206579700736
1841 -0.000197879710409
1842 -0.000188968938085
1843 -0.000179913547542
1844 -0.000170334878412
1845 -0.000161282687282
1846 -0.000153085717444
1847 -0.000145088889127
1848 -0.000137014408413
1849 -0.000129180934549
1850 0.00146233814696
1851 0.00139519111691
1852 0.00130780780239
1853 0.00129487173483
1854 0.00121345669542
1855 0.00113848460233
1856 0.00106800181859
1857 0.000995030169529
1858 0.000900190758153
1859 0.000808717416869
1860 0.000721067980965
1861 0.000621810792289
1862 0.000538419004735
1863 0.00044299247438
1864 0.000362690457065
1865 0.00028513343336
1866 0.000211638718601
1867 0.000145270197047
1868 8.25944873488e-05
1869 2.75123465466e-05
1870 -2.19794214247e-05
1871 -6.56959544091e-05
1872 -0.000104121040022
1873 -0.000136385858117
1874 -0.000164117152473
1875 -0.000186937585596
1876 -0.000204249905714
1877 -0.000218149752427
1878 -0.000229986138743
1879 -0.000237275272742
1880 -0.000240104504771
1881 -0.000244229817306
1882 -0.00024603257074
1883 -0.000242924725048
1884 -0.000239583321088
1885 -0.000235431462726
1886 -0.00022985626282
1887 -0.000224093169883
1888 -0.00021790394086
1889 -0.000210020693325
1890 -0.000202218398263
1891 -0.000194409746976
1892 -0.00018626143705
1893 -0.000177884533619
1894 -0.000168906157949
1895 -0.00016046713506
1896 -0.000152790792439
1897 -0.000145218501551
1898 -0.000137577035123
1899 -0.000130056157407
1900 0.00136585341173
1901 0.00130358086856
1902 0.00122508762604
1903 0.00121670432197
1904 0.00114569437714
1905 0.00108032608599
1906 0.00102005801606
1907 0.000956962699093
1908 0.000872413540618
1909 0.000790730516365
1910 0.000711439491566
1911 0.000620034370658
1912 0.000543055528591
1913 0.000453137284336
1914 0.000377581310839
1915 0.000303810028567
1916 0.00023334127267
1917 0.000169236749363
1918 0.000108169824405
1919 5.419253288e-05
1920 5.53212863927e-06
1921 -3.79110845584e-05
1922 -7.66197130933e-05
1923 -0.000109488146098
1924 -0.00013801687837
1925 -0.000161858438923
1926 -0.000180604727534
1927 -0.000195934233265
1928 -0.00020913362944
1929 -0.000217972022822
1930 -0.000222510501075
1931 -0.000227992059856
1932 -0.000231206806133
1933 -0.000229661162925
1934 -0.000227752070129
1935 -0.000224814604532
1936 -0.000220439238597
1937 -0.000215804284533
1938 -0.00021069823586
1939 -0.000203846025828
1940 -0.000196984019283
1941 -0.000190054108167
1942 -0.000182673644664
1943 -0.000175021154854
1944 -0.000166712884269
1945 -0.00015891586442
1946 -0.000151729318517
1947 -0.000144690007629
1948 -0.000137417304945
1949 -0.000130332781985
1950 0.00128996337293
1951 0.00123110915625
1952 0.00115980562218
1953 0.00115459159948
1954 0.00109086308344
1955 0.00103302364169
1956 0.000980000573668
1957 0.000924033775064
1958 0.000847543106651
1959 0.000773692664255
1960 0.000701169100383
1961 0.0006164768478
1962 0.000545251729587
1963 0.000460416682824
1964 0.000389324074837
1965 0.000319360107206
1966 0.000251980283088
1967 0.000190335445893
1968 0.000131102467128
1969 7.84418757074e-05
1970 3.08310485024e-05
1971 -1.20896420334e-05
1972 -5.08256086251e-05
1973 -8.40678501303e-05
1974 -0.000113096402473
1975 -0.000137718023992
1976 -0.000157573524732
1977 -0.000174064399484
1978 -0.000188411980916
1979 -0.000198643649941
1980 -0.000204717681647
1981 -0.000211458650781
1982 -0.00021592676115
1983 -0.000215852578475
1984 -0.000215246675446
1985 -0.000213730580655
1986 -0.000210571866947
1987 -0.000207030901312
1988 -0.000202924873108
1989 -0.000197063014945
1990 -0.000191107382255
1991 -0.000185057306823
1992 -0.000178454450037
1993 -0.00017150102213
1994 -0.000163853291035
1995 -0.000156641225288
1996 -0.000149980449076
1997 -0.000143455205452
1998 -0.000136665053644
1999 -0.000129993319147
2000 0.00122585363069
2001 0.00117103011202
2002 0.0011046643442
2003 0.00110172808691
2004 0.00104367151663
2005 0.000991699428994
2006 0.000944085113365
2007 0.000894136315612
2008 0.000824172888832
2009 0.00075686723698
2010 0.000690353446157
2011 0.000611430155107
2012 0.000545467702541
2013 0.000465530449816
2014 0.000398616127229
2015 0.000332128732466
2016 0.000267781489461
2017 0.000208598147002
2018 0.0001513027846
2019 0.000100168006923
2020 5.38177603538e-05
2021 1.16746681032e-05
2022 -2.68445648791e-05
2023 -6.0205382224e-05
2024 -8.95646430124e-05
2025 -0.000114781506074
2026 -0.000135534398314
2027 -0.000153023308888
2028 -0.000168353193041
2029 -0.000179800579344
2030 -0.000187244928166
2031 -0.000195082157579
2032 -0.00020072850043
2033 -0.00020201009772
2034 -0.000202750246431
2035 -0.000202296908503
2036 -0.000200137165483
2037 -0.000197732291442
2038 -0.000194671516202
2039 -0.000189800859434
2040 -0.000184773042914
2041 -0.000179530482437
2042 -0.000173685472717
2043 -0.000167432674906
2044 -0.000160488918651
2045 -0.000153929204749
2046 -0.000147827221091
2047 -0.000141776726241
2048 -0.000135442962963
2049 -0.000129144031024
2050 0.00117019163954
2051 0.00111859981327
2052 0.00105657568413
2053 0.00105575846276
2054 0.00100228821757
2055 0.000954900237191
2056 0.000911603521714
2057 0.000866573097671
2058 0.000802215584498
2059 0.000740399498485
2060 0.000678830750161
2061 0.000605096279816
2062 0.000543704987992
2063 0.000468062506036
2064 0.000405099030464
2065 0.000342081292308
2066 0.000280741471298
2067 0.000224145090101
2068 0.000168924765505
2069 0.000119458342158
2070 7.44992755867e-05
2071 3.33460479043e-05
2072 -4.74971853795e-06
2073 -3.80073330981e-05
2074 -6.74533924453e-05
2075 -9.30487619082e-05
2076 -0.000114489679864
2077 -0.000132751750504
2078 -0.000148842159199
2079 -0.000161290317364
2080 -0.000169913953117
2081 -0.000178757141457
2082 -0.000185405220871
2083 -0.000187913539102
2084 -0.000189721997195
2085 -0.000190325779217
2086 -0.000189272232232
2087 -0.000187896900226
2088 -0.000185729404338
2089 -0.000181901823367
2090 -0.00017771141309
2091 -0.000173341658187
2092 -0.000168234813458
2093 -0.000162818722513
2094 -0.000156497423224
2095 -0.000150635257313
2096 -0.000145137836719
2097 -0.000139612970651
2098 -0.00013380265224
2099 -0.000127932439461
2100 0.00111863399767
2101 0.001070190209
2102 0.00101142753999
2103 0.00101190740941
2104 0.000962414370976
2105 0.000919263162462
2106 0.000879447648424
2107 0.000838684860436
2108 0.000779367634881
2109 0.00072237385743
2110 0.000665341287493
2111 0.000596630473845
2112 0.000539548576041
2113 0.000468292480745
2114 0.000409092347116
2115 0.000349568352779
2116 0.000291264919473
2117 0.000237244036973
2118 0.000184215286543
2119 0.000136521610982
2120 9.30566626909e-05
2121 5.29785434808e-05
2122 1.55120208189e-05
2123 -1.74703894282e-05
2124 -4.68449788787e-05
2125 -7.26206507815e-05
2126 -9.45576586166e-05
2127 -0.000113444116138
2128 -0.000130159725802
2129 -0.000143436278512
2130 -0.00015314836877
2131 -0.000162839394773
2132 -0.000170357475712
2133 -0.000174013100227
2134 -0.000176842607143
2135 -0.000178472581062
2136 -0.000178341122436
2137 -0.000177913139144
2138 -0.000176612489446
2139 -0.000173625146223
2140 -0.000170258921631
2141 -0.000166682636862
2142 -0.0001623687189
2143 -0.000157660642138
2144 -0.000152095709719
2145 -0.000146885698031
2146 -0.000141978466289
2147 -0.000136997130009
2148 -0.000131666453331
2149 -0.000126232903211
2150 0.0010686523229
2151 0.00102275314425
2152 0.000967794705452
2153 0.000969459305449
2154 0.000923483464655
2155 0.000884012483084
2156 0.000847592796033
2157 0.000810545874093
2158 0.000755605382774
2159 0.00070348174273
2160 0.00065059716074
2161 0.00058629364739
2162 0.000533312093044
2163 0.000466299844836
2164 0.000410805425432
2165 0.000354613698767
2166 0.000299311503763
2167 0.000247889509698
2168 0.000197175874873
2169 0.000151382931893
2170 0.000109523493449
2171 7.06454921399e-05
2172 3.39589688289e-05
2173 1.4073960112e-06
2174 -2.77186674429e-05
2175 -5.3494388452e-05
2176 -7.57313829831e-05
2177 -9.50741674645e-05
2178 -0.000112269577737
2179 -0.000126252302149
2180 -0.00013688628802
2181 -0.000147271337362
2182 -0.000155535145003
2183 -0.000160204369022
2184 -0.000163941719399
2185 -0.000166468712276
2186 -0.000167259495751
2187 -0.000167714813772
2188 -0.000167277706834
2189 -0.000165198553493
2190 -0.000162635430513
2191 -0.00015981088848
2192 -0.000156213576172
2193 -0.000152197201007
2194 -0.000147319623308
2195 -0.000142776281839
2196 -0.000138399288228
2197 -0.000133958470851
2198 -0.000129091894671
2199 -0.000124071529069
2200 0.00102131912987
2201 0.000977873709169
2202 0.000926024643572
2203 0.000928557627548
2204 0.000886053098024
2205 0.000849814564664
2206 0.000816185354201
2207 0.000782291624235
2208 0.00073131056811
2209 0.000683460711115
2210 0.000634800807232
2211 0.000574669191357
2212 0.000525526370657
2213 0.000462366870454
2214 0.000410534158638
2215 0.000357560674345
2216 0.000305272632542
2217 0.000256421872727
2218 0.000208064217836
2219 0.000164210041056
2220 0.000123973381198
2221 8.64112473638e-05
2222 5.05945375794e-05
2223 1.86399012777e-05
2224 -1.00713387474e-05
2225 -3.57021938008e-05
2226 -5.80957990534e-05
2227 -7.77458886162e-05
2228 -9.52444873723e-05
2229 -0.000109772066869
2230 -0.000121180070302
2231 -0.000132120034918
2232 -0.000141003586572
2233 -0.000146535769589
2234 -0.000151121579319
2235 -0.000154494949389
2236 -0.000156157910939
2237 -0.000157420710247
2238 -0.000157765219604
2239 -0.000156525673116
2240 -0.000154707511861
2241 -0.000152608779287
2242 -0.000149813619921
2243 -0.000146488233478
2244 -0.000142277152249
2245 -0.000138334078038
2246 -0.000134502724868
2247 -0.000130584977366
2248 -0.000126251567153
2249 -0.000121695348449
2250 0.000976110745267
2251 0.000933821655606
2252 0.000885638908062
2253 0.000888899255948
2254 0.000849227352991
2255 0.000816113771146
2256 0.000785161422788
2257 0.000754144668097
2258 0.000706945373597
2259 0.000662949589394
2260 0.000617954717457
2261 0.000561731509127
2262 0.000516101312856
2263 0.000456826213722
2264 0.000408389051802
2265 0.000358578776281
2266 0.000309137706754
2267 0.000262900867206
2268 0.000216873350921
2269 0.000175023713318
2270 0.000136482117801
2271 0.000100344387915
2272 6.5533969317e-05
2273 3.42864993716e-05
2274 6.1149558004e-06
2275 -1.92644880113e-05
2276 -4.16794779446e-05
2277 -6.14882276702e-05
2278 -7.91162248059e-05
2279 -9.40339663097e-05
2280 -0.00010606486258
2281 -0.000117437091605
2282 -0.000126890815699
2283 -0.000133247856571
2284 -0.000138565995578
2285 -0.000142699449156
2286 -0.000145129971751
2287 -0.000147129393245
2288 -0.000148183555234
2289 -0.000147699017885
2290 -0.000146637586431
2291 -0.000145332000976
2292 -0.000143233260638
2293 -0.000140573826946
2294 -0.000137023565722
2295 -0.000133682071199
2296 -0.000130401725141
2297 -0.000126973591929
2298 -0.000123068325062
2299 -0.000118871737988
2300 0.000931700370705
2301 0.000891203082651
2302 0.000846362109088
2303 0.000849866553442
2304 0.000813372481714
2305 0.000782948730052
2306 0.000754260496698
2307 0.00072600855333
2308 0.000682221457615
2309 0.000641886247249
2310 0.00060011854527
2311 0.000547658272666
2312 0.000505444338308
2313 0.000449910908104
2314 0.000404727608519
2315 0.000357993315741
2316 0.000311478803318
2317 0.000267757909508
2318 0.000224123443318
2319 0.000184193664776
2320 0.000147385329844
2321 0.000112652096818
2322 7.88820952708e-05
2323 4.84110808399e-05
2324 2.08451399179e-05
2325 -4.16276661942e-06
2326 -2.64472993628e-05
2327 -4.63066431362e-05
2328 -6.39910904071e-05
2329 -7.92219111726e-05
2330 -9.17652287161e-05
2331 -0.000103477610076
2332 -0.000113412238427
2333 -0.000120462803417
2334 -0.000126412299666
2335 -0.000131197211067
2336 -0.000134263687579
2337 -0.00013696792998
2338 -0.00013873158366
2339 -0.000139099009133
2340 -0.000138691233259
2341 -0.000138052509061
2342 -0.000136592498532
2343 -0.000134540981856
2344 -0.000131576784019
2345 -0.000128810595521
2346 -0.000126015354021
2347 -0.000123033189237
2348 -0.000119592650386
2349 -0.000115769856478
2350 0.000888964929182
2351 0.000849995497795
2352 0.000807681854441
2353 0.000811881111661
2354 0.000777799517629
2355 0.000749875783077
2356 0.00072344356254
2357 0.000697803466041
2358 0.000657246703537
2359 0.000620366166529
2360 0.000581975623697
2361 0.000533049626702
2362 0.000494066016502
2363 0.00044205412931
2364 0.000399988321678
2365 0.000356230996323
2366 0.000312502205688
2367 0.00027122588462
2368 0.000229795414517
2369 0.000191814366581
2370 0.00015670345526
2371 0.000123371114635
2372 9.0732118997e-05
2373 6.11134538444e-05
2374 3.42414081414e-05
2375 9.69778205612e-06
2376 -1.23633289859e-05
2377 -3.2187958363e-05
2378 -4.98256379015e-05
2379 -6.52451152466e-05
2380 -7.8152087944e-05
2381 -9.01415239381e-05
2382 -0.000100447549858
2383 -0.000108113823144
2384 -0.000114657984414
2385 -0.000120039405671
2386 -0.000123824366856
2387 -0.000127111785707
2388 -0.00012944847574
2389 -0.000130427964847
2390 -0.000130631854588
2391 -0.00013058527336
2392 -0.000129752904562
2393 -0.00012831563392
2394 -0.000125949919177
2395 -0.000123733133845
2396 -0.000121392623668
2397 -0.000118838015208
2398 -0.000115841855379
2399 -0.000112387935917
2400 0.000848435983243
2401 0.00081131419377
2402 0.000771154673638
2403 0.000775941567308
2404 0.000744438195487
2405 0.000718711129909
2406 0.000694286041003
2407 0.000670911583644
2408 0.000633314360049
2409 0.000599419152571
2410 0.000564091958619
2411 0.000518367446072
2412 0.000482385733026
2413 0.000433610402507
2414 0.000394391590309
2415 0.000353422147512
2416 0.000312109785603
2417 0.000273168124474
2418 0.000233971442818
2419 0.000197795447099
2420 0.000164334411336
2421 0.000132462846166
2422 0.000101047091976
2423 7.23592487371e-05
2424 4.62810791369e-05
2425 2.22895234427e-05
2426 5.75465878401e-07
2427 -1.90839175951e-05
2428 -3.65709419407e-05
2429 -5.20558925865e-05
2430 -6.52690877419e-05
2431 -7.74457731409e-05
2432 -8.80198416454e-05
2433 -9.61789625703e-05
2434 -0.000103178577805
2435 -0.000109122925624
2436 -0.000113474490057
2437 -0.000117316032355
2438 -0.000120231233604
2439 -0.00012187992488
2440 -0.000122707740873
2441 -0.000123278161026
2442 -0.000123012243249
2443 -0.000122131216507
2444 -0.000120326229867
2445 -0.000118624300164
2446 -0.000116738830473
2447 -0.000114574606103
2448 -0.00011194070288
2449 -0.000108884523499
2450 0.000808708838405
2451 0.000773174303287
2452 0.000735682063625
2453 0.00074066052975
2454 0.000711428150434
2455 0.000687832742548
2456 0.000665363618409
2457 0.000644173338797
2458 0.000609279402262
2459 0.000578444603372
2460 0.000545729875519
2461 0.000503225155325
2462 0.000469988710182
2463 0.000424344876316
2464 0.000387909369946
2465 0.000349581180917
2466 0.000310753059435
2467 0.000274053476861
2468 0.000237008247566
2469 0.000202776869972
2470 0.00017097764256
2471 0.00014051696212
2472 0.00011023308114
2473 8.24575179981e-05
2474 5.71754400423e-05
2475 3.37440727851e-05
2476 1.2400360811e-05
2477 -7.04157494449e-06
2478 -2.43339357755e-05
2479 -3.98115984154e-05
2480 -5.32125305285e-05
2481 -6.54894457333e-05
2482 -7.62910871583e-05
2483 -8.48706121719e-05
2484 -9.22633307199e-05
2485 -9.8652850105e-05
2486 -0.000103513345515
2487 -0.000107859615889
2488 -0.000111279075357
2489 -0.000113520260184
2490 -0.000114901846827
2491 -0.000115967935949
2492 -0.000116201697196
2493 -0.000115805269049
2494 -0.000114495327906
2495 -0.000113259796624
2496 -0.00011178890406
2497 -0.000110123814688
2498 -0.000107938514437
2499 -0.000105247048451
