0 0.0321394075587
1 0.0274604560366
2 0.0230333299055
3 0.0183880472194
4 0.0156831854078
5 0.0116476497428
6 0.00919552948148
7 0.00719246624711
8 0.00548338376842
9 0.00430265178592
10 0.00336366490643
11 0.0026308362119
12 0.00205633189437
13 0.0015772419427
14 0.00124383915754
15 0.000970444112791
16 0.000737218010721
17 0.000559436964705
18 0.000410804281927
19 0.000296625682392
20 0.000241594626752
21 0.000272998543971
22 0.000401092752924
23 0.000548009114925
24 0.000603954464575
25 0.000528606449783
26 0.000376970960014
27 0.000220247759591
28 9.56275346543e-05
29 5.92047447361e-06
30 -5.20496256244e-05
31 -8.68024858199e-05
32 -0.000106873454588
33 -0.000116094002372
34 -0.000118697235162
35 -0.000117266454073
36 -0.000114294855588
37 -0.000109841376672
38 -0.000105384729627
39 -0.000100246329528
40 -9.50303034755e-05
41 -8.99876648149e-05
42 -8.46331401528e-05
43 -7.90704511683e-05
44 -7.37763884835e-05
45 -6.84640791062e-05
46 -6.3682887596e-05
47 -5.92028003996e-05
48 -5.54569536054e-05
49 -5.21359584378e-05
50 0.0386229034796
51 0.0326375561881
52 0.0251988571424
53 0.020707829081
54 0.0154742230228
55 0.0118042367331
56 0.00905621160826
57 0.00704570451186
58 0.00541079105131
59 0.00416377821647
60 0.00326386996312
61 0.00251480023939
62 0.00198533112032
63 0.00152395210805
64 0.00119212288696
65 0.00092820054429
66 0.00071098489625
67 0.00054205617254
68 0.000394629521444
69 0.000288624859617
70 0.00024132667925
71 0.000278157845854
72 0.000400434918168
73 0.000534210438591
74 0.00058170657117
75 0.000506459340112
76 0.000360957273372
77 0.000210851126315
78 9.06911499327e-05
79 4.31112096009e-06
80 -5.16198349679e-05
81 -8.53699466314e-05
82 -0.000104634239596
83 -0.000113210171367
84 -0.00011568032368
85 -0.000114398391863
86 -0.000111505238254
87 -0.000107100614686
88 -0.000102549826681
89 -9.75008257466e-05
90 -9.25118345417e-05
91 -8.75294928215e-05
92 -8.21875910522e-05
93 -7.67686654179e-05
94 -7.15883002188e-05
95 -6.64309238531e-05
96 -6.18069472765e-05
97 -5.7473832862e-05
98 -5.37975898556e-05
99 -5.05524337366e-05
100 0.0586111564004
101 0.0459998920945
102 0.0322273675
103 0.0245339412449
104 0.0172573247954
105 0.0126436413693
106 0.00942441568917
107 0.0071977722917
108 0.00546011586999
109 0.00416802063186
110 0.00324876169413
111 0.00249389958599
112 0.00196327480228
113 0.00150443682242
114 0.00117506441279
115 0.000913333285621
116 0.000698390245956
117 0.0005316099002
118 0.000388312772928
119 0.000289518020564
120 0.000253410988997
121 0.000297852648316
122 0.000413630602419
123 0.000531244148052
124 0.00056786791008
125 0.000491627002311
126 0.000349801510117
127 0.000203635444835
128 8.62280291467e-05
129 1.7135568603e-06
130 -5.30016046795e-05
131 -8.60540989207e-05
132 -0.000104860909789
133 -0.000113156316065
134 -0.000115482905952
135 -0.000114123611634
136 -0.000111193448134
137 -0.000106782967642
138 -0.000102203586854
139 -9.71649874552e-05
140 -9.21739569975e-05
141 -8.72229902928e-05
142 -8.19125558832e-05
143 -7.65000556663e-05
144 -7.13320520794e-05
145 -6.61834828889e-05
146 -6.15901783551e-05
147 -5.72881810773e-05
148 -5.36397021309e-05
149 -5.04150259267e-05
150 0.107259803004
151 0.0721531482842
152 0.042876226099
153 0.0294980251006
154 0.0193238893753
155 0.0135368486706
156 0.00978158234081
157 0.00732232929367
158 0.00547999072929
159 0.00414631330925
160 0.0032116506745
161 0.00245758893249
162 0.00192812130448
163 0.0014738056561
164 0.00114880310415
165 0.000891064611755
166 0.000679611449725
167 0.000516887868492
168 0.000380428421205
169 0.000293377631863
170 0.000273015146571
171 0.000325095364808
172 0.00042924453045
173 0.000525115988016
174 0.000548544856718
175 0.000471759323252
176 0.000334833791224
177 0.000193751896564
178 7.99931341438e-05
179 -1.97921970897e-06
180 -5.50802138373e-05
181 -8.71593825877e-05
182 -0.00010538178124
183 -0.000113289227843
184 -0.000115420087859
185 -0.000113906082399
186 -0.000110937554096
187 -0.000106515951432
188 -0.000102040425957
189 -9.70340387826e-05
190 -9.20127422703e-05
191 -8.70124218657e-05
192 -8.17234424239e-05
193 -7.63009633383e-05
194 -7.1139064092e-05
195 -6.59947770102e-05
196 -6.14222398462e-05
197 -5.7152238568e-05
198 -5.35368410186e-05
199 -5.03417505674e-05
200 0.249730996606
201 0.115446304878
202 0.0543863329841
203 0.0339989253861
204 0.0209288310136
205 0.0141567415819
206 0.00997617812546
207 0.00736174379882
208 0.00545225478297
209 0.00409105803617
210 0.00315692986729
211 0.00240238593732
212 0.00187865833551
213 0.00143469350574
214 0.00111636214472
215 0.000864207848579
216 0.000657746085413
217 0.000500737954349
218 0.000374646386912
219 0.000304045918419
220 0.000301640076578
221 0.000357353466639
222 0.000443208373862
223 0.000514499444496
224 0.000525001828337
225 0.000448165194257
226 0.000316753184057
227 0.000181640749523
228 7.22529758721e-05
229 -6.7425020205e-06
230 -5.79065246337e-05
231 -8.8827250154e-05
232 -0.000106293848356
233 -0.000113780576974
234 -0.000115543463519
235 -0.000113875163692
236 -0.000110883407619
237 -0.000106405628433
238 -0.000101923795106
239 -9.6911867491e-05
240 -9.17854291009e-05
241 -8.68481365171e-05
242 -8.15298601231e-05
243 -7.61799796422e-05
244 -7.10008801221e-05
245 -6.5785142085e-05
246 -6.12425402021e-05
247 -5.70449371498e-05
248 -5.34809453592e-05
249 -5.03361270253e-05
250 0.384101928157
251 0.134554747106
252 0.0583701535463
253 0.0350599466943
254 0.0211801504289
255 0.0141069225954
256 0.00983525673451
257 0.00720725237113
258 0.00529996896128
259 0.0039670364478
260 0.00304972636707
261 0.00231908431463
262 0.00181245937924
263 0.00138132861168
264 0.00107189793725
265 0.000827723550932
266 0.00062889791309
267 0.000482400924861
268 0.00037265210789
269 0.000323674098259
270 0.000337562193852
271 0.000388651592695
272 0.000449818524581
273 0.000497412435881
274 0.000496828836854
275 0.000420792370712
276 0.000295818838588
277 0.000167044285705
278 6.27658138987e-05
279 -1.25369630939e-05
280 -6.12391989156e-05
281 -9.07167544469e-05
282 -0.000107182246969
283 -0.000114046937619
284 -0.000115439783188
285 -0.000113652166953
286 -0.000110543246262
287 -0.000106050651708
288 -0.0001016275004
289 -9.65206514059e-05
290 -9.1484007877e-05
291 -8.65147411585e-05
292 -8.11839960776e-05
293 -7.58534223467e-05
294 -7.06099540568e-05
295 -6.54872224995e-05
296 -6.10266535587e-05
297 -5.68413615675e-05
298 -5.33493478162e-05
299 -5.02137021197e-05
300 0.172612886067
301 0.097080456888
302 0.0500509819109
303 0.0315423549139
304 0.0195904534716
305 0.0132278624163
306 0.00927646870432
307 0.00680766860188
308 0.00501722492325
309 0.00375825887091
310 0.00288941624116
311 0.00219870927153
312 0.00171912305862
313 0.00130762941777
314 0.00101348252169
315 0.000781030971338
316 0.000595746347397
317 0.000465347583712
318 0.000378841814186
319 0.000353005205362
320 0.000375494543881
321 0.000410779361701
322 0.000445462960375
323 0.000472437917272
324 0.000464251023348
325 0.000390629358447
326 0.000271874105843
327 0.000150240967578
328 5.17804833151e-05
329 -1.91726874735e-05
330 -6.49540961039e-05
331 -9.25398328652e-05
332 -0.000107862022011
333 -0.000113925918768
334 -0.000115030019699
335 -0.000113012751269
336 -0.000109775948229
337 -0.000105311984465
338 -0.000100831784185
339 -9.5766422114e-05
340 -9.07403305261e-05
341 -8.57436264602e-05
342 -8.04950861855e-05
343 -7.51435763017e-05
344 -6.99607747881e-05
345 -6.49464687775e-05
346 -6.05402937232e-05
347 -5.64882853596e-05
348 -5.30108157855e-05
349 -4.99074628277e-05
350 0.0781477014477
351 0.057853341699
352 0.0367872565137
353 0.025383753488
354 0.0167835359557
355 0.0116856859741
356 0.00836947428193
357 0.00620656022691
358 0.00461956283093
359 0.00348027427176
360 0.00268578888515
361 0.00204860502665
362 0.00160107419785
363 0.00121902766822
364 0.000944527159371
365 0.000729621735062
366 0.000563040203289
367 0.00045623636724
368 0.000397555253493
369 0.000389535336809
370 0.000407221814503
371 0.000418699462991
372 0.000429316735679
373 0.00044264371811
374 0.000430274605877
375 0.000358940516781
376 0.00024647979105
377 0.000131900434144
378 3.96587289516e-05
379 -2.65078540503e-05
380 -6.90012850612e-05
381 -9.44303624647e-05
382 -0.000108481542642
383 -0.000113723846728
384 -0.000114562613777
385 -0.000112286139175
386 -0.0001089178687
387 -0.000104425733344
388 -9.99838526467e-05
389 -9.4935920846e-05
390 -8.98829505979e-05
391 -8.48636295059e-05
392 -7.96898780037e-05
393 -7.43235636371e-05
394 -6.92320977694e-05
395 -6.42590591845e-05
396 -5.99472481308e-05
397 -5.59490848604e-05
398 -5.252220704e-05
399 -4.95081057708e-05
400 0.0419987836648
401 0.0349320743494
402 0.0254523334189
403 0.0192071163993
404 0.0135569239983
405 0.00985925590101
406 0.00726080082172
407 0.00549600947233
408 0.00414456044863
409 0.00314974727051
410 0.00244779222694
411 0.00187295412928
412 0.0014678594237
413 0.00112046450764
414 0.000870630393672
415 0.000679104732817
416 0.000539220962231
417 0.000462078564643
418 0.000428413154571
419 0.000424539196758
420 0.000423406726479
421 0.000409679622173
422 0.000404191636836
423 0.000411810580796
424 0.000397939747682
425 0.000327556861561
426 0.000220253192918
427 0.000112811899663
428 2.68232942701e-05
429 -3.44205096995e-05
430 -7.33649566159e-05
431 -9.6601616769e-05
432 -0.00010924266088
433 -0.000113736440521
434 -0.00011390045405
435 -0.000111419696885
436 -0.000107989267
437 -0.000103480881616
438 -9.90127302747e-05
439 -9.39715333415e-05
440 -8.88828798987e-05
441 -8.39125719061e-05
442 -7.87468321034e-05
443 -7.34865849287e-05
444 -6.84478465462e-05
445 -6.354273883e-05
446 -5.92771071764e-05
447 -5.53801190958e-05
448 -5.2050841706e-05
449 -4.91335569855e-05
450 0.0252043411818
451 0.0220931832069
452 0.0174902593912
453 0.0141256432599
454 0.0105887260947
455 0.00803925819151
456 0.0061081136565
457 0.00473400938719
458 0.00362702376438
459 0.00279257176702
460 0.00218877504058
461 0.00168395611193
462 0.00132625536474
463 0.0010175544885
464 0.000798221779691
465 0.000637556029414
466 0.000532073468847
467 0.000484424796563
468 0.000463044168599
469 0.000445991875867
470 0.000418446184446
471 0.000384957637296
472 0.00037407213522
473 0.000382523486332
474 0.000367313276553
475 0.000296452954465
476 0.000193709213744
477 9.28692016742e-05
478 1.33779935296e-05
479 -4.26396040307e-05
480 -7.78457163053e-05
481 -9.87028318934e-05
482 -0.000109838884281
483 -0.000113444568045
484 -0.000113211479709
485 -0.000110411288844
486 -0.000106956956735
487 -0.000102450951531
488 -9.79872115006e-05
489 -9.28886834699e-05
490 -8.7857340294e-05
491 -8.29503825544e-05
492 -7.77954710546e-05
493 -7.25725666319e-05
494 -6.75680252265e-05
495 -6.27161783811e-05
496 -5.85895597062e-05
497 -5.47905777718e-05
498 -5.15816317465e-05
499 -4.87134773438e-05
500 0.0162157812628
501 0.0146003648273
502 0.0121669133592
503 0.0103252841136
504 0.00812393935623
505 0.00640661672173
506 0.0050215616134
507 0.00398531089598
508 0.00310709348564
509 0.00242747053954
510 0.00192023165518
511 0.00149060564499
512 0.00118266786258
513 0.000917652269964
514 0.000736551629094
515 0.000614633334957
516 0.0005440590752
517 0.000515246381564
518 0.000485949476215
519 0.000443179645496
520 0.000391315243423
521 0.000350305007114
522 0.000344696691346
523 0.000356699684922
524 0.000338254900099
525 0.000265695249132
526 0.000166567913332
527 7.2474331728e-05
528 -4.14427079628e-07
529 -5.10421609192e-05
530 -8.2401621922e-05
531 -0.000100865449267
532 -0.000110462339939
533 -0.00011312813759
534 -0.000112339721111
535 -0.000109299106557
536 -0.000105766043594
537 -0.000101179059716
538 -9.67000652283e-05
539 -9.15823641068e-05
540 -8.65908032029e-05
541 -8.17082261734e-05
542 -7.66117424589e-05
543 -7.14530788603e-05
544 -6.65673263041e-05
545 -6.18528594166e-05
546 -5.78433838178e-05
547 -5.41762418401e-05
548 -5.10588679733e-05
549 -4.82453048216e-05
550 0.0109410547022
551 0.00999345079395
552 0.00860469325694
553 0.00757663070999
554 0.00618262600096
555 0.00503667252621
556 0.00406192228244
557 0.00329414019831
558 0.00261445500482
559 0.00207200129413
560 0.0016575182214
561 0.0013023976661
562 0.00104795739393
563 0.000833610658364
564 0.000697691620344
565 0.000615447416736
566 0.000567847282466
567 0.000536391892105
568 0.0004823522942
569 0.000412924536652
570 0.000348469899737
571 0.000313526873511
572 0.000320340005806
573 0.000334567423889
574 0.000310192457576
575 0.000234700458426
576 0.000138947041846
577 5.17712576331e-05
578 -1.4311624138e-05
579 -5.94072728014e-05
580 -8.68055366455e-05
581 -0.000102823840841
582 -0.000110956861727
583 -0.000112660771783
584 -0.000111299657849
585 -0.000108107579198
586 -0.000104462657908
587 -9.99057827745e-05
588 -9.53908195126e-05
589 -9.03347042146e-05
590 -8.53960396562e-05
591 -8.04982746157e-05
592 -7.54960255013e-05
593 -7.03606861858e-05
594 -6.55326319318e-05
595 -6.09847993525e-05
596 -5.70527727018e-05
597 -5.35103472901e-05
598 -5.04698865743e-05
599 -4.77483469733e-05
600 0.00763262131746
601 0.00703891533684
602 0.00618864808288
603 0.0055944947007
604 0.00469635526777
605 0.00392943587684
606 0.0032479785404
607 0.00268576709555
608 0.00217017693852
609 0.00174572482478
610 0.0014179161257
611 0.00113463891856
612 0.000938585507196
613 0.00077932654593
614 0.000687311967135
615 0.000630245783608
616 0.00058250306605
617 0.000529020504735
618 0.000446979730384
619 0.000361386950868
620 0.000299903730033
621 0.000282518703103
622 0.000303108611997
623 0.000315428198037
624 0.000282003885591
625 0.0002028683234
626 0.000111083481464
627 3.11378599454e-05
628 -2.79613246237e-05
629 -6.75136304815e-05
630 -9.09766470735e-05
631 -0.000104584927281
632 -0.000111229664357
633 -0.000112077179588
634 -0.00011023282105
635 -0.000106869023794
636 -0.000103115691803
637 -9.84620395233e-05
638 -9.39161832499e-05
639 -8.88921299284e-05
640 -8.39444875189e-05
641 -7.91116189638e-05
642 -7.41437675632e-05
643 -6.91291132096e-05
644 -6.44407314652e-05
645 -6.00105232959e-05
646 -5.62022645957e-05
647 -5.28104086999e-05
648 -4.98426781107e-05
649 -4.72407949024e-05
650 0.00544610587497
651 0.00506014124727
652 0.00451563812143
653 0.00415935542635
654 0.00357219748528
655 0.00305134398797
656 0.00257713394898
657 0.0021690591814
658 0.00178617417424
659 0.00146398591002
660 0.00121759670237
661 0.00100609021536
662 0.000868478276752
663 0.000757246326718
664 0.000690644250446
665 0.000633502953844
666 0.000565580585792
667 0.0004851711341
668 0.000385606853574
669 0.000300493078059
670 0.000256683966014
671 0.000262411160358
672 0.00029254906505
673 0.000297178586742
674 0.000252225729536
675 0.000170046128957
676 8.32044431806e-05
677 1.09431770091e-05
678 -4.10954532175e-05
679 -7.51551045701e-05
680 -9.48955434434e-05
681 -0.000106211739615
682 -0.000111353992245
683 -0.000111300682619
684 -0.000109076494446
685 -0.000105504089369
686 -0.000101579332668
687 -9.68792084882e-05
688 -9.23571742312e-05
689 -8.73379346778e-05
690 -8.24371170415e-05
691 -7.76597880963e-05
692 -7.27414832562e-05
693 -6.78214595036e-05
694 -6.32798060463e-05
695 -5.89651628955e-05
696 -5.53192983e-05
697 -5.20267817157e-05
698 -4.91592033736e-05
699 -4.66700407707e-05
700 0.00395235130969
701 0.00369498566853
702 0.00333702829407
703 0.00311862095459
704 0.00272838679645
705 0.00237228915617
706 0.00204378977407
707 0.0017543053891
708 0.00147793447216
709 0.00124660478611
710 0.0010748182253
711 0.000927096769336
712 0.000834216199802
713 0.000746062391813
714 0.000678046889096
715 0.000601957992265
716 0.000509708392983
717 0.000412367978847
718 0.000312818401026
719 0.000243938528034
720 0.0002272169763
721 0.000254679987657
722 0.000286098820598
723 0.000276818201481
724 0.000219909676919
725 0.000136397816636
726 5.57632508817e-05
727 -8.37598161666e-06
728 -5.33686741982e-05
729 -8.21053177433e-05
730 -9.82449528189e-05
731 -0.000107328983539
732 -0.000111098788988
733 -0.000110267159262
734 -0.00010769657502
735 -0.000103916408081
736 -9.98541118476e-05
737 -9.51253799226e-05
738 -9.06251244865e-05
739 -8.56510242577e-05
740 -8.08508045138e-05
741 -7.60958289811e-05
742 -7.12967768646e-05
743 -6.64973997054e-05
744 -6.20908321236e-05
745 -5.79151927226e-05
746 -5.44230845275e-05
747 -5.12510221059e-05
748 -4.85038101341e-05
749 -4.61028122218e-05
750 0.00292079650861
751 0.00274399093198
752 0.00249968121173
753 0.00236741811386
754 0.00210437627567
755 0.0018655530215
756 0.00164431648085
757 0.00144850110345
758 0.0012594797785
759 0.00110268158478
760 0.000987933430276
761 0.000880472176678
762 0.000803688099858
763 0.000711612428425
764 0.000626023457838
765 0.00052986251224
766 0.000424591045419
767 0.000327393467008
768 0.000243395180165
769 0.00020238900855
770 0.000215530494702
771 0.000257016433588
772 0.000279330192459
773 0.000251968897798
774 0.00018475962811
775 0.000102399600785
776 2.93056267749e-05
777 -2.64733511642e-05
778 -6.46207866797e-05
779 -8.82947415125e-05
780 -0.000101132961566
781 -0.000108162369925
782 -0.000110668898519
783 -0.000109144141281
784 -0.000106155293601
785 -0.000102159910553
786 -9.79898673976e-05
787 -9.32206280157e-05
788 -8.88168338399e-05
789 -8.38839125518e-05
790 -7.91545570393e-05
791 -7.44468044515e-05
792 -6.97685910021e-05
793 -6.51281497003e-05
794 -6.08539487267e-05
795 -5.68409989649e-05
796 -5.34898892869e-05
797 -5.04303529869e-05
798 -4.78195568995e-05
799 -4.5504207713e-05
800 0.00221180642002
801 0.00208782559698
802 0.00192260894791
803 0.00184584336168
804 0.0016708582747
805 0.00151589666216
806 0.00137389664603
807 0.00124756292075
808 0.00112043108621
809 0.00100953804842
810 0.0009221793185
811 0.000823761510838
812 0.000740753422981
813 0.000634513338972
814 0.000534409921258
815 0.000430921339367
816 0.00032921348553
817 0.000246497003131
818 0.00019012302716
819 0.000182509056895
820 0.00022052132513
821 0.000263166900278
822 0.000266813749483
823 0.000220965851193
824 0.000147105228675
825 6.895247717e-05
826 4.39464190807e-06
827 -4.29851013982e-05
828 -7.45848043792e-05
829 -9.36586732883e-05
830 -0.000103419085547
831 -0.00010861746287
832 -0.000109991368857
833 -0.000107844492579
834 -0.000104425875563
835 -0.000100347207801
836 -9.60634870923e-05
837 -9.13315927306e-05
838 -8.69455412841e-05
839 -8.21016994102e-05
840 -7.73786548323e-05
841 -7.27313563608e-05
842 -6.8165798319e-05
843 -6.372003597e-05
844 -5.95944160795e-05
845 -5.57401003839e-05
846 -5.25220267121e-05
847 -4.96022460281e-05
848 -4.71137257711e-05
849 -4.48910476736e-05
850 0.00175286671192
851 0.00166408457948
852 0.00154933693469
853 0.00150745099835
854 0.00139206520316
855 0.00129054309602
856 0.00119786821464
857 0.0011106019671
858 0.00101282865894
859 0.000917265334541
860 0.000831941795602
861 0.00072773613554
862 0.000634566601523
863 0.00052272939123
864 0.000421777489201
865 0.000325682782316
866 0.000240738943825
867 0.00018318866989
868 0.000161308380321
869 0.000185404166201
870 0.000235895734953
871 0.000265076256562
872 0.000244882807346
873 0.00018396764085
874 0.00010827678619
875 3.69847793593e-05
876 -1.83623868469e-05
877 -5.75951690994e-05
878 -8.31515087566e-05
879 -9.80205707156e-05
880 -0.000105042734954
881 -0.000108611791385
882 -0.000109027583343
883 -0.000106347228174
884 -0.000102599169964
885 -9.83456281061e-05
886 -9.39536339603e-05
887 -8.92960307916e-05
888 -8.49579000681e-05
889 -8.01522311518e-05
890 -7.55249164167e-05
891 -7.0979901809e-05
892 -6.65789196372e-05
893 -6.23173593562e-05
894 -5.83262387114e-05
895 -5.46357363463e-05
896 -5.15393440013e-05
897 -4.8778786167e-05
898 -4.64011905751e-05
899 -4.42490629741e-05
900 0.00146335526019
901 0.00139118929021
902 0.00130609022948
903 0.00128357628877
904 0.00119880911329
905 0.00112233254005
906 0.00104992550221
907 0.000975985937771
908 0.000884977774696
909 0.000790717453773
910 0.000701891843665
911 0.000595926605968
912 0.000503092342273
913 0.00039910678823
914 0.000309745686366
915 0.000231384633657
916 0.000172027319208
917 0.000146853335026
918 0.000160439929582
919 0.000205672151717
920 0.000250942649736
921 0.000255664304394
922 0.000212553425388
923 0.000142646934508
924 6.99264607132e-05
925 7.47843201684e-06
926 -3.85406146634e-05
927 -7.01450684532e-05
928 -9.02725618209e-05
929 -0.000101478020205
930 -0.000106130305249
931 -0.000108267579078
932 -0.000107834948337
933 -0.000104616867725
934 -0.00010065403738
935 -9.62364726671e-05
936 -9.18126172223e-05
937 -8.72531753646e-05
938 -8.2958516611e-05
939 -7.81724118516e-05
940 -7.36046816585e-05
941 -6.92090269825e-05
942 -6.49648365819e-05
943 -6.08752018045e-05
944 -5.70236865743e-05
945 -5.34773863418e-05
946 -5.05534255914e-05
947 -4.79300548628e-05
948 -4.56655368283e-05
949 -4.3580166008e-05
950 0.00123583295044
951 0.00117631869781
952 0.00110381810424
953 0.00108748936456
954 0.00101488540597
955 0.000948300986762
956 0.000881856081714
957 0.000811877170228
958 0.000724479469521
959 0.000634528973421
960 0.000549391843473
961 0.000453664976824
962 0.000371098028424
963 0.000284159195427
964 0.000213964378571
965 0.000159968158346
966 0.000132530990479
967 0.000142760577538
968 0.000183290921085
969 0.000231140144864
970 0.000254699104924
971 0.000231430483658
972 0.000171469352145
973 9.97303252035e-05
974 3.38336580443e-05
975 -1.87846637577e-05
976 -5.58431062164e-05
977 -8.05207375049e-05
978 -9.58635669298e-05
979 -0.000103870777332
980 -0.000106498053016
981 -0.000107417999612
982 -0.000106241027501
983 -0.000102556481513
984 -9.83684757708e-05
985 -9.38594426696e-05
986 -8.94722271119e-05
987 -8.50170601632e-05
988 -8.07451019053e-05
989 -7.60206609513e-05
990 -7.16372333526e-05
991 -6.73995320428e-05
992 -6.3362552729e-05
993 -5.94203587312e-05
994 -5.572367179e-05
995 -5.23425355857e-05
996 -4.9583235735e-05
997 -4.71138374369e-05
998 -4.4926128456e-05
999 -4.29247585241e-05
1000 0.00100614871399
1001 0.000956664601636
1002 0.000892453856591
1003 0.000877547569508
1004 0.00081352162273
1005 0.000754219732885
1006 0.000693934803255
1007 0.000630331821564
1008 0.000552871798017
1009 0.000474662312635
1010 0.000401472901854
1011 0.000322359339117
1012 0.000255329072123
1013 0.000190204035014
1014 0.000143921195904
1015 0.000120341631409
1016 0.000128157277447
1017 0.000167714553091
1018 0.000216320240265
1019 0.000246636385144
1020 0.00023971109461
1021 0.000193168858401
1022 0.000125400878216
1023 5.79695165873e-05
1024 1.39544564959e-06
1025 -4.13394975798e-05
1026 -7.01418467789e-05
1027 -8.87832821906e-05
1028 -0.000100068066431
1029 -0.000105458070793
1030 -0.000106379833789
1031 -0.000106254922289
1032 -0.000104410842914
1033 -0.000100361328656
1034 -9.5951513411e-05
1035 -9.13981087215e-05
1036 -8.70934767729e-05
1037 -8.27273876276e-05
1038 -7.85495711503e-05
1039 -7.39339127666e-05
1040 -6.96712227336e-05
1041 -6.56007053562e-05
1042 -6.17532969618e-05
1043 -5.79546105276e-05
1044 -5.44153682594e-05
1045 -5.11902834671e-05
1046 -4.85939582791e-05
1047 -4.62479979988e-05
1048 -4.41428003797e-05
1049 -4.21950798831e-05
1050 0.000772589322323
1051 0.000732294914134
1052 0.00068009215688
1053 0.000666282608646
1054 0.000613259150263
1055 0.000563244213665
1056 0.000512466665887
1057 0.000459232060258
1058 0.00039592154492
1059 0.000332954708579
1060 0.00027446594477
1061 0.000213980512676
1062 0.000165774271177
1063 0.000125559623161
1064 0.000108555324744
1065 0.000119066649739
1066 0.000156716306342
1067 0.000207377055728
1068 0.000241089019041
1069 0.000241126194561
1070 0.000205939861535
1071 0.00014579513228
1072 7.87473533726e-05
1073 1.98028841207e-05
1074 -2.65286181081e-05
1075 -5.99923314317e-05
1076 -8.15174562372e-05
1077 -9.50610692344e-05
1078 -0.000103010629624
1079 -0.000106182192408
1080 -0.000105677792066
1081 -0.000104673086137
1082 -0.000102246692692
1083 -9.79054859458e-05
1084 -9.34289586165e-05
1085 -8.89792558184e-05
1086 -8.47526883154e-05
1087 -8.04430505206e-05
1088 -7.62744679119e-05
1089 -7.18139379503e-05
1090 -6.76878265943e-05
1091 -6.3822417133e-05
1092 -6.01432978364e-05
1093 -5.6493274985e-05
1094 -5.31196917205e-05
1095 -5.00795201602e-05
1096 -4.76314824322e-05
1097 -4.54151557259e-05
1098 -4.33847717792e-05
1099 -4.14823156155e-05
1100 0.000558450656666
1101 0.000528461099457
1102 0.000489019388239
1103 0.000477078379507
1104 0.000435727293566
1105 0.00039638908423
1106 0.000356085469506
1107 0.000314322242301
1108 0.000265348883301
1109 0.000217785378583
1110 0.000175036831197
1111 0.000134877901179
1112 0.000109406062952
1113 9.86919219621e-05
1114 0.000114371701609
1115 0.000153208632634
1116 0.000201759667434
1117 0.00023887031361
1118 0.000241932128626
1119 0.000211694457226
1120 0.000158344464248
1121 9.52086929668e-05
1122 3.52203547353e-05
1123 -1.32535398291e-05
1124 -4.9578618618e-05
1125 -7.47348504385e-05
1126 -9.01333453153e-05
1127 -9.95332312042e-05
1128 -0.000104757019773
1129 -0.000106103093975
1130 -0.000104420532682
1131 -0.0001027061826
1132 -9.9904581619e-05
1133 -9.54189264379e-05
1134 -9.08678407019e-05
1135 -8.65152548754e-05
1136 -8.23120571603e-05
1137 -7.80618769445e-05
1138 -7.40302441614e-05
1139 -6.96779809246e-05
1140 -6.57511611819e-05
1141 -6.20693714475e-05
1142 -5.85330995923e-05
1143 -5.50312030722e-05
1144 -5.18166558975e-05
1145 -4.89658143219e-05
1146 -4.66463626587e-05
1147 -4.45378294189e-05
1148 -4.25776318292e-05
1149 -4.07217781396e-05
1150 0.000382069255743
1151 0.000360442896885
1152 0.000332556530644
1153 0.000322193988981
1154 0.000291699603155
1155 0.000262081850233
1156 0.00023152906514
1157 0.000200255539767
1158 0.000165304143584
1159 0.0001337104088
1160 0.000109190577036
1161 9.30132448583e-05
1162 9.57905738009e-05
1163 0.000115749758426
1164 0.000156443313261
1165 0.000203152718585
1166 0.000236795276885
1167 0.000243118349738
1168 0.000214590424781
1169 0.000164451420411
1170 0.000105120996526
1171 4.70810694077e-05
1172 -2.64794376157e-06
1173 -4.04158125738e-05
1174 -6.76549426169e-05
1175 -8.58168114445e-05
1176 -9.63018476427e-05
1177 -0.000102398534193
1178 -0.000105353231859
1179 -0.0001052301953
1180 -0.000102594666549
1181 -0.000100323474298
1182 -9.72033527507e-05
1183 -9.25907559951e-05
1184 -8.8111543248e-05
1185 -8.38308782785e-05
1186 -7.97088625567e-05
1187 -7.55785491713e-05
1188 -7.16727664665e-05
1189 -6.75351828305e-05
1190 -6.38127640262e-05
1191 -6.02875771055e-05
1192 -5.6894439125e-05
1193 -5.35829460003e-05
1194 -5.05630511258e-05
1195 -4.78689991721e-05
1196 -4.56904201505e-05
1197 -4.36789969318e-05
1198 -4.17836525486e-05
1199 -3.99371358978e-05
1200 0.000244109456648
1201 0.000229970501703
1202 0.00021128916724
1203 0.000202573379822
1204 0.0001812657975
1205 0.000160542130943
1206 0.000139613638312
1207 0.00011975520997
1208 0.000100372151452
1209 8.76881973098e-05
1210 8.68432797586e-05
1211 9.8175092437e-05
1212 0.000128620381469
1213 0.000167041832785
1214 0.000210114753782
1215 0.000238680388066
1216 0.000240547937805
1217 0.00021507177043
1218 0.000165997084084
1219 0.000109307127387
1220 5.35471534381e-05
1221 5.02026730304e-06
1222 -3.36834055699e-05
1223 -6.16381847918e-05
1224 -8.1226032615e-05
1225 -9.37942067866e-05
1226 -0.000100411442349
1227 -0.000103833345468
1228 -0.00010499782054
1229 -0.000103700361133
1230 -0.000100336429927
1231 -9.76798900435e-05
1232 -9.43660624077e-05
1233 -8.97384236327e-05
1234 -8.53266241558e-05
1235 -8.11392881044e-05
1236 -7.71196621563e-05
1237 -7.31288767253e-05
1238 -6.94157030805e-05
1239 -6.54739475323e-05
1240 -6.1934789219e-05
1241 -5.85392477921e-05
1242 -5.52850142312e-05
1243 -5.21672343909e-05
1244 -4.93207544184e-05
1245 -4.6786279668e-05
1246 -4.47298236705e-05
1247 -4.27724771489e-05
1248 -4.09158366914e-05
1249 -3.9121853697e-05
1250 0.000143723826503
1251 0.000135390437181
1252 0.000123945853753
1253 0.000118244239943
1254 0.000105600490677
1255 9.44353600181e-05
1256 8.54095743484e-05
1257 8.05659416162e-05
1258 8.09985509413e-05
1259 9.11643176699e-05
1260 0.000115636720413
1261 0.000147645022299
1262 0.000189177986993
1263 0.000220784498989
1264 0.000241064162659
1265 0.000237274633463
1266 0.000208499964694
1267 0.000163213794619
1268 0.000108149637083
1269 5.53155778343e-05
1270 8.48901397772e-06
1271 -2.92788881623e-05
1272 -5.77406758957e-05
1273 -7.74372123157e-05
1274 -9.09009732051e-05
1275 -9.91078901815e-05
1276 -0.000102667867812
1277 -0.000103973901357
1278 -0.000103779041916
1279 -0.000101558468297
1280 -9.77212344432e-05
1281 -9.4801656173e-05
1282 -9.13674281435e-05
1283 -8.67973291227e-05
1284 -8.2483908132e-05
1285 -7.84433694449e-05
1286 -7.45612784989e-05
1287 -7.07312083287e-05
1288 -6.71456185165e-05
1289 -6.33904917015e-05
1290 -6.00157577542e-05
1291 -5.67569307e-05
1292 -5.36800547557e-05
1293 -5.07609623621e-05
1294 -4.80860855861e-05
1295 -4.5711187338e-05
1296 -4.37575064787e-05
1297 -4.18713776725e-05
1298 -4.00459550056e-05
1299 -3.83085369137e-05
1300 8.62531069152e-05
1301 8.19993963378e-05
1302 7.61545013763e-05
1303 7.63772775488e-05
1304 7.36128897996e-05
1305 7.45829987791e-05
1306 8.16037267772e-05
1307 9.53050724056e-05
1308 0.00011550133474
1309 0.000143220515578
1310 0.000179580317261
1311 0.000210209479907
1312 0.000236940886484
1313 0.00024109638445
1314 0.000229456734041
1315 0.000198058490586
1316 0.000152561553008
1317 0.000102332212653
1318 5.20060075798e-05
1319 8.47285036009e-06
1320 -2.78827761717e-05
1321 -5.56178890892e-05
1322 -7.5482301766e-05
1323 -8.86953987449e-05
1324 -9.73976299871e-05
1325 -0.000102240204235
1326 -0.000103455247365
1327 -0.000103124640982
1328 -0.0001018783132
1329 -9.90001688307e-05
1330 -9.48617674042e-05
1331 -9.17974268561e-05
1332 -8.83404671075e-05
1333 -8.38618436559e-05
1334 -7.97018631695e-05
1335 -7.57757811806e-05
1336 -7.20231124134e-05
1337 -6.83532111644e-05
1338 -6.49784867498e-05
1339 -6.14110758794e-05
1340 -5.81640208183e-05
1341 -5.50564959328e-05
1342 -5.21583543673e-05
1343 -4.94121246853e-05
1344 -4.68866414079e-05
1345 -4.46404417011e-05
1346 -4.27494813473e-05
1347 -4.09001949245e-05
1348 -3.91284359433e-05
1349 -3.74367769344e-05
1350 8.70401125662e-05
1351 8.44889385499e-05
1352 8.25171912558e-05
1353 9.16652168896e-05
1354 9.86859595161e-05
1355 0.000111560040725
1356 0.000132597884212
1357 0.000158221113434
1358 0.000184483278097
1359 0.000210344278493
1360 0.000234424132408
1361 0.000241927959196
1362 0.000239552901305
1363 0.000215168027243
1364 0.000180813468215
1365 0.000137067150791
1366 8.94503047462e-05
1367 4.43953758827e-05
1368 4.05869880312e-06
1369 -2.87964940654e-05
1370 -5.53137299046e-05
1371 -7.46294379006e-05
1372 -8.77385840302e-05
1373 -9.59626980913e-05
1374 -0.000101097967195
1375 -0.000103340687806
1376 -0.000102791686814
1377 -0.000101293811275
1378 -9.93300250079e-05
1379 -9.60691333965e-05
1380 -9.17530211733e-05
1381 -8.86179617368e-05
1382 -8.52089140952e-05
1383 -8.08638525733e-05
1384 -7.68725341825e-05
1385 -7.31245355196e-05
1386 -6.95137922037e-05
1387 -6.60176224057e-05
1388 -6.27985732404e-05
1389 -5.93815116669e-05
1390 -5.62678017808e-05
1391 -5.33494560634e-05
1392 -5.06433964346e-05
1393 -4.80783758973e-05
1394 -4.57185343476e-05
1395 -4.35819354495e-05
1396 -4.17558648142e-05
1397 -3.99614897607e-05
1398 -3.82483976282e-05
1399 -3.65799623184e-05
1400 0.000149176144085
1401 0.000145040113565
1402 0.000143279680887
1403 0.000158530966712
1404 0.000168656053649
1405 0.00018371271098
1406 0.000204518045835
1407 0.000224155047392
1408 0.00023661349859
1409 0.000242124110398
1410 0.000240034078508
1411 0.000221427963019
1412 0.000195548460196
1413 0.000156443459888
1414 0.000115032843644
1415 7.22856069028e-05
1416 3.16158538632e-05
1417 -3.8375579047e-06
1418 -3.33266380438e-05
1419 -5.64844217698e-05
1420 -7.48858516555e-05
1421 -8.77075969376e-05
1422 -9.57155009166e-05
1423 -0.000100253838309
1424 -0.000102655312275
1425 -0.000103013959263
1426 -0.000101210674141
1427 -9.88434559551e-05
1428 -9.63734321581e-05
1429 -9.29023204308e-05
1430 -8.85134766963e-05
1431 -8.53710621421e-05
1432 -8.20940463191e-05
1433 -7.78909293167e-05
1434 -7.40720734569e-05
1435 -7.04904623106e-05
1436 -6.70407613174e-05
1437 -6.37301687508e-05
1438 -6.06874885429e-05
1439 -5.74275033983e-05
1440 -5.44613010559e-05
1441 -5.17133801868e-05
1442 -4.91899809705e-05
1443 -4.67991435532e-05
1444 -4.45590400081e-05
1445 -4.24833206237e-05
1446 -4.06966873787e-05
1447 -3.89918457296e-05
1448 -3.7331484898e-05
1449 -3.56810696872e-05
1450 0.000227791332693
1451 0.000219921662119
1452 0.000214217035667
1453 0.000226693110021
1454 0.000229681442649
1455 0.000234394172344
1456 0.000240605193937
1457 0.000241922014708
1458 0.000232950211489
1459 0.000217063310579
1460 0.000194454583845
1461 0.000162020592135
1462 0.000127356855118
1463 8.79933314655e-05
1464 5.065619845e-05
1465 1.58894596114e-05
1466 -1.48566421319e-05
1467 -4.04451292252e-05
1468 -6.04600664223e-05
1469 -7.58026688102e-05
1470 -8.79767986439e-05
1471 -9.59326514131e-05
1472 -0.000100200374549
1473 -0.000101996269903
1474 -0.000102455241736
1475 -0.000101463619378
1476 -9.87840365139e-05
1477 -9.59290780374e-05
1478 -9.31705982617e-05
1479 -8.9545818375e-05
1480 -8.51673589838e-05
1481 -8.21250155449e-05
1482 -7.90086967681e-05
1483 -7.49536500709e-05
1484 -7.13005955528e-05
1485 -6.79066847892e-05
1486 -6.45955770279e-05
1487 -6.14875076979e-05
1488 -5.85831871412e-05
1489 -5.54678802711e-05
1490 -5.2670626503e-05
1491 -5.01003437452e-05
1492 -4.77472772716e-05
1493 -4.55236812736e-05
1494 -4.33744371247e-05
1495 -4.13772897691e-05
1496 -3.96696012216e-05
1497 -3.80369281373e-05
1498 -3.6403164342e-05
1499 -3.47487664078e-05
1500 0.000257144614113
1501 0.000246739344104
1502 0.000236816894336
1503 0.000240405222747
1504 0.000232775806822
1505 0.000224767146025
1506 0.000215220246815
1507 0.000201057401908
1508 0.000178788785631
1509 0.000152815851873
1510 0.000123312663988
1511 9.04165122974e-05
1512 5.82403505368e-05
1513 2.64695377564e-05
1514 -2.36861823609e-06
1515 -2.77058520054e-05
1516 -4.90203052201e-05
1517 -6.61963916511e-05
1518 -7.8833949717e-05
1519 -8.82883299135e-05
1520 -9.59227547527e-05
1521 -0.000100359217294
1522 -0.000101936359711
1523 -0.000101789764583
1524 -0.000100885588185
1525 -9.896883861e-05
1526 -9.57966925069e-05
1527 -9.26655968847e-05
1528 -8.97214006823e-05
1529 -8.60805137612e-05
1530 -8.18581375318e-05
1531 -7.89966328851e-05
1532 -7.60036985809e-05
1533 -7.21332571642e-05
1534 -6.86466763079e-05
1535 -6.53772631904e-05
1536 -6.22681238969e-05
1537 -5.92813727855e-05
1538 -5.65098089728e-05
1539 -5.35507776562e-05
1540 -5.09413910252e-05
1541 -4.85541021914e-05
1542 -4.63675719016e-05
1543 -4.42652565309e-05
1544 -4.21910815273e-05
1545 -4.02589455761e-05
1546 -3.86167543781e-05
1547 -3.70384225597e-05
1548 -3.54166511507e-05
1549 -3.37746592902e-05
1550 0.000217204340366
1551 0.000207597940592
1552 0.000196674865776
1553 0.000192722875048
1554 0.00017946928208
1555 0.000165071282279
1556 0.000148205264763
1557 0.000128513611227
1558 0.000104340295669
1559 7.90278051766e-05
1560 5.23389485611e-05
1561 2.60416286424e-05
1562 1.01426312501e-06
1563 -2.13345882199e-05
1564 -4.1592607342e-05
1565 -5.85722851682e-05
1566 -7.22796039083e-05
1567 -8.30575108981e-05
1568 -9.03166502209e-05
1569 -9.56137412003e-05
1570 -9.99624947014e-05
1571 -0.000101908590658
1572 -0.00010161973031
1573 -0.000100191117009
1574 -9.84144514266e-05
1575 -9.59474278996e-05
1576 -9.24963335902e-05
1577 -8.91276707317e-05
1578 -8.61459308167e-05
1579 -8.26143794252e-05
1580 -7.86015772765e-05
1581 -7.5862424354e-05
1582 -7.3028540779e-05
1583 -6.93371631721e-05
1584 -6.60662154802e-05
1585 -6.29746812987e-05
1586 -5.99803777921e-05
1587 -5.71398549483e-05
1588 -5.45127007722e-05
1589 -5.17332790404e-05
1590 -4.92792158338e-05
1591 -4.70522101992e-05
1592 -4.49999477731e-05
1593 -4.29856876359e-05
1594 -4.09880971612e-05
1595 -3.91455940342e-05
1596 -3.75737394609e-05
1597 -3.6007235006e-05
1598 -3.44086740998e-05
1599 -3.28152414978e-05
1600 0.000138460296899
1601 0.000131971110316
1602 0.000123128087501
1603 0.000116084776968
1604 0.000103310043191
1605 8.9159062231e-05
1606 7.26211729814e-05
1607 5.46513978587e-05
1608 3.49726655652e-05
1609 1.52781617003e-05
1610 -5.00163244464e-06
1611 -2.32997354781e-05
1612 -4.09037800527e-05
1613 -5.50060015889e-05
1614 -6.8206711584e-05
1615 -7.87815060894e-05
1616 -8.6903753416e-05
1617 -9.31607901946e-05
1618 -9.66768180474e-05
1619 -9.9040998894e-05
1620 -0.000101120377868
1621 -0.00010133938916
1622 -9.98409804372e-05
1623 -9.75553016487e-05
1624 -9.52611762746e-05
1625 -9.24731733073e-05
1626 -8.88487195859e-05
1627 -8.54574759701e-05
1628 -8.26030514642e-05
1629 -7.92605588561e-05
1630 -7.54315246417e-05
1631 -7.28430908126e-05
1632 -7.01519167336e-05
1633 -6.66118982974e-05
1634 -6.34641675241e-05
1635 -6.05398506802e-05
1636 -5.77006502449e-05
1637 -5.49907794376e-05
1638 -5.25180412055e-05
1639 -4.99136575364e-05
1640 -4.76397624411e-05
1641 -4.55797839065e-05
1642 -4.36381649415e-05
1643 -4.17093197957e-05
1644 -3.98078621813e-05
1645 -3.80538636412e-05
1646 -3.65299968262e-05
1647 -3.49994703533e-05
1648 -3.34142866314e-05
1649 -3.18361339557e-05
1650 5.74169754002e-05
1651 5.42966376409e-05
1652 4.91618633242e-05
1653 4.20268198614e-05
1654 3.26703071363e-05
1655 2.18452288912e-05
1656 8.91383996225e-06
1657 -4.72163022883e-06
1658 -1.84530267333e-05
1659 -3.19748326242e-05
1660 -4.58843040424e-05
1661 -5.7298604104e-05
1662 -6.88044200891e-05
1663 -7.67144607194e-05
1664 -8.473456308e-05
1665 -9.0784224516e-05
1666 -9.51112362425e-05
1667 -9.82644930068e-05
1668 -9.92399747994e-05
1669 -9.96501506504e-05
1670 -0.000100220173298
1671 -9.9350082689e-05
1672 -9.70983210648e-05
1673 -9.43724571994e-05
1674 -9.17341238151e-05
1675 -8.87645498959e-05
1676 -8.51583597823e-05
1677 -8.18861277585e-05
1678 -7.92140628235e-05
1679 -7.60554278488e-05
1680 -7.2404327605e-05
1681 -6.99261536702e-05
1682 -6.73441872799e-05
1683 -6.39492804063e-05
1684 -6.09797153081e-05
1685 -5.82218003869e-05
1686 -5.55008136364e-05
1687 -5.29436666084e-05
1688 -5.06311618991e-05
1689 -4.8228443824e-05
1690 -4.61173598974e-05
1691 -4.41743864456e-05
1692 -4.23061690912e-05
1693 -4.04719517168e-05
1694 -3.86421192051e-05
1695 -3.69532829708e-05
1696 -3.54456829446e-05
1697 -3.39365377217e-05
1698 -3.23988881687e-05
1699 -3.08524504242e-05
1700 -7.06727972203e-06
1701 -7.38538033002e-06
1702 -9.08332180987e-06
1703 -1.51868782901e-05
1704 -2.0867124796e-05
1705 -2.79713990427e-05
1706 -3.70362424417e-05
1707 -4.64163527889e-05
1708 -5.49900916894e-05
1709 -6.34393121258e-05
1710 -7.23344766049e-05
1711 -7.86704699717e-05
1712 -8.58019108487e-05
1713 -8.94394405208e-05
1714 -9.39251217969e-05
1715 -9.69625647614e-05
1716 -9.8711302676e-05
1717 -9.97581597985e-05
1718 -9.90879195745e-05
1719 -9.82461221722e-05
1720 -9.78293953281e-05
1721 -9.62824865664e-05
1722 -9.35960977881e-05
1723 -9.06022975154e-05
1724 -8.78283785841e-05
1725 -8.48703569186e-05
1726 -8.14642443937e-05
1727 -7.83679695679e-05
1728 -7.58592949609e-05
1729 -7.28653574649e-05
1730 -6.93931664834e-05
1731 -6.70326416495e-05
1732 -6.45898055053e-05
1733 -6.13869253036e-05
1734 -5.85706831132e-05
1735 -5.59160432268e-05
1736 -5.33460132249e-05
1737 -5.09744539956e-05
1738 -4.88350518833e-05
1739 -4.65938413202e-05
1740 -4.46091654899e-05
1741 -4.27604822431e-05
1742 -4.09822730532e-05
1743 -3.92539103087e-05
1744 -3.74992644017e-05
1745 -3.58459003573e-05
1746 -3.43496152971e-05
1747 -3.28835475071e-05
1748 -3.13646478052e-05
1749 -2.98439013393e-05
1750 -5.1414666342e-05
1751 -4.97425933484e-05
1752 -4.90055972516e-05
1753 -5.39432084021e-05
1754 -5.66943895518e-05
1755 -6.07909909179e-05
1756 -6.67112558363e-05
1757 -7.28258738731e-05
1758 -7.76363295054e-05
1759 -8.24665347672e-05
1760 -8.78773281697e-05
1761 -9.0764949352e-05
1762 -9.4986184217e-05
1763 -9.58519148763e-05
1764 -9.79852970856e-05
1765 -9.90415462806e-05
1766 -9.91227859941e-05
1767 -9.88817698958e-05
1768 -9.7225846549e-05
1769 -9.56397800816e-05
1770 -9.4601924361e-05
1771 -9.27274586319e-05
1772 -8.98116259451e-05
1773 -8.67590903612e-05
1774 -8.40126335567e-05
1775 -8.12175256637e-05
1776 -7.80092929083e-05
1777 -7.50786204076e-05
1778 -7.27006877709e-05
1779 -6.9860453639e-05
1780 -6.65248415815e-05
1781 -6.42572858463e-05
1782 -6.19399356544e-05
1783 -5.88958972919e-05
1784 -5.62120459344e-05
1785 -5.36878516584e-05
1786 -5.12512730323e-05
1787 -4.90405276289e-05
1788 -4.70568423832e-05
1789 -4.49525110316e-05
1790 -4.30781581682e-05
1791 -4.13248869925e-05
1792 -3.96471229698e-05
1793 -3.80010605356e-05
1794 -3.62966124743e-05
1795 -3.46853994716e-05
1796 -3.32466480166e-05
1797 -3.18420910985e-05
1798 -3.03647319677e-05
1799 -2.89003847918e-05
1800 -7.88631968361e-05
1801 -7.60195763256e-05
1802 -7.3683294481e-05
1803 -7.76976014449e-05
1804 -7.84446741846e-05
1805 -8.04689145923e-05
1806 -8.41755755797e-05
1807 -8.80391281655e-05
1808 -9.03598096801e-05
1809 -9.28139043214e-05
1810 -9.59292365052e-05
1811 -9.66279504339e-05
1812 -9.88968311578e-05
1813 -9.79846192346e-05
1814 -9.8652564274e-05
1815 -9.8435433674e-05
1816 -9.74903223429e-05
1817 -9.64342305588e-05
1818 -9.42019161147e-05
1819 -9.21888450645e-05
1820 -9.0788060137e-05
1821 -8.87184292835e-05
1822 -8.57961731664e-05
1823 -8.28404625706e-05
1824 -8.02662311251e-05
1825 -7.76569742978e-05
1826 -7.46497830018e-05
1827 -7.18689541454e-05
1828 -6.95994569392e-05
1829 -6.68582559418e-05
1830 -6.36459266225e-05
1831 -6.15148575411e-05
1832 -5.93358916916e-05
1833 -5.64379080968e-05
1834 -5.39015156942e-05
1835 -5.15604403845e-05
1836 -4.92718525329e-05
1837 -4.72169634032e-05
1838 -4.53643863875e-05
1839 -4.33909167263e-05
1840 -4.16038962785e-05
1841 -3.99550989162e-05
1842 -3.8360526739e-05
1843 -3.67858983942e-05
1844 -3.51163981832e-05
1845 -3.35593135711e-05
1846 -3.21711893529e-05
1847 -3.0790256267e-05
1848 -2.93519690222e-05
1849 -2.79602219179e-05
1850 -9.40192150327e-05
1851 -9.06399191735e-05
1852 -8.72310713187e-05
1853 -9.05943025281e-05
1854 -9.00438533037e-05
1855 -9.07679472781e-05
1856 -9.30205542777e-05
1857 -9.54372170406e-05
1858 -9.61721464678e-05
1859 -9.71223715206e-05
1860 -9.87327002267e-05
1861 -9.81379945246e-05
1862 -9.9182043051e-05
1863 -9.72738824494e-05
1864 -9.7039388679e-05
1865 -9.60729976508e-05
1866 -9.45333898916e-05
1867 -9.29925931989e-05
1868 -9.04772745009e-05
1869 -8.83009611523e-05
1870 -8.6758868461e-05
1871 -8.4664562383e-05
1872 -8.19044274993e-05
1873 -7.91245063236e-05
1874 -7.67274550574e-05
1875 -7.42595301012e-05
1876 -7.14012127792e-05
1877 -6.8716092686e-05
1878 -6.65301458426e-05
1879 -6.39015359749e-05
1880 -6.08754700753e-05
1881 -5.8881569731e-05
1882 -5.6808638754e-05
1883 -5.40373321407e-05
1884 -5.16423388343e-05
1885 -4.94582677248e-05
1886 -4.73133766685e-05
1887 -4.54249118997e-05
1888 -4.37008446146e-05
1889 -4.18424623845e-05
1890 -4.01637090378e-05
1891 -3.86122212947e-05
1892 -3.70787221831e-05
1893 -3.55454920176e-05
1894 -3.39292769263e-05
1895 -3.24447367601e-05
1896 -3.11037085821e-05
1897 -2.9756084605e-05
1898 -2.83904065467e-05
1899 -2.7071834369e-05
1900 -0.000101097889858
1901 -9.73772111042e-05
1902 -9.35287890375e-05
1903 -9.63611269654e-05
1904 -9.51153836915e-05
1905 -9.50137982041e-05
1906 -9.63605964462e-05
1907 -9.78403056508e-05
1908 -9.76094482558e-05
1909 -9.76802263346e-05
1910 -9.83387650244e-05
1911 -9.69592775973e-05
1912 -9.72199693064e-05
1913 -9.47004992066e-05
1914 -9.39206300397e-05
1915 -9.25311096795e-05
1916 -9.07022214352e-05
1917 -8.89502917204e-05
1918 -8.63704712533e-05
1919 -8.41911832142e-05
1920 -8.2671119872e-05
1921 -8.07086051937e-05
1922 -7.81414092047e-05
1923 -7.55362688745e-05
1924 -7.33014841391e-05
1925 -7.09517335011e-05
1926 -6.82494173453e-05
1927 -6.56621901417e-05
1928 -6.35777681251e-05
1929 -6.11003054137e-05
1930 -5.82486628659e-05
1931 -5.63342333556e-05
1932 -5.43408643501e-05
1933 -5.17244378994e-05
1934 -4.94950149799e-05
1935 -4.74454909224e-05
1936 -4.54392870177e-05
1937 -4.3681873229e-05
1938 -4.20755732458e-05
1939 -4.03300418911e-05
1940 -3.87444211111e-05
1941 -3.72655916105e-05
1942 -3.57804830921e-05
1943 -3.43082021905e-05
1944 -3.27637231281e-05
1945 -3.13438698003e-05
1946 -3.0033485593e-05
1947 -2.87518015576e-05
1948 -2.74536353e-05
1949 -2.62067015315e-05
1950 -0.000102949321465
1951 -9.9057215278e-05
1952 -9.5113927345e-05
1953 -9.75608172129e-05
1954 -9.59140534104e-05
1955 -9.53637909124e-05
1956 -9.61172639655e-05
1957 -9.69709955133e-05
1958 -9.61744086772e-05
1959 -9.57328872649e-05
1960 -9.57869314275e-05
1961 -9.3979915291e-05
1962 -9.38032941235e-05
1963 -9.10172545334e-05
1964 -8.99926417842e-05
1965 -8.84498404975e-05
1966 -8.65404209725e-05
1967 -8.47517027219e-05
1968 -8.22995968905e-05
1969 -8.02421845513e-05
1970 -7.88377163173e-05
1971 -7.70372435938e-05
1972 -7.46161924079e-05
1973 -7.21385062511e-05
1974 -6.9982011365e-05
1975 -6.77008877678e-05
1976 -6.5111589205e-05
1977 -6.26226724444e-05
1978 -6.06758201554e-05
1979 -5.83499284578e-05
1980 -5.56221950113e-05
1981 -5.37824077861e-05
1982 -5.19067300571e-05
1983 -4.94657944399e-05
1984 -4.73864549887e-05
1985 -4.55219722286e-05
1986 -4.3664869093e-05
1987 -4.20292043096e-05
1988 -4.05240121116e-05
1989 -3.88699894827e-05
1990 -3.73541298034e-05
1991 -3.59396636089e-05
1992 -3.45162429743e-05
1993 -3.31085768956e-05
1994 -3.16251600311e-05
1995 -3.02453793375e-05
1996 -2.89782000243e-05
1997 -2.77722703817e-05
1998 -2.65480149272e-05
1999 -2.53275903305e-05
2000 -0.000101481946079
2001 -9.76661674362e-05
2002 -9.37188143513e-05
2003 -9.58856819853e-05
2004 -9.40421737047e-05
2005 -9.3250787428e-05
2006 -9.36118987068e-05
2007 -9.41145905939e-05
2008 -9.30127121035e-05
2009 -9.2320240262e-05
2010 -9.20882470298e-05
2011 -9.01155102598e-05
2012 -8.97492219501e-05
2013 -8.69542473086e-05
2014 -8.58448440039e-05
2015 -8.42544927153e-05
2016 -8.23921441011e-05
2017 -8.06826026474e-05
2018 -7.84006891144e-05
2019 -7.65057981855e-05
2020 -7.51985002013e-05
2021 -7.35069946479e-05
2022 -7.11710054061e-05
2023 -6.87868074225e-05
2024 -6.67347487253e-05
2025 -6.45464372599e-05
2026 -6.20958460584e-05
2027 -5.97502621125e-05
2028 -5.7919880554e-05
2029 -5.56935812913e-05
2030 -5.30766377164e-05
2031 -5.13478009957e-05
2032 -4.96142533052e-05
2033 -4.73346434807e-05
2034 -4.54296756895e-05
2035 -4.36918549769e-05
2036 -4.19418139436e-05
2037 -4.04330304093e-05
2038 -3.90253243688e-05
2039 -3.74504033205e-05
2040 -3.60065683971e-05
2041 -3.46544237063e-05
2042 -3.32980521557e-05
2043 -3.19504089791e-05
2044 -3.05226408209e-05
2045 -2.91946097465e-05
2046 -2.79940982456e-05
2047 -2.6851501356e-05
2048 -2.56589734114e-05
2049 -2.44304479252e-05
2050 -9.81698697375e-05
2051 -9.44928024621e-05
2052 -9.06604572488e-05
2053 -9.26630254729e-05
2054 -9.07657954508e-05
2055 -8.98692828173e-05
2056 -9.00103025633e-05
2057 -9.03374972423e-05
2058 -8.91321375643e-05
2059 -8.83401824048e-05
2060 -8.79445015177e-05
2061 -8.5947885484e-05
2062 -8.5493168857e-05
2063 -8.27571305298e-05
2064 -8.16799927335e-05
2065 -8.01830937689e-05
2066 -7.84433705005e-05
2067 -7.68681182259e-05
2068 -7.47353105566e-05
2069 -7.29470966347e-05
2070 -7.1663183265e-05
2071 -7.00380005358e-05
2072 -6.77937546759e-05
2073 -6.55166792744e-05
2074 -6.35506547374e-05
2075 -6.1495295872e-05
2076 -5.91951715124e-05
2077 -5.69400815957e-05
2078 -5.51705657235e-05
2079 -5.30428925933e-05
2080 -5.05738684795e-05
2081 -4.89792718041e-05
2082 -4.73685930676e-05
2083 -4.5251515774e-05
2084 -4.34927723924e-05
2085 -4.18905639591e-05
2086 -4.02626589789e-05
2087 -3.88471973595e-05
2088 -3.7501658587e-05
2089 -3.60239149312e-05
2090 -3.46482940884e-05
2091 -3.33806649869e-05
2092 -3.20866695417e-05
2093 -3.08134763e-05
2094 -2.9421178414e-05
2095 -2.81699682004e-05
2096 -2.70464889569e-05
2097 -2.59428175217e-05
2098 -2.47587424534e-05
2099 -2.35371784404e-05
2100 -9.39303361074e-05
2101 -9.04514048479e-05
2102 -8.67437360568e-05
2103 -8.85911906567e-05
2104 -8.67244419008e-05
2105 -8.5831195946e-05
2106 -8.58282019596e-05
2107 -8.60662674729e-05
2108 -8.48568996138e-05
2109 -8.40480687243e-05
2110 -8.35954001065e-05
2111 -8.1704817163e-05
2112 -8.12718079753e-05
2113 -7.87242291169e-05
2114 -7.77367126839e-05
2115 -7.63652242789e-05
2116 -7.47401248365e-05
2117 -7.32372062831e-05
2118 -7.12150042911e-05
2119 -6.95045749984e-05
2120 -6.82489717071e-05
2121 -6.66587105272e-05
2122 -6.45244858347e-05
2123 -6.2360585847e-05
2124 -6.05169235877e-05
2125 -5.85682572835e-05
2126 -5.63728108774e-05
2127 -5.41875032538e-05
2128 -5.25118099347e-05
2129 -5.05113306024e-05
2130 -4.82044612962e-05
2131 -4.67316124185e-05
2132 -4.52549163462e-05
2133 -4.33218924185e-05
2134 -4.17012832376e-05
2135 -4.02140804352e-05
2136 -3.86560021209e-05
2137 -3.7318928855e-05
2138 -3.60453714933e-05
2139 -3.46385458733e-05
2140 -3.33372366597e-05
2141 -3.21408546413e-05
2142 -3.09113421463e-05
2143 -2.96810988366e-05
2144 -2.83633529203e-05
2145 -2.71885585276e-05
2146 -2.61113864179e-05
2147 -2.50103303378e-05
2148 -2.38246738047e-05
2149 -2.26336436114e-05
2150 -8.92579367717e-05
2151 -8.59580196167e-05
2152 -8.24716957032e-05
2153 -8.4210475066e-05
2154 -8.24163978088e-05
2155 -8.15675330019e-05
2156 -8.15243183429e-05
2157 -8.17376263579e-05
2158 -8.05783727631e-05
2159 -7.98767425828e-05
2160 -7.94514798827e-05
2161 -7.76680639823e-05
2162 -7.72849271204e-05
2163 -7.49081029077e-05
2164 -7.39858320852e-05
2165 -7.26673711624e-05
2166 -7.11043071993e-05
2167 -6.96546586739e-05
2168 -6.77344230819e-05
2169 -6.61042086697e-05
2170 -6.48802505069e-05
2171 -6.33653271711e-05
2172 -6.13545317553e-05
2173 -5.93062723704e-05
2174 -5.75452048672e-05
2175 -5.56651938048e-05
2176 -5.35568430719e-05
2177 -5.14813504215e-05
2178 -4.993603968e-05
2179 -4.80689779655e-05
2180 -4.59253000209e-05
2181 -4.45951852208e-05
2182 -4.32647872167e-05
2183 -4.14844107773e-05
2184 -3.99622988173e-05
2185 -3.85545448323e-05
2186 -3.70787962001e-05
2187 -3.5831428301e-05
2188 -3.46437857725e-05
2189 -3.33294172045e-05
2190 -3.21015867019e-05
2191 -3.09621869407e-05
2192 -2.97735886961e-05
2193 -2.85952563934e-05
2194 -2.73505369803e-05
2195 -2.62310067545e-05
2196 -2.51497100469e-05
2197 -2.40445271661e-05
2198 -2.28791303936e-05
2199 -2.17334365687e-05
2200 -8.47279538245e-05
2201 -8.16108638866e-05
2202 -7.8312873818e-05
2203 -7.99652777886e-05
2204 -7.82955263289e-05
2205 -7.75145910039e-05
2206 -7.74471573911e-05
2207 -7.7647432731e-05
2208 -7.65501109154e-05
2209 -7.59295493974e-05
2210 -7.55542940463e-05
2211 -7.38588978265e-05
2212 -7.34895944291e-05
2213 -7.12089288127e-05
2214 -7.03398311801e-05
2215 -6.90617550084e-05
2216 -6.75716152824e-05
2217 -6.6166138537e-05
2218 -6.43443177091e-05
2219 -6.27900766219e-05
2220 -6.16108609551e-05
2221 -6.01884563722e-05
2222 -5.82671689852e-05
2223 -5.63064309603e-05
2224 -5.46096484179e-05
2225 -5.27966272638e-05
2226 -5.0829720931e-05
2227 -4.88747504975e-05
2228 -4.74462842589e-05
2229 -4.57326416187e-05
2230 -4.37831009786e-05
2231 -4.25931166315e-05
2232 -4.13637327966e-05
2233 -3.96840808112e-05
2234 -3.82477232718e-05
2235 -3.69346922773e-05
2236 -3.5560606068e-05
2237 -3.44011521471e-05
2238 -3.32912358032e-05
2239 -3.20618654424e-05
2240 -3.08928369112e-05
2241 -2.97969905359e-05
2242 -2.86753844934e-05
2243 -2.7562073022e-05
2244 -2.63671022928e-05
2245 -2.52522661618e-05
2246 -2.41587739923e-05
2247 -2.30718354946e-05
2248 -2.19630200272e-05
2249 -2.08859282635e-05
2250 -8.05153475195e-05
2251 -7.74700686246e-05
2252 -7.44095688455e-05
2253 -7.59831526067e-05
2254 -7.43944704183e-05
2255 -7.36853644578e-05
2256 -7.3599667601e-05
2257 -7.37741938828e-05
2258 -7.27273592266e-05
2259 -7.21473288595e-05
2260 -7.17716448232e-05
2261 -7.01379128563e-05
2262 -6.97596643056e-05
2263 -6.75978491979e-05
2264 -6.67604323787e-05
2265 -6.55275704058e-05
2266 -6.40796674975e-05
2267 -6.27334434628e-05
2268 -6.10066099269e-05
2269 -5.95475811982e-05
2270 -5.84182196892e-05
2271 -5.70673166163e-05
2272 -5.52115281867e-05
2273 -5.33289688791e-05
2274 -5.17499510852e-05
2275 -5.0049646849e-05
2276 -4.82265002104e-05
2277 -4.63938877567e-05
2278 -4.50970091626e-05
2279 -4.35462796835e-05
2280 -4.17652395861e-05
2281 -4.06631715527e-05
2282 -3.95127893089e-05
2283 -3.7942565604e-05
2284 -3.66026594735e-05
2285 -3.53952537307e-05
2286 -3.41107513781e-05
2287 -3.30326980012e-05
2288 -3.19938305781e-05
2289 -3.08307479408e-05
2290 -2.97150932795e-05
2291 -2.86835530608e-05
2292 -2.76226702633e-05
2293 -2.65536344557e-05
2294 -2.53713894479e-05
2295 -2.42486656876e-05
2296 -2.3168506612e-05
2297 -2.21221178636e-05
2298 -2.10692218501e-05
2299 -2.00612627239e-05
2300 -7.64186567301e-05
2301 -7.35002831234e-05
2302 -7.06514471499e-05
2303 -7.21110102776e-05
2304 -7.06397980266e-05
2305 -6.99706238959e-05
2306 -6.98427993489e-05
2307 -6.99970269436e-05
2308 -6.8984424291e-05
2309 -6.84474490709e-05
2310 -6.80472002209e-05
2311 -6.648164142e-05
2312 -6.61030658899e-05
2313 -6.40499893156e-05
2314 -6.32397212192e-05
2315 -6.20580134468e-05
2316 -6.07021132363e-05
2317 -5.94244372297e-05
2318 -5.78155423836e-05
2319 -5.64150069293e-05
2320 -5.53158629893e-05
2321 -5.40004032337e-05
2322 -5.22257206521e-05
2323 -5.04487755948e-05
2324 -4.89739620965e-05
2325 -4.7401189125e-05
2326 -4.57349869988e-05
2327 -4.40828133552e-05
2328 -4.29330873953e-05
2329 -4.15263286382e-05
2330 -3.98637077963e-05
2331 -3.88234713379e-05
2332 -3.77586589777e-05
2333 -3.63084206566e-05
2334 -3.5065649312e-05
2335 -3.39471465805e-05
2336 -3.2733133501e-05
2337 -3.17412855623e-05
2338 -3.07723868039e-05
2339 -2.9687328095e-05
2340 -2.86081106031e-05
2341 -2.76290739547e-05
2342 -2.66030336896e-05
2343 -2.55347612309e-05
2344 -2.43383281883e-05
2345 -2.32275435618e-05
2346 -2.21818626801e-05
2347 -2.11892688182e-05
2348 -2.02177691577e-05
2349 -1.93005138168e-05
2350 -7.24448992697e-05
2351 -6.96362664183e-05
2352 -6.69387676922e-05
2353 -6.83323324573e-05
2354 -6.69255984487e-05
2355 -6.62957145874e-05
2356 -6.61422596294e-05
2357 -6.62797249902e-05
2358 -6.53000156508e-05
2359 -6.48005590608e-05
2360 -6.44118086823e-05
2361 -6.29069806573e-05
2362 -6.25377801964e-05
2363 -6.0598258702e-05
2364 -5.98360469614e-05
2365 -5.87251139064e-05
2366 -5.74441303277e-05
2367 -5.62156638293e-05
2368 -5.46647109819e-05
2369 -5.33155063174e-05
2370 -5.22535167338e-05
2371 -5.10074750378e-05
2372 -4.93572484079e-05
2373 -4.770949334e-05
2374 -4.63646445546e-05
2375 -4.49503314508e-05
2376 -4.34658165281e-05
2377 -4.19479352324e-05
2378 -4.08904606219e-05
2379 -3.95800720131e-05
2380 -3.80100724137e-05
2381 -3.70614511882e-05
2382 -3.60990550123e-05
2383 -3.47722049745e-05
2384 -3.36254524966e-05
2385 -3.2596840745e-05
2386 -3.14813815823e-05
2387 -3.05417105542e-05
2388 -2.96027836899e-05
2389 -2.85502629525e-05
2390 -2.75112292131e-05
2391 -2.65587810704e-05
2392 -2.55385077306e-05
2393 -2.44620652694e-05
2394 -2.32794733818e-05
2395 -2.22118913858e-05
2396 -2.12189922475e-05
2397 -2.02983018153e-05
2398 -1.94259791904e-05
2399 -1.86161974522e-05
2400 -6.86009062058e-05
2401 -6.59319391001e-05
2402 -6.33617945573e-05
2403 -6.46867231575e-05
2404 -6.33699087889e-05
2405 -6.27654536452e-05
2406 -6.25832381407e-05
2407 -6.26946755288e-05
2408 -6.17498190482e-05
2409 -6.12760623017e-05
2410 -6.09078120778e-05
2411 -5.94693969746e-05
2412 -5.91199685126e-05
2413 -5.72779154817e-05
2414 -5.65388311876e-05
2415 -5.54634028236e-05
2416 -5.41897939338e-05
2417 -5.29948352288e-05
2418 -5.15324469311e-05
2419 -5.02416773244e-05
2420 -4.92384429486e-05
2421 -4.80917456978e-05
2422 -4.65953562867e-05
2423 -4.51020394526e-05
2424 -4.3916819922e-05
2425 -4.26392135942e-05
2426 -4.12842124575e-05
2427 -3.98640732893e-05
2428 -3.88816218509e-05
2429 -3.76788433084e-05
2430 -3.62553029013e-05
2431 -3.54063830868e-05
2432 -3.45261436208e-05
2433 -3.32999306308e-05
2434 -3.22289491968e-05
2435 -3.12931415176e-05
2436 -3.02384308361e-05
2437 -2.93407482091e-05
2438 -2.84414319936e-05
2439 -2.74453429853e-05
2440 -2.64378614581e-05
2441 -2.54930262068e-05
2442 -2.44586449745e-05
2443 -2.33896607424e-05
2444 -2.22518440255e-05
2445 -2.12470787006e-05
2446 -2.03295592267e-05
2447 -1.94966199905e-05
2448 -1.87288533203e-05
2449 -1.80356343536e-05
2450 -6.47494387592e-05
2451 -6.22038375833e-05
2452 -5.98089792751e-05
2453 -6.10463406692e-05
2454 -5.98092673344e-05
2455 -5.92453393726e-05
2456 -5.90561301667e-05
2457 -5.91617983327e-05
2458 -5.82532503225e-05
2459 -5.78328256514e-05
2460 -5.74522358611e-05
2461 -5.60858294403e-05
2462 -5.57247504046e-05
2463 -5.39660033938e-05
2464 -5.32474613526e-05
2465 -5.22159383771e-05
2466 -5.10133144928e-05
2467 -4.98948542948e-05
2468 -4.85521380565e-05
2469 -4.73961280911e-05
2470 -4.65066986049e-05
2471 -4.54943714226e-05
2472 -4.41479421487e-05
2473 -4.28011860287e-05
2474 -4.17297874442e-05
2475 -4.0540590184e-05
2476 -3.92745193447e-05
2477 -3.79376477649e-05
2478 -3.70448706637e-05
2479 -3.59456277108e-05
2480 -3.46312846495e-05
2481 -3.38611626615e-05
2482 -3.3068897088e-05
2483 -3.19428680042e-05
2484 -3.09398993653e-05
2485 -3.00616538861e-05
2486 -2.90474107745e-05
2487 -2.81846906292e-05
2488 -2.73157840911e-05
2489 -2.63501295858e-05
2490 -2.53409271794e-05
2491 -2.43751801837e-05
2492 -2.33437222709e-05
2493 -2.2309581202e-05
2494 -2.12337220829e-05
2495 -2.03082047352e-05
2496 -1.94845535723e-05
2497 -1.87799884964e-05
2498 -1.81371425788e-05
2499 -1.7533312322e-05
