0 -0.0235575618705
1 0.0242462072405
2 0.0211390421667
3 0.0155801055612
4 0.0123753176073
5 0.00909749974475
6 0.00723749445157
7 0.00583940706836
8 0.00467977600453
9 0.00389148073966
10 0.00325820570416
11 0.00275217902129
12 0.00233758785665
13 0.00196687272661
14 0.00171277890347
15 0.00148929211677
16 0.00128475590524
17 0.00113171168624
18 0.000997790667726
19 0.000881288530969
20 0.000792274210288
21 0.000696876479766
22 0.000590861125659
23 0.000480922075009
24 0.000396296571951
25 0.000350730859168
26 0.00033735271933
27 0.000338119422534
28 0.000339855723948
29 0.00033249531776
30 0.000316575192596
31 0.000299130895102
32 0.000280645783438
33 0.000259176908702
34 0.00023816093849
35 0.000218030802682
36 0.000200611252869
37 0.000184164171155
38 0.000170017762927
39 0.000156164860422
40 0.000143555418326
41 0.000132509350375
42 0.000122157422964
43 0.000112436617245
44 0.000103696085714
45 9.55287678869e-05
46 8.85144235604e-05
47 8.19483872935e-05
48 7.62720842844e-05
49 7.09550578566e-05
50 -0.061700535227
51 -0.0167543619858
52 0.00324649196821
53 0.00740782891552
54 0.00754040584493
55 0.00666628917157
56 0.00569847019886
57 0.0048539199253
58 0.00407418819673
59 0.00341963287865
60 0.00293108367792
61 0.00247683138578
62 0.0021468864354
63 0.00182411916462
64 0.00158710072477
65 0.00138672451787
66 0.00121178389838
67 0.00107577476707
68 0.000943779210378
69 0.000838110257444
70 0.000755290800269
71 0.000667052364572
72 0.000564858560713
73 0.000459996349459
74 0.000379669051511
75 0.000337261582235
76 0.000325682793789
77 0.00032724945547
78 0.000328768488207
79 0.000321634567082
80 0.000306477798662
81 0.000290164057691
82 0.000271874247232
83 0.000250574436336
84 0.000230357587989
85 0.000211273638434
86 0.000194524236739
87 0.000178540055216
88 0.00016455072287
89 0.000151121802711
90 0.000139100213009
91 0.000128335881823
92 0.000118159458753
93 0.000108757530361
94 0.000100272848018
95 9.23968836851e-05
96 8.56411824234e-05
97 7.93145826601e-05
98 7.37678998358e-05
99 6.8596940494e-05
100 -0.0467459685363
101 -0.0262905810382
102 -0.00826464212951
103 -0.000743146110357
104 0.00266820635988
105 0.0036659948405
106 0.00381722991888
107 0.00361303085763
108 0.00324532384999
109 0.0028491405897
110 0.0025262461193
111 0.00218742146227
112 0.00193087330669
113 0.00166549311702
114 0.00146669276006
115 0.00129392706661
116 0.0011396537426
117 0.0010185118299
118 0.000898686341615
119 0.000801792643513
120 0.000725020784454
121 0.000640748501615
122 0.000542138374645
123 0.00044172231737
124 0.000366980962621
125 0.000329272320846
126 0.000320024400341
127 0.00032218704986
128 0.000323577332593
129 0.000316316968972
130 0.00030125326668
131 0.000285237533795
132 0.000267359968032
133 0.000246523073108
134 0.000226776112406
135 0.000208110149858
136 0.000191735477028
137 0.000176088865867
138 0.000162317967843
139 0.000149160418078
140 0.000137364538061
141 0.000126835627023
142 0.000116865193815
143 0.000107595595283
144 9.92429685805e-05
145 9.14766242257e-05
146 8.48217685693e-05
147 7.85894075825e-05
148 7.31193526107e-05
149 6.80173667297e-05
150 -0.034017235333
151 -0.0241926911506
152 -0.0124238632898
153 -0.00573059725004
154 -0.00127839803167
155 0.000820593172869
156 0.00183112676002
157 0.00220776168419
158 0.00225749743442
159 0.00214394296393
160 0.00201078050144
161 0.00181209038367
162 0.00164642244247
163 0.00145288999809
164 0.0013032928314
165 0.00116694205556
166 0.00103997849001
167 0.000939113035817
168 0.000835475738244
169 0.000750450955683
170 0.000682188437224
171 0.000604067836965
172 0.000510713878124
173 0.000416684342782
174 0.000349831903531
175 0.000318603636851
176 0.000312376673973
177 0.000315228628757
178 0.000316394554572
179 0.000309024363009
180 0.0002941681752
181 0.000278508550036
182 0.000261326275678
183 0.000241119964161
184 0.000222032942653
185 0.00020386251946
186 0.000188035667573
187 0.000172853623818
188 0.000159619979125
189 0.000146863796674
190 0.000135336785897
191 0.00012499931816
192 0.000115285056393
193 0.00010617657242
194 9.79973250071e-05
195 9.037223777e-05
196 8.38315456617e-05
197 7.7716556174e-05
198 7.23468691432e-05
199 6.73437743343e-05
200 -0.0254425412237
201 -0.0202632812578
202 -0.0127726140906
203 -0.0079102107907
204 -0.00374755158536
205 -0.00133557572344
206 0.000118944862653
207 0.000888800001894
208 0.00127121147991
209 0.00140825692164
210 0.00145536830819
211 0.00139299351595
212 0.001322572575
213 0.00120819254549
214 0.00111313852748
215 0.00101790274394
216 0.000922908911455
217 0.000844708344886
218 0.000760035515757
219 0.000688672930047
220 0.000629926141421
221 0.000559091609129
222 0.000471876013395
223 0.000386383015889
224 0.000329576238843
225 0.000305823195426
226 0.000302897135696
227 0.000306449223686
228 0.000307597077846
229 0.000300200240996
230 0.000285691581375
231 0.000270574447266
232 0.000254090746011
233 0.000234793802606
234 0.000216282748095
235 0.000198816889062
236 0.000183710229757
237 0.000169034699575
238 0.000156270345476
239 0.00014396275099
240 0.000132684501083
241 0.000122773977795
242 0.000113302362544
243 0.000104520060864
244 9.65320145593e-05
245 8.89806467473e-05
246 8.25937029588e-05
247 7.6670462891e-05
248 7.14412811389e-05
249 6.6581223114e-05
250 -0.0195647833448
251 -0.0164070147361
252 -0.0116947402387
253 -0.00837615269845
254 -0.00498723552749
255 -0.00272189427737
256 -0.0011674200756
257 -0.000211009255691
258 0.000385140922742
259 0.000712238447361
260 0.000901204574373
261 0.00096445152143
262 0.000984406020116
263 0.000945120124336
264 0.000903530372792
265 0.000850134490977
266 0.000788333584397
267 0.000735469441486
268 0.000671957005279
269 0.000616448380374
270 0.000568182250849
271 0.00050497710913
272 0.000425363785289
273 0.00035147138358
274 0.000306370557024
275 0.000290705433939
276 0.000291141309375
277 0.000295138184153
278 0.000295729996018
279 0.0002885027868
280 0.000274523905141
281 0.000260403213372
282 0.000244693579196
283 0.000226372729687
284 0.000208797061443
285 0.000192345328231
286 0.000177976819186
287 0.000164015340441
288 0.000151940933438
289 0.00014006162562
290 0.000129402783468
291 0.000119861380216
292 0.000110715795356
293 0.000102241943051
294 9.44363978934e-05
295 8.72101946568e-05
296 8.10729599683e-05
297 7.52796863385e-05
298 7.02358803923e-05
299 6.54850816362e-05
300 -0.0153908119042
301 -0.0132453705112
302 -0.0102144325257
303 -0.0079890644583
304 -0.00538162751918
305 -0.00346671778121
306 -0.00201802156313
307 -0.00103078650056
308 -0.000333597567316
309 0.000108792342007
310 0.000397466922532
311 0.00055729845631
312 0.000650427294296
313 0.000678283996796
314 0.000686498323801
315 0.000672797264144
316 0.000644563829623
317 0.000616528902737
318 0.000574982187638
319 0.000535478154427
320 0.000497825404691
321 0.000442403172872
322 0.000373590208033
323 0.000312911811426
324 0.000280701851056
325 0.000273330101078
326 0.000276501137997
327 0.00028074991384
328 0.000281067331416
329 0.000274241566705
330 0.000260701330169
331 0.000247513056791
332 0.000232987459012
333 0.000215767061413
334 0.000199566039101
335 0.000184185784185
336 0.000170707274821
337 0.0001576613233
338 0.000146226839069
339 0.000135092865692
340 0.000125024299732
341 0.000115933346164
342 0.000107297688903
343 9.91414783561e-05
344 9.17312129636e-05
345 8.48706693649e-05
346 7.89717036586e-05
347 7.34853130539e-05
348 6.85724147152e-05
349 6.39824237992e-05
350 -0.0122291274455
351 -0.0107993843928
352 -0.00877113507479
353 -0.00725469407152
354 -0.00531098054941
355 -0.0037563559716
356 -0.00250614999338
357 -0.00157716986057
358 -0.000867929629337
359 -0.000373882426277
360 -2.87119020684e-05
361 0.000197025700343
362 0.000343367328025
363 0.00042668696387
364 0.000476774285058
365 0.000498680337203
366 0.000500211743997
367 0.000495129337307
368 0.000474458975871
369 0.000450308104051
370 0.000422309164232
371 0.000376105339345
372 0.000319513087625
373 0.000273791636068
374 0.000254407161579
375 0.000254163376313
376 0.000259720589884
377 0.000263943921147
378 0.00026412350209
379 0.000257399458953
380 0.000244912925714
381 0.000232723826852
382 0.000219641647074
383 0.000203836882988
384 0.000189269465639
385 0.000175065651951
386 0.000162584457335
387 0.00015047131073
388 0.000139915382378
389 0.000129559204414
390 0.000120091390397
391 0.000111514820585
392 0.000103414719229
393 9.56403123172e-05
394 8.86877804833e-05
395 8.21232989507e-05
396 7.6534988642e-05
397 7.12672449994e-05
398 6.65544968328e-05
399 6.22109875235e-05
400 -0.00987304569061
401 -0.00892184830476
402 -0.00748390174877
403 -0.00645613113788
404 -0.00499222747933
405 -0.00377055319763
406 -0.00272933750477
407 -0.00190794973693
408 -0.00123635139751
409 -0.000734432237408
410 -0.000368683060378
411 -0.000103842827828
412 7.80651253947e-05
413 0.000201845082476
414 0.000284272174971
415 0.000334979623489
416 0.000362202539469
417 0.000377149513952
418 0.000374830590413
419 0.000364211854463
420 0.000345234227073
421 0.00030942583764
422 0.000266635862034
423 0.000236488214758
424 0.000228942181288
425 0.000234045764049
426 0.000240976707072
427 0.000245367241948
428 0.000245557544515
429 0.000239219223313
430 0.000227981740048
431 0.000217152612744
432 0.000205442464105
433 0.000191356993522
434 0.000177864152365
435 0.000165073704271
436 0.00015377271161
437 0.000142694579743
438 0.000133007105631
439 0.000123466243655
440 0.000114644071208
441 0.000106707506878
442 9.90951222486e-05
443 9.19005190991e-05
444 8.53631921426e-05
445 7.91488736256e-05
446 7.3825926731e-05
447 6.88489749183e-05
448 6.44149532759e-05
449 6.03324975212e-05
450 -0.00811983261988
451 -0.00742936033297
452 -0.0063880367595
453 -0.00567760736154
454 -0.00457785047852
455 -0.0036245094707
456 -0.00277535721041
457 -0.00207478897975
458 -0.0014662652738
459 -0.00098731489339
460 -0.000625544568258
461 -0.00034287065943
462 -0.00014215461246
463 8.28582881948e-06
464 0.000113686815371
465 0.000186127033362
466 0.000234023074068
467 0.000265577617891
468 0.000279080674783
469 0.00028015228964
470 0.00027003654326
471 0.000245107004457
472 0.000217072957298
473 0.00020196247557
474 0.000203948278539
475 0.000212708371607
476 0.000220571337934
477 0.00022472157055
478 0.000224931864199
479 0.000219403149078
480 0.00020965987794
481 0.0002003420728
482 0.000190098767672
483 0.000177680145657
484 0.000165866000249
485 0.000154375956791
486 0.000144349043003
487 0.000134405804217
488 0.000125686789278
489 0.000116919138861
490 0.000108898312098
491 0.000101632464625
492 9.4551552063e-05
493 8.78769649664e-05
494 8.17325862952e-05
495 7.58700550852e-05
496 7.093705122e-05
497 6.62608850798e-05
498 6.21445620709e-05
499 5.82703204786e-05
500 -0.00676573773852
501 -0.00624060181251
502 -0.00546846568866
503 -0.00497210471046
504 -0.00413738493267
505 -0.00339338879865
506 -0.00271030836314
507 -0.00212551279612
508 -0.00158947855517
509 -0.00115085420768
510 -0.000808108528311
511 -0.000525261958103
512 -0.000318493608951
513 -0.000152931683212
514 -3.30753994438e-05
515 5.46908685362e-05
516 0.000118003115455
517 0.000162804859539
518 0.000189140404165
519 0.000200371243938
520 0.000198980377478
521 0.000186014470535
522 0.000172814520322
523 0.000170345473674
524 0.000179107820105
525 0.000190304146507
526 0.000198397152271
527 0.000202580297174
528 0.000203161808645
529 0.000198755038215
530 0.000190552720946
531 0.000182893669963
532 0.000174229356764
533 0.000163489647616
534 0.000153205485424
535 0.000143173011302
536 0.000134380460177
537 0.000125518581991
538 0.000117780047444
539 0.000109869781745
540 0.000102641890132
541 9.60134074038e-05
542 8.95620523104e-05
543 8.34489249637e-05
544 7.77990669874e-05
545 7.24062249613e-05
546 6.78380218482e-05
547 6.35159264629e-05
548 5.96894280028e-05
549 5.60374267405e-05
550 -0.00570272882328
551 -0.00528378627115
552 -0.00469560391789
553 -0.00435165562395
554 -0.00370697230014
555 -0.00312698726525
556 -0.00258065391946
557 -0.00209777009843
558 -0.00163473128226
559 -0.00124315955112
560 -0.000928489140859
561 -0.000657437761163
562 -0.000454261935651
563 -0.000282714218679
564 -0.000155463773485
565 -5.81716364568e-05
566 1.61896108422e-05
567 7.05832140803e-05
568 0.000107325959144
569 0.000127517471009
570 0.000135191874798
571 0.000134212287379
572 0.00013416252173
573 0.000141000741773
574 0.000154040972528
575 0.000166535402522
576 0.00017469853301
577 0.000179151961891
578 0.000180321972135
579 0.000177286428035
580 0.000170741486227
581 0.000164781529263
582 0.000157880352266
583 0.000148843864946
584 0.000140091652562
585 0.000131623977111
586 0.000124054762334
587 0.000116456150515
588 0.000109681004659
589 0.000102729803474
590 9.6305291882e-05
591 9.02880401743e-05
592 8.45290410012e-05
593 7.89214100566e-05
594 7.36989222023e-05
595 6.88135357162e-05
596 6.45690573826e-05
597 6.06042527194e-05
598 5.70544849194e-05
599 5.3672270533e-05
600 -0.00485355778605
601 -0.00451460210248
602 -0.00405076623526
603 -0.00380984073132
604 -0.00330644261663
605 -0.00285293617727
606 -0.00241723021131
607 -0.00202110412018
608 -0.0016270328225
609 -0.00128280307616
610 -0.00100084520448
611 -0.000747323447396
612 -0.00055433121776
613 -0.000383488217991
614 -0.000254631734702
615 -0.00015235856598
616 -7.08100041776e-05
617 -9.37266848486e-06
618 3.60263321285e-05
619 6.43635604751e-05
620 8.07504050883e-05
621 9.0427628441e-05
622 0.000100213434188
623 0.000113108521621
624 0.000128405141532
625 0.000141361294574
626 0.000149797568232
627 0.000154807326729
628 0.000156937845885
629 0.000155421960888
630 0.000150674432498
631 0.000146428856434
632 0.000141240880804
633 0.000134043756695
634 0.0001269081613
635 0.000119934948433
636 0.000113612439907
637 0.000107136477897
638 0.000101325534102
639 9.52856272206e-05
640 8.9590410997e-05
641 8.42903612705e-05
642 7.91619740107e-05
643 7.41446995816e-05
644 6.94411591659e-05
645 6.50030832454e-05
646 6.11413449946e-05
647 5.75688933821e-05
648 5.42934681472e-05
649 5.12112055436e-05
650 -0.00415759317775
651 -0.00388220867212
652 -0.00351105879582
653 -0.00333815590451
654 -0.00294466135284
655 -0.00258571458208
656 -0.00223941614685
657 -0.00191421636472
658 -0.00158248032624
659 -0.00128373498045
660 -0.00103557677593
661 -0.000803087494201
662 -0.000623660220006
663 -0.000458729985898
664 -0.00033208821205
665 -0.000227979731018
666 -0.00014199934448
667 -7.50858795845e-05
668 -2.24945391178e-05
669 1.27831410613e-05
670 3.62777375168e-05
671 5.35167115556e-05
672 6.94433867652e-05
673 8.57259095871e-05
674 0.000101979529929
675 0.000115202123022
676 0.000124261525524
677 0.000130072033028
678 0.000133452423561
679 0.000133558317313
680 0.000130838424656
681 0.000128306312327
682 0.000124735258036
683 0.00011924927341
684 0.000113758862485
685 0.000108192200413
686 0.000103051980001
687 9.77199561771e-05
688 9.29054071316e-05
689 8.7719724356e-05
690 8.28001991187e-05
691 7.82115533468e-05
692 7.37119438716e-05
693 6.92315704348e-05
694 6.50486694964e-05
695 6.10514595973e-05
696 5.76165983127e-05
697 5.43818499418e-05
698 5.14081256728e-05
699 4.86172593686e-05
700 -0.0035794207899
701 -0.00335610482746
702 -0.00305910063079
703 -0.00293452937789
704 -0.0026250729658
705 -0.00233746485065
706 -0.00206054217414
707 -0.00179471327249
708 -0.00151540132496
709 -0.00125878083048
710 -0.00104262375449
711 -0.000832399668123
712 -0.000668425883669
713 -0.000511909459624
714 -0.000389369505323
715 -0.000285164460906
716 -0.000195872754805
717 -0.00012449560149
718 -6.69308020506e-05
719 -2.73508091324e-05
720 3.55465953493e-08
721 2.1271730487e-05
722 4.03391188456e-05
723 5.82309251375e-05
724 7.50061457965e-05
725 8.86280235621e-05
726 9.85740124651e-05
727 0.000105523758433
728 0.000110233673698
729 0.000112009925885
730 0.00011121674214
731 0.000110313040274
732 0.000108385627166
733 0.000104585748131
734 0.000100655477919
735 9.64518820368e-05
736 9.25037429717e-05
737 8.82782612595e-05
738 8.44074348009e-05
739 8.00780085604e-05
740 7.59732838174e-05
741 7.20585376587e-05
742 6.82122096927e-05
743 6.42789200814e-05
744 6.05977468877e-05
745 5.70585299213e-05
746 5.40410082376e-05
747 5.11622442452e-05
748 4.85040537226e-05
749 4.59819723438e-05
750 -0.00310697077957
751 -0.0029227238184
752 -0.00267672794033
753 -0.00258951308094
754 -0.00234015801808
755 -0.00211055052165
756 -0.0018884937143
757 -0.00167193394474
758 -0.00143655294133
759 -0.00121697472119
760 -0.00102965883832
761 -0.000842082355632
762 -0.000692863696577
763 -0.00054536615058
764 -0.000427030627104
765 -0.000322629944415
766 -0.000230754809527
767 -0.00015730826809
768 -9.87045070119e-05
769 -5.89357651138e-05
770 -3.11698544297e-05
771 -8.68818360227e-06
772 1.17707203516e-05
773 3.05992989266e-05
774 4.78963558732e-05
775 6.22480035898e-05
776 7.33035746156e-05
777 8.16512022429e-05
778 8.77881101947e-05
779 9.11922406508e-05
780 9.22747724718e-05
781 9.29633727613e-05
782 9.25740368835e-05
783 9.03657784387e-05
784 8.78200544665e-05
785 8.49089631571e-05
786 8.2106026926e-05
787 7.89144246492e-05
788 7.5982052442e-05
789 7.24733169757e-05
790 6.91458166311e-05
791 6.59022960985e-05
792 6.26597934185e-05
793 5.929032599e-05
794 5.60995318371e-05
795 5.3032221765e-05
796 5.04151713618e-05
797 4.78741775074e-05
798 4.55372175632e-05
799 4.32887843104e-05
800 -0.00271104729222
801 -0.00255638786387
802 -0.0023540494995
803 -0.00229399155679
804 -0.0020903140485
805 -0.00190673757528
806 -0.00172784298688
807 -0.00155080381608
808 -0.00135251781393
809 -0.00116450246385
810 -0.00100275287952
811 -0.000834558680049
812 -0.000699091097261
813 -0.000559073807109
814 -0.000443297768328
815 -0.000338806629685
816 -0.000247191826002
817 -0.00017660827354
818 -0.000122434512357
819 -8.62754358136e-05
820 -6.03565556631e-05
821 -3.79170878891e-05
822 -1.66082827954e-05
823 3.19118557933e-06
824 2.12297786661e-05
825 3.66424807448e-05
826 4.89534165967e-05
827 5.87380219975e-05
828 6.62878860149e-05
829 7.13477521866e-05
830 7.41360347131e-05
831 7.63331670823e-05
832 7.73624285844e-05
833 7.66356057339e-05
834 7.53813396237e-05
835 7.37714493912e-05
836 7.2023666341e-05
837 6.98477040796e-05
838 6.7713882482e-05
839 6.50354733452e-05
840 6.24078835072e-05
841 5.97955003349e-05
842 5.71083279356e-05
843 5.43082998315e-05
844 5.16102208047e-05
845 4.90008447706e-05
846 4.6765577418e-05
847 4.45740578042e-05
848 4.25370809802e-05
849 4.05731669704e-05
850 -0.00238107928769
851 -0.00225149307184
852 -0.0020809217955
853 -0.00203863372478
854 -0.0018728037202
855 -0.00172366362734
856 -0.00157921035413
857 -0.00143405331243
858 -0.00126687715661
859 -0.00110496212809
860 -0.000963593879283
861 -0.000811242222044
862 -0.000685175986868
863 -0.000550112788743
864 -0.000436333508789
865 -0.000335285373202
866 -0.000250634391004
867 -0.000189536694922
868 -0.000143958779088
869 -0.000112955134705
870 -8.91868886938e-05
871 -6.66593875889e-05
872 -4.42905732711e-05
873 -2.33069374295e-05
874 -4.2882214775e-06
875 1.2303396911e-05
876 2.59867406267e-05
877 3.71879706456e-05
878 4.60734613063e-05
879 5.26344891742e-05
880 5.70169594008e-05
881 6.0547628854e-05
882 6.28912612314e-05
883 6.35425319697e-05
884 6.35284725108e-05
885 6.30308946136e-05
886 6.22450541975e-05
887 6.09991677926e-05
888 5.96344231407e-05
889 5.77109621389e-05
890 5.57989993206e-05
891 5.37948203213e-05
892 5.16671718195e-05
893 4.94024088265e-05
894 4.71722130942e-05
895 4.50093819681e-05
896 4.31307376829e-05
897 4.12872935695e-05
898 3.95390242358e-05
899 3.78388162434e-05
900 -0.00210735305836
901 -0.00199105658097
902 -0.00184854381873
903 -0.00182016690232
904 -0.00168337149346
905 -0.00156035371061
906 -0.001442516116
907 -0.0013224127365
908 -0.00117873666301
909 -0.00103727124073
910 -0.00091039369465
911 -0.000767701672854
912 -0.000647296902237
913 -0.000517098393439
914 -0.000410440997018
915 -0.000320907867368
916 -0.000251422920199
917 -0.00020387077834
918 -0.000167417562294
919 -0.000140400517929
920 -0.000117592573725
921 -9.42525202367e-05
922 -7.05011038582e-05
923 -4.81228781567e-05
924 -2.80207100377e-05
925 -1.02288671565e-05
926 4.77452249108e-06
927 1.72513902689e-05
928 2.73603114601e-05
929 3.52725079678e-05
930 4.10922729616e-05
931 4.57928623596e-05
932 4.92940848933e-05
933 5.11673286979e-05
934 5.23131956919e-05
935 5.28109441724e-05
936 5.29226722796e-05
937 5.25170729017e-05
938 5.18756564298e-05
939 5.06529091414e-05
940 4.93547177666e-05
941 4.79379562056e-05
942 4.63255566392e-05
943 4.45645303862e-05
944 4.2792806705e-05
945 4.10382073681e-05
946 3.95351983622e-05
947 3.80056493413e-05
948 3.65483800431e-05
949 3.51049372776e-05
950 -0.00186995619098
951 -0.00177221765528
952 -0.00164954962863
953 -0.00162968011234
954 -0.00151450033779
955 -0.00141234190936
956 -0.00131311185214
957 -0.00121043184832
958 -0.00108285246991
959 -0.000954418021425
960 -0.000834936444031
961 -0.000699943593659
962 -0.000586418322681
963 -0.000468941948869
964 -0.000379532099869
965 -0.000309986560689
966 -0.000258976958733
967 -0.000223980601435
968 -0.000193492957375
969 -0.000167908844452
970 -0.000144550450407
971 -0.000119756296859
972 -9.44052371123e-05
973 -7.064455759e-05
974 -4.94995581277e-05
975 -3.06253445113e-05
976 -1.44723333469e-05
977 -8.88281114677e-07
978 1.02544178544e-05
979 1.93006176858e-05
980 2.6355839528e-05
981 3.20749715052e-05
982 3.65686978723e-05
983 3.95229063214e-05
984 4.16632504452e-05
985 4.30681783028e-05
986 4.39818085728e-05
987 4.4332945811e-05
988 4.43481611513e-05
989 4.37852099087e-05
990 4.31176695728e-05
991 4.22353872812e-05
992 4.11388592308e-05
993 3.98492670546e-05
994 3.85216441577e-05
995 3.7166910315e-05
996 3.60045096928e-05
997 3.47920242963e-05
998 3.35960576257e-05
999 3.24151593722e-05
1000 -0.00166139153506
1001 -0.00157797859675
1002 -0.00146983477378
1003 -0.00145477557222
1004 -0.0013552544918
1005 -0.00126667993106
1006 -0.00117900164692
1007 -0.00108561008144
1008 -0.000967590505135
1009 -0.000847573449386
1010 -0.000735896144553
1011 -0.000614316572626
1012 -0.000517786427618
1013 -0.000424675033538
1014 -0.000360242783882
1015 -0.000312392689009
1016 -0.000276112043636
1017 -0.000248645669525
1018 -0.000219911390677
1019 -0.000193504545473
1020 -0.000168531301997
1021 -0.000142186767873
1022 -0.000115341091411
1023 -9.04088418746e-05
1024 -6.83861518549e-05
1025 -4.86923725794e-05
1026 -3.15995701472e-05
1027 -1.71274291848e-05
1028 -5.15654376557e-06
1029 4.83984939748e-06
1030 1.29406590579e-05
1031 1.95189596803e-05
1032 2.48460086174e-05
1033 2.87474096453e-05
1034 3.17276560306e-05
1035 3.39197866744e-05
1036 3.55429238983e-05
1037 3.65726196451e-05
1038 3.72281607225e-05
1039 3.72774880743e-05
1040 3.71422886771e-05
1041 3.67471605181e-05
1042 3.61244350053e-05
1043 3.52865035484e-05
1044 3.43678244066e-05
1045 3.33795352013e-05
1046 3.25325166345e-05
1047 3.16063716862e-05
1048 3.06707499266e-05
1049 2.9720921306e-05
1050 -0.00146193396292
1051 -0.00138744013552
1052 -0.00129316483981
1053 -0.00127866394383
1054 -0.00118975767462
1055 -0.00110815122273
1056 -0.00102667850383
1057 -0.000939407234031
1058 -0.000831562710572
1059 -0.000725245895987
1060 -0.000631734530285
1061 -0.000535961888868
1062 -0.000467315679824
1063 -0.000402940459529
1064 -0.000361097213337
1065 -0.000328497217221
1066 -0.000299576591933
1067 -0.0002741080352
1068 -0.000244082797681
1069 -0.000215638827746
1070 -0.000188887065238
1071 -0.00016108762374
1072 -0.000133027903955
1073 -0.000107293159472
1074 -8.46436271042e-05
1075 -6.44041788263e-05
1076 -4.65934243429e-05
1077 -3.14682750759e-05
1078 -1.88739727222e-05
1079 -8.13869757329e-06
1080 8.10894801409e-07
1081 8.07887776557e-06
1082 1.40922886505e-05
1083 1.8791194284e-05
1084 2.25130828721e-05
1085 2.54178085513e-05
1086 2.76662850909e-05
1087 2.92973184222e-05
1088 3.04854853037e-05
1089 3.10965841594e-05
1090 3.14406617609e-05
1091 3.15039419688e-05
1092 3.13198794102e-05
1093 3.09048414414e-05
1094 3.03626451857e-05
1095 2.97290545313e-05
1096 2.91707579165e-05
1097 2.85267958052e-05
1098 2.78369020042e-05
1099 2.71065895162e-05
1100 -0.00124509205861
1101 -0.00118094993136
1102 -0.00109900297066
1103 -0.00108380211088
1104 -0.0010040781477
1105 -0.000930799983988
1106 -0.00085870970764
1107 -0.000785199748796
1108 -0.000698297593166
1109 -0.000618274827025
1110 -0.00055413615983
1111 -0.000489979474686
1112 -0.000448782903336
1113 -0.0004058483899
1114 -0.000377328044056
1115 -0.000350848453571
1116 -0.000323080764612
1117 -0.000295996772384
1118 -0.000263532771275
1119 -0.000232941690353
1120 -0.000204822485318
1121 -0.000176032056035
1122 -0.000147327940938
1123 -0.000121157203313
1124 -9.82661539724e-05
1125 -7.77215096152e-05
1126 -5.94591032424e-05
1127 -4.39280375999e-05
1128 -3.09112087415e-05
1129 -1.96368652838e-05
1130 -1.00306362651e-05
1131 -2.22890585038e-06
1132 4.34312353326e-06
1133 9.72200230136e-06
1134 1.40596360121e-05
1135 1.75556821193e-05
1136 2.0340336759e-05
1137 2.24932470135e-05
1138 2.4175873944e-05
1139 2.52591358777e-05
1140 2.60493053127e-05
1141 2.65250698207e-05
1142 2.67428253071e-05
1143 2.67057940793e-05
1144 2.65017842115e-05
1145 2.61932804001e-05
1146 2.58990372252e-05
1147 2.55114298043e-05
1148 2.50537179712e-05
1149 2.45367359692e-05
1150 -0.00102101129125
1151 -0.00096669198177
1152 -0.00089967808597
1153 -0.000886913521562
1154 -0.000823128631923
1155 -0.000766370108773
1156 -0.000714605195416
1157 -0.000664868111629
1158 -0.000607407923521
1159 -0.000557598098191
1160 -0.00052139259769
1161 -0.000481060556112
1162 -0.000456502270387
1163 -0.000422970383477
1164 -0.0003982881939
1165 -0.00037155099051
1166 -0.000341646239287
1167 -0.00031196707792
1168 -0.000277278039128
1169 -0.00024520163354
1170 -0.000216295838516
1171 -0.00018711582076
1172 -0.00015830102168
1173 -0.000132072180986
1174 -0.000109253039464
1175 -8.87018613947e-05
1176 -7.02891271654e-05
1177 -5.45639454136e-05
1178 -4.13051962415e-05
1179 -2.96916815037e-05
1180 -1.96018604524e-05
1181 -1.14174098214e-05
1182 -4.4274775291e-06
1183 1.48547732476e-06
1184 6.33085590467e-06
1185 1.03053184492e-05
1186 1.35533929195e-05
1187 1.61585997687e-05
1188 1.82510869567e-05
1189 1.97773095566e-05
1190 2.09604912882e-05
1191 2.18093685315e-05
1192 2.23895761683e-05
1193 2.27040791024e-05
1194 2.28237799277e-05
1195 2.27990123062e-05
1196 2.27618089543e-05
1197 2.26118626707e-05
1198 2.237303228e-05
1199 2.20398401643e-05
1200 -0.000837894350322
1201 -0.000795497615808
1202 -0.000744638378883
1203 -0.000739945013293
1204 -0.000696673431013
1205 -0.000661032936037
1206 -0.000632700199259
1207 -0.000606690397874
1208 -0.000573262833249
1209 -0.000544060439704
1210 -0.000523891628476
1211 -0.000493611950899
1212 -0.000474305345798
1213 -0.000441307808475
1214 -0.00041533297471
1215 -0.000385927800188
1216 -0.000353421749691
1217 -0.000321597895577
1218 -0.00028550393064
1219 -0.000252687552647
1220 -0.00022366192005
1221 -0.000194781525902
1222 -0.000166258761688
1223 -0.00014034859817
1224 -0.000117861049599
1225 -9.7578339549e-05
1226 -7.92271371926e-05
1227 -6.35150499968e-05
1228 -5.0195481211e-05
1229 -3.8398176847e-05
1230 -2.79839133254e-05
1231 -1.95533937147e-05
1232 -1.22649532427e-05
1233 -5.92907005761e-06
1234 -6.78411267635e-07
1235 3.6895935355e-06
1236 7.31915496071e-06
1237 1.03120079543e-05
1238 1.27720136218e-05
1239 1.46781223952e-05
1240 1.6208038879e-05
1241 1.73907766316e-05
1242 1.82866882114e-05
1243 1.89105299329e-05
1244 1.93136403448e-05
1245 1.95523588496e-05
1246 1.97481003164e-05
1247 1.98033360789e-05
1248 1.97569537416e-05
1249 1.96147332144e-05
1250 -0.00074128163027
1251 -0.000707058419206
1252 -0.000668161008161
1253 -0.000672293695323
1254 -0.000644294336628
1255 -0.000623965708216
1256 -0.000610964669669
1257 -0.000598232541684
1258 -0.000576072945331
1259 -0.000554566782333
1260 -0.00053849995496
1261 -0.000509046181685
1262 -0.00048861648642
1263 -0.000452802804582
1264 -0.000424049724717
1265 -0.000392293179388
1266 -0.000357915715894
1267 -0.000324919462117
1268 -0.000288520518936
1269 -0.000255933514689
1270 -0.000227471178559
1271 -0.000199250830185
1272 -0.000171469271182
1273 -0.000146246790462
1274 -0.000124328596238
1275 -0.000104500412528
1276 -8.64128389482e-05
1277 -7.08814687174e-05
1278 -5.76754067292e-05
1279 -4.58253956771e-05
1280 -3.52477137679e-05
1281 -2.66838215911e-05
1282 -1.91926834965e-05
1283 -1.25441379342e-05
1284 -6.98315488567e-06
1285 -2.29965089635e-06
1286 1.64255962592e-06
1287 4.95708576385e-06
1288 7.71820118896e-06
1289 9.94275633806e-06
1290 1.17762452241e-05
1291 1.32531237145e-05
1292 1.44292554705e-05
1293 1.53238510281e-05
1294 1.59809922403e-05
1295 1.64597503908e-05
1296 1.68660652815e-05
1297 1.71224994334e-05
1298 1.72510721753e-05
1299 1.72795434965e-05
1300 -0.000717518639423
1301 -0.000686633095428
1302 -0.000652801606948
1303 -0.000661796855137
1304 -0.000640124466641
1305 -0.0006254631517
1306 -0.000617283534352
1307 -0.000608247894493
1308 -0.000587456755331
1309 -0.000565875437709
1310 -0.000548222533949
1311 -0.000516311190256
1312 -0.00049318269979
1313 -0.000454803052336
1314 -0.000424060761241
1315 -0.000390889887629
1316 -0.000356101857695
1317 -0.00032327812807
1318 -0.000287538444922
1319 -0.000255852556304
1320 -0.0002283841251
1321 -0.000201299684294
1322 -0.000174488535921
1323 -0.000150206236983
1324 -0.000128975381845
1325 -0.00010977020176
1326 -9.21195367837e-05
1327 -7.68705438621e-05
1328 -6.38877951496e-05
1329 -5.21061643112e-05
1330 -4.14785774421e-05
1331 -3.28742961652e-05
1332 -2.52678932542e-05
1333 -1.84022075743e-05
1334 -1.26052987452e-05
1335 -7.67747960713e-06
1336 -3.48627102662e-06
1337 8.52928686548e-08
1338 3.09341398578e-06
1339 5.5948234449e-06
1340 7.68750285957e-06
1341 9.41624828913e-06
1342 1.08345016571e-05
1343 1.1962721334e-05
1344 1.28407873039e-05
1345 1.35295382245e-05
1346 1.41180338885e-05
1347 1.45458581952e-05
1348 1.48384127546e-05
1349 1.50153109061e-05
1350 -0.00072310445228
1351 -0.000692680246488
1352 -0.000659707892467
1353 -0.00066947350514
1354 -0.000648183319116
1355 -0.000633341943633
1356 -0.000624662898774
1357 -0.000614332148946
1358 -0.000591335065227
1359 -0.000567452849795
1360 -0.000547229308305
1361 -0.000512888735289
1362 -0.000487895761951
1363 -0.000448224556653
1364 -0.000416811417606
1365 -0.00038372953103
1366 -0.000349390100619
1367 -0.000317589014333
1368 -0.00028314716161
1369 -0.000252798529571
1370 -0.000226650367101
1371 -0.000200875351336
1372 -0.000175299827723
1373 -0.000152117007643
1374 -0.000131840700723
1375 -0.000113388790061
1376 -9.6304195359e-05
1377 -8.15034768869e-05
1378 -6.88926939243e-05
1379 -5.72962285653e-05
1380 -4.67062072985e-05
1381 -3.815159945e-05
1382 -3.05211295586e-05
1383 -2.35192901141e-05
1384 -1.75653218652e-05
1385 -1.24719263488e-05
1386 -8.09002730914e-06
1387 -4.32140279991e-06
1388 -1.11735924753e-06
1389 1.60739686988e-06
1390 3.91052749544e-06
1391 5.84860703639e-06
1392 7.47493689392e-06
1393 8.80875355986e-06
1394 9.88713918109e-06
1395 1.07645373229e-05
1396 1.15205524164e-05
1397 1.21081476669e-05
1398 1.25489744895e-05
1399 1.28594945714e-05
1400 -0.000724113819371
1401 -0.000693501738669
1402 -0.000659653847123
1403 -0.000668424152165
1404 -0.000646300193297
1405 -0.000629690443778
1406 -0.000619141053596
1407 -0.000606735576908
1408 -0.000582140027915
1409 -0.000556499136877
1410 -0.000534530895195
1411 -0.000499563765893
1412 -0.000474032590057
1413 -0.000434730440954
1414 -0.000403972280099
1415 -0.000371946457037
1416 -0.000339042228025
1417 -0.000308848356341
1418 -0.000276241309535
1419 -0.000247629015551
1420 -0.000223125912268
1421 -0.000198883555682
1422 -0.0001746845044
1423 -0.000152711966081
1424 -0.00013340298758
1425 -0.000115807692793
1426 -9.9390438011e-05
1427 -8.50762616781e-05
1428 -7.28417166902e-05
1429 -6.15166582094e-05
1430 -5.10536418102e-05
1431 -4.26042549096e-05
1432 -3.50188145501e-05
1433 -2.79421538349e-05
1434 -2.19072843764e-05
1435 -1.67037465935e-05
1436 -1.21869868652e-05
1437 -8.279196243e-06
1438 -4.92177066285e-06
1439 -2.01931340575e-06
1440 4.55066567451e-07
1441 2.56421232927e-06
1442 4.36292174942e-06
1443 5.87224259144e-06
1444 7.12133244929e-06
1445 8.16014827978e-06
1446 9.05493653974e-06
1447 9.78640931385e-06
1448 1.03606705335e-05
1449 1.07969466695e-05
1450 -0.000709445427397
1451 -0.000679123274955
1452 -0.000645114837931
1453 -0.000652893365216
1454 -0.000630245696462
1455 -0.000612284712635
1456 -0.000600599087127
1457 -0.000587122927292
1458 -0.000561607057755
1459 -0.00053584706298
1460 -0.000513584470449
1461 -0.000479385527324
1462 -0.000454390138413
1463 -0.000416662319051
1464 -0.000387471337019
1465 -0.000357292213068
1466 -0.000326562050697
1467 -0.000298178404243
1468 -0.000267714049412
1469 -0.000240975589307
1470 -0.000218136696058
1471 -0.000195475754922
1472 -0.000172719891948
1473 -0.000152000881701
1474 -0.000133766718301
1475 -0.000117085354473
1476 -0.000101394153625
1477 -8.76667221178e-05
1478 -7.58709375245e-05
1479 -6.48527630015e-05
1480 -5.45757978095e-05
1481 -4.62871920727e-05
1482 -3.880099549e-05
1483 -3.17176785427e-05
1484 -2.5656413906e-05
1485 -2.04042822613e-05
1486 -1.58061587904e-05
1487 -1.18078557423e-05
1488 -8.3430546486e-06
1489 -5.3064612853e-06
1490 -2.69749754619e-06
1491 -4.49216816928e-07
1492 1.48868513265e-06
1493 3.14430231825e-06
1494 4.54187857253e-06
1495 5.72429123735e-06
1496 6.74567405964e-06
1497 7.59798482346e-06
1498 8.29047676928e-06
1499 8.83874317542e-06
1500 -0.000680337699193
1501 -0.000650818544956
1502 -0.000618110505354
1503 -0.000624942671061
1504 -0.000602336753989
1505 -0.000584552774205
1506 -0.000572466435116
1507 -0.000558961168433
1508 -0.000533923176422
1509 -0.000509089152108
1510 -0.000487604884202
1511 -0.000455086435195
1512 -0.000431617601178
1513 -0.000395990796899
1514 -0.000369015701124
1515 -0.000340934956925
1516 -0.000312375167698
1517 -0.000286061088362
1518 -0.00025786366305
1519 -0.000233058030596
1520 -0.000212005720411
1521 -0.000190940683938
1522 -0.000169694938261
1523 -0.000150249632936
1524 -0.000133127173618
1525 -0.000117367181071
1526 -0.0001024534938
1527 -8.93565446359e-05
1528 -7.80320754108e-05
1529 -6.73808670877e-05
1530 -5.7354181901e-05
1531 -4.92940667397e-05
1532 -4.19491732065e-05
1533 -3.49248444494e-05
1534 -2.88790488611e-05
1535 -2.36101760446e-05
1536 -1.89915528367e-05
1537 -1.49304041385e-05
1538 -1.14019686721e-05
1539 -8.26756466153e-06
1540 -5.55956473696e-06
1541 -3.20430034383e-06
1542 -1.153721744e-06
1543 6.22131816479e-07
1544 2.14671286591e-06
1545 3.44891695994e-06
1546 4.57734027812e-06
1547 5.5349122901e-06
1548 6.33219603883e-06
1549 6.98471010733e-06
1550 -0.000641729111686
1551 -0.000613748441176
1552 -0.000583227753239
1553 -0.000589274893291
1554 -0.00056758744264
1555 -0.000550655420577
1556 -0.000538925638897
1557 -0.000526001920592
1558 -0.000502272825944
1559 -0.000479047352794
1560 -0.000458973476182
1561 -0.00042864244813
1562 -0.00040710196909
1563 -0.000374068179334
1564 -0.000349342232605
1565 -0.000323544877155
1566 -0.000297334567365
1567 -0.000273151803794
1568 -0.000247283552441
1569 -0.000224502940485
1570 -0.000205072587156
1571 -0.00018563064368
1572 -0.00016588112882
1573 -0.000147778155688
1574 -0.000131772834808
1575 -0.000116925261747
1576 -0.000102789479335
1577 -9.025563277e-05
1578 -7.94490918255e-05
1579 -6.9167032617e-05
1580 -5.94381611454e-05
1581 -5.16255156705e-05
1582 -4.44845388377e-05
1583 -3.75568297232e-05
1584 -3.1607728519e-05
1585 -2.63864455221e-05
1586 -2.17568748987e-05
1587 -1.76825388525e-05
1588 -1.41282862413e-05
1589 -1.09275066582e-05
1590 -8.14669260274e-06
1591 -5.71075259312e-06
1592 -3.57186566528e-06
1593 -1.69884155868e-06
1594 -7.03405444403e-08
1595 1.33523252963e-06
1596 2.55698381951e-06
1597 3.60394166961e-06
1598 4.49447697346e-06
1599 5.24385278938e-06
1600 -0.000598586092553
1601 -0.000573152304643
1602 -0.000544147887698
1603 -0.000549756319594
1604 -0.000529478203495
1605 -0.000513841168996
1606 -0.000502869163855
1607 -0.000490906345161
1608 -0.000469154840826
1609 -0.000447776609347
1610 -0.000429482976592
1611 -0.000401846842291
1612 -0.000382297080266
1613 -0.000352077931379
1614 -0.000329595880112
1615 -0.000306072867462
1616 -0.000282149786935
1617 -0.000260165051486
1618 -0.00023641007364
1619 -0.000215477126367
1620 -0.000197707530605
1621 -0.000179791642632
1622 -0.000161521192631
1623 -0.000144617736142
1624 -0.000129685765724
1625 -0.00011574745808
1626 -0.000102366743843
1627 -9.04691447869e-05
1628 -8.01951746801e-05
1629 -7.03320339397e-05
1630 -6.09338302355e-05
1631 -5.34183823637e-05
1632 -4.64903405856e-05
1633 -3.96992425885e-05
1634 -3.38496158604e-05
1635 -2.87066486331e-05
1636 -2.41254387483e-05
1637 -2.00766535299e-05
1638 -1.65239600927e-05
1639 -1.32864730905e-05
1640 -1.046372396e-05
1641 -7.97485524266e-06
1642 -5.77108442167e-06
1643 -3.82268166294e-06
1644 -2.11126283476e-06
1645 -6.20529809964e-07
1646 6.7983831825e-07
1647 1.80798611232e-06
1648 2.77847292959e-06
1649 3.60887600775e-06
1650 -0.000554662026533
1651 -0.000530923053795
1652 -0.000504024449603
1653 -0.000509319696348
1654 -0.000490706419676
1655 -0.000476250291676
1656 -0.000466455603799
1657 -0.000455679447721
1658 -0.000435920405122
1659 -0.000416903636104
1660 -0.000400280017528
1661 -0.000375276073004
1662 -0.000357654212061
1663 -0.000330241832119
1664 -0.000309959923142
1665 -0.000288696012397
1666 -0.000267053932865
1667 -0.000247072855548
1668 -0.000225417267327
1669 -0.000206310673768
1670 -0.000190136569752
1671 -0.000173691535806
1672 -0.000156782033421
1673 -0.000141104027596
1674 -0.000127134745043
1675 -0.00011406301605
1676 -0.000101429328125
1677 -9.0132499317e-05
1678 -8.04039900323e-05
1679 -7.09919826015e-05
1680 -6.19471474093e-05
1681 -5.47081490818e-05
1682 -4.80196759792e-05
1683 -4.14113182391e-05
1684 -3.57098999672e-05
1685 -3.06843777271e-05
1686 -2.61762744851e-05
1687 -2.21773564675e-05
1688 -1.86433415074e-05
1689 -1.54012746995e-05
1690 -1.25531241223e-05
1691 -1.00253421009e-05
1692 -7.77243682239e-06
1693 -5.76534714025e-06
1694 -3.98304953977e-06
1695 -2.42195449663e-06
1696 -1.05705790893e-06
1697 1.39732256941e-07
1698 1.18238972558e-06
1699 2.08489968984e-06
1700 -0.000511197734345
1701 -0.000489565708657
1702 -0.000465073006661
1703 -0.000470126413842
1704 -0.000453213955778
1705 -0.000440010093686
1706 -0.000431392939466
1707 -0.000421830117396
1708 -0.0004040686349
1709 -0.000387051443236
1710 -0.00037224493679
1711 -0.00034965944769
1712 -0.000333997985972
1713 -0.000309171212227
1714 -0.000290937953481
1715 -0.000271801983347
1716 -0.000252223991724
1717 -0.000234089023932
1718 -0.000214419205181
1719 -0.000197006987973
1720 -0.000182254967806
1721 -0.000167172486026
1722 -0.000151535131559
1723 -0.000136982368177
1724 -0.000123989459953
1725 -0.000111752586089
1726 -9.98979611851e-05
1727 -8.9218869375e-05
1728 -8.00425912374e-05
1729 -7.10945959921e-05
1730 -6.24266361125e-05
1731 -5.55225373791e-05
1732 -4.91395290776e-05
1733 -4.27547999134e-05
1734 -3.72166766135e-05
1735 -3.23177100364e-05
1736 -2.79175525414e-05
1737 -2.39927180251e-05
1738 -2.05002674435e-05
1739 -1.72652483325e-05
1740 -1.44094528963e-05
1741 -1.18642858737e-05
1742 -9.58037679646e-06
1743 -7.5311573341e-06
1744 -5.69202270768e-06
1745 -4.07166998314e-06
1746 -2.6504679986e-06
1747 -1.39609466733e-06
1748 -2.92065354072e-07
1749 6.71209816658e-07
1750 -0.000469897892971
1751 -0.000449966260095
1752 -0.000428007989225
1753 -0.000432856503824
1754 -0.000417547165304
1755 -0.000405723981477
1756 -0.000398063470216
1757 -0.000389786966005
1758 -0.000373887337527
1759 -0.00035874325394
1760 -0.000345671616697
1761 -0.000325330179859
1762 -0.000311497393751
1763 -0.000289071604527
1764 -0.000272772013527
1765 -0.000255621227937
1766 -0.000237947175958
1767 -0.000221635844296
1768 -0.000203788698007
1769 -0.000187959304776
1770 -0.000174474663148
1771 -0.000160747786588
1772 -0.000146267229109
1773 -0.000132770112739
1774 -0.000120644224857
1775 -0.000109224490104
1776 -9.80797308882e-05
1777 -8.80081446995e-05
1778 -7.93519993517e-05
1779 -7.08655702667e-05
1780 -6.25858535808e-05
1781 -5.6022976149e-05
1782 -4.99220851598e-05
1783 -4.37562197271e-05
1784 -3.84167608982e-05
1785 -3.36770435931e-05
1786 -2.93673802404e-05
1787 -2.55181561622e-05
1788 -2.20845107389e-05
1789 -1.88752201532e-05
1790 -1.60352820037e-05
1791 -1.34888649234e-05
1792 -1.1190278774e-05
1793 -9.11346343595e-06
1794 -7.23320293437e-06
1795 -5.5684483295e-06
1796 -4.10560070117e-06
1797 -2.80763305808e-06
1798 -1.65211702841e-06
1799 -6.35352622126e-07
1800 -0.000431633870041
1801 -0.000413741263227
1802 -0.000393675195297
1803 -0.000398373554322
1804 -0.00038456468147
1805 -0.000374053222966
1806 -0.000367303447427
1807 -0.000360123188258
1808 -0.0003459829829
1809 -0.000332556871932
1810 -0.000320990045286
1811 -0.0003028121183
1812 -0.000290525391075
1813 -0.00027026045833
1814 -0.000255789509419
1815 -0.000240342588157
1816 -0.00022439083216
1817 -0.000209647481518
1818 -0.000193441888036
1819 -0.000179013994023
1820 -0.000166675648968
1821 -0.000154058559441
1822 -0.000140693222033
1823 -0.000128172286903
1824 -0.000116932008849
1825 -0.000106305477584
1826 -9.58816024797e-05
1827 -8.6414213888e-05
1828 -7.82722515737e-05
1829 -7.02409806327e-05
1830 -6.236533607e-05
1831 -5.61605283201e-05
1832 -5.03597135045e-05
1833 -4.44548052414e-05
1834 -3.93472537483e-05
1835 -3.4782942688e-05
1836 -3.05796286515e-05
1837 -2.68244980473e-05
1838 -2.34572079319e-05
1839 -2.02921789817e-05
1840 -1.74708865556e-05
1841 -1.49336236236e-05
1842 -1.26277531923e-05
1843 -1.05373186361e-05
1844 -8.62280308348e-06
1845 -6.92492164714e-06
1846 -5.43164107825e-06
1847 -4.09674091939e-06
1848 -2.89929979887e-06
1849 -1.83784430864e-06
1850 -0.000396366242049
1851 -0.000380475326197
1852 -0.000361780344632
1853 -0.000366342970749
1854 -0.000353796711112
1855 -0.000344497573479
1856 -0.000338567749882
1857 -0.000332412923302
1858 -0.000319824340679
1859 -0.000307992937775
1860 -0.000297766140802
1861 -0.000281666971296
1862 -0.000270823291912
1863 -0.000252671344133
1864 -0.000239789664575
1865 -0.000225934880728
1866 -0.000211554127066
1867 -0.000198153609957
1868 -0.000183394055842
1869 -0.000170275621634
1870 -0.000158997454503
1871 -0.000147380085102
1872 -0.000135090136929
1873 -0.000123487651193
1874 -0.000113077908197
1875 -0.000103175040217
1876 -9.34219708511e-05
1877 -8.45158715359e-05
1878 -7.68978256766e-05
1879 -6.93415856208e-05
1880 -6.18986462706e-05
1881 -5.60494279244e-05
1882 -5.05665570973e-05
1883 -4.49273992228e-05
1884 -4.00149181898e-05
1885 -3.561101118e-05
1886 -3.15329239956e-05
1887 -2.78999255505e-05
1888 -2.46166349254e-05
1889 -2.15035419044e-05
1890 -1.87166059172e-05
1891 -1.62008133976e-05
1892 -1.38967495979e-05
1893 -1.17950213402e-05
1894 -9.85931701828e-06
1895 -8.14333299597e-06
1896 -6.62928054143e-06
1897 -5.26491171847e-06
1898 -4.03583358026e-06
1899 -2.93829514221e-06
1900 -0.00036429358373
1901 -0.00034960813157
1902 -0.000332830443515
1903 -0.000337047064049
1904 -0.000325931583873
1905 -0.0003176050091
1906 -0.000312523821693
1907 -0.000307234095716
1908 -0.000296029609025
1909 -0.000285686059556
1910 -0.000276614661754
1911 -0.000262216242336
1912 -0.000252581194155
1913 -0.000236131462725
1914 -0.000224616207704
1915 -0.000212122711376
1916 -0.000199121567673
1917 -0.000186956952044
1918 -0.00017352510221
1919 -0.000161579997694
1920 -0.000151292541932
1921 -0.00014066954962
1922 -0.000129363051801
1923 -0.000118632526405
1924 -0.000109043346377
1925 -9.98546300594e-05
1926 -9.08059941245e-05
1927 -8.24855652848e-05
1928 -7.53899937182e-05
1929 -6.82947462742e-05
1930 -6.12708786678e-05
1931 -5.57659227358e-05
1932 -5.05869369562e-05
1933 -4.51905718212e-05
1934 -4.0482039598e-05
1935 -3.62366169435e-05
1936 -3.22928574565e-05
1937 -2.87688209463e-05
1938 -2.55753129936e-05
1939 -2.25214606005e-05
1940 -1.97765292756e-05
1941 -1.72885295858e-05
1942 -1.49947808165e-05
1943 -1.28966792128e-05
1944 -1.09556065325e-05
1945 -9.23104020665e-06
1946 -7.69926847338e-06
1947 -6.31769386188e-06
1948 -5.06429189686e-06
1949 -3.9433985355e-06
1950 -0.000335137207034
1951 -0.000321484555505
1952 -0.000306480549465
1953 -0.000310443507305
1954 -0.000300441106478
1955 -0.000293106564359
1956 -0.000288663275576
1957 -0.00028403097003
1958 -0.000274055369265
1959 -0.000264988528717
1960 -0.000256897405397
1961 -0.000243989422816
1962 -0.000235458518259
1963 -0.000220531948088
1964 -0.000210244522224
1965 -0.000199023161273
1966 -0.000187282367284
1967 -0.000176259506294
1968 -0.000164117185216
1969 -0.00015323771219
1970 -0.000143878037334
1971 -0.000134188959368
1972 -0.000123759615788
1973 -0.000113847375492
1974 -0.000104964314617
1975 -9.64239053866e-05
1976 -8.80281721643e-05
1977 -8.02514210917e-05
1978 -7.36638659251e-05
1979 -6.70389282646e-05
1980 -6.04350132403e-05
1981 -5.52703482829e-05
1982 -5.03719271184e-05
1983 -4.52243411315e-05
1984 -4.07248961251e-05
1985 -3.66892782183e-05
1986 -3.28852009413e-05
1987 -2.94712969823e-05
1988 -2.63641436315e-05
1989 -2.33706617761e-05
1990 -2.06692798861e-05
1991 -1.82153963539e-05
1992 -1.59424702505e-05
1993 -1.38561931169e-05
1994 -1.19167073655e-05
1995 -1.0185638421e-05
1996 -8.64545672322e-06
1997 -7.25699032988e-06
1998 -5.9922192644e-06
1999 -4.85554804651e-06
2000 -0.000308559415449
2001 -0.000296180000559
2002 -0.000282476677205
2003 -0.000286222356943
2004 -0.000277196538629
2005 -0.000270710387857
2006 -0.000266748627391
2007 -0.000262787234258
2008 -0.000253855784095
2009 -0.000245882288416
2010 -0.000238743291063
2011 -0.000227112831393
2012 -0.000219592817418
2013 -0.000206144251568
2014 -0.000196934302341
2015 -0.000186756759349
2016 -0.000176124051365
2017 -0.000166107039597
2018 -0.000155063717638
2019 -0.000145173353884
2020 -0.000136653591667
2021 -0.000127819462761
2022 -0.000118189723305
2023 -0.000109043063157
2024 -0.000100902692012
2025 -9.30227739863e-05
2026 -8.52433540753e-05
2027 -7.80100944669e-05
2028 -7.19149715672e-05
2029 -6.5740400433e-05
2030 -5.95190951673e-05
2031 -5.46563795843e-05
2032 -5.00380501369e-05
2033 -4.5137309787e-05
2034 -4.08694597651e-05
2035 -3.69815000993e-05
2036 -3.32926844789e-05
2037 -3.00057698046e-05
2038 -2.69963924733e-05
2039 -2.40668725909e-05
2040 -2.14158016447e-05
2041 -1.89983214154e-05
2042 -1.67550877826e-05
2043 -1.46876485626e-05
2044 -1.27567022451e-05
2045 -1.10294251759e-05
2046 -9.49075600181e-06
2047 -8.10015987059e-06
2048 -6.8283656513e-06
2049 -5.67985828358e-06
2050 -0.000284617565013
2051 -0.00027330231432
2052 -0.000260797678611
2053 -0.000264456723223
2054 -0.000256276694913
2055 -0.000250477618875
2056 -0.000246921491016
2057 -0.000243524118938
2058 -0.000235536861865
2059 -0.000228475514668
2060 -0.000222076932345
2061 -0.000211580660571
2062 -0.000204887842281
2063 -0.000192643721244
2064 -0.000184386251901
2065 -0.000175209726751
2066 -0.000165568506102
2067 -0.00015650358735
2068 -0.000146445243611
2069 -0.000137441525359
2070 -0.000129647970677
2071 -0.000121592542933
2072 -0.000112757961429
2073 -0.000104376605858
2074 -9.6894755796e-05
2075 -8.96512320054e-05
2076 -8.24632053935e-05
2077 -7.57263714656e-05
2078 -7.007992327e-05
2079 -6.43109789335e-05
2080 -5.84385965737e-05
2081 -5.38846242929e-05
2082 -4.95347344378e-05
2083 -4.4876628033e-05
2084 -4.0794447549e-05
2085 -3.70730525269e-05
2086 -3.35287527335e-05
2087 -3.03605157301e-05
2088 -2.74329324892e-05
2089 -2.45843996603e-05
2090 -2.19867399505e-05
2091 -1.96282435514e-05
2092 -1.74209225354e-05
2093 -1.53893837656e-05
2094 -1.34656224976e-05
2095 -1.17566990952e-05
2096 -1.02322701396e-05
2097 -8.84983941383e-06
2098 -7.58174184306e-06
2099 -6.43080889051e-06
2100 -0.000262684821044
2101 -0.000252384374241
2102 -0.000240823589469
2103 -0.000244295163744
2104 -0.000236873717971
2105 -0.000231752290353
2106 -0.000228504695756
2107 -0.000225591846021
2108 -0.000218451706837
2109 -0.000212167035746
2110 -0.000206431956356
2111 -0.00019702283666
2112 -0.000191081461613
2113 -0.000180025982837
2114 -0.000172620331128
2115 -0.000164374341096
2116 -0.000155650273089
2117 -0.000147419286447
2118 -0.000138285039111
2119 -0.000130106725093
2120 -0.000123020637844
2121 -0.000115655316377
2122 -0.000107596057628
2123 -9.99051780913e-05
2124 -9.30556299785e-05
2125 -8.63863080529e-05
2126 -7.97483609721e-05
2127 -7.34782360147e-05
2128 -6.82470827643e-05
2129 -6.28374431528e-05
2130 -5.73158262159e-05
2131 -5.30524598226e-05
2132 -4.8952674085e-05
2133 -4.4526595099e-05
2134 -4.06292158072e-05
2135 -3.70739901317e-05
2136 -3.3643539981e-05
2137 -3.05837766629e-05
2138 -2.77368116112e-05
2139 -2.49539234248e-05
2140 -2.24220888954e-05
2141 -2.01216474023e-05
2142 -1.79585009983e-05
2143 -1.5956345049e-05
2144 -1.40630748131e-05
2145 -1.23786589097e-05
2146 -1.0876865839e-05
2147 -9.51251093976e-06
2148 -8.25431098506e-06
2149 -7.10811384797e-06
2150 -0.000242362808527
2151 -0.000232888754498
2152 -0.00022236869573
2153 -0.000225694966022
2154 -0.000218948240356
2155 -0.000214405948606
2156 -0.000211527844685
2157 -0.00020902450932
2158 -0.000202594386944
2159 -0.000197136312761
2160 -0.000192012860694
2161 -0.000183476578609
2162 -0.000178211219464
2163 -0.000168213896873
2164 -0.00016158259579
2165 -0.000154116842113
2166 -0.00014621005195
2167 -0.000138759968352
2168 -0.000130502421372
2169 -0.000123114309117
2170 -0.000116695092067
2171 -0.000110016286881
2172 -0.000102663494079
2173 -9.56082996869e-05
2174 -8.93262445916e-05
2175 -8.31870132725e-05
2176 -7.70415721021e-05
2177 -7.11999135103e-05
2178 -6.63656094967e-05
2179 -6.1311588892e-05
2180 -5.61258488762e-05
2181 -5.21296661766e-05
2182 -4.82575505904e-05
2183 -4.40521341952e-05
2184 -4.0329085263e-05
2185 -3.69203543473e-05
2186 -3.36081333077e-05
2187 -3.06543811661e-05
2188 -2.79030007296e-05
2189 -2.52118509833e-05
2190 -2.27493201298e-05
2191 -2.05020663395e-05
2192 -1.83786801786e-05
2193 -1.64162437414e-05
2194 -1.45583875323e-05
2195 -1.29099484434e-05
2196 -1.14333372094e-05
2197 -1.00940455315e-05
2198 -8.85126055152e-06
2199 -7.71480653898e-06
2200 -0.000223966168092
2201 -0.000215251833057
2202 -0.000205578196486
2203 -0.000208742180858
2204 -0.000202668964617
2205 -0.000198626899274
2206 -0.000196017120057
2207 -0.000193822312997
2208 -0.000188010269603
2209 -0.000183216625423
2210 -0.000178715731103
2211 -0.0001709720526
2212 -0.00016629531228
2213 -0.000157178935677
2214 -0.000151290156446
2215 -0.000144550788297
2216 -0.000137436905471
2217 -0.000130696424137
2218 -0.000123245710332
2219 -0.000116566663833
2220 -0.000110745515619
2221 -0.00010470496213
2222 -9.79649092143e-05
2223 -9.15003273786e-05
2224 -8.57462460159e-05
2225 -8.0062399966e-05
2226 -7.43898645862e-05
2227 -6.89408646542e-05
2228 -6.44654331086e-05
2229 -5.97507401275e-05
2230 -5.48774213186e-05
2231 -5.11199717778e-05
2232 -4.74539213227e-05
2233 -4.34444032682e-05
2234 -3.9887878648e-05
2235 -3.66231733367e-05
2236 -3.34310201543e-05
2237 -3.05903162996e-05
2238 -2.79409253258e-05
2239 -2.53401404839e-05
2240 -2.29423038948e-05
2241 -2.07519472856e-05
2242 -1.86944754434e-05
2243 -1.67817281939e-05
2244 -1.49665626578e-05
2245 -1.33572656769e-05
2246 -1.19150101111e-05
2247 -1.06057870869e-05
2248 -9.38848704105e-06
2249 -8.26658282309e-06
2250 -0.00020729542865
2251 -0.000199023138433
2252 -0.000190277661246
2253 -0.000193281480795
2254 -0.000187720676899
2255 -0.000184151533704
2256 -0.000181801338588
2257 -0.000179871253499
2258 -0.000174634994138
2259 -0.000170396327775
2260 -0.000166392320614
2261 -0.000159371509893
2262 -0.000155213105839
2263 -0.000146977087447
2264 -0.000141731212511
2265 -0.00013567271144
2266 -0.000129230981132
2267 -0.000123160300098
2268 -0.000116417607812
2269 -0.000110396577033
2270 -0.000105130214909
2271 -9.96746618236e-05
2272 -9.34982805636e-05
2273 -8.75611951849e-05
2274 -8.23210330572e-05
2275 -7.70731894817e-05
2276 -7.18362062559e-05
2277 -6.673885984e-05
2278 -6.25702521762e-05
2279 -5.81407130289e-05
2280 -5.35493312049e-05
2281 -5.00106630118e-05
2282 -4.65483825028e-05
2283 -4.27377999697e-05
2284 -3.93295290768e-05
2285 -3.62034424062e-05
2286 -3.31346070369e-05
2287 -3.04128118643e-05
2288 -2.78598554497e-05
2289 -2.53401159281e-05
2290 -2.30181465969e-05
2291 -2.09090420642e-05
2292 -1.89166112626e-05
2293 -1.70615216822e-05
2294 -1.52988623939e-05
2295 -1.37375929877e-05
2296 -1.23369234794e-05
2297 -1.106017149e-05
2298 -9.86264231537e-06
2299 -8.74911430732e-06
2300 -0.00019186801122
2301 -0.000184155615575
2302 -0.000176221956891
2303 -0.000178999589944
2304 -0.000174025605068
2305 -0.000170841909414
2306 -0.000168695447848
2307 -0.000167044900698
2308 -0.000162321208516
2309 -0.000158616334478
2310 -0.000155016844944
2311 -0.000148675045584
2312 -0.000145011816732
2313 -0.000137573367523
2314 -0.000132905474359
2315 -0.000127465380278
2316 -0.000121701049955
2317 -0.000116225478489
2318 -0.000110169000726
2319 -0.000104704441784
2320 -9.99452317204e-05
2321 -9.49740752598e-05
2322 -8.92955877621e-05
2323 -8.3823450826e-05
2324 -7.90030881363e-05
2325 -7.41623634079e-05
2326 -6.93071966787e-05
2327 -6.45611185849e-05
2328 -6.06753114801e-05
2329 -5.65368326294e-05
2330 -5.22115982881e-05
2331 -4.88665727469e-05
2332 -4.55873518956e-05
2333 -4.19482050834e-05
2334 -3.86793217413e-05
2335 -3.56945499209e-05
2336 -3.27414251136e-05
2337 -3.01411868604e-05
2338 -2.76882931341e-05
2339 -2.52762342286e-05
2340 -2.30267793716e-05
2341 -2.09951094378e-05
2342 -1.90693081068e-05
2343 -1.72759040591e-05
2344 -1.55667000929e-05
2345 -1.40577719336e-05
2346 -1.26974342026e-05
2347 -1.14515440524e-05
2348 -1.02770172884e-05
2349 -9.17261706555e-06
2350 -0.000177884446241
2351 -0.000170642804534
2352 -0.000163318450871
2353 -0.000166003137157
2354 -0.000161447522535
2355 -0.000158618569445
2356 -0.000156694396132
2357 -0.000155307481209
2358 -0.000151052137647
2359 -0.000147831648172
2360 -0.00014468445837
2361 -0.000138944268059
2362 -0.000135731464099
2363 -0.000129000432688
2364 -0.000124857811504
2365 -0.00011998747444
2366 -0.000114803901503
2367 -0.000109855830045
2368 -0.000104352306907
2369 -9.94006618926e-05
2370 -9.50791017431e-05
2371 -9.05376641059e-05
2372 -8.53376955106e-05
2373 -8.02993962371e-05
2374 -7.58583999682e-05
2375 -7.13775996551e-05
2376 -6.6873900802e-05
2377 -6.24103926591e-05
2378 -5.8783553934e-05
2379 -5.49067088218e-05
2380 -5.08001385212e-05
2381 -4.76393105265e-05
2382 -4.45264198577e-05
2383 -4.10705168019e-05
2384 -3.79627434745e-05
2385 -3.51259273174e-05
2386 -3.23081814841e-05
2387 -2.97998520168e-05
2388 -2.74302724643e-05
2389 -2.51033793273e-05
2390 -2.29360163507e-05
2391 -2.09852214581e-05
2392 -1.9140156792e-05
2393 -1.7421214052e-05
2394 -1.57750071933e-05
2395 -1.43207423818e-05
2396 -1.29991427774e-05
2397 -1.17819237745e-05
2398 -1.06288572621e-05
2399 -9.53457327615e-06
2400 -0.000165358515322
2401 -0.000158616313563
2402 -0.000151804019178
2403 -0.000154394513405
2404 -0.000150286051106
2405 -0.000147750586241
2406 -0.000146013024599
2407 -0.000144833289407
2408 -0.000140989402315
2409 -0.000138153028938
2410 -0.000135392853686
2411 -0.000130170053571
2412 -0.000127350336108
2413 -0.000121220921811
2414 -0.000117512632453
2415 -0.000113123057369
2416 -0.000108369481653
2417 -0.000103879364173
2418 -9.88989167584e-05
2419 -9.43538668226e-05
2420 -9.04017631999e-05
2421 -8.62580982728e-05
2422 -8.1496897241e-05
2423 -7.68378071941e-05
2424 -7.27484574523e-05
2425 -6.85755173315e-05
2426 -6.43920739688e-05
2427 -6.021406311e-05
2428 -5.6824573924e-05
2429 -5.31837118994e-05
2430 -4.93154417772e-05
2431 -4.63264281087e-05
2432 -4.33749726518e-05
2433 -4.00981645817e-05
2434 -3.71282502574e-05
2435 -3.44361947502e-05
2436 -3.17298823996e-05
2437 -2.93336037032e-05
2438 -2.70763505765e-05
2439 -2.48640733471e-05
2440 -2.27942385366e-05
2441 -2.09406048631e-05
2442 -1.91770422255e-05
2443 -1.75317205832e-05
2444 -1.59478972087e-05
2445 -1.45451160582e-05
2446 -1.32601011496e-05
2447 -1.20651346486e-05
2448 -1.09280672033e-05
2449 -9.84952332894e-06
2450 -0.00015388033618
2451 -0.000147555867419
2452 -0.00014132904023
2453 -0.000143767251284
2454 -0.000140029767028
2455 -0.000137773688927
2456 -0.000136220562628
2457 -0.000135240946673
2458 -0.000131746978183
2459 -0.000129306627563
2460 -0.000126822253978
2461 -0.000122100482227
2462 -0.000119601440143
2463 -0.000114028383929
2464 -0.000110728366345
2465 -0.000106771373055
2466 -0.000102466606584
2467 -9.83910036673e-05
2468 -9.38744533163e-05
2469 -8.97777104925e-05
2470 -8.61911994679e-05
2471 -8.2403177733e-05
2472 -7.79908497072e-05
2473 -7.36677586009e-05
2474 -6.98854549812e-05
2475 -6.59943488165e-05
2476 -6.20782778163e-05
2477 -5.81200738284e-05
2478 -5.49216235712e-05
2479 -5.14625772308e-05
2480 -4.7784085804e-05
2481 -4.49677189162e-05
2482 -4.21957084898e-05
2483 -3.90894072957e-05
2484 -3.62449209582e-05
2485 -3.36798291825e-05
2486 -3.10977112481e-05
2487 -2.88249380582e-05
2488 -2.6678775094e-05
2489 -2.45819849149e-05
2490 -2.26125117849e-05
2491 -2.08463093312e-05
2492 -1.91632568357e-05
2493 -1.75859273119e-05
2494 -1.60576509099e-05
2495 -1.47000826185e-05
2496 -1.34467644879e-05
2497 -1.22894113438e-05
2498 -1.11797186796e-05
2499 -1.01181079883e-05
