0 -0.000721592995429
1 -0.000663621183058
2 -0.000639586183765
3 -0.000608138596231
4 -0.000651208602925
5 -0.000600952202605
6 -0.000598880698979
7 -0.000586422536928
8 -0.000559292876675
9 -0.000543931899738
10 -0.000527496490595
11 -0.000507564517839
12 -0.000483114733907
13 -0.000448579248631
14 -0.00043095112006
15 -0.000407581920245
16 -0.000377757797183
17 -0.000355392439598
18 -0.000331479643121
19 -0.000307068833324
20 -0.000289752150997
21 -0.000268760817355
22 -0.000247226692892
23 -0.000226622446643
24 -0.000209376011714
25 -0.000192139201208
26 -0.000174524502739
27 -0.000158523372507
28 -0.000145195285243
29 -0.000131862457641
30 -0.000118756210153
31 -0.000107793154896
32 -9.80221232296e-05
33 -8.81447844239e-05
34 -7.90606320409e-05
35 -7.06574589037e-05
36 -6.33436876013e-05
37 -5.65010028792e-05
38 -5.04341250218e-05
39 -4.45890796696e-05
40 -3.92552508473e-05
41 -3.44415172387e-05
42 -2.99765023773e-05
43 -2.58712237207e-05
44 -2.217925019e-05
45 -1.88151493667e-05
46 -1.58102620596e-05
47 -1.30681235876e-05
48 -1.06095116999e-05
49 -8.39661890793e-06
50 -0.000689615202332
51 -0.000650595916433
52 -0.000606913839657
53 -0.000622965529554
54 -0.000597317723821
55 -0.00058124999207
56 -0.000575740652119
57 -0.000567686859142
58 -0.000549279477523
59 -0.00052579558195
60 -0.00051339919094
61 -0.000485209058992
62 -0.000468714542749
63 -0.000436165976161
64 -0.000414539987242
65 -0.000392079833573
66 -0.000367366385805
67 -0.000347324590863
68 -0.000320746995216
69 -0.000298003727529
70 -0.000281443159738
71 -0.000262152551589
72 -0.000240787128706
73 -0.000220620372225
74 -0.000203522942054
75 -0.000186422183782
76 -0.000169413553381
77 -0.000154143506733
78 -0.000141116609047
79 -0.000128184630106
80 -0.000115549325574
81 -0.000105075008411
82 -9.53777850915e-05
83 -8.55655391053e-05
84 -7.67590574366e-05
85 -6.86965241189e-05
86 -6.15956440033e-05
87 -5.49054044369e-05
88 -4.89189332705e-05
89 -4.32289777116e-05
90 -3.80817708384e-05
91 -3.33904227925e-05
92 -2.90354346531e-05
93 -2.50624188363e-05
94 -2.14809343093e-05
95 -1.82260039149e-05
96 -1.53206987428e-05
97 -1.26729634108e-05
98 -1.02979228506e-05
99 -8.16333018922e-06
100 -0.000700881394927
101 -0.000661184690895
102 -0.00061703232539
103 -0.000633065471613
104 -0.000607035561968
105 -0.000590489000203
106 -0.000584645045284
107 -0.000576019184421
108 -0.000557036604752
109 -0.00053297915236
110 -0.000519994669086
111 -0.000491014016107
112 -0.00047386437264
113 -0.00044057378652
114 -0.000418370897585
115 -0.000395333455119
116 -0.000370051639712
117 -0.000349502187282
118 -0.000322459840041
119 -0.000299313777308
120 -0.000282420350248
121 -0.000262684209079
122 -0.000241075156152
123 -0.000220695224276
124 -0.000203438450818
125 -0.00018619265795
126 -0.000169088708922
127 -0.000153756461872
128 -0.000140637903053
129 -0.000127602395761
130 -0.000114892503023
131 -0.000104375479719
132 -9.46450390363e-05
133 -8.4816326825e-05
134 -7.60111359971e-05
135 -6.79498588332e-05
136 -6.08541336749e-05
137 -5.4174761793e-05
138 -4.81806240857e-05
139 -4.25127360999e-05
140 -3.73926660899e-05
141 -3.27431447831e-05
142 -2.84296116949e-05
143 -2.44905128425e-05
144 -2.09432959192e-05
145 -1.77237507444e-05
146 -1.48537530068e-05
147 -1.22427623705e-05
148 -9.90239118678e-06
149 -7.80171856421e-06
150 -0.000716177459312
151 -0.000676771796743
152 -0.000631006122664
153 -0.000647550502355
154 -0.000620689051478
155 -0.000603549480307
156 -0.000597261677908
157 -0.000587804000334
158 -0.000568054738246
159 -0.00054310595939
160 -0.000529260880518
161 -0.000499862097309
162 -0.000481625033547
163 -0.00044702191581
164 -0.000423958778052
165 -0.000400145419768
166 -0.000373869724181
167 -0.000352728549397
168 -0.000324845636681
169 -0.000301059337641
170 -0.000283825452233
171 -0.000263792649418
172 -0.000241934471804
173 -0.000221127632123
174 -0.000203566925865
175 -0.000186137808974
176 -0.000168847465015
177 -0.00015335988187
178 -0.000140070024495
179 -0.000126901726522
180 -0.000114096238612
181 -0.000103477863238
182 -9.37266125552e-05
183 -8.38520838552e-05
184 -7.50330016045e-05
185 -6.6935994582e-05
186 -5.9844199449e-05
187 -5.3170009059e-05
188 -4.72181183676e-05
189 -4.1579045378e-05
190 -3.64820047844e-05
191 -3.18555036065e-05
192 -2.75836232804e-05
193 -2.36839267108e-05
194 -2.01820001734e-05
195 -1.70107342069e-05
196 -1.41858381847e-05
197 -1.16215907199e-05
198 -9.32624365233e-06
199 -7.26926139307e-06
200 -0.000738480181477
201 -0.000705176747224
202 -0.000650214951996
203 -0.000670156167003
204 -0.000639750789087
205 -0.000622295395721
206 -0.000615255813611
207 -0.000606172738271
208 -0.000585528521582
209 -0.000558578555359
210 -0.000544847311564
211 -0.000512433699437
212 -0.000492646322337
213 -0.000457222094722
214 -0.000433213394518
215 -0.000408384561685
216 -0.000381057362237
217 -0.00035856826188
218 -0.000329416209459
219 -0.000304508436584
220 -0.000286517579748
221 -0.000266055919688
222 -0.000243461086756
223 -0.000222055923588
224 -0.000204116327788
225 -0.000186260463575
226 -0.000168631603002
227 -0.000152937495477
228 -0.000139529399361
229 -0.0001261917712
230 -0.000113263233016
231 -0.000102515739065
232 -9.26543146947e-05
233 -8.2744967104e-05
234 -7.38164040378e-05
235 -6.56839609664e-05
236 -5.85926725803e-05
237 -5.19009926863e-05
238 -4.59508196452e-05
239 -4.03428810727e-05
240 -3.52629402055e-05
241 -3.06918249468e-05
242 -2.64644195371e-05
243 -2.26265759178e-05
244 -1.91817910249e-05
245 -1.60699626055e-05
246 -1.33038101007e-05
247 -1.0798753336e-05
248 -8.55724214062e-06
249 -6.5505263722e-06
250 -0.000765084539714
251 -0.000726967629028
252 -0.000673643813526
253 -0.000693279136872
254 -0.000663309913363
255 -0.00064366482297
256 -0.000636045845276
257 -0.000626700544075
258 -0.000603389010129
259 -0.000576219119143
260 -0.000560335640262
261 -0.000527146263349
262 -0.000506930137146
263 -0.000469505447272
264 -0.000443611736938
265 -0.00041724415409
266 -0.000388180250854
267 -0.000364665824407
268 -0.000334153111008
269 -0.000308379412056
270 -0.000289544209972
271 -0.000268271686921
272 -0.000244562980989
273 -0.000222890294184
274 -0.000204362836646
275 -0.00018597126337
276 -0.000168066068192
277 -0.000152042390901
278 -0.000138261140516
279 -0.000124811231305
280 -0.000111779067321
281 -0.00010101844619
282 -9.10138063109e-05
283 -8.10459537161e-05
284 -7.20771811924e-05
285 -6.39655702173e-05
286 -5.68569657549e-05
287 -5.01913688788e-05
288 -4.42929066571e-05
289 -3.87121843168e-05
290 -3.37150033211e-05
291 -2.91999205617e-05
292 -2.50430862229e-05
293 -2.12842259685e-05
294 -1.79174892639e-05
295 -1.48961303411e-05
296 -1.22068271584e-05
297 -9.7754048268e-06
298 -7.60414888454e-06
299 -5.6689936533e-06
300 -0.000795373421208
301 -0.000746547059446
302 -0.000696745926516
303 -0.000715257789543
304 -0.000684251837328
305 -0.000665566206393
306 -0.000657092744262
307 -0.000645805077924
308 -0.000621796660815
309 -0.000593548104109
310 -0.000576276130488
311 -0.00054192576673
312 -0.000520835419118
313 -0.00048101224383
314 -0.000453540140088
315 -0.000425309467959
316 -0.000395128339903
317 -0.000370294217259
318 -0.000338552323209
319 -0.00031170957444
320 -0.00029196129291
321 -0.000269286126387
322 -0.00024516898973
323 -0.000222680872145
324 -0.000203574057574
325 -0.000184925673425
326 -0.000166573259997
327 -0.000150287982468
328 -0.000136277566121
329 -0.000122786695797
330 -0.000109529659983
331 -9.86869950402e-05
332 -8.864404758e-05
333 -7.86260994425e-05
334 -6.97300516234e-05
335 -6.16487223177e-05
336 -5.45610343965e-05
337 -4.79740703688e-05
338 -4.21205094388e-05
339 -3.66456945871e-05
340 -3.17480810858e-05
341 -2.73237997867e-05
342 -2.32856377396e-05
343 -1.96365220033e-05
344 -1.63891457081e-05
345 -1.3484204016e-05
346 -1.0894335738e-05
347 -8.55750082847e-06
348 -6.47686713611e-06
349 -4.62691098565e-06
350 -0.000815205804063
351 -0.000765748185122
352 -0.000719920121715
353 -0.000735034425131
354 -0.00070667733768
355 -0.000686057406713
356 -0.000678022321966
357 -0.000664249851454
358 -0.000640698787725
359 -0.00061130368859
360 -0.000592936946877
361 -0.000557196951638
362 -0.000533661408352
363 -0.000492551490543
364 -0.000463578903251
365 -0.000434063196429
366 -0.000402144851721
367 -0.00037584616911
368 -0.000342884051334
369 -0.000314980534233
370 -0.000293877351832
371 -0.000270147756677
372 -0.000245247699248
373 -0.000221880609887
374 -0.000202103196646
375 -0.000183041959317
376 -0.000164469141863
377 -0.000147854475005
378 -0.000133662678661
379 -0.000119928097524
380 -0.000106632016638
381 -9.56594825618e-05
382 -8.56321873831e-05
383 -7.564446248e-05
384 -6.68991026223e-05
385 -5.88698244974e-05
386 -5.1828594635e-05
387 -4.53272792127e-05
388 -3.95707145415e-05
389 -3.42166256239e-05
390 -2.94376911563e-05
391 -2.51376476595e-05
392 -2.12366294388e-05
393 -1.77260064111e-05
394 -1.4620195889e-05
395 -1.18473963597e-05
396 -9.37434109981e-06
397 -7.15282919314e-06
398 -5.17578060065e-06
399 -3.41972988484e-06
400 -0.000827592579585
401 -0.000783664680362
402 -0.000739110353421
403 -0.000753473938826
404 -0.000724721902207
405 -0.000705108113524
406 -0.000696201061257
407 -0.000682631501347
408 -0.00065855815858
409 -0.000627875588541
410 -0.000608979464165
411 -0.000571168182149
412 -0.000546582440562
413 -0.000504517223098
414 -0.000474122971187
415 -0.00044325490724
416 -0.000409820633674
417 -0.000381814178219
418 -0.000347318292922
419 -0.000318047482915
420 -0.000295415090698
421 -0.000270951323408
422 -0.000245092759735
423 -0.000220815564572
424 -0.000200504755211
425 -0.0001806989732
426 -0.000161707879404
427 -0.000144960336394
428 -0.000130557018412
429 -0.000116571978388
430 -0.000103245021557
431 -9.22035170587e-05
432 -8.21217865935e-05
433 -7.22458587502e-05
434 -6.34735984065e-05
435 -5.55745963437e-05
436 -4.86374558299e-05
437 -4.22568964321e-05
438 -3.66135939701e-05
439 -3.14095109112e-05
440 -2.67844735427e-05
441 -2.26435088905e-05
442 -1.89043737147e-05
443 -1.55659636101e-05
444 -1.26145317478e-05
445 -9.99595215682e-06
446 -7.65423580099e-06
447 -5.55525024792e-06
448 -3.69175317188e-06
449 -2.03286020354e-06
450 -0.000834278035581
451 -0.000793706908318
452 -0.000751805232102
453 -0.000764479995424
454 -0.000737507747085
455 -0.000719062681013
456 -0.00070948987076
457 -0.000696547319296
458 -0.000672008185783
459 -0.000641968634957
460 -0.000622557572659
461 -0.000583765278472
462 -0.000558890382134
463 -0.000516008816054
464 -0.000484414555816
465 -0.000452065623439
466 -0.000417416921771
467 -0.000387452471645
468 -0.000351662792163
469 -0.000320898453118
470 -0.000296932682229
471 -0.000271180908826
472 -0.000244106928146
473 -0.00021922724057
474 -0.000198227798042
475 -0.0001775877215
476 -0.000158339542724
477 -0.000141196095547
478 -0.000126485119515
479 -0.000112349180395
480 -9.90440090815e-05
481 -8.79853139311e-05
482 -7.78802704682e-05
483 -6.81208625233e-05
484 -5.95176555701e-05
485 -5.17404853546e-05
486 -4.49494315747e-05
487 -3.87395269963e-05
488 -3.3252320642e-05
489 -2.82295120078e-05
490 -2.38046327784e-05
491 -1.98459406711e-05
492 -1.62972880664e-05
493 -1.31499216131e-05
494 -1.03740854675e-05
495 -7.93324960993e-06
496 -5.73038563242e-06
497 -3.77008466242e-06
498 -2.0211910121e-06
499 -4.82939387516e-07
500 -0.000833128465813
501 -0.000797724763757
502 -0.000755641441435
503 -0.000768156992985
504 -0.000742185044098
505 -0.000724578188779
506 -0.000714990234044
507 -0.000702986624001
508 -0.000678848990834
509 -0.000650598293736
510 -0.000630525670396
511 -0.000593031969291
512 -0.000568124600256
513 -0.000525043980679
514 -0.000492664774545
515 -0.000459252246039
516 -0.000423052836311
517 -0.000392170055675
518 -0.000354961695537
519 -0.000322936213315
520 -0.000297467549089
521 -0.000270526647122
522 -0.000242396932982
523 -0.000216818258957
524 -0.000194957718249
525 -0.000173756136946
526 -0.000154055077764
527 -0.000136629174694
528 -0.000121666207076
529 -0.000107425618273
530 -9.41116237601e-05
531 -8.30765485547e-05
532 -7.29929641396e-05
533 -6.33697453582e-05
534 -5.49211931176e-05
535 -4.73461401576e-05
536 -4.07340236773e-05
537 -3.47261413827e-05
538 -2.94396495621e-05
539 -2.46534441835e-05
540 -2.04615429825e-05
541 -1.67245612972e-05
542 -1.34068076583e-05
543 -1.04766839911e-05
544 -7.90360514294e-06
545 -5.6498804983e-06
546 -3.60212787031e-06
547 -1.79247258405e-06
548 -1.77563935669e-07
549 1.22265352397e-06
550 -0.000833695758255
551 -0.000802812524878
552 -0.000752243687139
553 -0.000768434839737
554 -0.000739817972265
555 -0.000722700925471
556 -0.000712696749374
557 -0.000701174727209
558 -0.000677667462266
559 -0.00065083730255
560 -0.00063123457841
561 -0.000595930370364
562 -0.0005716917995
563 -0.000529625827528
564 -0.000497075742958
565 -0.000463406045157
566 -0.000426700669272
567 -0.000394856340839
568 -0.000356532710257
569 -0.000323487134219
570 -0.000296761384742
571 -0.000268462353492
572 -0.000239618159021
573 -0.000213102527508
574 -0.000190498541555
575 -0.000168852177555
576 -0.000148698058012
577 -0.000131033555575
578 -0.000115815010174
579 -0.000101545335514
580 -8.82704234235e-05
581 -7.72969665923e-05
582 -6.73237318529e-05
583 -5.78942965349e-05
584 -4.96585437886e-05
585 -4.23640811752e-05
586 -3.5975752342e-05
587 -3.02484785977e-05
588 -2.52060215284e-05
589 -2.07023493839e-05
590 -1.67714797705e-05
591 -1.32924755179e-05
592 -1.02232782127e-05
593 -7.53547603317e-06
594 -5.19002078512e-06
595 -3.13636965883e-06
596 -1.27221640113e-06
597 3.71242237922e-07
598 1.83154378988e-06
599 3.08303180859e-06
600 -0.000856518704303
601 -0.000824410118925
602 -0.000754383468922
603 -0.000776462263849
604 -0.000739679369719
605 -0.000720537291264
606 -0.000708383492662
607 -0.000695809709273
608 -0.00067129707705
609 -0.000643998502284
610 -0.000625039583203
611 -0.000591281098904
612 -0.000568002913141
613 -0.000527894800502
614 -0.00049655119543
615 -0.000463315773095
616 -0.000427103283061
617 -0.000394576742055
618 -0.000355907398958
619 -0.000322077380654
620 -0.000293991256091
621 -0.000264774112654
622 -0.000235195186364
623 -0.000207912471128
624 -0.000184651974301
625 -0.000162540757221
626 -0.000142109087196
627 -0.000124271381222
628 -0.000108901836324
629 -9.46460343897e-05
630 -8.14989478527e-05
631 -7.06303940388e-05
632 -6.08121559899e-05
633 -5.16881213829e-05
634 -4.37599362382e-05
635 -3.67884185607e-05
636 -3.06825714619e-05
637 -2.52710616571e-05
638 -2.05299341912e-05
639 -1.63481288497e-05
640 -1.27307123064e-05
641 -9.54604048907e-06
642 -6.75833492167e-06
643 -4.33117380354e-06
644 -2.2296407242e-06
645 -4.05044372787e-07
646 1.25394992983e-06
647 2.72179536562e-06
648 4.00095929299e-06
649 5.09411879371e-06
650 -0.000924345952571
651 -0.000877869058662
652 -0.000784493662676
653 -0.000810141359809
654 -0.000760540384605
655 -0.000733519072446
656 -0.000715767291095
657 -0.000697692856468
658 -0.000667710764377
659 -0.000635291010912
660 -0.000614689219128
661 -0.000580284139967
662 -0.000556696435247
663 -0.000519019520918
664 -0.000489245432866
665 -0.000457252922431
666 -0.000422431242444
667 -0.000390125780396
668 -0.000351793839664
669 -0.000317659864404
670 -0.000288787730431
671 -0.00025887444971
672 -0.000228653842599
673 -0.000200986922987
674 -0.000177113328458
675 -0.000154657855226
676 -0.000134164430121
677 -0.000116190419312
678 -0.000100796869894
679 -8.66303449636e-05
680 -7.37745600176e-05
681 -6.30796146928e-05
682 -5.34675842238e-05
683 -4.47156278769e-05
684 -3.71824767761e-05
685 -3.059708882e-05
686 -2.48356714699e-05
687 -1.9803783146e-05
688 -1.54141627344e-05
689 -1.16075845666e-05
690 -8.34020081513e-06
691 -5.47454387305e-06
692 -2.99556146659e-06
693 -8.67584161468e-07
694 9.65491573529e-07
695 2.53012914161e-06
696 3.97173683425e-06
697 5.22894626188e-06
698 6.30870630808e-06
699 7.22285894158e-06
700 -0.0010451075914
701 -0.000976536620726
702 -0.000866620197384
703 -0.0008900262837
704 -0.000825399925617
705 -0.000783207163681
706 -0.000754293003832
707 -0.000724988984314
708 -0.000681365009714
709 -0.000637216109657
710 -0.000609424440343
711 -0.000568900196425
712 -0.000541996823388
713 -0.000504300291801
714 -0.000475390419392
715 -0.000445084507187
716 -0.000412054065169
717 -0.000380690301671
718 -0.000343777062696
719 -0.000309967225232
720 -0.000280659360987
721 -0.000250311492911
722 -0.000219840681021
723 -0.000191932031115
724 -0.000167723888715
725 -0.000145055857058
726 -0.000124633286093
727 -0.000106693662442
728 -9.1348351483e-05
729 -7.73826895264e-05
730 -6.49220628171e-05
731 -5.45031119464e-05
732 -4.52243111903e-05
733 -3.69572090244e-05
734 -2.98980713354e-05
735 -2.37803540503e-05
736 -1.84423060418e-05
737 -1.38514889891e-05
738 -9.85919862378e-06
739 -6.47266059594e-06
740 -3.58093419905e-06
741 -1.07239668967e-06
742 1.07969729951e-06
743 2.87182961459e-06
744 4.40288591516e-06
745 5.68279360373e-06
746 6.88408303458e-06
747 7.91036654024e-06
748 8.77449502454e-06
749 9.48531210547e-06
750 -0.00121744777659
751 -0.00112895628357
752 -0.0010044919577
753 -0.0010236962869
754 -0.000941736290924
755 -0.000882690855302
756 -0.000838239948727
757 -0.000792974320713
758 -0.000728079362007
759 -0.000664777307991
760 -0.000622050983716
761 -0.000567672662604
762 -0.000531157211582
763 -0.000488057204485
764 -0.000457245802149
765 -0.000427226621451
766 -0.000395715741234
767 -0.000365970159409
768 -0.000330901596273
769 -0.000298272401641
770 -0.000269034161881
771 -0.000238836476219
772 -0.000208503978444
773 -0.00018059764145
774 -0.000156278774489
775 -0.000133569879289
776 -0.000113383386999
777 -9.56814026602e-05
778 -8.05221223712e-05
779 -6.69027320235e-05
780 -5.49785626382e-05
781 -4.49478563374e-05
782 -3.60966071755e-05
783 -2.84085766626e-05
784 -2.19088574697e-05
785 -1.63367030916e-05
786 -1.14875402596e-05
787 -7.40706798193e-06
788 -3.84253586534e-06
789 -9.22898680403e-07
790 1.54591815898e-06
791 3.66213437091e-06
792 5.44823456921e-06
793 6.87049882809e-06
794 8.06204281255e-06
795 9.03481632175e-06
796 9.96952347442e-06
797 1.07330439639e-05
798 1.13629162566e-05
799 1.18567449698e-05
800 -0.00141328678866
801 -0.00131332561201
802 -0.00117853608596
803 -0.00119518715626
804 -0.00109755722891
805 -0.00102502862329
806 -0.000964833636682
807 -0.000902040109021
808 -0.000814003995706
809 -0.000727515874247
810 -0.000663840024635
811 -0.000586510373715
812 -0.000534512982088
813 -0.000477762468571
814 -0.000439634934702
815 -0.000406491524105
816 -0.000374594211281
817 -0.000345867609525
818 -0.000313042656915
819 -0.000282091896138
820 -0.000253469853032
821 -0.000223915701605
822 -0.00019412095206
823 -0.000166630435844
824 -0.000142456958209
825 -0.000120033597086
826 -0.000100238662683
827 -8.29504799423e-05
828 -6.81526202727e-05
829 -5.5073561367e-05
830 -4.38406773553e-05
831 -3.43188911425e-05
832 -2.60153263308e-05
833 -1.9019651771e-05
834 -1.3213210683e-05
835 -8.24308028243e-06
836 -3.95086123548e-06
837 -4.28289192444e-07
838 2.63423869545e-06
839 5.05652416261e-06
840 7.04673279779e-06
841 8.72065837091e-06
842 1.0084672795e-05
843 1.11146671982e-05
844 1.19341612713e-05
845 1.2569879295e-05
846 1.32071454435e-05
847 1.3692831053e-05
848 1.40653388505e-05
849 1.43372122679e-05
850 -0.00161459692117
851 -0.00151092541709
852 -0.0013596803636
853 -0.00137489306654
854 -0.00126609590255
855 -0.00118271277763
856 -0.00111083473433
857 -0.00103375871523
858 -0.000927347009318
859 -0.000820213825231
860 -0.000734462951979
861 -0.000631817624456
862 -0.000559261140554
863 -0.000481417621134
864 -0.000429289843834
865 -0.000387596329634
866 -0.000351416903192
867 -0.000321874612824
868 -0.000290483495167
869 -0.000261328501428
870 -0.0002338648234
871 -0.000205325509046
872 -0.000176542698617
873 -0.000149892621706
874 -0.000126140374381
875 -0.000104226115086
876 -8.51163290886e-05
877 -6.8451515822e-05
878 -5.41958683646e-05
879 -4.18417143761e-05
880 -3.15009651856e-05
881 -2.26111567449e-05
882 -1.4992640504e-05
883 -8.80738968139e-06
884 -3.7810412912e-06
885 4.91684830284e-07
886 4.13304049107e-06
887 7.04192489896e-06
888 9.5445186067e-06
889 1.1400133664e-05
890 1.29013851637e-05
891 1.40936328412e-05
892 1.5009896722e-05
893 1.56079735009e-05
894 1.60116112459e-05
895 1.62833042679e-05
896 1.65866841474e-05
897 1.67820299319e-05
898 1.68829054249e-05
899 1.6911346783e-05
900 -0.00182548552006
901 -0.00170553408404
902 -0.00153667411051
903 -0.00155263146322
904 -0.00143038446544
905 -0.00133512706855
906 -0.00125310459347
907 -0.00116544686471
908 -0.00104510033578
909 -0.000923941514075
910 -0.000821264489152
911 -0.000696619125178
912 -0.000604305145714
913 -0.00050260651444
914 -0.000431897772883
915 -0.000375493385251
916 -0.000330262294298
917 -0.000296394706433
918 -0.000264597934271
919 -0.000236676114594
920 -0.00021036775511
921 -0.000183203485618
922 -0.00015584606277
923 -0.000130313515842
924 -0.000107273522901
925 -8.61434046935e-05
926 -6.79678573557e-05
927 -5.21301519081e-05
928 -3.86238426634e-05
929 -2.7170995278e-05
930 -1.78913169568e-05
931 -9.79877283762e-06
932 -2.97699339209e-06
933 2.23914461277e-06
934 6.41140275097e-06
935 9.88538525623e-06
936 1.28109571117e-05
937 1.50438099768e-05
938 1.69283854238e-05
939 1.81534795544e-05
940 1.90831850138e-05
941 1.9767900257e-05
942 2.01797978138e-05
943 2.03014011446e-05
944 2.02599951322e-05
945 2.01220196117e-05
946 2.00969558382e-05
947 1.99683802955e-05
948 1.97948208127e-05
949 1.95661250789e-05
950 -0.0020476274874
951 -0.00191737986874
952 -0.0017208985391
953 -0.00173396790124
954 -0.0015916663638
955 -0.0014823586788
956 -0.00138584281754
957 -0.00128587699152
958 -0.00115148925044
959 -0.00101879116011
960 -0.000903057245792
961 -0.000765158361212
962 -0.000657803376687
963 -0.000537093930241
964 -0.000447471819266
965 -0.000373260684525
966 -0.000314665969064
967 -0.000272633206468
968 -0.000237468542966
969 -0.000209322394344
970 -0.000183754284059
971 -0.000157991827163
972 -0.000132197506069
973 -0.000108051315449
974 -8.59335174877e-05
975 -6.58179130874e-05
976 -4.87735147053e-05
977 -3.39945240156e-05
978 -2.14280645171e-05
979 -1.10994834762e-05
980 -3.06906105128e-06
981 4.08299343855e-06
982 9.98626424007e-06
983 1.40957558633e-05
984 1.72733351657e-05
985 1.98583303976e-05
986 2.19779547539e-05
987 2.34598679344e-05
988 2.46694463338e-05
989 2.51998280099e-05
990 2.55643259001e-05
991 2.56895457355e-05
992 2.55838603076e-05
993 2.51821706705e-05
994 2.46799698237e-05
995 2.41176366116e-05
996 2.37396448541e-05
997 2.32897346626e-05
998 2.28081889485e-05
999 2.23244959507e-05
1000 -0.00230448461516
1001 -0.00215952670201
1002 -0.00192440105311
1003 -0.00193187089652
1004 -0.00176292120418
1005 -0.00163262246806
1006 -0.00151595984102
1007 -0.00139719288448
1008 -0.00124371905121
1009 -0.00109618584087
1010 -0.000968120487924
1011 -0.000820593927488
1012 -0.000702754545453
1013 -0.000571228185313
1014 -0.000467581773344
1015 -0.000377957147132
1016 -0.000304970098162
1017 -0.000252181402303
1018 -0.000210857414687
1019 -0.000180622530564
1020 -0.000154921591101
1021 -0.000130290685543
1022 -0.000106056820844
1023 -8.33760293442e-05
1024 -6.23515524254e-05
1025 -4.33643882817e-05
1026 -2.76398376654e-05
1027 -1.40890255719e-05
1028 -2.62380116049e-06
1029 6.44861974995e-06
1030 1.30427999032e-05
1031 1.91084593178e-05
1032 2.39543245486e-05
1033 2.68237111649e-05
1034 2.88773045798e-05
1035 3.04480514765e-05
1036 3.1678698537e-05
1037 3.23454284362e-05
1038 3.2857726582e-05
1039 3.26388963752e-05
1040 3.23288846975e-05
1041 3.18368420615e-05
1042 3.11670017378e-05
1043 3.02261788332e-05
1044 2.92360303075e-05
1045 2.82139383733e-05
1046 2.74648281915e-05
1047 2.66627669279e-05
1048 2.58705417574e-05
1049 2.51016698425e-05
1050 -0.00261280995555
1051 -0.00244087849833
1052 -0.00216386250521
1053 -0.00216195546458
1054 -0.00195957673868
1055 -0.00179865228516
1056 -0.00165474086835
1057 -0.00150961912585
1058 -0.00132993568344
1059 -0.00116089251155
1060 -0.00101593031916
1061 -0.00085653813897
1062 -0.000729648441941
1063 -0.000592684765774
1064 -0.000480871940483
1065 -0.000381639067799
1066 -0.000297660472068
1067 -0.000234215505544
1068 -0.000185585400617
1069 -0.000151718579448
1070 -0.000124895501491
1071 -0.000100906049166
1072 -7.80842885788e-05
1073 -5.67519679672e-05
1074 -3.68513409722e-05
1075 -1.89810036528e-05
1076 -4.70761690446e-06
1077 7.51841198828e-06
1078 1.77475885732e-05
1079 2.53837913812e-05
1080 3.03820225453e-05
1081 3.52335740725e-05
1082 3.88291988857e-05
1083 4.03198435332e-05
1084 4.11985411694e-05
1085 4.17058859482e-05
1086 4.19427232045e-05
1087 4.17120979492e-05
1088 4.13255964033e-05
1089 4.03239918594e-05
1090 3.9288345478e-05
1091 3.81565270217e-05
1092 3.68954706159e-05
1093 3.54096273405e-05
1094 3.39085691874e-05
1095 3.2430328446e-05
1096 3.12824700113e-05
1097 3.0132903201e-05
1098 2.90199216331e-05
1099 2.79575890165e-05
1100 -0.00297654935989
1101 -0.00277694760754
1102 -0.00244597519014
1103 -0.00243224236961
1104 -0.00218426146409
1105 -0.00198429771007
1106 -0.00180320419483
1107 -0.00162505074252
1108 -0.00141190238634
1109 -0.00121570836438
1110 -0.00104829638371
1111 -0.000872902149615
1112 -0.000734772775593
1113 -0.000592905986309
1114 -0.000477077742969
1115 -0.000373896624813
1116 -0.000284830163804
1117 -0.000214166582047
1118 -0.000159839221928
1119 -0.000122297483588
1120 -9.39063758701e-05
1121 -7.03848599503e-05
1122 -4.88673123104e-05
1123 -2.87964934974e-05
1124 -9.84335047059e-06
1125 6.93510011531e-06
1126 1.97736584751e-05
1127 3.06316317283e-05
1128 3.95252546831e-05
1129 4.55880865998e-05
1130 4.88515394033e-05
1131 5.23582068656e-05
1132 5.46400075822e-05
1133 5.46930064043e-05
1134 5.41754237664e-05
1135 5.34736261716e-05
1136 5.25799237882e-05
1137 5.13501466535e-05
1138 5.01031896838e-05
1139 4.82099284799e-05
1140 4.64474450094e-05
1141 4.46254532703e-05
1142 4.27556576448e-05
1143 4.06941147161e-05
1144 3.86436577404e-05
1145 3.67080666545e-05
1146 3.51330453311e-05
1147 3.36172816296e-05
1148 3.21805415595e-05
1149 3.08315416626e-05
1150 -0.00342768828801
1151 -0.00318230950949
1152 -0.0027817203424
1153 -0.00274749250772
1154 -0.00244175443921
1155 -0.00219087758408
1156 -0.00196412109014
1157 -0.0017433795797
1158 -0.00148966125425
1159 -0.00126110898489
1160 -0.00106625824636
1161 -0.000871930173247
1162 -0.00071972500456
1163 -0.000571596241798
1164 -0.000452201085129
1165 -0.000348112262421
1166 -0.00025889007914
1167 -0.00018609419689
1168 -0.000129897396159
1169 -9.04943670165e-05
1170 -6.13165466258e-05
1171 -3.884152594e-05
1172 -1.89319607788e-05
1173 -2.08761270564e-07
1174 1.79158516794e-05
1175 3.37763211791e-05
1176 4.53871667769e-05
1177 5.4917565204e-05
1178 6.23697474905e-05
1179 6.68208026786e-05
1180 6.82026219482e-05
1181 7.02165051404e-05
1182 7.10194499573e-05
1183 6.94037645255e-05
1184 6.74705293516e-05
1185 6.54615881098e-05
1186 6.34113497299e-05
1187 6.11285205952e-05
1188 5.89521336435e-05
1189 5.62282469745e-05
1190 5.36968068911e-05
1191 5.11584244985e-05
1192 4.86734506729e-05
1193 4.60426606348e-05
1194 4.346651373e-05
1195 4.10355091778e-05
1196 3.90471516216e-05
1197 3.71627263635e-05
1198 3.54030762112e-05
1199 3.37209224468e-05
1200 -0.00396972446212
1201 -0.00367330830462
1202 -0.00318025364863
1203 -0.00311346203732
1204 -0.00273541604374
1205 -0.0024201911963
1206 -0.00213513781354
1207 -0.00186172550311
1208 -0.00155926279489
1209 -0.00129339646839
1210 -0.00106754341404
1211 -0.000852476101735
1212 -0.000684827110376
1213 -0.000529908567555
1214 -0.000406412507795
1215 -0.000302390778683
1216 -0.000215768666405
1217 -0.000144893685192
1218 -9.10795212995e-05
1219 -5.30061520395e-05
1220 -2.51558284768e-05
1221 -5.27662736518e-06
1222 1.17846564012e-05
1223 2.86836180111e-05
1224 4.59617299119e-05
1225 6.11756985913e-05
1226 7.17428094336e-05
1227 8.00887041117e-05
1228 8.61837152591e-05
1229 8.89587969118e-05
1230 8.8363625191e-05
1231 8.88261522065e-05
1232 8.80646194614e-05
1233 8.46950312507e-05
1234 8.12137086558e-05
1235 7.78488097632e-05
1236 7.45594943508e-05
1237 7.11454493449e-05
1238 6.80590287396e-05
1239 6.4407599377e-05
1240 6.10661207342e-05
1241 5.77967940679e-05
1242 5.46487635137e-05
1243 5.14270361236e-05
1244 4.83021955738e-05
1245 4.53810491568e-05
1246 4.29693622096e-05
1247 4.06744634955e-05
1248 3.85685238732e-05
1249 3.65894326073e-05
1250 -0.00463188434308
1251 -0.00426761976981
1252 -0.00365570263817
1253 -0.00354158961179
1254 -0.00306676873866
1255 -0.00267018819818
1256 -0.00230992453107
1257 -0.00197052252506
1258 -0.00161203381135
1259 -0.00130496773512
1260 -0.00104505999741
1261 -0.000809984148243
1262 -0.000627106137514
1263 -0.000467132757356
1264 -0.000340138624504
1265 -0.000236979969511
1266 -0.000154442185317
1267 -8.82134949812e-05
1268 -4.01214564543e-05
1269 -6.55706490747e-06
1270 1.72129257918e-05
1271 3.18342361353e-05
1272 4.3932257754e-05
1273 5.77896886619e-05
1274 7.38108686042e-05
1275 8.84620727144e-05
1276 9.825982182e-05
1277 0.00010562585678
1278 0.000110569778506
1279 0.000111619760506
1280 0.000109096391098
1281 0.000107915520216
1282 0.000105441843782
1283 0.000100273494838
1284 9.52130746403e-05
1285 9.04534539289e-05
1286 8.58877875293e-05
1287 8.13134957483e-05
1288 7.7145658121e-05
1289 7.25188888469e-05
1290 6.83665352836e-05
1291 6.43782451663e-05
1292 6.0567492836e-05
1293 5.67612266564e-05
1294 5.31009854291e-05
1295 4.97001980807e-05
1296 4.68659039495e-05
1297 4.41976051864e-05
1298 4.17272280506e-05
1299 3.94474604243e-05
1300 -0.00544656758005
1301 -0.00499292224093
1302 -0.00422257337223
1303 -0.00404028893849
1304 -0.00343665573612
1305 -0.0029324168165
1306 -0.00247515235218
1307 -0.00205749033796
1308 -0.0016353752662
1309 -0.00128453711826
1310 -0.000990092826739
1311 -0.000737854903277
1312 -0.000542108191096
1313 -0.000380808386667
1314 -0.000252876001819
1315 -0.000152927780726
1316 -7.60895450122e-05
1317 -1.60737452066e-05
1318 2.41567460927e-05
1319 5.08783771624e-05
1320 6.81094870287e-05
1321 7.48133023542e-05
1322 7.89547502272e-05
1323 8.76720348046e-05
1324 0.000101351608175
1325 0.000115321457631
1326 0.000124682363921
1327 0.000131287888231
1328 0.000135222437139
1329 0.000134635209387
1330 0.000130176566177
1331 0.000127333150804
1332 0.000123134337536
1333 0.000116138077962
1334 0.000109460006581
1335 0.000103172002935
1336 9.72427078089e-05
1337 9.14618161474e-05
1338 8.63054010129e-05
1339 8.07128902284e-05
1340 7.57112571988e-05
1341 7.09911309212e-05
1342 6.64873075124e-05
1343 6.20687904678e-05
1344 5.78466799192e-05
1345 5.39486525125e-05
1346 5.0667395069e-05
1347 4.75930883471e-05
1348 4.47711552571e-05
1349 4.21818768869e-05
1350 -0.00648229242694
1351 -0.00590669837733
1352 -0.00492038804391
1353 -0.0046269585818
1354 -0.00384773879268
1355 -0.00319969756853
1356 -0.00262129282624
1357 -0.00210722132069
1358 -0.00161572866248
1359 -0.00122015566545
1360 -0.000892585326464
1361 -0.000628346722146
1362 -0.00042418700783
1363 -0.000267366789862
1364 -0.000142965901003
1365 -4.9764980848e-05
1366 1.81086158624e-05
1367 6.98941478527e-05
1368 0.000100335561657
1369 0.000118694503158
1370 0.000127884324207
1371 0.000124446043432
1372 0.000117724897674
1373 0.000118465249316
1374 0.000128252001826
1375 0.000140974487838
1376 0.000149957628485
1377 0.000156167400287
1378 0.000159421176296
1379 0.000157421953673
1380 0.000151073275484
1381 0.000146600783878
1382 0.000140714850694
1383 0.00013184641272
1384 0.00012350772019
1385 0.000115796591321
1386 0.000108478946201
1387 0.000101497105655
1388 9.52460374093e-05
1389 8.86658171408e-05
1390 8.28457734658e-05
1391 7.74140939794e-05
1392 7.22551183908e-05
1393 6.72524679038e-05
1394 6.25064931691e-05
1395 5.81326267817e-05
1396 5.44394742809e-05
1397 5.09763705568e-05
1398 4.77971780562e-05
1399 4.48856359758e-05
1400 -0.00779879138317
1401 -0.00704578340163
1402 -0.00574369494311
1403 -0.00528006435186
1404 -0.00427499650571
1405 -0.00344192702553
1406 -0.00271425330648
1407 -0.00209018910796
1408 -0.00152942866657
1409 -0.00109339672802
1410 -0.000739162835055
1411 -0.000472626809821
1412 -0.000267572554633
1413 -0.000123587351729
1414 -8.89231943589e-06
1415 7.2316599905e-05
1416 0.000127288435604
1417 0.000167842198555
1418 0.000186499799994
1419 0.000195444336626
1420 0.000196121732357
1421 0.000181749599655
1422 0.000161883188038
1423 0.000151715279761
1424 0.00015521903938
1425 0.000165746928921
1426 0.000174311316066
1427 0.000180260767728
1428 0.000182899245261
1429 0.000179756108792
1430 0.000171712812421
1431 0.000165623454206
1432 0.000158089793264
1433 0.000147291824067
1434 0.00013734583909
1435 0.000128137947407
1436 0.000119462442123
1437 0.000111312015599
1438 0.000104019073161
1439 9.65189707697e-05
1440 8.98722231006e-05
1441 8.36801673193e-05
1442 7.78913344595e-05
1443 7.23034812381e-05
1444 6.69963936e-05
1445 6.21277521478e-05
1446 5.80026879815e-05
1447 5.41995374088e-05
1448 5.0676109715e-05
1449 4.74683019884e-05
1450 -0.0095015091827
1451 -0.00847980090998
1452 -0.00672601432994
1453 -0.00600140241907
1454 -0.00469348985972
1455 -0.00362465609095
1456 -0.00271901957681
1457 -0.00197517951952
1458 -0.00135168938377
1459 -0.000887104715304
1460 -0.000518512690098
1461 -0.000263462671889
1462 -6.86784664585e-05
1463 5.2231688574e-05
1464 0.000149473372113
1465 0.000212851127943
1466 0.000250823962095
1467 0.000276298610694
1468 0.000280847839293
1469 0.000278821805976
1470 0.000270454906859
1471 0.000245170802368
1472 0.000211133343434
1473 0.000187628755449
1474 0.000182440732315
1475 0.000189319114029
1476 0.000197005991581
1477 0.000203000065721
1478 0.000205365543457
1479 0.00020126507903
1480 0.000191679265732
1481 0.000184052547963
1482 0.000174880447921
1483 0.000162236888027
1484 0.000150682963438
1485 0.000140077881856
1486 0.000130034010223
1487 0.000120787511481
1488 0.000112437071433
1489 0.000104011185936
1490 9.65336139124e-05
1491 8.96328741951e-05
1492 8.32182031822e-05
1493 7.70730606267e-05
1494 7.12338205722e-05
1495 6.59534871773e-05
1496 6.14527767256e-05
1497 5.72938915228e-05
1498 5.34317664706e-05
1499 4.99176460222e-05
1500 -0.0117498907963
1501 -0.0102966910524
1502 -0.00789216636559
1503 -0.00674961747289
1504 -0.0050374292901
1505 -0.00368669928146
1506 -0.00257968699664
1507 -0.00171763418998
1508 -0.00105350384004
1509 -0.000582371021036
1510 -0.000219718988114
1511 4.23490917487e-06
1512 0.000174836966869
1513 0.000259822945241
1514 0.00033158785654
1515 0.000370232714866
1516 0.000385683378548
1517 0.000392399667422
1518 0.000380363198327
1519 0.000365543227725
1520 0.000347828254347
1521 0.000312219909957
1522 0.000264502903598
1523 0.000226321362323
1524 0.000210191122525
1525 0.000211662011548
1526 0.000217907022905
1527 0.000223953977777
1528 0.000226265843035
1529 0.00022152638329
1530 0.000210660354695
1531 0.000201746601129
1532 0.000190964227471
1533 0.000176654850915
1534 0.000163556952665
1535 0.000151470119493
1536 0.000140258878083
1537 0.000129770640601
1538 0.000120435402576
1539 0.000111074468077
1540 0.000102845967802
1541 9.52926496196e-05
1542 8.82742618717e-05
1543 8.15733523656e-05
1544 7.52553611802e-05
1545 6.95459381394e-05
1546 6.46380135211e-05
1547 6.01461463845e-05
1548 5.59711555751e-05
1549 5.21796907318e-05
1550 -0.01479179494
1551 -0.0126101442321
1552 -0.00923622242652
1553 -0.00741641484541
1554 -0.00519944255596
1555 -0.00352659875283
1556 -0.00221945965533
1557 -0.001267087801
1558 -0.000605460946228
1559 -0.000164107334836
1560 0.000162820912007
1561 0.000331021671726
1562 0.00046054569378
1563 0.000496352535871
1564 0.000533096530759
1565 0.000540250744589
1566 0.000528729924132
1567 0.000513304393398
1568 0.000482651224769
1569 0.000453733766513
1570 0.00042541374168
1571 0.000380307652705
1572 0.000320146013068
1573 0.000267289232459
1574 0.000238710846137
1575 0.000233162631626
1576 0.000237214500107
1577 0.000242970516088
1578 0.000245447320443
1579 0.000240148630797
1580 0.000228227119645
1581 0.000218013859797
1582 0.000205869768437
1583 0.000189989060164
1584 0.000175674487402
1585 0.00016233266516
1586 0.00014975289194
1587 0.000138218538188
1588 0.000127966201696
1589 0.000117739026989
1590 0.000108739020609
1591 0.000100525874534
1592 9.29157663489e-05
1593 8.57160248089e-05
1594 7.89597670449e-05
1595 7.28579666546e-05
1596 6.75974529342e-05
1597 6.27643352723e-05
1598 5.83222830486e-05
1599 5.43128625043e-05
1600 -0.0190379265687
1601 -0.0155374727786
1602 -0.0106345077406
1603 -0.00776120940468
1604 -0.00497802959543
1605 -0.00299986412772
1606 -0.00154898162558
1607 -0.00057604453123
1608 1.45902823517e-05
1609 0.000374087733619
1610 0.000625877284643
1611 0.000712336416744
1612 0.000781561757505
1613 0.000755865934349
1614 0.000748453344577
1615 0.000718116418066
1616 0.000675670409811
1617 0.000636014765307
1618 0.000584633315626
1619 0.000540113113615
1620 0.000500802869361
1621 0.000446468911144
1622 0.000375565097424
1623 0.000308720555214
1624 0.000267161758178
1625 0.000253447490611
1626 0.000254460516968
1627 0.000259891618799
1628 0.000262608737534
1629 0.000257036283933
1630 0.000244220340233
1631 0.00023299384028
1632 0.000219551777159
1633 0.000202247456589
1634 0.000186532730104
1635 0.000171970592946
1636 0.000158297329502
1637 0.000145797952951
1638 0.000134667944294
1639 0.000123643616003
1640 0.00011399996392
1641 0.000105229261884
1642 9.71217855228e-05
1643 8.94962813794e-05
1644 8.23464822439e-05
1645 7.58862756446e-05
1646 7.03197273639e-05
1647 6.52375591763e-05
1648 6.0503688033e-05
1649 5.62299741657e-05
1650 -0.0252259062795
1651 -0.0186892701335
1652 -0.0117362277636
1653 -0.0073491430024
1654 -0.00409112943856
1655 -0.00195066131728
1656 -0.000494482447379
1657 0.000376172050143
1658 0.00080032592684
1659 0.00102029940317
1660 0.00115090174951
1661 0.00112948716476
1662 0.00112071323079
1663 0.00102430409643
1664 0.000965874815866
1665 0.000894533214155
1666 0.000819661143089
1667 0.000754187488142
1668 0.00068199463374
1669 0.000621793660158
1670 0.000571139039642
1671 0.000508078488746
1672 0.000428009147375
1673 0.000349324075745
1674 0.000295044869482
1675 0.000272560648491
1676 0.000269978601489
1677 0.000274729915093
1678 0.000277707152277
1679 0.000272036609497
1680 0.000258565478269
1681 0.000246341572597
1682 0.000231755786239
1683 0.00021321259684
1684 0.000196352321955
1685 0.00018074526345
1686 0.000166050456618
1687 0.000152698515321
1688 0.000140757892352
1689 0.000129101113724
1690 0.000118843611483
1691 0.000109526221122
1692 0.000100943336802
1693 9.29204764335e-05
1694 8.53399532297e-05
1695 7.85664906476e-05
1696 7.2709246005e-05
1697 6.73511146067e-05
1698 6.24020419666e-05
1699 5.79308170744e-05
1700 -0.0338963197909
1701 -0.0202096887294
1702 -0.0116745553432
1703 -0.0055419850211
1704 -0.00221071012094
1705 -0.000244121362158
1706 0.000969058184209
1707 0.00156537960122
1708 0.00171780690852
1709 0.00173488482468
1710 0.00170579079815
1711 0.00155613084695
1712 0.00145824324074
1713 0.00128641548029
1714 0.00117355747463
1715 0.0010605093712
1716 0.000953157937843
1717 0.000862203280186
1718 0.000770054864989
1719 0.000694762690867
1720 0.000632705182822
1721 0.000561649963625
1722 0.00047417356756
1723 0.000385821434834
1724 0.000320431809087
1725 0.000289407766721
1726 0.000283103840244
1727 0.000286965804617
1728 0.00029010424446
1729 0.000284429225118
1730 0.00027052943699
1731 0.000257640531995
1732 0.000242245404616
1733 0.00022272277442
1734 0.000204814625005
1735 0.000188205204218
1736 0.000172720514276
1737 0.000158672328309
1738 0.000146065674754
1739 0.00013377984657
1740 0.000122964174569
1741 0.000113206951157
1742 0.000104226807887
1743 9.58644265959e-05
1744 8.79552400194e-05
1745 8.09054403879e-05
1746 7.47633607617e-05
1747 6.91797387589e-05
1748 6.39973075975e-05
1749 5.93353718619e-05
1750 -0.0414278007652
1751 -0.0168072008135
1752 -0.00887134716021
1753 -0.00177947179771
1754 0.000848005917646
1755 0.00210400905742
1756 0.00273882118508
1757 0.00288428279037
1758 0.00267906485465
1759 0.00245001639793
1760 0.00223881153445
1761 0.00195539119988
1762 0.00176640673963
1763 0.00152274842295
1764 0.00135764732396
1765 0.001205803974
1766 0.00106866405299
1767 0.000955233612883
1768 0.000845571784701
1769 0.000757084153336
1770 0.000684643494522
1771 0.000607093828688
1772 0.000513590511162
1773 0.000417724734544
1774 0.00034290139576
1775 0.000304318809503
1776 0.000294296815239
1777 0.00029718829336
1778 0.000300402026212
1779 0.000294828971078
1780 0.00028064530216
1781 0.000267154178998
1782 0.000250910094974
1783 0.000230463029846
1784 0.000211776712246
1785 0.00019445471532
1786 0.000178147012781
1787 0.000163440656337
1788 0.000150266256675
1789 0.000137456205106
1790 0.000126236456524
1791 0.000116120695903
1792 0.000106815403655
1793 9.81644964918e-05
1794 9.00093163212e-05
1795 8.275585857e-05
1796 7.64377204136e-05
1797 7.07172750874e-05
1798 6.53926390006e-05
1799 6.05887350178e-05
1800 -0.040095565218
1801 -0.010527648251
1802 -0.00183380670606
1803 0.00382906122965
1804 0.00480784235921
1805 0.00479973886213
1806 0.00456474048762
1807 0.00414408599867
1808 0.00355925492107
1809 0.0030820227218
1810 0.00269237255948
1811 0.00229073772718
1812 0.00201869392596
1813 0.0017150607928
1814 0.00150568867813
1815 0.00132075436381
1816 0.0011593798334
1817 0.00102730493655
1818 0.000904063933965
1819 0.000805049359359
1820 0.000724071944553
1821 0.000640759649376
1822 0.000543026425066
1823 0.000441887871026
1824 0.000360258913926
1825 0.000315749713473
1826 0.000302743888683
1827 0.000304807945203
1828 0.000308046391763
1829 0.000302476314364
1830 0.000288051238763
1831 0.000274130198864
1832 0.000257259921314
1833 0.000236262632546
1834 0.000217133778834
1835 0.000199345182587
1836 0.000182421978439
1837 0.000167229108594
1838 0.000153581128936
1839 0.000140426093413
1840 0.000128838835071
1841 0.000118440468926
1842 0.000108865919096
1843 0.000100043762912
1844 9.1678043708e-05
1845 8.42555091277e-05
1846 7.77850649826e-05
1847 7.19002561147e-05
1848 6.64398903237e-05
1849 6.1513447023e-05
1850 -0.032147662903
1851 -0.00459458682617
1852 0.0084383148279
1853 0.00962874743319
1854 0.00850813903419
1855 0.00711186026867
1856 0.00599233201472
1857 0.00506155724062
1858 0.00418224538784
1859 0.00351749132042
1860 0.00299299182006
1861 0.00251310899609
1862 0.00218195751775
1863 0.00184194373921
1864 0.00160196198527
1865 0.00139537911089
1866 0.00121851459769
1867 0.00107386720406
1868 0.000942034276289
1869 0.000836411071142
1870 0.000749566657829
1871 0.000662267850664
1872 0.000562112301006
1873 0.000457754331428
1874 0.000371847289614
1875 0.000323431412019
1876 0.000308449944107
1877 0.000309852578811
1878 0.000313064203915
1879 0.000307503069117
1880 0.000293041445034
1881 0.00027879256035
1882 0.000261546303517
1883 0.000240232325178
1884 0.000220669816686
1885 0.000202471341898
1886 0.000185153512145
1887 0.000169731653928
1888 0.000155811666393
1889 0.000142424035092
1890 0.000130621701104
1891 0.000120051106361
1892 0.000110302336374
1893 0.000101325539708
1894 9.28170375092e-05
1895 8.53086578218e-05
1896 7.87458390751e-05
1897 7.27516950784e-05
1898 6.72167463897e-05
1899 6.21909686325e-05
1900 -0.029624409625
1901 0.00602715497451
1902 0.0159524443239
1903 0.0128003658703
1904 0.0103995553532
1905 0.00824075344853
1906 0.00662044461641
1907 0.00542409683789
1908 0.00443033432569
1909 0.00368887197973
1910 0.00310325292033
1911 0.00259787025769
1912 0.00224043174511
1913 0.00189029030415
1914 0.00163756649722
1915 0.00142257855221
1916 0.00124036210983
1917 0.00109088027903
1918 0.000956591062968
1919 0.000848567549465
1920 0.000759076347235
1921 0.000670252150669
1922 0.000569262449433
1923 0.000463912429987
1924 0.000376661411534
1925 0.000326903461753
1926 0.000311394925272
1927 0.000312550777769
1928 0.000315719226362
1929 0.000310131217825
1930 0.000295677895092
1931 0.00028119143146
1932 0.00026373165471
1933 0.000242254194686
1934 0.000222520285458
1935 0.000204068390856
1936 0.000186559165841
1937 0.000170968073137
1938 0.000156927746033
1939 0.000143435890863
1940 0.000131530898525
1941 0.000120884267758
1942 0.000111050894268
1943 0.000102010778287
1944 9.34506266139e-05
1945 8.591240606e-05
1946 7.92720709102e-05
1947 7.32488266165e-05
1948 6.76351180573e-05
1949 6.25918548936e-05
1950 -0.028131264504
1951 0.00755797060387
1952 0.0129950548005
1953 0.0108483424118
1954 0.00934883853899
1955 0.00765452059859
1956 0.00620858852338
1957 0.00511655648401
1958 0.00423619557139
1959 0.00355413989229
1960 0.00299906122582
1961 0.00252949843848
1962 0.00218531936603
1963 0.00185557610561
1964 0.00161003004131
1965 0.00140156904113
1966 0.00122477353153
1967 0.00107861408903
1968 0.000948208894819
1969 0.000842167037755
1970 0.000753268368737
1971 0.000665217651948
1972 0.000565036483737
1973 0.000460831951143
1974 0.000374732886895
1975 0.000325928080181
1976 0.00031111525396
1977 0.000312311459876
1978 0.000315389831039
1979 0.000309796709261
1980 0.00029544631187
1981 0.000280913953373
1982 0.000263391587516
1983 0.000242027794609
1984 0.000222354747835
1985 0.000204122465839
1986 0.000186657652322
1987 0.000171078565489
1988 0.00015702512593
1989 0.000143544032423
1990 0.000131642767284
1991 0.00012102408682
1992 0.000111191349043
1993 0.000102138636953
1994 9.35800131465e-05
1995 8.60301737971e-05
1996 7.93687434839e-05
1997 7.33402698156e-05
1998 6.77330173473e-05
1999 6.26863042599e-05
2000 -0.0443247920487
2001 -0.0115663957639
2002 0.0016212214444
2003 0.00466033831434
2004 0.00582252831817
2005 0.00556317112059
2006 0.0048830060528
2007 0.00421924806319
2008 0.00364379076495
2009 0.00314030499214
2010 0.00269896374831
2011 0.00231923061617
2012 0.00202442712298
2013 0.00174234545811
2014 0.00152271750538
2015 0.00133396246244
2016 0.0011726531157
2017 0.00103730141524
2018 0.000916301735996
2019 0.000816678576413
2020 0.000731628459644
2021 0.000646612410176
2022 0.000549062258065
2023 0.000448128341721
2024 0.000366068147589
2025 0.00032081087025
2026 0.00030798613904
2027 0.000309694825821
2028 0.000312683092504
2029 0.00030707031988
2030 0.000292867878197
2031 0.000278349232762
2032 0.000260995528353
2033 0.000239985448592
2034 0.000220716677095
2035 0.000202616744662
2036 0.000185276786718
2037 0.000169960640871
2038 0.000156096921795
2039 0.000142779016598
2040 0.000131018058158
2041 0.000120482209
2042 0.000110717839362
2043 0.000101724271005
2044 9.3249718622e-05
2045 8.5768936933e-05
2046 7.91383703649e-05
2047 7.31231413658e-05
2048 6.75427398453e-05
2049 6.25014916533e-05
2050 -0.0392083101896
2051 -0.022370033711
2052 -0.00805433703048
2053 -0.00188542077913
2054 0.00152641121407
2055 0.0027734699479
2056 0.0030458018447
2057 0.00295201842666
2058 0.00277404523821
2059 0.00252028569707
2060 0.00224755702295
2061 0.00199439552073
2062 0.0017759349686
2063 0.00156142624088
2064 0.0013826619625
2065 0.0012252612496
2066 0.00108783976255
2067 0.000969835922941
2068 0.000863347800719
2069 0.000773941254066
2070 0.00069546965662
2071 0.000615328318749
2072 0.000522211388
2073 0.000426781737375
2074 0.00035128475911
2075 0.000311758514687
2076 0.000301986449297
2077 0.000304407445969
2078 0.000307211005075
2079 0.000301520286848
2080 0.000287502728735
2081 0.000273220245225
2082 0.000256210056962
2083 0.000235793858554
2084 0.000216972287599
2085 0.000199332109026
2086 0.000182461967844
2087 0.000167522039352
2088 0.000153919537986
2089 0.000140967275385
2090 0.000129424134405
2091 0.000119119275047
2092 0.000109507098195
2093 0.000100727963196
2094 9.23588902859e-05
2095 8.5021662151e-05
2096 7.8488106118e-05
2097 7.25548398492e-05
2098 6.70654461632e-05
2099 6.20857251846e-05
2100 -0.029098761783
2101 -0.0216512787801
2102 -0.0119573499666
2103 -0.00603192769697
2104 -0.00193842219482
2105 0.000176433811883
2106 0.00118364926706
2107 0.00159687892455
2108 0.00179299121591
2109 0.00179599316988
2110 0.00170832543869
2111 0.00159459228073
2112 0.00146613355778
2113 0.00133007437432
2114 0.00120196623489
2115 0.00108363348892
2116 0.000976287705106
2117 0.000880731766644
2118 0.000792670854617
2119 0.000716464849862
2120 0.000646817516287
2121 0.000572934848259
2122 0.000485887063289
2123 0.000398055179465
2124 0.000331600489432
2125 0.000299442755108
2126 0.000293403746346
2127 0.00029671416278
2128 0.000299309684152
2129 0.000293476065352
2130 0.000279835536218
2131 0.000265926611772
2132 0.000249446890944
2133 0.000229870252404
2134 0.000211756232131
2135 0.00019478906783
2136 0.000178449415433
2137 0.000164020306611
2138 0.000150829902326
2139 0.000138250247812
2140 0.000127039124355
2141 0.000117023107684
2142 0.000107687358678
2143 9.91213984705e-05
2144 9.09895083478e-05
2145 8.38229837141e-05
2146 7.74351687297e-05
2147 7.1633798457e-05
2148 6.62533312951e-05
2149 6.13703045181e-05
2150 -0.0218280389038
2151 -0.0181684735225
2152 -0.0122671228984
2153 -0.00777545947915
2154 -0.00407086445936
2155 -0.00175539062091
2156 -0.000376527632963
2157 0.000372515845555
2158 0.000848307365448
2159 0.00106572295205
2160 0.00114609601251
2161 0.00116395356952
2162 0.00112600200697
2163 0.0010689366072
2164 0.000995141431119
2165 0.000919221297515
2166 0.000845098811464
2167 0.000774857757972
2168 0.000707588978109
2169 0.000646492288846
2170 0.000587195814597
2171 0.000520922891488
2172 0.000441439462599
2173 0.000363452017784
2174 0.000308078596107
2175 0.000284372034513
2176 0.00028228343819
2177 0.000286440009613
2178 0.000288782117933
2179 0.000282912816242
2180 0.000269801138459
2181 0.000256420389918
2182 0.000240661444904
2183 0.000222133134058
2184 0.000204905692578
2185 0.000188736157894
2186 0.000173154398226
2187 0.000159383387916
2188 0.000146770418776
2189 0.000134756183885
2190 0.00012398143369
2191 0.000114326298578
2192 0.00010529889872
2193 9.701030221e-05
2194 8.91398116143e-05
2195 8.22101132804e-05
2196 7.59895677351e-05
2197 7.03623682545e-05
2198 6.51205666187e-05
2199 6.03628699548e-05
2200 -0.0168035867094
2201 -0.0147907316318
2202 -0.0111812857616
2203 -0.00804407334942
2204 -0.00508278677544
2205 -0.00296300487553
2206 -0.00151120137237
2207 -0.000605501092641
2208 3.53519810001e-05
2209 0.000403061464241
2210 0.000614365700582
2211 0.00074144064572
2212 0.000784126863596
2213 0.000799165881544
2214 0.00077742863038
2215 0.000743460027628
2216 0.000702783431923
2217 0.000658562564773
2218 0.000612774277384
2219 0.000567521615226
2220 0.000519277249003
2221 0.0004614113065
2222 0.000391117998921
2223 0.00032510333958
2224 0.000282269934827
2225 0.000267287367706
2226 0.000268970465896
2227 0.000273769118999
2228 0.000275760512017
2229 0.000269963105148
2230 0.00025756089734
2231 0.000244859350727
2232 0.000229993765719
2233 0.000212651269916
2234 0.000196507936182
2235 0.00018134743936
2236 0.000166696286154
2237 0.000153711104459
2238 0.000141781681342
2239 0.000130420743984
2240 0.000120159728041
2241 0.000110945206268
2242 0.000102360963464
2243 9.44132495094e-05
2244 8.68592997316e-05
2245 8.01922969149e-05
2246 7.41962449182e-05
2247 6.87768489672e-05
2248 6.37439915402e-05
2249 5.9164885338e-05
2250 -0.0132462157667
2251 -0.0120299428519
2252 -0.00974689274136
2253 -0.00759958654708
2254 -0.0053537259281
2255 -0.00357879530758
2256 -0.00223331523797
2257 -0.00130814363983
2258 -0.000603320900664
2259 -0.00015131236604
2260 0.000147955492883
2261 0.000355616087138
2262 0.000462887402418
2263 0.000537733076169
2264 0.000561991540787
2265 0.000566266304855
2266 0.000556957474885
2267 0.000537675410112
2268 0.000512630757102
2269 0.000482918690948
2270 0.000445724345308
2271 0.000396850025193
2272 0.000337469282237
2273 0.000285141280701
2274 0.000255465636323
2275 0.000248792060148
2276 0.000253658850727
2277 0.000258825347618
2278 0.000260385463075
2279 0.000254738327447
2280 0.000243216157156
2281 0.00023137949499
2282 0.000217660993751
2283 0.00020175539538
2284 0.000186843802742
2285 0.000172818455183
2286 0.00015921198942
2287 0.000147121180112
2288 0.000135962782168
2289 0.000125320039912
2290 0.000115688002226
2291 0.000107037262222
2292 9.88996610251e-05
2293 9.13513440977e-05
2294 8.41801351549e-05
2295 7.78304655688e-05
2296 7.21046953085e-05
2297 6.69189937168e-05
2298 6.20904808332e-05
2299 5.76833804198e-05
2300 -0.0106443724805
2301 -0.00985527990514
2302 -0.00835492738957
2303 -0.00688041364191
2304 -0.00521183694783
2305 -0.00379113679669
2306 -0.00262614865888
2307 -0.00176395121078
2308 -0.00106580006751
2309 -0.000583513822369
2310 -0.000236156171927
2311 2.25576804754e-05
2312 0.000176100870723
2313 0.000296519022154
2314 0.000358452346035
2315 0.000395294998831
2316 0.000413616881915
2317 0.000417006353882
2318 0.000411078066195
2319 0.000395903973382
2320 0.000369340749582
2321 0.000330060271539
2322 0.000283206809704
2323 0.000245622120332
2324 0.000228599364094
2325 0.000229053773473
2326 0.000236256023057
2327 0.000241636986622
2328 0.000242903187932
2329 0.000237693971443
2330 0.000227268389642
2331 0.000216484917448
2332 0.000204073152145
2333 0.000189698538571
2334 0.000176127807475
2335 0.000163329561276
2336 0.000150834303304
2337 0.000139754350655
2338 0.000129492601413
2339 0.000119727586912
2340 0.000110734602361
2341 0.000102646195725
2342 9.5004154346e-05
2343 8.78980085716e-05
2344 8.11295416168e-05
2345 7.51290788844e-05
2346 6.96893625645e-05
2347 6.47624039866e-05
2348 6.01887522226e-05
2349 5.59852876649e-05
2350 -0.00869507664828
2351 -0.00815142164132
2352 -0.00712632584511
2353 -0.0061022110253
2354 -0.00486462356675
2355 -0.00375071420367
2356 -0.002781406041
2357 -0.002020097381
2358 -0.00137131875348
2359 -0.000897011137894
2360 -0.000534571773393
2361 -0.000250246900399
2362 -6.7806649204e-05
2363 8.38843871401e-05
2364 0.000174096643407
2365 0.000236771773392
2366 0.000277898579175
2367 0.00030075177962
2368 0.00031163804506
2369 0.000309404017145
2370 0.000292912348452
2371 0.000264023524533
2372 0.000230920955616
2373 0.000208069948663
2374 0.000202246000736
2375 0.000208242377228
2376 0.000217001042456
2377 0.000222414733072
2378 0.000223542898523
2379 0.000218963037375
2380 0.000209780675144
2381 0.000200262990353
2382 0.00018928737165
2383 0.000176595182163
2384 0.000164531234408
2385 0.000153089493055
2386 0.000141877618071
2387 0.000131814712373
2388 0.00012244774113
2389 0.000113493334398
2390 0.000105194057614
2391 9.77028604606e-05
2392 9.06257162898e-05
2393 8.40292701292e-05
2394 7.77190847181e-05
2395 7.20999551197e-05
2396 6.69797839804e-05
2397 6.23441597079e-05
2398 5.80451173949e-05
2399 5.40520949438e-05
2400 -0.00720142611986
2401 -0.0068083874972
2402 -0.00608526520799
2403 -0.00536381509461
2404 -0.00444169176932
2405 -0.00357567572285
2406 -0.00278558246848
2407 -0.00213445150552
2408 -0.00155458864478
2409 -0.00111052759579
2410 -0.000755126757034
2411 -0.000464149811928
2412 -0.000267479939001
2413 -9.67929716124e-05
2414 1.29775390637e-05
2415 9.47087898788e-05
2416 0.000153888215463
2417 0.000192505369406
2418 0.000217262718819
2419 0.000226254828907
2420 0.000219446705313
2421 0.000201678730777
2422 0.000182649874997
2423 0.000173236912856
2424 0.000176349249119
2425 0.000186134376721
2426 0.000195728521973
2427 0.000201193536497
2428 0.00020240918208
2429 0.000198693464907
2430 0.000191070454798
2431 0.000182963839654
2432 0.000173522381886
2433 0.00016257750677
2434 0.000152044344481
2435 0.000142044861729
2436 0.000132134266395
2437 0.000123190850387
2438 0.000114817387505
2439 0.000106785409692
2440 9.92689162622e-05
2441 9.2456030724e-05
2442 8.5965454506e-05
2443 7.98950844717e-05
2444 7.40624795085e-05
2445 6.88501005459e-05
2446 6.40863346455e-05
2447 5.97359320998e-05
2448 5.56754145185e-05
2449 5.19007496867e-05
2450 -0.00603188407435
2451 -0.00573645870457
2452 -0.00521183684026
2453 -0.00469488545886
2454 -0.00400089193144
2455 -0.00332846442567
2456 -0.00269181119374
2457 -0.00214633428244
2458 -0.00164117535323
2459 -0.00124039237605
2460 -0.000905901494116
2461 -0.000622777206636
2462 -0.000423344456475
2463 -0.000244260997911
2464 -0.000123131525853
2465 -2.86369847679e-05
2466 4.35796196401e-05
2467 9.44074633621e-05
2468 0.000130367771617
2469 0.000148940307436
2470 0.000151644258932
2471 0.00014529761826
2472 0.000139566997458
2473 0.000141327184147
2474 0.00015086026861
2475 0.000162995581866
2476 0.000173001790452
2477 0.000178617582103
2478 0.000180185870023
2479 0.000177529051995
2480 0.000171547115626
2481 0.000164976517433
2482 0.000157210548768
2483 0.000148066772211
2484 0.000139120143144
2485 0.000130561944644
2486 0.000121983640297
2487 0.000114188027117
2488 0.000106819151017
2489 9.97170121643e-05
2490 9.29992942921e-05
2491 8.6853493076e-05
2492 8.09632443098e-05
2493 7.54241159388e-05
2494 7.00804509083e-05
2495 6.52832820059e-05
2496 6.08681576271e-05
2497 5.68564360593e-05
2498 5.30816373677e-05
2499 4.95429393248e-05
