0 -0.000111375334306
1 -0.00010334427379
2 -0.000100840249557
3 -9.72498241613e-05
4 -0.000104200766261
5 -9.826900775e-05
6 -9.94261699285e-05
7 -9.9276097631e-05
8 -9.70091936846e-05
9 -9.67116774219e-05
10 -9.62279568351e-05
11 -9.53739960673e-05
12 -9.37098838524e-05
13 -9.01813031843e-05
14 -8.97069950426e-05
15 -8.79926153234e-05
16 -8.48342671082e-05
17 -8.3063929382e-05
18 -8.07300653737e-05
19 -7.79995743506e-05
20 -7.68711968853e-05
21 -7.45138042241e-05
22 -7.16881223919e-05
23 -6.87684818799e-05
24 -6.65714527712e-05
25 -6.40809112697e-05
26 -6.10352701327e-05
27 -5.82462065916e-05
28 -5.62180594336e-05
29 -5.39301720277e-05
30 -5.13974927834e-05
31 -4.95592932204e-05
32 -4.81131321379e-05
33 -4.63017802325e-05
34 -4.45834189968e-05
35 -4.29418193504e-05
36 -4.17053801722e-05
37 -4.04383847168e-05
38 -3.94579421434e-05
39 -3.82334226871e-05
40 -3.69650522552e-05
41 -3.5805728983e-05
42 -3.45101369291e-05
43 -3.30842191815e-05
44 -3.16681568081e-05
45 -3.01456441803e-05
46 -2.87662453635e-05
47 -2.72882758715e-05
48 -2.59304398811e-05
49 -2.45385949682e-05
50 -0.000105325558715
51 -9.99728443618e-05
52 -9.53545879598e-05
53 -9.78918694712e-05
54 -9.55430017989e-05
55 -9.44444400397e-05
56 -9.5068362483e-05
57 -9.54453905315e-05
58 -9.45233119544e-05
59 -9.29187804499e-05
60 -9.31268383943e-05
61 -9.07851829888e-05
62 -9.04802538302e-05
63 -8.72340862945e-05
64 -8.59103508178e-05
65 -8.43261386296e-05
66 -8.21860216626e-05
67 -8.08577357229e-05
68 -7.78821262045e-05
69 -7.54982058526e-05
70 -7.45218936099e-05
71 -7.25815312229e-05
72 -6.97572305684e-05
73 -6.6915825601e-05
74 -6.4732292127e-05
75 -6.22540930178e-05
76 -5.93837500782e-05
77 -5.68443560312e-05
78 -5.48923041166e-05
79 -5.26963590117e-05
80 -5.02869669524e-05
81 -4.86000857158e-05
82 -4.70916282492e-05
83 -4.51768145513e-05
84 -4.34933888417e-05
85 -4.19444681101e-05
86 -4.07266465216e-05
87 -3.94396229139e-05
88 -3.8363840771e-05
89 -3.71153624624e-05
90 -3.5887062199e-05
91 -3.47094489837e-05
92 -3.33951259051e-05
93 -3.2012031141e-05
94 -3.06143524979e-05
95 -2.9128406243e-05
96 -2.78059330809e-05
97 -2.64082101691e-05
98 -2.50971889758e-05
99 -2.3760110907e-05
100 -0.000104058617222
101 -9.88091694383e-05
102 -9.46113607596e-05
103 -9.70039710986e-05
104 -9.48607889985e-05
105 -9.38527005402e-05
106 -9.452512543e-05
107 -9.49302455512e-05
108 -9.40975863446e-05
109 -9.26012894377e-05
110 -9.28498695484e-05
111 -9.05676424881e-05
112 -9.02962694168e-05
113 -8.71005037347e-05
114 -8.58168374866e-05
115 -8.42634102194e-05
116 -8.2151392976e-05
117 -8.08454133329e-05
118 -7.79040764444e-05
119 -7.55552213494e-05
120 -7.46232644952e-05
121 -7.26954722564e-05
122 -6.99367599844e-05
123 -6.71598698235e-05
124 -6.50479573617e-05
125 -6.26387845675e-05
126 -5.98435720111e-05
127 -5.73756699599e-05
128 -5.54549892944e-05
129 -5.3241369423e-05
130 -5.07883512257e-05
131 -4.90627853167e-05
132 -4.75012808685e-05
133 -4.55190079414e-05
134 -4.37769994967e-05
135 -4.21645915578e-05
136 -4.08874446674e-05
137 -3.95348634462e-05
138 -3.83704721291e-05
139 -3.70583174462e-05
140 -3.57859607137e-05
141 -3.46026025759e-05
142 -3.33008193207e-05
143 -3.19165297555e-05
144 -3.05237006216e-05
145 -2.90471575244e-05
146 -2.77528470479e-05
147 -2.64027046939e-05
148 -2.51427047331e-05
149 -2.3848305464e-05
150 -0.000101411809453
151 -9.64455194457e-05
152 -9.28911551046e-05
153 -9.50958708923e-05
154 -9.32830251478e-05
155 -9.24621372567e-05
156 -9.32379051405e-05
157 -9.37341906874e-05
158 -9.30917622428e-05
159 -9.18078940664e-05
160 -9.21672060897e-05
161 -9.01425058231e-05
162 -8.99633201402e-05
163 -8.68691601623e-05
164 -8.56690369017e-05
165 -8.41882291962e-05
166 -8.2092596642e-05
167 -8.08513198814e-05
168 -7.79271771442e-05
169 -7.56227557795e-05
170 -7.48007576628e-05
171 -7.29971663128e-05
172 -7.03765096549e-05
173 -6.76652407242e-05
174 -6.56370425846e-05
175 -6.33299242447e-05
176 -6.06021889846e-05
177 -5.81880586533e-05
178 -5.62923454192e-05
179 -5.40745988202e-05
180 -5.15918097636e-05
181 -4.98095178907e-05
182 -4.82076285846e-05
183 -4.61218169515e-05
184 -4.42887536124e-05
185 -4.25554089637e-05
186 -4.11966650637e-05
187 -3.97468368662e-05
188 -3.85261204409e-05
189 -3.71508824478e-05
190 -3.58182005475e-05
191 -3.45808567828e-05
192 -3.32660235409e-05
193 -3.18631075675e-05
194 -3.04898234348e-05
195 -2.90422748789e-05
196 -2.77783878747e-05
197 -2.64768324472e-05
198 -2.52773241254e-05
199 -2.40445684093e-05
200 -9.67408237168e-05
201 -9.23896666457e-05
202 -8.96885699618e-05
203 -9.16828810579e-05
204 -9.03412259359e-05
205 -8.98880495727e-05
206 -9.08596933243e-05
207 -9.16773410962e-05
208 -9.14131018552e-05
209 -9.04772867193e-05
210 -9.12195946823e-05
211 -8.93397988647e-05
212 -8.93593513161e-05
213 -8.66327266146e-05
214 -8.56625432203e-05
215 -8.43659583469e-05
216 -8.24385782264e-05
217 -8.12352847738e-05
218 -7.83548003201e-05
219 -7.60761845568e-05
220 -7.53362606244e-05
221 -7.369310079e-05
222 -7.11325935555e-05
223 -6.84956895168e-05
224 -6.65794068179e-05
225 -6.4326035146e-05
226 -6.16370389054e-05
227 -5.92746121359e-05
228 -5.74546484407e-05
229 -5.5249550651e-05
230 -5.27536866912e-05
231 -5.0927683992e-05
232 -4.92470051694e-05
233 -4.70708473956e-05
234 -4.50563731657e-05
235 -4.31771549292e-05
236 -4.17137440499e-05
237 -4.01241088519e-05
238 -3.87957664709e-05
239 -3.73356139915e-05
240 -3.58896042443e-05
241 -3.46308097878e-05
242 -3.32632569604e-05
243 -3.18810580172e-05
244 -3.05241744351e-05
245 -2.90790417014e-05
246 -2.78629252346e-05
247 -2.66319885999e-05
248 -2.54991737093e-05
249 -2.43421477635e-05
250 -8.83356811536e-05
251 -8.39653067014e-05
252 -8.38533026151e-05
253 -8.5027482421e-05
254 -8.48894821999e-05
255 -8.49451939329e-05
256 -8.62680421139e-05
257 -8.74449747603e-05
258 -8.76860796487e-05
259 -8.75721517665e-05
260 -8.85958522362e-05
261 -8.7454822252e-05
262 -8.8055159579e-05
263 -8.58137525762e-05
264 -8.51373955267e-05
265 -8.41199834805e-05
266 -8.24055759984e-05
267 -8.1442438749e-05
268 -7.87170736488e-05
269 -7.66195795984e-05
270 -7.60048831647e-05
271 -7.44718410734e-05
272 -7.18926030546e-05
273 -6.94571909836e-05
274 -6.7605550459e-05
275 -6.53936749328e-05
276 -6.27846198721e-05
277 -6.04482685355e-05
278 -5.85840219203e-05
279 -5.64151797711e-05
280 -5.39087669154e-05
281 -5.21179732375e-05
282 -5.0339052893e-05
283 -4.80372649702e-05
284 -4.58634049029e-05
285 -4.38499593605e-05
286 -4.22231095989e-05
287 -4.04994329805e-05
288 -3.90890109891e-05
289 -3.74899862975e-05
290 -3.60007043325e-05
291 -3.46609232817e-05
292 -3.32440359024e-05
293 -3.18539127374e-05
294 -3.04842205411e-05
295 -2.91253719086e-05
296 -2.79942466595e-05
297 -2.68049683087e-05
298 -2.57379055696e-05
299 -2.46153730454e-05
300 -7.35582730837e-05
301 -7.00773910729e-05
302 -7.36417513369e-05
303 -7.35209497129e-05
304 -7.51372192491e-05
305 -7.61749621132e-05
306 -7.80421316678e-05
307 -7.96625938509e-05
308 -8.10020875061e-05
309 -8.20272427644e-05
310 -8.37241543458e-05
311 -8.36546936065e-05
312 -8.50075670507e-05
313 -8.36112964198e-05
314 -8.3532699983e-05
315 -8.29726814651e-05
316 -8.18067939416e-05
317 -8.11932563637e-05
318 -7.88331900471e-05
319 -7.69935095034e-05
320 -7.65593740991e-05
321 -7.50151776464e-05
322 -7.26495231569e-05
323 -7.02470112662e-05
324 -6.84650332913e-05
325 -6.63994256409e-05
326 -6.38105853921e-05
327 -6.152468333e-05
328 -5.96886009124e-05
329 -5.75851894469e-05
330 -5.49776376616e-05
331 -5.31604439379e-05
332 -5.13438645472e-05
333 -4.88952037818e-05
334 -4.66381629888e-05
335 -4.44651544643e-05
336 -4.26740585779e-05
337 -4.08217284715e-05
338 -3.92573867342e-05
339 -3.7568273184e-05
340 -3.59910957685e-05
341 -3.45697767841e-05
342 -3.31413868532e-05
343 -3.17188300384e-05
344 -3.03923615232e-05
345 -2.91125652089e-05
346 -2.80474072117e-05
347 -2.69634444843e-05
348 -2.59162860369e-05
349 -2.48154481538e-05
350 -4.94588377193e-05
351 -4.84679554215e-05
352 -5.69630367229e-05
353 -5.51798598919e-05
354 -5.93046558607e-05
355 -6.17974461004e-05
356 -6.44584247468e-05
357 -6.70457168088e-05
358 -6.99784630312e-05
359 -7.27590589832e-05
360 -7.55552934616e-05
361 -7.70651397032e-05
362 -7.94951032752e-05
363 -7.96217991887e-05
364 -8.05286356861e-05
365 -8.08631050305e-05
366 -8.04586756275e-05
367 -8.03824768675e-05
368 -7.86102527103e-05
369 -7.71951443927e-05
370 -7.69566322647e-05
371 -7.55998037292e-05
372 -7.3402783062e-05
373 -7.10388406236e-05
374 -6.93079684094e-05
375 -6.73301300783e-05
376 -6.48438299604e-05
377 -6.2580809391e-05
378 -6.08070104739e-05
379 -5.86553126304e-05
380 -5.60309759256e-05
381 -5.4132260259e-05
382 -5.23031845683e-05
383 -4.97588670452e-05
384 -4.74885954061e-05
385 -4.51707245025e-05
386 -4.32188428438e-05
387 -4.11996881329e-05
388 -3.95102958338e-05
389 -3.77126590498e-05
390 -3.60348228085e-05
391 -3.4535732513e-05
392 -3.30883534438e-05
393 -3.16361137069e-05
394 -3.03596014124e-05
395 -2.91088969039e-05
396 -2.8113184075e-05
397 -2.7073638567e-05
398 -2.60535680023e-05
399 -2.49847324257e-05
400 -1.36690739935e-05
401 -1.56308858588e-05
402 -3.08609899574e-05
403 -2.69748386811e-05
404 -3.47381742691e-05
405 -3.92751511273e-05
406 -4.30983469375e-05
407 -4.719221496e-05
408 -5.23377397238e-05
409 -5.79311023666e-05
410 -6.2326273774e-05
411 -6.63924005589e-05
412 -7.06655762173e-05
413 -7.30452762256e-05
414 -7.54752729403e-05
415 -7.71419303903e-05
416 -7.79915919018e-05
417 -7.87496024977e-05
418 -7.78255717671e-05
419 -7.69989854508e-05
420 -7.70860690726e-05
421 -7.61513924656e-05
422 -7.41931065419e-05
423 -7.19433205951e-05
424 -7.03544912051e-05
425 -6.83532783165e-05
426 -6.58765274869e-05
427 -6.3723948133e-05
428 -6.20067373185e-05
429 -5.98093063052e-05
430 -5.71662440383e-05
431 -5.52285831368e-05
432 -5.33303346804e-05
433 -5.07680806196e-05
434 -4.83184505855e-05
435 -4.59205823158e-05
436 -4.38478719715e-05
437 -4.16743698158e-05
438 -3.9833697393e-05
439 -3.79174927711e-05
440 -3.61350292986e-05
441 -3.45967365829e-05
442 -3.30969828056e-05
443 -3.16707933843e-05
444 -3.04099412724e-05
445 -2.91830281815e-05
446 -2.82020766746e-05
447 -2.72024710644e-05
448 -2.62221364061e-05
449 -2.51830564155e-05
450 3.6733650673e-05
451 2.92066769542e-05
452 7.80977958213e-06
453 1.3202248647e-05
454 1.62627296117e-06
455 -5.62460687619e-06
456 -1.11127818304e-05
457 -1.72645220796e-05
458 -2.5648489152e-05
459 -3.51541440305e-05
460 -4.18193423987e-05
461 -4.98620102361e-05
462 -5.67466581739e-05
463 -6.24733696974e-05
464 -6.71888967085e-05
465 -7.08448399992e-05
466 -7.35669742027e-05
467 -7.56500534962e-05
468 -7.60563571671e-05
469 -7.61398213982e-05
470 -7.6836795153e-05
471 -7.63800002154e-05
472 -7.47443058104e-05
473 -7.28225293371e-05
474 -7.1397827763e-05
475 -6.93550728521e-05
476 -6.69659017623e-05
477 -6.47786731736e-05
478 -6.3035855053e-05
479 -6.08182046036e-05
480 -5.81854123777e-05
481 -5.62289471515e-05
482 -5.42646054385e-05
483 -5.16420377882e-05
484 -4.91873590826e-05
485 -4.66736590442e-05
486 -4.45216635155e-05
487 -4.22349151015e-05
488 -4.02808988935e-05
489 -3.82135631099e-05
490 -3.63693729284e-05
491 -3.4795856791e-05
492 -3.324768255e-05
493 -3.18068414743e-05
494 -3.052583259e-05
495 -2.92862135615e-05
496 -2.83341352854e-05
497 -2.7338882779e-05
498 -2.63990742571e-05
499 -2.53618843511e-05
500 0.000100067235268
501 8.46071309631e-05
502 6.07877303507e-05
503 6.64796241413e-05
504 5.16117901644e-05
505 4.13059528618e-05
506 3.3827648847e-05
507 2.53501865652e-05
508 1.26956489283e-05
509 -1.49677431002e-06
510 -1.15331691344e-05
511 -2.48279965114e-05
512 -3.53588346053e-05
513 -4.59183149289e-05
514 -5.39985336816e-05
515 -6.06083158031e-05
516 -6.60942255986e-05
517 -7.02271648813e-05
518 -7.25829365916e-05
519 -7.40782281885e-05
520 -7.56760037839e-05
521 -7.59968703397e-05
522 -7.49515718058e-05
523 -7.34895850893e-05
524 -7.22786833665e-05
525 -7.03785256483e-05
526 -6.80047745578e-05
527 -6.58272115709e-05
528 -6.40725064695e-05
529 -6.18417782666e-05
530 -5.91796894154e-05
531 -5.72436253978e-05
532 -5.52367496389e-05
533 -5.25364775119e-05
534 -4.99982277463e-05
535 -4.74220952579e-05
536 -4.52064718367e-05
537 -4.28102345621e-05
538 -4.07598028757e-05
539 -3.85728981886e-05
540 -3.66543027324e-05
541 -3.50117730802e-05
542 -3.34374090609e-05
543 -3.19806431293e-05
544 -3.06852375055e-05
545 -2.94431014661e-05
546 -2.84753938862e-05
547 -2.74790347024e-05
548 -2.65471043101e-05
549 -2.55137183465e-05
550 0.000167626264941
551 0.000143407874594
552 0.000124269576602
553 0.000128434920879
554 0.000112383157272
555 0.000100251598699
556 9.1149191151e-05
557 8.06016382857e-05
558 6.37027013844e-05
559 4.48081935673e-05
560 3.05763769803e-05
561 1.11178091544e-05
562 -4.03242206244e-06
563 -2.10946116919e-05
564 -3.39294213875e-05
565 -4.4704081119e-05
566 -5.42440717709e-05
567 -6.12756922695e-05
568 -6.65498024844e-05
569 -7.01222667646e-05
570 -7.31196896932e-05
571 -7.45639565425e-05
572 -7.45071617782e-05
573 -7.36421899244e-05
574 -7.28354462519e-05
575 -7.12375241536e-05
576 -6.89291518617e-05
577 -6.68043328906e-05
578 -6.50111677335e-05
579 -6.27842683506e-05
580 -6.00622498423e-05
581 -5.81396136218e-05
582 -5.61548186501e-05
583 -5.33951393489e-05
584 -5.07691446684e-05
585 -4.81823665532e-05
586 -4.59254457567e-05
587 -4.3527310727e-05
588 -4.13947221312e-05
589 -3.91490218787e-05
590 -3.71607218217e-05
591 -3.54116710749e-05
592 -3.38174127768e-05
593 -3.22927617749e-05
594 -3.09187463454e-05
595 -2.96555787533e-05
596 -2.86239822261e-05
597 -2.76106617475e-05
598 -2.66634199295e-05
599 -2.56494698422e-05
600 0.000220912487402
601 0.000194014082921
602 0.000186252080644
603 0.00018675061194
604 0.000174156539282
605 0.000162800046245
606 0.000154039359732
607 0.000142841857974
608 0.000124183525433
609 0.000102460039591
610 8.48987745698e-05
611 5.88554795448e-05
612 3.91224847688e-05
613 1.40835426508e-05
614 -4.65750045369e-06
615 -2.11146016223e-05
616 -3.61983685321e-05
617 -4.73885805829e-05
618 -5.68591922051e-05
619 -6.34335917264e-05
620 -6.84510285484e-05
621 -7.16265565734e-05
622 -7.29691994826e-05
623 -7.30604177478e-05
624 -7.28887759738e-05
625 -7.17114939309e-05
626 -6.96359311398e-05
627 -6.76546926146e-05
628 -6.58914623053e-05
629 -6.36734647144e-05
630 -6.08761989928e-05
631 -5.89537739486e-05
632 -5.69796997221e-05
633 -5.42444175478e-05
634 -5.15909876853e-05
635 -4.89931576838e-05
636 -4.67197214809e-05
637 -4.42905911543e-05
638 -4.21080478227e-05
639 -3.98092089201e-05
640 -3.77163642082e-05
641 -3.58905548916e-05
642 -3.42145371138e-05
643 -3.26307939245e-05
644 -3.11958999066e-05
645 -2.98617277245e-05
646 -2.87705953245e-05
647 -2.77486557168e-05
648 -2.67724407633e-05
649 -2.57868294777e-05
650 0.000239075430268
651 0.000221779979445
652 0.000225986411621
653 0.000223906965114
654 0.000219357039249
655 0.00021244002516
656 0.000207503657144
657 0.000198846449386
658 0.000183426924571
659 0.000163775918912
660 0.000145844728181
661 0.000116089831813
662 9.31771323456e-05
663 6.05559025704e-05
664 3.54148040407e-05
665 1.19698624525e-05
666 -1.00286476464e-05
667 -2.68823194978e-05
668 -4.21213345651e-05
669 -5.29031918632e-05
670 -6.0834061273e-05
671 -6.64946135427e-05
672 -6.98336454984e-05
673 -7.14138018439e-05
674 -7.21802691688e-05
675 -7.1661822516e-05
676 -7.0058162172e-05
677 -6.82953688209e-05
678 -6.66811445918e-05
679 -6.44881184131e-05
680 -6.17037813505e-05
681 -5.97838446475e-05
682 -5.77917968184e-05
683 -5.50480474951e-05
684 -5.24374046589e-05
685 -4.98344495713e-05
686 -4.75277905954e-05
687 -4.51053315211e-05
688 -4.2930038297e-05
689 -4.05726497407e-05
690 -3.84033618876e-05
691 -3.64896441871e-05
692 -3.47011232241e-05
693 -3.3002562084e-05
694 -3.14930357968e-05
695 -3.00727003352e-05
696 -2.89346172157e-05
697 -2.7867656622e-05
698 -2.68719058193e-05
699 -2.590657011e-05
700 0.000217983496996
701 0.000216952979426
702 0.000225047856624
703 0.000225516737555
704 0.000229498652705
705 0.000230911692895
706 0.000232882849732
707 0.000231498157783
708 0.000225268505378
709 0.00021444280094
710 0.000201439368343
711 0.000174719619355
712 0.000152970532839
713 0.000116125030024
714 8.58999533647e-05
715 5.55791590395e-05
716 2.57684422364e-05
717 1.82982481466e-06
718 -2.07472117795e-05
719 -3.72959134865e-05
720 -4.9269008648e-05
721 -5.84148085278e-05
722 -6.4606986788e-05
723 -6.82767365745e-05
724 -7.04696651183e-05
725 -7.091848834e-05
726 -7.00147187796e-05
727 -6.86410972625e-05
728 -6.72559034905e-05
729 -6.51559446775e-05
730 -6.23920321212e-05
731 -6.04591962294e-05
732 -5.84958636293e-05
733 -5.57839486855e-05
734 -5.32416213562e-05
735 -5.0668425e-05
736 -4.83667619642e-05
737 -4.5951279877e-05
738 -4.37850023782e-05
739 -4.13939209215e-05
740 -3.91789983664e-05
741 -3.71539620661e-05
742 -3.52616125273e-05
743 -3.34309254961e-05
744 -3.1825616413e-05
745 -3.0325842256e-05
746 -2.91367391273e-05
747 -2.80297951723e-05
748 -2.70231299081e-05
749 -2.6063974594e-05
750 0.00017385140818
751 0.000183494412389
752 0.00018577127599
753 0.000191683912187
754 0.000200071890134
755 0.000209288679243
756 0.000218984769192
757 0.000227143750492
758 0.000234039428755
759 0.000237178897065
760 0.000235383932929
761 0.000221015319297
762 0.000207037206617
763 0.000173790096093
764 0.000142938998546
765 0.000108287960329
766 7.1604031669e-05
767 4.02329388352e-05
768 8.7574654266e-06
769 -1.50754503442e-05
770 -3.25612307594e-05
771 -4.64737019292e-05
772 -5.66207331423e-05
773 -6.32112446109e-05
774 -6.74261059804e-05
775 -6.92653174592e-05
776 -6.93674093135e-05
777 -6.86531059325e-05
778 -6.76485722871e-05
779 -6.57293392741e-05
780 -6.30951220659e-05
781 -6.11984573414e-05
782 -5.92539946189e-05
783 -5.65773325968e-05
784 -5.40553226373e-05
785 -5.15301912243e-05
786 -4.92641430963e-05
787 -4.68341116406e-05
788 -4.46908330453e-05
789 -4.22583349194e-05
790 -3.99924446882e-05
791 -3.78634174662e-05
792 -3.58523399881e-05
793 -3.38953970644e-05
794 -3.21783292684e-05
795 -3.06111409053e-05
796 -2.93703521151e-05
797 -2.82137228735e-05
798 -2.71991223943e-05
799 -2.62427205147e-05
800 0.000136742032514
801 0.000144829146064
802 0.000136737370027
803 0.000146047065487
804 0.000151796040644
805 0.000162364063513
806 0.000175288132694
807 0.000189633373854
808 0.000206427841346
809 0.000222287943574
810 0.000234757228081
811 0.000239239851774
812 0.000239822846852
813 0.00022080464365
814 0.000197183998634
815 0.000164587722359
816 0.000125253794773
817 8.77356658591e-05
818 4.74083512269e-05
819 1.50733307293e-05
820 -9.44242068544e-06
821 -2.95365480814e-05
822 -4.4999112336e-05
823 -5.5591530364e-05
824 -6.2579718437e-05
825 -6.64387977031e-05
826 -6.79183590317e-05
827 -6.81371744299e-05
828 -6.77047677413e-05
829 -6.61758745019e-05
830 -6.3730848563e-05
831 -6.19722314014e-05
832 -6.00518351993e-05
833 -5.74077689252e-05
834 -5.48826266043e-05
835 -5.24765279853e-05
836 -5.02351200922e-05
837 -4.78198114303e-05
838 -4.56173256578e-05
839 -4.31649761064e-05
840 -4.08297307717e-05
841 -3.85976336841e-05
842 -3.64576241565e-05
843 -3.43971891474e-05
844 -3.25693310737e-05
845 -3.09334001809e-05
846 -2.96409617984e-05
847 -2.84476187179e-05
848 -2.740659348e-05
849 -2.64482345846e-05
850 0.000131864549272
851 0.000131179694151
852 0.000112303625871
853 0.000121585042205
854 0.000118718391119
855 0.000123123006313
856 0.000131575468889
857 0.000143889921398
858 0.000160096813963
859 0.000179406229075
860 0.000201288274545
861 0.000222559156562
862 0.000239257706761
863 0.000242622820499
864 0.000235263722601
865 0.000214036513969
866 0.000180075683028
867 0.000141191061858
868 9.43294901054e-05
869 5.35707695143e-05
870 2.12201478377e-05
871 -6.59426187956e-06
872 -2.89220714687e-05
873 -4.47619321544e-05
874 -5.54706744767e-05
875 -6.20280493187e-05
876 -6.54456105789e-05
877 -6.69807612734e-05
878 -6.7366935176e-05
879 -6.637153085e-05
880 -6.42579999963e-05
881 -6.27053896536e-05
882 -6.08759470239e-05
883 -5.82814715205e-05
884 -5.57791852228e-05
885 -5.34052552805e-05
886 -5.1162152218e-05
887 -4.87636121587e-05
888 -4.65104652048e-05
889 -4.40054993317e-05
890 -4.16576930132e-05
891 -3.93524639631e-05
892 -3.71205629381e-05
893 -3.49609596475e-05
894 -3.30188124391e-05
895 -3.13151811136e-05
896 -2.99603555928e-05
897 -2.87344707173e-05
898 -2.76500568603e-05
899 -2.66615928815e-05
900 0.000166415226405
901 0.000155006067993
902 0.00012688181601
903 0.000135222593886
904 0.000122190204125
905 0.000116943791637
906 0.000116324427203
907 0.00011952733182
908 0.000124628040703
909 0.00013543560511
910 0.000155008558725
911 0.000180655539904
912 0.000206936227931
913 0.000231285908032
914 0.000245026429302
915 0.0002438014107
916 0.000225500346482
917 0.000193470933317
918 0.000146261773326
919 9.964078215e-05
920 5.96090404162e-05
921 2.30913389047e-05
922 -7.4594619785e-06
923 -3.00577127546e-05
924 -4.56034934116e-05
925 -5.57328281802e-05
926 -6.17544250791e-05
927 -6.50349747913e-05
928 -6.65645565105e-05
929 -6.63451858621e-05
930 -6.47131638872e-05
931 -6.34297123181e-05
932 -6.17466338087e-05
933 -5.91766565275e-05
934 -5.6714136074e-05
935 -5.43376423687e-05
936 -5.20987274803e-05
937 -4.97120556113e-05
938 -4.74279734929e-05
939 -4.48626414145e-05
940 -4.24568448022e-05
941 -4.01224903941e-05
942 -3.78064079546e-05
943 -3.55567753783e-05
944 -3.35189849852e-05
945 -3.17250610086e-05
946 -3.03256307709e-05
947 -2.90411115482e-05
948 -2.79096090464e-05
949 -2.68756446747e-05
950 0.000230541358003
951 0.000212428652269
952 0.000174387108175
953 0.000182552568729
954 0.000160489439591
955 0.000147129360913
956 0.000137696803556
957 0.000130578305034
958 0.000120963088181
959 0.000116590042695
960 0.000123240863162
961 0.000137825928848
962 0.000160885848858
963 0.000193101637812
964 0.000223299056128
965 0.000244744265593
966 0.000249656476094
967 0.000234728656068
968 0.000196788685295
969 0.000150226528042
970 0.000104779563976
971 5.98054952401e-05
972 1.99585928551e-05
973 -1.07416488044e-05
974 -3.24291153964e-05
975 -4.71615688721e-05
976 -5.65402851371e-05
977 -6.20870526536e-05
978 -6.51188265979e-05
979 -6.58846066653e-05
980 -6.48920538291e-05
981 -6.39810747415e-05
982 -6.25160384705e-05
983 -5.99972594172e-05
984 -5.75310130145e-05
985 -5.51493352272e-05
986 -5.29082596375e-05
987 -5.05324556093e-05
988 -4.82385818096e-05
989 -4.56337587749e-05
990 -4.32329851361e-05
991 -4.08788884076e-05
992 -3.85342684073e-05
993 -3.62029912873e-05
994 -3.40883018925e-05
995 -3.22045073328e-05
996 -3.07332740942e-05
997 -2.93939192279e-05
998 -2.8191182178e-05
999 -2.71152242969e-05
1000 0.000318095529364
1001 0.000294618927519
1002 0.000243892720207
1003 0.000253247743577
1004 0.000223025602044
1005 0.000203290809626
1006 0.000187315467114
1007 0.000172131746262
1008 0.000150051210128
1009 0.000131134386628
1010 0.000122152184956
1011 0.000117359766547
1012 0.000125956691093
1013 0.000148404510745
1014 0.000181306470824
1015 0.000217266506588
1016 0.000245196099336
1017 0.00025427467232
1018 0.000236302517885
1019 0.000198926749566
1020 0.000153255105742
1021 0.000102393342549
1022 5.3429958378e-05
1023 1.36486584604e-05
1024 -1.54663464949e-05
1025 -3.59167320137e-05
1026 -4.95264798188e-05
1027 -5.7976968251e-05
1028 -6.29281078134e-05
1029 -6.50102545151e-05
1030 -6.48483102103e-05
1031 -6.44172750396e-05
1032 -6.32241874024e-05
1033 -6.08176029746e-05
1034 -5.8343187625e-05
1035 -5.59306073925e-05
1036 -5.36828534787e-05
1037 -5.13265294527e-05
1038 -4.90810693928e-05
1039 -4.64624584791e-05
1040 -4.4022272415e-05
1041 -4.16429208368e-05
1042 -3.92819712081e-05
1043 -3.68936750525e-05
1044 -3.46968527082e-05
1045 -3.27047790099e-05
1046 -3.11437902856e-05
1047 -2.97267249965e-05
1048 -2.84591670785e-05
1049 -2.73182073676e-05
1050 0.0004297219538
1051 0.000398611464963
1052 0.000332846044096
1053 0.000344181948406
1054 0.000305014503982
1055 0.000278401814532
1056 0.000256785900908
1057 0.000235030395763
1058 0.000203056117556
1059 0.000172571364977
1060 0.000150828206082
1061 0.000127409376999
1062 0.000118019374246
1063 0.000119424043739
1064 0.00013975849406
1065 0.000174479562835
1066 0.000215008598339
1067 0.000246946920835
1068 0.000256029274524
1069 0.000237891932536
1070 0.000200533374578
1071 0.000148624396135
1072 9.23503891081e-05
1073 4.34066603044e-05
1074 5.752778993e-06
1075 -2.15565661772e-05
1076 -4.0426232486e-05
1077 -5.24768339459e-05
1078 -5.98116548233e-05
1079 -6.35182178136e-05
1080 -6.44189202403e-05
1081 -6.46113575714e-05
1082 -6.37434630429e-05
1083 -6.15157007837e-05
1084 -5.91375262643e-05
1085 -5.67510407172e-05
1086 -5.44856583044e-05
1087 -5.21473266995e-05
1088 -4.986491711e-05
1089 -4.72703637189e-05
1090 -4.48053278461e-05
1091 -4.24115817524e-05
1092 -4.00403459912e-05
1093 -3.76137899948e-05
1094 -3.53296830944e-05
1095 -3.32446520165e-05
1096 -3.15795049568e-05
1097 -3.00892428916e-05
1098 -2.87531011712e-05
1099 -2.75432527339e-05
1100 0.000569604878129
1101 0.000530234235317
1102 0.000443980085819
1103 0.000458386758723
1104 0.000406689303903
1105 0.000371403122585
1106 0.000342492107001
1107 0.000314069224566
1108 0.000272281990073
1109 0.000231718185576
1110 0.000200167735828
1111 0.000162171387609
1112 0.000137667525011
1113 0.000117150864468
1114 0.000116967307145
1115 0.000135871812849
1116 0.000172315689145
1117 0.000216217526549
1118 0.000250496429003
1119 0.000258450702751
1120 0.000238991610756
1121 0.000193854749435
1122 0.000134881433827
1123 7.79429833532e-05
1124 3.14703004016e-05
1125 -3.76976999008e-06
1126 -2.89249553635e-05
1127 -4.53309541958e-05
1128 -5.55931855439e-05
1129 -6.12970849435e-05
1130 -6.35226265316e-05
1131 -6.45085438314e-05
1132 -6.41258604054e-05
1133 -6.2198088219e-05
1134 -5.99066678523e-05
1135 -5.75472427377e-05
1136 -5.52410540139e-05
1137 -5.29085137134e-05
1138 -5.06644617522e-05
1139 -4.80623768815e-05
1140 -4.56128425177e-05
1141 -4.31851624687e-05
1142 -4.07965958977e-05
1143 -3.83289803929e-05
1144 -3.59482114259e-05
1145 -3.37795571279e-05
1146 -3.20010984266e-05
1147 -3.04217159281e-05
1148 -2.90150687221e-05
1149 -2.77440195541e-05
1150 0.000753467348167
1151 0.000699827215405
1152 0.000585289065034
1153 0.000602537616302
1154 0.000533637313943
1155 0.000485871661817
1156 0.000447479404773
1157 0.000409799226865
1158 0.000355923036515
1159 0.000304251025726
1160 0.000263268810568
1161 0.000213096754869
1162 0.000176991790284
1163 0.000138940323335
1164 0.000119110659847
1165 0.000116147542455
1166 0.000134999210493
1167 0.000174943993699
1168 0.000223058692681
1169 0.000256470193565
1170 0.00026181242659
1171 0.000232500049923
1172 0.000177684251016
1173 0.000115832219362
1174 6.11666395332e-05
1175 1.74678608662e-05
1176 -1.48152007672e-05
1177 -3.64003040962e-05
1178 -5.01409267179e-05
1179 -5.82452414933e-05
1180 -6.20693452111e-05
1181 -6.40149956004e-05
1182 -6.4211232156e-05
1183 -6.25972113169e-05
1184 -6.05027646679e-05
1185 -5.82047211278e-05
1186 -5.59109318626e-05
1187 -5.35905628051e-05
1188 -5.13678412443e-05
1189 -4.88219690235e-05
1190 -4.63809008855e-05
1191 -4.39187427395e-05
1192 -4.15076407348e-05
1193 -3.90199650309e-05
1194 -3.65781734349e-05
1195 -3.43110018692e-05
1196 -3.24375973496e-05
1197 -3.07647090958e-05
1198 -2.92887990597e-05
1199 -2.7935415404e-05
1200 0.00099281306366
1201 0.000921891899752
1202 0.000767060467899
1203 0.000786287639178
1204 0.000694175808479
1205 0.000629054315403
1206 0.000577148881617
1207 0.00052661524049
1208 0.000456238139702
1209 0.000390197147665
1210 0.000338215948847
1211 0.000275152268346
1212 0.000228966043796
1213 0.000176912780248
1214 0.000142003918769
1215 0.000119001701053
1216 0.000115275722501
1217 0.000138299238961
1218 0.000184103704774
1219 0.00023384664152
1220 0.000265049645232
1221 0.00025927561339
1222 0.000216832508031
1223 0.000155251073388
1224 9.4204057091e-05
1225 4.21141873581e-05
1226 1.99294890189e-06
1227 -2.55342754373e-05
1228 -4.33950727057e-05
1229 -5.43257038155e-05
1230 -6.00601827963e-05
1231 -6.31775801871e-05
1232 -6.41031916631e-05
1233 -6.2912285681e-05
1234 -6.10521475958e-05
1235 -5.88834012689e-05
1236 -5.66137143638e-05
1237 -5.42923696846e-05
1238 -5.2122006356e-05
1239 -4.95865604564e-05
1240 -4.71430005556e-05
1241 -4.4654611239e-05
1242 -4.21962509631e-05
1243 -3.9679182965e-05
1244 -3.71778104606e-05
1245 -3.48235321756e-05
1246 -3.28556812779e-05
1247 -3.10682346474e-05
1248 -2.95125514002e-05
1249 -2.8112827786e-05
1250 0.00131069323897
1251 0.00121565118353
1252 0.00100501146978
1253 0.00102549509809
1254 0.000899665354793
1255 0.000810634430151
1256 0.000738928042295
1257 0.000669508278792
1258 0.000576886946538
1259 0.000492027634804
1260 0.000425197525153
1261 0.000346934187657
1262 0.000289874385865
1263 0.000225083360119
1264 0.000178323717351
1265 0.000140010037478
1266 0.000115864171526
1267 0.000116848038746
1268 0.000146813548033
1269 0.000198684965715
1270 0.000249355546151
1271 0.000270039643517
1272 0.000247845859665
1273 0.000193347638065
1274 0.000129259936809
1275 6.95916380976e-05
1276 2.13457503653e-05
1277 -1.27419424091e-05
1278 -3.53141904404e-05
1279 -4.95149958203e-05
1280 -5.74839519471e-05
1281 -6.19683225226e-05
1282 -6.37427999769e-05
1283 -6.30844632278e-05
1284 -6.15284975654e-05
1285 -5.95402962291e-05
1286 -5.73253917157e-05
1287 -5.50040917e-05
1288 -5.27993434051e-05
1289 -5.0251302964e-05
1290 -4.78119525734e-05
1291 -4.53172905253e-05
1292 -4.28184487853e-05
1293 -4.02709657186e-05
1294 -3.77274362716e-05
1295 -3.53002562333e-05
1296 -3.32479205765e-05
1297 -3.13819675184e-05
1298 -2.97440651957e-05
1299 -2.83011059873e-05
1300 0.0017384939628
1301 0.00160996816832
1302 0.00131959346685
1303 0.00134077258682
1304 0.00116591751322
1305 0.00104167971609
1306 0.000939902539935
1307 0.000845056349668
1308 0.000721482290148
1309 0.000611804022876
1310 0.000525774574362
1311 0.000428646938144
1312 0.00035836365976
1313 0.000280148488168
1314 0.000222750783885
1315 0.000172380535889
1316 0.000132630258371
1317 0.00011335703278
1318 0.000121236890501
1319 0.00016194721904
1320 0.000220305995285
1321 0.000264439699006
1322 0.000267488456584
1323 0.000227234825709
1324 0.000164641861995
1325 9.9226589516e-05
1326 4.30828053441e-05
1327 1.89585519552e-06
1328 -2.59251332856e-05
1329 -4.38653789508e-05
1330 -5.43635656048e-05
1331 -6.04222908344e-05
1332 -6.32031949801e-05
1333 -6.31727883527e-05
1334 -6.19788886596e-05
1335 -6.01566236228e-05
1336 -5.79989112766e-05
1337 -5.56698828717e-05
1338 -5.34749773792e-05
1339 -5.09270192298e-05
1340 -4.84780048636e-05
1341 -4.5976807444e-05
1342 -4.3426753206e-05
1343 -4.08289134801e-05
1344 -3.82349599048e-05
1345 -3.57383204956e-05
1346 -3.36006415454e-05
1347 -3.16497188099e-05
1348 -2.99420088262e-05
1349 -2.84484983986e-05
1350 0.00233389433313
1351 0.00215887801619
1352 0.00175237089684
1353 0.00176775059219
1354 0.00151866110554
1355 0.00134125972678
1356 0.00119655589933
1357 0.00106367976914
1358 0.000897994057395
1359 0.000755125598462
1360 0.000643635848419
1361 0.000522002670397
1362 0.000435380774764
1363 0.000341254717228
1364 0.00027260851891
1365 0.000211728603008
1366 0.000159710579816
1367 0.000124500661103
1368 0.000110792309172
1369 0.000132591753302
1370 0.00018614258857
1371 0.000244992749358
1372 0.000273456012744
1373 0.000253062595977
1374 0.000197641357878
1375 0.000129394881742
1376 6.62851836139e-05
1377 1.79999815704e-05
1378 -1.53773067625e-05
1379 -3.74334268498e-05
1380 -5.07207295302e-05
1381 -5.85108872756e-05
1382 -6.24184639143e-05
1383 -6.3074647628e-05
1384 -6.22764465849e-05
1385 -6.06859752727e-05
1386 -5.86060766915e-05
1387 -5.62840274434e-05
1388 -5.40479842938e-05
1389 -5.14816327238e-05
1390 -4.9030838638e-05
1391 -4.65287354463e-05
1392 -4.39521139836e-05
1393 -4.13181598173e-05
1394 -3.87001694897e-05
1395 -3.61623899504e-05
1396 -3.3970129956e-05
1397 -3.19524184484e-05
1398 -3.01711654389e-05
1399 -2.86146618048e-05
1400 0.00317184562792
1401 0.00292703182535
1402 0.00233604438357
1403 0.0023353699928
1404 0.00198111860449
1405 0.00172415603483
1406 0.00151671243721
1407 0.00132982700341
1408 0.00111006482463
1409 0.000923257639296
1410 0.000778425012331
1411 0.000627183434268
1412 0.000520385740737
1413 0.000407640092724
1414 0.000326276429289
1415 0.000254771907874
1416 0.000192432429429
1417 0.000145148619887
1418 0.000113751526199
1419 0.000115039769891
1420 0.000154701329549
1421 0.000217576617029
1422 0.000267221152152
1423 0.00026992988253
1424 0.000226772867915
1425 0.00015929513184
1426 9.0619224584e-05
1427 3.53397391183e-05
1428 -3.88142169712e-06
1429 -3.03153871098e-05
1430 -4.66298580086e-05
1431 -5.62976732777e-05
1432 -6.14303884007e-05
1433 -6.2816526155e-05
1434 -6.24641095e-05
1435 -6.11013780646e-05
1436 -5.91279840268e-05
1437 -5.68385586357e-05
1438 -5.45886710485e-05
1439 -5.20211706832e-05
1440 -4.9557870223e-05
1441 -4.70285435687e-05
1442 -4.44410975725e-05
1443 -4.17740652434e-05
1444 -3.91151634491e-05
1445 -3.65359442053e-05
1446 -3.42798524155e-05
1447 -3.2218302827e-05
1448 -3.03663256395e-05
1449 -2.87559841764e-05
1450 0.00437919154705
1451 0.00402548280796
1452 0.00314366383216
1453 0.00311116020866
1454 0.00259666895778
1455 0.00221778956909
1456 0.00191949674075
1457 0.0016569959126
1458 0.00136193712154
1459 0.00111951512779
1460 0.000932359008805
1461 0.00074482228671
1462 0.000613122212458
1463 0.000478807992808
1464 0.000382871826254
1465 0.000300052006997
1466 0.000228316547598
1467 0.000171143135126
1468 0.000126230600346
1469 0.000109286148361
1470 0.000130934741076
1471 0.000188101710932
1472 0.00025134211432
1473 0.000276831282583
1474 0.000250135026707
1475 0.000187194543051
1476 0.000114945815534
1477 5.33769597067e-05
1478 8.31825402382e-06
1479 -2.26553102317e-05
1480 -4.21672008953e-05
1481 -5.38090952277e-05
1482 -6.02312075832e-05
1483 -6.24074423402e-05
1484 -6.25170712982e-05
1485 -6.14164142328e-05
1486 -5.95453010298e-05
1487 -5.73223791854e-05
1488 -5.5043723505e-05
1489 -5.24567800578e-05
1490 -4.99746935377e-05
1491 -4.74393376882e-05
1492 -4.48448070301e-05
1493 -4.21588624631e-05
1494 -3.94684998067e-05
1495 -3.68873967114e-05
1496 -3.4593690249e-05
1497 -3.2474367292e-05
1498 -3.05533433392e-05
1499 -2.88830268524e-05
1500 0.00617077945583
1501 0.00563885350347
1502 0.00428819257672
1503 0.00418275416708
1504 0.00341361529862
1505 0.00285706502372
1506 0.00242245309046
1507 0.00205390139947
1508 0.00165977472097
1509 0.00134571355398
1510 0.00110560409961
1511 0.000874303870105
1512 0.000713495847921
1513 0.000554051563783
1514 0.000442064017834
1515 0.000346602655473
1516 0.000265011147842
1517 0.000199313962249
1518 0.000144067385127
1519 0.000112583881798
1520 0.000116387551924
1521 0.000161487728953
1522 0.000229914656989
1523 0.000274874266128
1524 0.000266796083697
1525 0.000211828155984
1526 0.00013832903376
1527 7.14755756942e-05
1528 2.08320106615e-05
1529 -1.46881280512e-05
1530 -3.74514715499e-05
1531 -5.11508640147e-05
1532 -5.88947745787e-05
1533 -6.19132996453e-05
1534 -6.25050532424e-05
1535 -6.16373110218e-05
1536 -5.99325993689e-05
1537 -5.77188782863e-05
1538 -5.54330833731e-05
1539 -5.28124690866e-05
1540 -5.03362693172e-05
1541 -4.7813094714e-05
1542 -4.52172409418e-05
1543 -4.25065600079e-05
1544 -3.9796042798e-05
1545 -3.71932380954e-05
1546 -3.48422343431e-05
1547 -3.2675126343e-05
1548 -3.07009044589e-05
1549 -2.89863259734e-05
1550 0.00893420592964
1551 0.00809525519019
1552 0.00595407300667
1553 0.005679725236
1554 0.00450698077102
1555 0.00367937317475
1556 0.00304464929216
1557 0.00252665341564
1558 0.002003536509
1559 0.00159996344191
1560 0.00129544694218
1561 0.00101324869367
1562 0.000819302286148
1563 0.000632137833947
1564 0.000502112207056
1565 0.000393122655542
1566 0.000301443266165
1567 0.00022781712086
1568 0.000164323306788
1569 0.000121791762361
1570 0.000110037801998
1571 0.000140461837622
1572 0.000206973579134
1573 0.000266474823887
1574 0.000277120180018
1575 0.000232751015145
1576 0.00016022513753
1577 8.90499505236e-05
1578 3.33041861044e-05
1579 -6.65330113593e-06
1580 -3.26221700009e-05
1581 -4.83504588089e-05
1582 -5.74255364558e-05
1583 -6.12701308215e-05
1584 -6.24094350953e-05
1585 -6.18321593999e-05
1586 -6.0208088627e-05
1587 -5.80637611791e-05
1588 -5.57901174002e-05
1589 -5.3151079725e-05
1590 -5.06567329163e-05
1591 -4.81266490489e-05
1592 -4.551814116e-05
1593 -4.2794077198e-05
1594 -4.00640324964e-05
1595 -3.74465095285e-05
1596 -3.5064430321e-05
1597 -3.2846112204e-05
1598 -3.08412646832e-05
1599 -2.91071774073e-05
1600 0.0134331595479
1601 0.0120850636099
1602 0.00840799676805
1603 0.00776966679644
1604 0.00595239907713
1605 0.00471661781044
1606 0.00379223784693
1607 0.00307150298982
1608 0.00238924043887
1609 0.0018771039595
1610 0.0014971923271
1611 0.00115914994501
1612 0.000928067162266
1613 0.00071154441774
1614 0.000561973260548
1615 0.000438788948382
1616 0.000336757197469
1617 0.000255592357695
1618 0.000185038044019
1619 0.000133957546603
1620 0.000109824611832
1621 0.000125741341255
1622 0.000185642367181
1623 0.00025405232428
1624 0.000281607923898
1625 0.000249313455519
1626 0.000179601896108
1627 0.000105505237632
1628 4.5278179815e-05
1629 1.18131760961e-06
1630 -2.78454009115e-05
1631 -4.55649518897e-05
1632 -5.59159766801e-05
1633 -6.05663468247e-05
1634 -6.21575711023e-05
1635 -6.18444115181e-05
1636 -6.03614135094e-05
1637 -5.82902313682e-05
1638 -5.60261973819e-05
1639 -5.33704182006e-05
1640 -5.08832483404e-05
1641 -4.8364099321e-05
1642 -4.57606588269e-05
1643 -4.30386351657e-05
1644 -4.02946606192e-05
1645 -3.76680196222e-05
1646 -3.52751213611e-05
1647 -3.30466006254e-05
1648 -3.09916915582e-05
1649 -2.92039658209e-05
1650 0.0214725116863
1651 0.0187842098661
1652 0.0120695847431
1653 0.0106497301412
1654 0.00781999517075
1655 0.00597641331827
1656 0.00465832472873
1657 0.0036753798191
1658 0.00280185318086
1659 0.00216871479321
1660 0.0017021957066
1661 0.00130450232595
1662 0.00103395781861
1663 0.000788126126694
1664 0.000618736486978
1665 0.000481544792441
1666 0.000369614356961
1667 0.000281153687596
1668 0.000204666315916
1669 0.000147017449579
1670 0.000113417890013
1671 0.000116689701235
1672 0.000167770414809
1673 0.000240479595331
1674 0.000282076887539
1675 0.000261949344993
1676 0.000196331153028
1677 0.000120376520993
1678 5.63532502739e-05
1679 8.5471455574e-06
1680 -2.33168960865e-05
1681 -4.28938299144e-05
1682 -5.44385870865e-05
1683 -5.98470978244e-05
1684 -6.18990506666e-05
1685 -6.18555265425e-05
1686 -6.05017408584e-05
1687 -5.85121817891e-05
1688 -5.62580333937e-05
1689 -5.36192473361e-05
1690 -5.11232523663e-05
1691 -4.85954091248e-05
1692 -4.59851991866e-05
1693 -4.32638357826e-05
1694 -4.04783296638e-05
1695 -3.78506235363e-05
1696 -3.54434159078e-05
1697 -3.3179685289e-05
1698 -3.10990909208e-05
1699 -2.92779924364e-05
1700 0.0372436601066
1701 0.0304087350027
1702 0.0175594708845
1703 0.0144988770327
1704 0.0101473439912
1705 0.00744933650877
1706 0.00561512788506
1707 0.00431234573939
1708 0.0032236386961
1709 0.00245690927287
1710 0.00190046582904
1711 0.00144233857348
1712 0.00113297790777
1713 0.00085880540136
1714 0.000670321917711
1715 0.000519965464152
1716 0.000398757152758
1717 0.000303570526664
1718 0.000222039255027
1719 0.000159292712956
1720 0.000118616357907
1721 0.000111775180547
1722 0.000153854178947
1723 0.000227367431812
1724 0.00027965583496
1725 0.000270606411333
1726 0.000209811865806
1727 0.000133003505585
1728 6.59905802819e-05
1729 1.50866097009e-05
1730 -1.92133321212e-05
1731 -4.04404964048e-05
1732 -5.30715754448e-05
1733 -5.91744408967e-05
1734 -6.1624168552e-05
1735 -6.1795791054e-05
1736 -6.05885419983e-05
1737 -5.8684106032e-05
1738 -5.64547397336e-05
1739 -5.37974615099e-05
1740 -5.12808483974e-05
1741 -4.87602486196e-05
1742 -4.61544469646e-05
1743 -4.34411777109e-05
1744 -4.064345449e-05
1745 -3.8011539604e-05
1746 -3.55751388627e-05
1747 -3.32830782132e-05
1748 -3.11549429234e-05
1749 -2.9294559412e-05
1750 0.0731680009247
1751 0.0481604318008
1752 0.0254322173747
1753 0.0192414237716
1754 0.0128194564356
1755 0.0090401019314
1756 0.00658439115015
1757 0.00492971152545
1758 0.00361977780067
1759 0.00272077440679
1760 0.00207779440398
1761 0.00156363209058
1762 0.00121892710592
1763 0.000919737002117
1764 0.000714404983341
1765 0.000552489946601
1766 0.000423186918141
1767 0.000322382928438
1768 0.000236649521151
1769 0.000170046903692
1770 0.000124179021173
1771 0.000109821213697
1772 0.000144087475996
1773 0.000216645495811
1774 0.000276531219026
1775 0.000276799865601
1776 0.000220495452258
1777 0.000143418171147
1778 7.40478032949e-05
1779 2.06100423334e-05
1780 -1.57482337326e-05
1781 -3.83818814562e-05
1782 -5.19074749088e-05
1783 -5.85598967219e-05
1784 -6.13593276897e-05
1785 -6.17467288715e-05
1786 -6.06070949147e-05
1787 -5.87431269489e-05
1788 -5.65259514216e-05
1789 -5.38498415419e-05
1790 -5.13390518891e-05
1791 -4.8828739068e-05
1792 -4.62289089573e-05
1793 -4.3516922787e-05
1794 -4.07159007259e-05
1795 -3.80850305865e-05
1796 -3.56480063607e-05
1797 -3.33538293072e-05
1798 -3.12120765585e-05
1799 -2.93320028695e-05
1800 0.141674319474
1801 0.0686559355343
1802 0.035548540186
1803 0.0243894804833
1804 0.0155468655778
1805 0.0105722937907
1806 0.00746502902519
1807 0.00546470499992
1808 0.00395600166251
1809 0.0029406690286
1810 0.00222181649882
1811 0.00166204733062
1812 0.00128727906622
1813 0.000968101055609
1814 0.00074920700602
1815 0.000577706831069
1816 0.000441992607079
1817 0.000336671571356
1818 0.000247792929591
1819 0.000178415199277
1820 0.000128942017541
1821 0.000109360939903
1822 0.000137753855024
1823 0.000208633832939
1824 0.000273422083225
1825 0.000280545150916
1826 0.000228025940106
1827 0.00015108866439
1828 8.01088045659e-05
1829 2.47966440813e-05
1830 -1.30639338558e-05
1831 -3.67570572662e-05
1832 -5.09552001931e-05
1833 -5.80382265563e-05
1834 -6.11346858269e-05
1835 -6.17057168731e-05
1836 -6.0619905744e-05
1837 -5.87934495548e-05
1838 -5.65789808242e-05
1839 -5.39164790162e-05
1840 -5.1392397073e-05
1841 -4.88892902617e-05
1842 -4.62852280459e-05
1843 -4.35926054606e-05
1844 -4.07759386264e-05
1845 -3.81364317899e-05
1846 -3.56912739904e-05
1847 -3.33714126663e-05
1848 -3.12119321765e-05
1849 -2.93160557584e-05
1850 0.222207663832
1851 0.0862551355906
1852 0.0456236228665
1853 0.0286516342599
1854 0.017694800624
1855 0.0117244558416
1856 0.00808871640478
1857 0.0058252312973
1858 0.00417905005036
1859 0.00308444524613
1860 0.00231300339653
1861 0.00172503730775
1862 0.00133030375071
1863 0.000999507235419
1864 0.000771572005285
1865 0.000593999767566
1866 0.000454241212552
1867 0.000345866064406
1868 0.000254997622107
1869 0.000183959534524
1870 0.000132287098169
1871 0.000109639276672
1872 0.000134478886309
1873 0.000203995249266
1874 0.000271468096285
1875 0.00028274748167
1876 0.000232718323951
1877 0.000155925533539
1878 8.39471541901e-05
1879 2.74857572537e-05
1880 -1.12933583317e-05
1881 -3.56710842496e-05
1882 -5.03119991902e-05
1883 -5.76758490943e-05
1884 -6.09268515231e-05
1885 -6.1582909987e-05
1886 -6.05309731342e-05
1887 -5.87635147958e-05
1888 -5.65700284498e-05
1889 -5.39161303157e-05
1890 -5.13938058517e-05
1891 -4.88994832261e-05
1892 -4.6291240283e-05
1893 -4.359187602e-05
1894 -4.0761481411e-05
1895 -3.81299581589e-05
1896 -3.56888902346e-05
1897 -3.33594132524e-05
1898 -3.1202172956e-05
1899 -2.92911229401e-05
1900 0.241641506153
1901 0.09889613692
1902 0.0513597364341
1903 0.0305722088757
1904 0.0186831518389
1905 0.0122462693646
1906 0.0083530297456
1907 0.00596482916049
1908 0.00426710163555
1909 0.00314218162414
1910 0.00234724408845
1911 0.00174966894812
1912 0.00134609067879
1913 0.00101151955351
1914 0.000779912622394
1915 0.000599944787041
1916 0.000458788967154
1917 0.000349217362413
1918 0.00025779452
1919 0.000186169293401
1920 0.000133673379312
1921 0.000110042281722
1922 0.00013370001288
1923 0.000202607988343
1924 0.000271017701528
1925 0.000283780596923
1926 0.000234802324508
1927 0.000158013615014
1928 8.55694772011e-05
1929 2.86148995783e-05
1930 -1.05228248885e-05
1931 -3.51936916603e-05
1932 -5.00254694419e-05
1933 -5.7485310019e-05
1934 -6.08050648616e-05
1935 -6.14779830298e-05
1936 -6.04398345e-05
1937 -5.86810458464e-05
1938 -5.65010815303e-05
1939 -5.3848698926e-05
1940 -5.13236711088e-05
1941 -4.88330169439e-05
1942 -4.6219638746e-05
1943 -4.35212531063e-05
1944 -4.06938335524e-05
1945 -3.80773119895e-05
1946 -3.56307525856e-05
1947 -3.33142373033e-05
1948 -3.11415012635e-05
1949 -2.92396147361e-05
1950 0.189715259719
1951 0.0943786581734
1952 0.0487082847319
1953 0.0291372062692
1954 0.0181009593184
1955 0.011971655323
1956 0.00818384836361
1957 0.00584843080858
1958 0.00420048583543
1959 0.0031007782256
1960 0.0023169766461
1961 0.00173143079399
1962 0.00133239516824
1963 0.001003543286
1964 0.000774009079418
1965 0.000595805861144
1966 0.000455932970681
1967 0.000347081303944
1968 0.000256423279897
1969 0.000185206081245
1970 0.000133159795712
1971 0.000110548087552
1972 0.000135494390908
1973 0.000204881431881
1974 0.000272453855733
1975 0.000283772131051
1976 0.00023399772804
1977 0.000156994922664
1978 8.47151983547e-05
1979 2.80703163294e-05
1980 -1.07706100245e-05
1981 -3.53118724292e-05
1982 -5.00390328347e-05
1983 -5.74221365953e-05
1984 -6.06996223961e-05
1985 -6.14054085562e-05
1986 -6.03617404292e-05
1987 -5.85930694195e-05
1988 -5.64008130612e-05
1989 -5.37400333982e-05
1990 -5.1208260364e-05
1991 -4.87247729544e-05
1992 -4.61100419781e-05
1993 -4.34066937969e-05
1994 -4.05828999814e-05
1995 -3.7967241922e-05
1996 -3.55185422285e-05
1997 -3.32067884555e-05
1998 -3.10424764421e-05
1999 -2.91439745949e-05
2000 0.09974104284
2001 0.0672919549179
2002 0.0390107656528
2003 0.0248370361757
2004 0.0161354974002
2005 0.0109663784051
2006 0.00761689898389
2007 0.00549998005597
2008 0.0039916755471
2009 0.00296764664561
2010 0.00222776092807
2011 0.0016736084433
2012 0.00129161972217
2013 0.000977128968743
2014 0.000755023915979
2015 0.000581951120976
2016 0.000445807677463
2017 0.000339317402276
2018 0.000250650970106
2019 0.000180941381521
2020 0.00013072446248
2021 0.000111232054896
2022 0.000139897078059
2023 0.000210527354865
2024 0.000275582048696
2025 0.000282725277783
2026 0.000230521635569
2027 0.000153190708592
2028 8.15976704573e-05
2029 2.59303586456e-05
2030 -1.20584518266e-05
2031 -3.60645543659e-05
2032 -5.04372205356e-05
2033 -5.75812968925e-05
2034 -6.07567962242e-05
2035 -6.13531143878e-05
2036 -6.02225695867e-05
2037 -5.84517328766e-05
2038 -5.62599359602e-05
2039 -5.35991645308e-05
2040 -5.10758469292e-05
2041 -4.85862678245e-05
2042 -4.59668992452e-05
2043 -4.32603224306e-05
2044 -4.0450376942e-05
2045 -3.7846386853e-05
2046 -3.53953866426e-05
2047 -3.30783786275e-05
2048 -3.09184271531e-05
2049 -2.90174720648e-05
2050 0.0483440829385
2051 0.0406856419333
2052 0.0278993274476
2053 0.0194137497737
2054 0.0134219309885
2055 0.00949588516049
2056 0.00677441664548
2057 0.00497991869272
2058 0.00367234970984
2059 0.00276110302616
2060 0.00208923271072
2061 0.00158204698452
2062 0.00122675324981
2063 0.000933345757939
2064 0.000723397542444
2065 0.000558936439658
2066 0.000428792229066
2067 0.000326318903147
2068 0.000240848869859
2069 0.00017372964556
2070 0.000126798187625
2071 0.000112634705813
2072 0.000147293985445
2073 0.000219521698223
2074 0.000279734933147
2075 0.000280081049158
2076 0.000224135057011
2077 0.000146473753518
2078 7.62084363073e-05
2079 2.22411363684e-05
2080 -1.4283711277e-05
2081 -3.73567103134e-05
2082 -5.11080809331e-05
2083 -5.78438191924e-05
2084 -6.07593491227e-05
2085 -6.12093348314e-05
2086 -6.00144841409e-05
2087 -5.82113055516e-05
2088 -5.59855628366e-05
2089 -5.33586321295e-05
2090 -5.08323644449e-05
2091 -4.83605750077e-05
2092 -4.57343006496e-05
2093 -4.30598262706e-05
2094 -4.02407206061e-05
2095 -3.76559946311e-05
2096 -3.52121184194e-05
2097 -3.29069662012e-05
2098 -3.07710200193e-05
2099 -2.88855571748e-05
2100 0.0269543173506
2101 0.0247044062265
2102 0.0191286018098
2103 0.0144481035185
2104 0.0106415212599
2105 0.00787173305424
2106 0.00579978760429
2107 0.00436120173419
2108 0.0032791466099
2109 0.00250036645428
2110 0.00191277030783
2111 0.00146307075063
2112 0.00114195770507
2113 0.0008752475502
2114 0.00068118761741
2115 0.000528049380764
2116 0.000405781037509
2117 0.000308726804293
2118 0.000227500603482
2119 0.000164101039491
2120 0.000122156004783
2121 0.000115702992971
2122 0.000158295510935
2123 0.000231509209988
2124 0.000284248266663
2125 0.000275284993774
2126 0.000214725065085
2127 0.00013705447359
2128 6.87888074257e-05
2129 1.7177994521e-05
2130 -1.73705078226e-05
2131 -3.91698171405e-05
2132 -5.20768404493e-05
2133 -5.82729094729e-05
2134 -6.08605658089e-05
2135 -6.11353120469e-05
2136 -5.98088250903e-05
2137 -5.79558140367e-05
2138 -5.57004996893e-05
2139 -5.3064342569e-05
2140 -5.05393387117e-05
2141 -4.80684010454e-05
2142 -4.54510771168e-05
2143 -4.27748034423e-05
2144 -3.9980870262e-05
2145 -3.7404675562e-05
2146 -3.49721937454e-05
2147 -3.26905788515e-05
2148 -3.0575801134e-05
2149 -2.87128308165e-05
2150 0.0165779452422
2151 0.0157369323804
2152 0.0131181829422
2153 0.0105475067061
2154 0.00820706627906
2155 0.00633315675764
2156 0.00482551750822
2157 0.00371909794844
2158 0.00285576937557
2159 0.00221369279762
2160 0.00171464527294
2161 0.00132640484638
2162 0.00104354435854
2163 0.000806378832381
2164 0.000630813753272
2165 0.000490700452297
2166 0.000377634063948
2167 0.000287021619155
2168 0.000211011534917
2169 0.000152616178546
2170 0.000117761893139
2171 0.000121656499158
2172 0.00017328912427
2173 0.000245581336436
2174 0.000287573718821
2175 0.000267403528413
2176 0.000202063707984
2177 0.000125049970752
2178 5.95634340073e-05
2179 1.09801399266e-05
2180 -2.11362773985e-05
2181 -4.13620107007e-05
2182 -5.32366327558e-05
2183 -5.87732340147e-05
2184 -6.09567796378e-05
2185 -6.09984972721e-05
2186 -5.95452101175e-05
2187 -5.76351783431e-05
2188 -5.53647852173e-05
2189 -5.27523767747e-05
2190 -5.02284663181e-05
2191 -4.77494993838e-05
2192 -4.51210705277e-05
2193 -4.24421186274e-05
2194 -3.966095361e-05
2195 -3.71048577426e-05
2196 -3.4676441369e-05
2197 -3.24255190314e-05
2198 -3.03341744579e-05
2199 -2.84967631324e-05
2200 0.0108379884558
2201 0.0104597380974
2202 0.00912896369138
2203 0.00768052932123
2204 0.00624532629102
2205 0.00500165627573
2206 0.00393447942657
2207 0.00310755056749
2208 0.00243728689406
2209 0.00192161330772
2210 0.00150960686299
2211 0.00118182783896
2212 0.000937999621498
2213 0.000730975548668
2214 0.000575044530444
2215 0.000448830597478
2216 0.000345735419329
2217 0.000262237770621
2218 0.00019225735748
2219 0.00014037784675
2220 0.000115175962637
2221 0.000131930803081
2222 0.000192243053655
2223 0.00026033507034
2224 0.000288356331833
2225 0.000255814381055
2226 0.000186257805825
2227 0.000110839290923
2228 4.88888683685e-05
2229 3.90856912356e-06
2230 -2.5410500745e-05
2231 -4.38237369318e-05
2232 -5.45025235782e-05
2233 -5.92785373541e-05
2234 -6.10163306441e-05
2235 -6.08060261268e-05
2236 -5.92218538897e-05
2237 -5.72452313381e-05
2238 -5.4953090118e-05
2239 -5.2358519229e-05
2240 -4.98286949692e-05
2241 -4.73420576545e-05
2242 -4.47356040767e-05
2243 -4.2058944006e-05
2244 -3.92949863312e-05
2245 -3.67503284591e-05
2246 -3.43379825048e-05
2247 -3.21203370594e-05
2248 -3.00769546831e-05
2249 -2.8284557232e-05
2250 0.00739469827189
2251 0.00720305901639
2252 0.00647632217016
2253 0.00562880385534
2254 0.00473592251952
2255 0.00391227301475
2256 0.00316612292681
2257 0.00255869771495
2258 0.00204838417759
2259 0.00164213704658
2260 0.00130805295781
2261 0.00103694518597
2262 0.000830408179467
2263 0.000652779340592
2264 0.000516251779759
2265 0.000404048810518
2266 0.000311169432869
2267 0.000235259626997
2268 0.000172262050359
2269 0.000128848117565
2270 0.000116332614063
2271 0.000147760363557
2272 0.000214548839573
2273 0.000273868400558
2274 0.000285017978564
2275 0.000240092788544
2276 0.00016748783264
2277 9.48034332296e-05
2278 3.71863196515e-05
2279 -3.731409858e-06
2280 -2.99869076109e-05
2281 -4.64182629305e-05
2282 -5.58150887287e-05
2283 -5.97951702041e-05
2284 -6.1042890862e-05
2285 -6.05642978476e-05
2286 -5.88288576291e-05
2287 -5.6780133711e-05
2288 -5.44637920783e-05
2289 -5.18790676462e-05
2290 -4.93596634043e-05
2291 -4.68954504167e-05
2292 -4.42869088599e-05
2293 -4.16189740558e-05
2294 -3.88837559381e-05
2295 -3.63576663416e-05
2296 -3.39708755386e-05
2297 -3.17886860718e-05
2298 -2.97811679397e-05
2299 -2.80217364394e-05
2300 0.00520362094568
2301 0.00509649863419
2302 0.00467519940406
2303 0.00416179748788
2304 0.0035948516919
2305 0.00304626830773
2306 0.0025259910449
2307 0.00208405117324
2308 0.00170034364966
2309 0.00138491663611
2310 0.00111807612127
2311 0.000897118671079
2312 0.000724813347097
2313 0.00057453368778
2314 0.000456430736898
2315 0.000357802361735
2316 0.000275140484729
2317 0.000207194775008
2318 0.000152594312889
2319 0.000120228652572
2320 0.000123735018042
2321 0.00017007933348
2322 0.000238702229317
2323 0.000283746336386
2324 0.000275899039086
2325 0.000219919809791
2326 0.00014613047395
2327 7.75256763298e-05
2328 2.48930213031e-05
2329 -1.16416426309e-05
2330 -3.47092249623e-05
2331 -4.90783584296e-05
2332 -5.7146440126e-05
2333 -6.02939448461e-05
2334 -6.1028314136e-05
2335 -6.02695283467e-05
2336 -5.83613116735e-05
2337 -5.62577571623e-05
2338 -5.39456166754e-05
2339 -5.14225781368e-05
2340 -4.88856908061e-05
2341 -4.64150776909e-05
2342 -4.37970133503e-05
2343 -4.11387647037e-05
2344 -3.84217981213e-05
2345 -3.59130705704e-05
2346 -3.35489498769e-05
2347 -3.14065196253e-05
2348 -2.94573811716e-05
2349 -2.77422482256e-05
2350 0.0037503868865
2351 0.0036857716916
2352 0.00342955217718
2353 0.00310760560314
2354 0.00273985723104
2355 0.00236967940406
2356 0.00200583415988
2357 0.00168513924661
2358 0.00139834028658
2359 0.00115570790996
2360 0.000945042789679
2361 0.000766873006985
2362 0.000624657583151
2363 0.00049872003887
2364 0.000397453378053
2365 0.000311520681237
2366 0.000238781241915
2367 0.000179463609769
2368 0.00013528277187
2369 0.000117365860849
2370 0.000139453983312
2371 0.000198101943606
2372 0.000261615526441
2373 0.000287286276614
2374 0.000260222232089
2375 0.000195653002498
2376 0.000122875194521
2377 5.95625812177e-05
2378 1.2452743504e-05
2379 -1.95406601553e-05
2380 -3.93556435003e-05
2381 -5.16590502873e-05
2382 -5.83786391739e-05
2383 -6.07048055295e-05
2384 -6.09498856718e-05
2385 -5.99286390874e-05
2386 -5.7904678972e-05
2387 -5.57211437481e-05
2388 -5.33869392858e-05
2389 -5.08566819178e-05
2390 -4.82997200195e-05
2391 -4.5817832319e-05
2392 -4.32089647088e-05
2393 -4.05815202905e-05
2394 -3.7895607993e-05
2395 -3.5408561675e-05
2396 -3.3078534468e-05
2397 -3.09878885781e-05
2398 -2.91056644551e-05
2399 -2.74431054901e-05
2400 0.00275197073265
2401 0.00270998792438
2402 0.00254875045715
2403 0.00234083363562
2404 0.0020972062575
2405 0.00184445157299
2406 0.00158850760465
2407 0.00135571125373
2408 0.00114184038207
2409 0.000956122554776
2410 0.000790819051476
2411 0.000648236427033
2412 0.000531706537804
2413 0.000426941843608
2414 0.00034055890577
2415 0.000266328430601
2416 0.000203385876292
2417 0.000154088641009
2418 0.000123276489045
2419 0.000123284733476
2420 0.000164098261623
2421 0.000228714054387
2422 0.000278750416088
2423 0.000281679034395
2424 0.000237505509085
2425 0.000167930144524
2426 9.85364039316e-05
2427 4.15551670991e-05
2428 2.97676066076e-07
2429 -2.71227737159e-05
2430 -4.37654632371e-05
2431 -5.40413929052e-05
2432 -5.94239292658e-05
2433 -6.09427803087e-05
2434 -6.06893721384e-05
2435 -5.94388318282e-05
2436 -5.72732550016e-05
2437 -5.50444468993e-05
2438 -5.27246105375e-05
2439 -5.02259016296e-05
2440 -4.76692031461e-05
2441 -4.52027408017e-05
2442 -4.26008460204e-05
2443 -4.00030771881e-05
2444 -3.73467557619e-05
2445 -3.48885581937e-05
2446 -3.26123750346e-05
2447 -3.05777958811e-05
2448 -2.87596858696e-05
2449 -2.71663248341e-05
2450 0.00204854681963
2451 0.00202027498616
2452 0.00191527096436
2453 0.00177732406659
2454 0.00161264698182
2455 0.0014375613388
2456 0.00125583400848
2457 0.00108611660492
2458 0.0009264972244
2459 0.000784643654941
2460 0.000655295990908
2461 0.000541812893234
2462 0.000446593836089
2463 0.000359872946921
2464 0.000286644087594
2465 0.000223370087033
2466 0.000170887104306
2467 0.00013413545116
2468 0.000120479112691
2469 0.000141119392482
2470 0.000197145560009
2471 0.000258306073119
2472 0.000286931134403
2473 0.000266420366461
2474 0.000208934335139
2475 0.000138142617856
2476 7.40637919763e-05
2477 2.4061565239e-05
2478 -1.12628795396e-05
2479 -3.42235769104e-05
2480 -4.78032965969e-05
2481 -5.6133360344e-05
2482 -6.02832171847e-05
2483 -6.1057362249e-05
2484 -6.03475380398e-05
2485 -5.88677049511e-05
2486 -5.65842720403e-05
2487 -5.43287327953e-05
2488 -5.20176342302e-05
2489 -4.95418390911e-05
2490 -4.69847165917e-05
2491 -4.45088732877e-05
2492 -4.19140493814e-05
2493 -3.9341375915e-05
2494 -3.67112275919e-05
2495 -3.42947337605e-05
2496 -3.20860496185e-05
2497 -3.01553124412e-05
2498 -2.84312187519e-05
2499 -2.68989341541e-05
