0 5.19484238893e-05
1 4.88140814863e-05
2 4.79310376849e-05
3 4.6627057122e-05
4 4.94879271511e-05
5 4.73253085412e-05
6 4.80027325456e-05
7 4.81994806798e-05
8 4.75856352805e-05
9 4.78123156949e-05
10 4.79627386174e-05
11 4.80435243766e-05
12 4.78162598382e-05
13 4.68697179196e-05
14 4.72115295695e-05
15 4.70577630548e-05
16 4.63528291119e-05
17 4.6274562753e-05
18 4.59885997241e-05
19 4.55395364955e-05
20 4.58451118445e-05
21 4.5634987633e-05
22 4.52044513945e-05
23 4.47509293782e-05
24 4.46681236974e-05
25 4.44191988332e-05
26 4.3854432379e-05
27 4.339031017e-05
28 4.32925888509e-05
29 4.29566711503e-05
30 4.23885906182e-05
31 4.21619231718e-05
32 4.20870811464e-05
33 4.16723128509e-05
34 4.12229658948e-05
35 4.07372087719e-05
36 4.0468448695e-05
37 4.01137301323e-05
38 3.99340470724e-05
39 3.95314604582e-05
40 3.90917230076e-05
41 3.87665016641e-05
42 3.83555877761e-05
43 3.78637747476e-05
44 3.74123489006e-05
45 3.68871493085e-05
46 3.65265755203e-05
47 3.60861340002e-05
48 3.57510112725e-05
49 3.53135456101e-05
50 4.97669553254e-05
51 4.76632198926e-05
52 4.58755315776e-05
53 4.69807275921e-05
54 4.61696922526e-05
55 4.5887476975e-05
56 4.63422717977e-05
57 4.67204233359e-05
58 4.66263611558e-05
59 4.62974113546e-05
60 4.67342336062e-05
61 4.61776537964e-05
62 4.65020566656e-05
63 4.56393561245e-05
64 4.56087179031e-05
65 4.55041071519e-05
66 4.52119195274e-05
67 4.52844535327e-05
68 4.46832472442e-05
69 4.435744112e-05
70 4.47045000252e-05
71 4.46435512265e-05
72 4.41858539976e-05
73 4.37300665104e-05
74 4.36049797173e-05
75 4.32983102668e-05
76 4.27669198508e-05
77 4.23756073933e-05
78 4.22657594344e-05
79 4.19470403293e-05
80 4.14296727907e-05
81 4.12892532577e-05
82 4.11609423194e-05
83 4.06656183064e-05
84 4.0237954411e-05
85 3.98187953833e-05
86 3.95676399003e-05
87 3.92084521334e-05
88 3.89607364484e-05
89 3.85538486565e-05
90 3.81633829546e-05
91 3.78210900425e-05
92 3.73698007173e-05
93 3.68869313409e-05
94 3.64339215069e-05
95 3.59251711643e-05
96 3.5581492165e-05
97 3.51602342725e-05
98 3.4807886591e-05
99 3.4366402846e-05
100 4.97841891348e-05
101 4.76879572263e-05
102 4.58968480331e-05
103 4.70030259177e-05
104 4.6197509057e-05
105 4.59142409129e-05
106 4.63706010902e-05
107 4.67421934436e-05
108 4.66492496666e-05
109 4.63243658268e-05
110 4.67610723533e-05
111 4.62012369301e-05
112 4.65201707617e-05
113 4.56584235143e-05
114 4.56305477124e-05
115 4.55265748498e-05
116 4.52333566574e-05
117 4.53042493657e-05
118 4.47040749837e-05
119 4.43788881568e-05
120 4.47288200852e-05
121 4.46484888747e-05
122 4.41911940227e-05
123 4.3733641804e-05
124 4.36101552493e-05
125 4.33009135339e-05
126 4.27686154006e-05
127 4.23806468358e-05
128 4.22673371286e-05
129 4.19378836649e-05
130 4.1409952215e-05
131 4.1270309637e-05
132 4.11428886134e-05
133 4.06453716189e-05
134 4.02207579535e-05
135 3.97999204944e-05
136 3.95492434788e-05
137 3.91902763167e-05
138 3.89260508247e-05
139 3.85192271255e-05
140 3.81280838705e-05
141 3.77957938512e-05
142 3.73560802033e-05
143 3.68672367918e-05
144 3.64146026321e-05
145 3.59039011486e-05
146 3.55611071664e-05
147 3.51415918669e-05
148 3.47885575701e-05
149 3.43464200529e-05
150 4.97761982841e-05
151 4.77419672831e-05
152 4.59009609534e-05
153 4.70346087573e-05
154 4.62209458902e-05
155 4.59395675921e-05
156 4.63992102701e-05
157 4.67608272403e-05
158 4.66704093579e-05
159 4.63450461943e-05
160 4.67787594647e-05
161 4.62552471812e-05
162 4.65601154256e-05
163 4.56823616319e-05
164 4.56570293784e-05
165 4.55596108312e-05
166 4.52521134854e-05
167 4.53355387786e-05
168 4.4721493426e-05
169 4.43903186706e-05
170 4.47594300191e-05
171 4.47010500461e-05
172 4.42644370319e-05
173 4.37921522366e-05
174 4.36651247881e-05
175 4.33651063009e-05
176 4.28309444211e-05
177 4.24440370159e-05
178 4.23231464406e-05
179 4.1985112358e-05
180 4.14505726641e-05
181 4.13016350252e-05
182 4.11921695931e-05
183 4.0690478757e-05
184 4.02717616862e-05
185 3.98344319155e-05
186 3.95902483196e-05
187 3.92312728453e-05
188 3.8998239408e-05
189 3.86031932313e-05
190 3.82050864652e-05
191 3.78565607026e-05
192 3.74248293064e-05
193 3.69244526e-05
194 3.64718658873e-05
195 3.59574841859e-05
196 3.56088910501e-05
197 3.51890151199e-05
198 3.48345582019e-05
199 3.43950686621e-05
200 4.991191706e-05
201 4.82145152555e-05
202 4.59741108635e-05
203 4.72752212481e-05
204 4.63319454119e-05
205 4.60734678023e-05
206 4.6531150213e-05
207 4.6956124584e-05
208 4.68770999377e-05
209 4.65104723694e-05
210 4.70192153472e-05
211 4.63980980881e-05
212 4.66789657116e-05
213 4.58398728242e-05
214 4.58383215919e-05
215 4.57582316918e-05
216 4.54644038035e-05
217 4.55247651697e-05
218 4.4887848692e-05
219 4.45324781548e-05
220 4.49071134848e-05
221 4.4880028393e-05
222 4.44234882219e-05
223 4.39345263536e-05
224 4.38143858595e-05
225 4.35018481801e-05
226 4.29581805828e-05
227 4.25768227145e-05
228 4.24832602155e-05
229 4.21443223408e-05
230 4.16080997102e-05
231 4.14578611982e-05
232 4.1347682788e-05
233 4.08604467519e-05
234 4.04079065053e-05
235 3.99647428026e-05
236 3.97389299918e-05
237 3.93665850282e-05
238 3.91276668688e-05
239 3.87325889378e-05
240 3.83006089091e-05
241 3.79810275048e-05
242 3.75375666292e-05
243 3.70613606458e-05
244 3.66005348504e-05
245 3.60443709536e-05
246 3.56915402887e-05
247 3.52877297323e-05
248 3.4938726534e-05
249 3.4511555756e-05
250 5.01150406293e-05
251 4.82550051881e-05
252 4.61031478148e-05
253 4.74056796028e-05
254 4.65193938001e-05
255 4.61952903916e-05
256 4.66631147806e-05
257 4.71243765017e-05
258 4.69670854309e-05
259 4.66613631702e-05
260 4.71164718495e-05
261 4.65437869259e-05
262 4.68877782034e-05
263 4.6028455403e-05
264 4.59981501191e-05
265 4.59082623642e-05
266 4.55817882868e-05
267 4.56613340003e-05
268 4.5006519109e-05
269 4.46707812373e-05
270 4.50594377769e-05
271 4.503979035e-05
272 4.45274491268e-05
273 4.4088168926e-05
274 4.39557979683e-05
275 4.36252229424e-05
276 4.30867928832e-05
277 4.26957350634e-05
278 4.25617959684e-05
279 4.22389944983e-05
280 4.1701923505e-05
281 4.1588846495e-05
282 4.14585862891e-05
283 4.09606547414e-05
284 4.04951046556e-05
285 4.00699766444e-05
286 3.98352106894e-05
287 3.94607177485e-05
288 3.92377947571e-05
289 3.88112830638e-05
290 3.84175413606e-05
291 3.80886279167e-05
292 3.76362504323e-05
293 3.7159050266e-05
294 3.66642366163e-05
295 3.61366317879e-05
296 3.57994294172e-05
297 3.53743966908e-05
298 3.50341718582e-05
299 3.45913709221e-05
300 5.04385943414e-05
301 4.81382128938e-05
302 4.61334068627e-05
303 4.74064367532e-05
304 4.64931572274e-05
305 4.62523765801e-05
306 4.6714296166e-05
307 4.71198110276e-05
308 4.69859761676e-05
309 4.66894543965e-05
310 4.71396874881e-05
311 4.65909996573e-05
312 4.6964527871e-05
313 4.60616625719e-05
314 4.60245215323e-05
315 4.59030867587e-05
316 4.56027716732e-05
317 4.56833757568e-05
318 4.50357864073e-05
319 4.47080517712e-05
320 4.51129681872e-05
321 4.50300859927e-05
322 4.45709857563e-05
323 4.41062654438e-05
324 4.39684390112e-05
325 4.36724372874e-05
326 4.31080023028e-05
327 4.27142680628e-05
328 4.25790548013e-05
329 4.22919511338e-05
330 4.1708343702e-05
331 4.15915365688e-05
332 4.14691793797e-05
333 4.09404978104e-05
334 4.05084895082e-05
335 4.00763363678e-05
336 3.9829342016e-05
337 3.94638692938e-05
338 3.92155783556e-05
339 3.88026894394e-05
340 3.84111071045e-05
341 3.80709305429e-05
342 3.76398883993e-05
343 3.71361265143e-05
344 3.66571265777e-05
345 3.61528091028e-05
346 3.58088263866e-05
347 3.54160627282e-05
348 3.50435893525e-05
349 3.45896438984e-05
350 5.03521970325e-05
351 4.80672874892e-05
352 4.6180479548e-05
353 4.73333536643e-05
354 4.65476938266e-05
355 4.62331878735e-05
356 4.67483889524e-05
357 4.70650702678e-05
358 4.70035581337e-05
359 4.66973116752e-05
360 4.7155105354e-05
361 4.66081768382e-05
362 4.69075603076e-05
363 4.60294183264e-05
364 4.59947622314e-05
365 4.58971715847e-05
366 4.55792868317e-05
367 4.56536925964e-05
368 4.50218709181e-05
369 4.47152800102e-05
370 4.51001395216e-05
371 4.5012340624e-05
372 4.45664273196e-05
373 4.40741019996e-05
374 4.39277437502e-05
375 4.36443583431e-05
376 4.31066195658e-05
377 4.2700645019e-05
378 4.25803704422e-05
379 4.22607249159e-05
380 4.16847182514e-05
381 4.15427695795e-05
382 4.14435332682e-05
383 4.090689074e-05
384 4.05329400439e-05
385 4.00923328093e-05
386 3.98306263376e-05
387 3.94544605328e-05
388 3.92181347433e-05
389 3.88110399717e-05
390 3.84079929554e-05
391 3.80541823235e-05
392 3.7637331112e-05
393 3.71113434028e-05
394 3.66567384799e-05
395 3.61366930835e-05
396 3.57993297514e-05
397 3.5383850617e-05
398 3.49941217214e-05
399 3.45557849477e-05
400 5.01759803392e-05
401 4.8154897302e-05
402 4.61933272172e-05
403 4.73749492959e-05
404 4.65268864536e-05
405 4.62630600284e-05
406 4.67501452217e-05
407 4.71043388164e-05
408 4.703890315e-05
409 4.66880825157e-05
410 4.71711354128e-05
411 4.65630160829e-05
412 4.68664972134e-05
413 4.60194517191e-05
414 4.59895816765e-05
415 4.59096233202e-05
416 4.55982580339e-05
417 4.56578427708e-05
418 4.50183182103e-05
419 4.47095473152e-05
420 4.50633051635e-05
421 4.50262259881e-05
422 4.45820617783e-05
423 4.40739317683e-05
424 4.39601722511e-05
425 4.36424398524e-05
426 4.30946651035e-05
427 4.27332055828e-05
428 4.26322952779e-05
429 4.2284164805e-05
430 4.17144103115e-05
431 4.1579078347e-05
432 4.1473117566e-05
433 4.09677504461e-05
434 4.05253514531e-05
435 4.00991978288e-05
436 3.98429926937e-05
437 3.94639649934e-05
438 3.92200827092e-05
439 3.8813040193e-05
440 3.83950264573e-05
441 3.80533064726e-05
442 3.76189353178e-05
443 3.71246140058e-05
444 3.66702770359e-05
445 3.61429518651e-05
446 3.57825105517e-05
447 3.53641880164e-05
448 3.49815123624e-05
449 3.45609209495e-05
450 5.01531324182e-05
451 4.81850185024e-05
452 4.62225850053e-05
453 4.73742447555e-05
454 4.65486926515e-05
455 4.6314546225e-05
456 4.67648975662e-05
457 4.71540476755e-05
458 4.70478313161e-05
459 4.67163943657e-05
460 4.72013787079e-05
461 4.65543980019e-05
462 4.68860778659e-05
463 4.60501288766e-05
464 4.60262507109e-05
465 4.59416545075e-05
466 4.56509756139e-05
467 4.56746927058e-05
468 4.50504178727e-05
469 4.47315834042e-05
470 4.50916575704e-05
471 4.50442340529e-05
472 4.45669183449e-05
473 4.4096271003e-05
474 4.3994016403e-05
475 4.36262424928e-05
476 4.31140507607e-05
477 4.27337802448e-05
478 4.26169678655e-05
479 4.22622482253e-05
480 4.17087913952e-05
481 4.15773757187e-05
482 4.14591036931e-05
483 4.09528908788e-05
484 4.05453562524e-05
485 4.00952240843e-05
486 3.98564385061e-05
487 3.9485191159e-05
488 3.92489045596e-05
489 3.88167772805e-05
490 3.84183629432e-05
491 3.80902826791e-05
492 3.76435330522e-05
493 3.71514763047e-05
494 3.66790232236e-05
495 3.61285060711e-05
496 3.57860112591e-05
497 3.53607202323e-05
498 3.49983559299e-05
499 3.45622326853e-05
500 5.01500453508e-05
501 4.81955899477e-05
502 4.62670113833e-05
503 4.74029329647e-05
504 4.65860579556e-05
505 4.63479724538e-05
506 4.67802249426e-05
507 4.71970238908e-05
508 4.70554046306e-05
509 4.67656154324e-05
510 4.71990496074e-05
511 4.65926355617e-05
512 4.69304773611e-05
513 4.60880808959e-05
514 4.60626715819e-05
515 4.59766347168e-05
516 4.56483142035e-05
517 4.57113328058e-05
518 4.5074224653e-05
519 4.47619620275e-05
520 4.51104000574e-05
521 4.506822926e-05
522 4.45819070206e-05
523 4.41353690303e-05
524 4.40129478039e-05
525 4.36541961825e-05
526 4.31297819084e-05
527 4.27588550447e-05
528 4.26444743773e-05
529 4.229212745e-05
530 4.17294443244e-05
531 4.16132188686e-05
532 4.14841221744e-05
533 4.09663456226e-05
534 4.05446479101e-05
535 4.00913394793e-05
536 3.98511575023e-05
537 3.94633094862e-05
538 3.92263738684e-05
539 3.87805009236e-05
540 3.83903019608e-05
541 3.80519183452e-05
542 3.76106770372e-05
543 3.71261486142e-05
544 3.66625411831e-05
545 3.61300499581e-05
546 3.57866234151e-05
547 3.53707045607e-05
548 3.50092544557e-05
549 3.45548378919e-05
550 5.02035552475e-05
551 4.81875905026e-05
552 4.62753687288e-05
553 4.7459875266e-05
554 4.66021256575e-05
555 4.63882879359e-05
556 4.68019194193e-05
557 4.72258886463e-05
558 4.70623094496e-05
559 4.67825007036e-05
560 4.71923363636e-05
561 4.6624203119e-05
562 4.69649245609e-05
563 4.61204670818e-05
564 4.60753799764e-05
565 4.59979474765e-05
566 4.56726630812e-05
567 4.5741448037e-05
568 4.5085897873e-05
569 4.47850364546e-05
570 4.51447504406e-05
571 4.50713028493e-05
572 4.46204516193e-05
573 4.41485847035e-05
574 4.40225056684e-05
575 4.36943826969e-05
576 4.31429346096e-05
577 4.27848328761e-05
578 4.26549923727e-05
579 4.23142046074e-05
580 4.17257266254e-05
581 4.16183843151e-05
582 4.15071882946e-05
583 4.09747576089e-05
584 4.05295298062e-05
585 4.00969300961e-05
586 3.98478511457e-05
587 3.9489748148e-05
588 3.92431362987e-05
589 3.88158662464e-05
590 3.84371537814e-05
591 3.80716590424e-05
592 3.76584060355e-05
593 3.71542407002e-05
594 3.66638922969e-05
595 3.61589714002e-05
596 3.57875849842e-05
597 3.53767774834e-05
598 3.50025507703e-05
599 3.45483257203e-05
600 5.0317890907e-05
601 4.82548865236e-05
602 4.62873093124e-05
603 4.75016838759e-05
604 4.66048803268e-05
605 4.64204825997e-05
606 4.68308108121e-05
607 4.72532317558e-05
608 4.70955239997e-05
609 4.68118008677e-05
610 4.72363616725e-05
611 4.66500184325e-05
612 4.69974621586e-05
613 4.61386322078e-05
614 4.61116801211e-05
615 4.60273837099e-05
616 4.57227568471e-05
617 4.57683926749e-05
618 4.51210926206e-05
619 4.48234776727e-05
620 4.51535186948e-05
621 4.50877952352e-05
622 4.46517360351e-05
623 4.41616616941e-05
624 4.40363681135e-05
625 4.37120541759e-05
626 4.31473226779e-05
627 4.28002121422e-05
628 4.26690119418e-05
629 4.23394428901e-05
630 4.17238562608e-05
631 4.16199296878e-05
632 4.15141906532e-05
633 4.09984807605e-05
634 4.05477467709e-05
635 4.01249273694e-05
636 3.98748137286e-05
637 3.95024071909e-05
638 3.92441584303e-05
639 3.88193480062e-05
640 3.84175520853e-05
641 3.80585541044e-05
642 3.76439708663e-05
643 3.71494523047e-05
644 3.666626737e-05
645 3.61578563386e-05
646 3.57778351614e-05
647 3.53870133237e-05
648 3.49922181796e-05
649 3.45518526603e-05
650 5.03903105828e-05
651 4.83100018597e-05
652 4.63017838617e-05
653 4.74916701001e-05
654 4.66159364451e-05
655 4.64159402145e-05
656 4.68497650072e-05
657 4.72437031644e-05
658 4.71139571885e-05
659 4.68213407032e-05
660 4.72671717136e-05
661 4.66594529767e-05
662 4.69896410919e-05
663 4.61479578582e-05
664 4.61280408513e-05
665 4.60279508524e-05
666 4.57444062304e-05
667 4.57749897332e-05
668 4.51259279369e-05
669 4.48257616597e-05
670 4.51618154579e-05
671 4.50996787725e-05
672 4.46523299228e-05
673 4.41844494095e-05
674 4.40362351921e-05
675 4.37149845685e-05
676 4.31661787145e-05
677 4.28024573507e-05
678 4.26889463051e-05
679 4.2361359034e-05
680 4.17654752532e-05
681 4.16665197661e-05
682 4.15446598937e-05
683 4.10134082435e-05
684 4.0577146306e-05
685 4.01503326608e-05
686 3.98823307336e-05
687 3.95106363423e-05
688 3.92591323087e-05
689 3.88196551316e-05
690 3.84130344206e-05
691 3.80613446765e-05
692 3.76460326007e-05
693 3.71364745021e-05
694 3.66593697231e-05
695 3.6138322283e-05
696 3.57704362737e-05
697 3.53680674184e-05
698 3.49628862017e-05
699 3.4529650462e-05
700 5.03544484418e-05
701 4.83106810133e-05
702 4.63365161574e-05
703 4.74991881554e-05
704 4.66792149127e-05
705 4.64398680875e-05
706 4.68738163129e-05
707 4.72626837448e-05
708 4.71227394492e-05
709 4.68461604584e-05
710 4.72952691621e-05
711 4.66757243584e-05
712 4.7008646416e-05
713 4.61632792795e-05
714 4.61458762217e-05
715 4.60525933221e-05
716 4.57677938431e-05
717 4.57747514053e-05
718 4.51552858e-05
719 4.48457230625e-05
720 4.51792582057e-05
721 4.51035151827e-05
722 4.46579475192e-05
723 4.41901366422e-05
724 4.4040485461e-05
725 4.37119270571e-05
726 4.31778507358e-05
727 4.28031245986e-05
728 4.26875513498e-05
729 4.23520227148e-05
730 4.17539682346e-05
731 4.16447569507e-05
732 4.15280577457e-05
733 4.09962778253e-05
734 4.0574646662e-05
735 4.01444760549e-05
736 3.98707011224e-05
737 3.95003915632e-05
738 3.92499477877e-05
739 3.88026067255e-05
740 3.84164119e-05
741 3.80590608935e-05
742 3.76601487833e-05
743 3.71405071694e-05
744 3.66607135656e-05
745 3.61342331472e-05
746 3.57748305629e-05
747 3.53706163279e-05
748 3.49636984984e-05
749 3.45249963753e-05
750 5.03971863776e-05
751 4.83797900324e-05
752 4.63496360165e-05
753 4.75392714336e-05
754 4.67020161521e-05
755 4.64712365767e-05
756 4.69029449095e-05
757 4.73083944632e-05
758 4.71428717109e-05
759 4.68815986486e-05
760 4.73153402827e-05
761 4.67280089609e-05
762 4.70342311785e-05
763 4.6193503023e-05
764 4.61780910208e-05
765 4.60818534751e-05
766 4.57959382377e-05
767 4.5811156332e-05
768 4.51767425672e-05
769 4.48808534086e-05
770 4.52010754722e-05
771 4.51363671076e-05
772 4.47001090023e-05
773 4.42153550285e-05
774 4.40639901194e-05
775 4.37187442438e-05
776 4.3194667144e-05
777 4.28373712007e-05
778 4.27194000358e-05
779 4.23567476463e-05
780 4.17694096301e-05
781 4.16604955744e-05
782 4.15424623975e-05
783 4.10081993903e-05
784 4.05681157064e-05
785 4.01336667208e-05
786 3.98603656688e-05
787 3.94795498464e-05
788 3.92511265422e-05
789 3.87909155593e-05
790 3.8414469646e-05
791 3.8057371451e-05
792 3.76598765269e-05
793 3.71421334692e-05
794 3.66534924862e-05
795 3.61323007234e-05
796 3.57754746001e-05
797 3.53591861081e-05
798 3.49562452161e-05
799 3.45139764373e-05
800 5.03916018423e-05
801 4.83818787995e-05
802 4.63710850364e-05
803 4.75977378913e-05
804 4.67223608979e-05
805 4.65249899259e-05
806 4.69480832326e-05
807 4.73596573854e-05
808 4.7180254098e-05
809 4.6914178053e-05
810 4.73465281908e-05
811 4.67379903196e-05
812 4.70724610763e-05
813 4.62316163953e-05
814 4.62071424097e-05
815 4.61203478057e-05
816 4.58344063252e-05
817 4.58352122929e-05
818 4.52136264426e-05
819 4.49225828101e-05
820 4.52180063117e-05
821 4.51662868871e-05
822 4.47262590321e-05
823 4.42365172133e-05
824 4.4084820823e-05
825 4.37618101876e-05
826 4.32098874085e-05
827 4.285778771e-05
828 4.27361396024e-05
829 4.23825820382e-05
830 4.17769450084e-05
831 4.16879972232e-05
832 4.15618041275e-05
833 4.10257284388e-05
834 4.05549420741e-05
835 4.01603322966e-05
836 3.98794232045e-05
837 3.95093220346e-05
838 3.92610400273e-05
839 3.88111438939e-05
840 3.84219138806e-05
841 3.80543119353e-05
842 3.76421334622e-05
843 3.7138022092e-05
844 3.66460675019e-05
845 3.61290865718e-05
846 3.57687511696e-05
847 3.53514748741e-05
848 3.49441469636e-05
849 3.45084139437e-05
850 5.03999800563e-05
851 4.84378864471e-05
852 4.63971981768e-05
853 4.76170477526e-05
854 4.67529794835e-05
855 4.65531183577e-05
856 4.69802262842e-05
857 4.7395287257e-05
858 4.72164897526e-05
859 4.69468338879e-05
860 4.73701371006e-05
861 4.67653118076e-05
862 4.7097404863e-05
863 4.62628797205e-05
864 4.62282601357e-05
865 4.61590080942e-05
866 4.58714371382e-05
867 4.586544922e-05
868 4.52376390033e-05
869 4.4943335556e-05
870 4.52491991535e-05
871 4.51832257536e-05
872 4.47329444426e-05
873 4.42625030424e-05
874 4.41046324966e-05
875 4.37781410631e-05
876 4.3212127316e-05
877 4.28769751147e-05
878 4.27484303593e-05
879 4.23898405083e-05
880 4.17749954609e-05
881 4.16947708699e-05
882 4.15739464609e-05
883 4.10490427946e-05
884 4.05729636944e-05
885 4.01759854281e-05
886 3.98776664048e-05
887 3.95165426645e-05
888 3.92553196739e-05
889 3.88005508149e-05
890 3.84293948081e-05
891 3.80559578082e-05
892 3.76460659984e-05
893 3.71480363048e-05
894 3.66461014427e-05
895 3.61363137472e-05
896 3.57615483825e-05
897 3.53508854831e-05
898 3.49373869774e-05
899 3.44975856612e-05
900 5.05122204564e-05
901 4.84244890066e-05
902 4.6427981678e-05
903 4.7666588634e-05
904 4.68048472439e-05
905 4.65787895766e-05
906 4.70070852401e-05
907 4.74364568654e-05
908 4.72393749137e-05
909 4.69896453e-05
910 4.74214432515e-05
911 4.67781401234e-05
912 4.71267300821e-05
913 4.62734990462e-05
914 4.62613386636e-05
915 4.61697901664e-05
916 4.59091815406e-05
917 4.5876530859e-05
918 4.52585996484e-05
919 4.49710500006e-05
920 4.526957704e-05
921 4.51906902154e-05
922 4.4763436776e-05
923 4.42764638245e-05
924 4.41215568907e-05
925 4.37964337647e-05
926 4.3239569481e-05
927 4.29050750523e-05
928 4.27764664527e-05
929 4.24290755218e-05
930 4.18106053619e-05
931 4.17240204974e-05
932 4.16063328821e-05
933 4.10710608831e-05
934 4.06158468711e-05
935 4.02093913182e-05
936 3.99067383379e-05
937 3.9550940206e-05
938 3.92817798421e-05
939 3.88181339527e-05
940 3.84312390965e-05
941 3.80637064813e-05
942 3.76436122714e-05
943 3.7144161292e-05
944 3.66381654966e-05
945 3.61198855831e-05
946 3.57560963839e-05
947 3.53368019457e-05
948 3.49254285202e-05
949 3.44812453633e-05
950 5.05147356647e-05
951 4.84966195426e-05
952 4.64848085283e-05
953 4.77090782189e-05
954 4.68354218596e-05
955 4.66311166702e-05
956 4.70450816931e-05
957 4.748675372e-05
958 4.72737317246e-05
959 4.70454497679e-05
960 4.74491996723e-05
961 4.68158924988e-05
962 4.71709368601e-05
963 4.63140214458e-05
964 4.63201267387e-05
965 4.6206909932e-05
966 4.59513410026e-05
967 4.59181585758e-05
968 4.52985734582e-05
969 4.50180555242e-05
970 4.53071912051e-05
971 4.52232661758e-05
972 4.47935735363e-05
973 4.43120254003e-05
974 4.41464881715e-05
975 4.38203174094e-05
976 4.32690264745e-05
977 4.29161444752e-05
978 4.27886461628e-05
979 4.24258759177e-05
980 4.18022019892e-05
981 4.17166180582e-05
982 4.16054913525e-05
983 4.10566623565e-05
984 4.05990488403e-05
985 4.01943123875e-05
986 3.98862860204e-05
987 3.95328732042e-05
988 3.92566445918e-05
989 3.87861019451e-05
990 3.84284780654e-05
991 3.80601306284e-05
992 3.76487474851e-05
993 3.71413035329e-05
994 3.66397063203e-05
995 3.61213469868e-05
996 3.57604362051e-05
997 3.53475614498e-05
998 3.49225088062e-05
999 3.44874981916e-05
1000 5.05322983577e-05
1001 4.85790770451e-05
1002 4.65126687332e-05
1003 4.77275238146e-05
1004 4.68518976013e-05
1005 4.66580211959e-05
1006 4.70748631696e-05
1007 4.7512953615e-05
1008 4.72940207069e-05
1009 4.70753560801e-05
1010 4.7482938873e-05
1011 4.68551818903e-05
1012 4.71910151449e-05
1013 4.63346378253e-05
1014 4.63487733705e-05
1015 4.62455454092e-05
1016 4.59687253761e-05
1017 4.59493809798e-05
1018 4.53216875522e-05
1019 4.50508452293e-05
1020 4.53079757981e-05
1021 4.52450912947e-05
1022 4.48150310216e-05
1023 4.43381774968e-05
1024 4.41495524732e-05
1025 4.384596713e-05
1026 4.32865519325e-05
1027 4.29408934811e-05
1028 4.28150799902e-05
1029 4.24624641605e-05
1030 4.18292669488e-05
1031 4.17461362379e-05
1032 4.16338167763e-05
1033 4.1075202294e-05
1034 4.06013803939e-05
1035 4.01884453428e-05
1036 3.98769896398e-05
1037 3.95296595977e-05
1038 3.92784684008e-05
1039 3.88042164971e-05
1040 3.84367444202e-05
1041 3.80606199186e-05
1042 3.76483158897e-05
1043 3.71407634016e-05
1044 3.66378087036e-05
1045 3.61086213012e-05
1046 3.57484054649e-05
1047 3.53281762308e-05
1048 3.48984655743e-05
1049 3.4455317602e-05
1050 5.06033592015e-05
1051 4.8619699805e-05
1052 4.65816093221e-05
1053 4.77840791544e-05
1054 4.69299982321e-05
1055 4.67154320379e-05
1056 4.7144033666e-05
1057 4.75761207791e-05
1058 4.73584490886e-05
1059 4.71371664154e-05
1060 4.75514374499e-05
1061 4.69159500057e-05
1062 4.72546485557e-05
1063 4.64083170049e-05
1064 4.63962580526e-05
1065 4.63094755187e-05
1066 4.60284144597e-05
1067 4.60059968356e-05
1068 4.53803752507e-05
1069 4.51142502403e-05
1070 4.53668940919e-05
1071 4.53007287417e-05
1072 4.48571755708e-05
1073 4.43960304324e-05
1074 4.41870016163e-05
1075 4.38984056553e-05
1076 4.33210862212e-05
1077 4.29807336521e-05
1078 4.28496031585e-05
1079 4.2492373508e-05
1080 4.18545063029e-05
1081 4.1777489245e-05
1082 4.16466908323e-05
1083 4.10780606284e-05
1084 4.06216508692e-05
1085 4.02302176245e-05
1086 3.9914058871e-05
1087 3.95698476865e-05
1088 3.92835627041e-05
1089 3.88151163926e-05
1090 3.8436294415e-05
1091 3.80617125051e-05
1092 3.7649076069e-05
1093 3.71474053532e-05
1094 3.6639480705e-05
1095 3.61146940882e-05
1096 3.57495401678e-05
1097 3.53362213126e-05
1098 3.49023173111e-05
1099 3.44534002466e-05
1100 5.06138078111e-05
1101 4.86594257509e-05
1102 4.66345298705e-05
1103 4.78521412237e-05
1104 4.69874437043e-05
1105 4.67606514832e-05
1106 4.71735039698e-05
1107 4.76199655435e-05
1108 4.73952326904e-05
1109 4.71813694709e-05
1110 4.75995544098e-05
1111 4.69557372418e-05
1112 4.72986509509e-05
1113 4.6448192597e-05
1114 4.64417121057e-05
1115 4.63519226073e-05
1116 4.60832133169e-05
1117 4.60315874633e-05
1118 4.54175779618e-05
1119 4.5144927703e-05
1120 4.54065478944e-05
1121 4.53329076219e-05
1122 4.49002448638e-05
1123 4.44316132372e-05
1124 4.423201014e-05
1125 4.39343068125e-05
1126 4.33498272943e-05
1127 4.30118677158e-05
1128 4.28827161521e-05
1129 4.25209773005e-05
1130 4.18808519318e-05
1131 4.18108701725e-05
1132 4.16930376828e-05
1133 4.11441766904e-05
1134 4.0665242191e-05
1135 4.0276405441e-05
1136 3.99408094562e-05
1137 3.95914773265e-05
1138 3.93122954213e-05
1139 3.8822003726e-05
1140 3.84497142724e-05
1141 3.80670947962e-05
1142 3.7656797826e-05
1143 3.71509683602e-05
1144 3.66260212354e-05
1145 3.61094122073e-05
1146 3.57315938567e-05
1147 3.5319114282e-05
1148 3.48837032575e-05
1149 3.44377142224e-05
1150 5.07234647651e-05
1151 4.87060679633e-05
1152 4.66885388114e-05
1153 4.78975725431e-05
1154 4.70328763859e-05
1155 4.67861144649e-05
1156 4.72093054124e-05
1157 4.76546809676e-05
1158 4.74232584489e-05
1159 4.72174733251e-05
1160 4.76282133877e-05
1161 4.69878063714e-05
1162 4.73359723599e-05
1163 4.64817607827e-05
1164 4.64828986981e-05
1165 4.63771430496e-05
1166 4.61115007894e-05
1167 4.60442867066e-05
1168 4.54441247959e-05
1169 4.51812857184e-05
1170 4.54357493891e-05
1171 4.53533101938e-05
1172 4.49299944492e-05
1173 4.44466392621e-05
1174 4.4245057644e-05
1175 4.39454243032e-05
1176 4.33734216192e-05
1177 4.30340831344e-05
1178 4.28912259821e-05
1179 4.25358050087e-05
1180 4.18849493556e-05
1181 4.18141812042e-05
1182 4.16919239586e-05
1183 4.11248493106e-05
1184 4.06511629933e-05
1185 4.02548418864e-05
1186 3.99216296706e-05
1187 3.95719046103e-05
1188 3.92857590925e-05
1189 3.88167248453e-05
1190 3.84432355882e-05
1191 3.80527318713e-05
1192 3.76492062156e-05
1193 3.71509597892e-05
1194 3.66295703425e-05
1195 3.61057742824e-05
1196 3.57305826361e-05
1197 3.53219823314e-05
1198 3.48916644691e-05
1199 3.44248296968e-05
1200 5.07748401537e-05
1201 4.87606740507e-05
1202 4.6739344515e-05
1203 4.79231700812e-05
1204 4.70762135392e-05
1205 4.68237861303e-05
1206 4.72591951853e-05
1207 4.77132261753e-05
1208 4.74642419527e-05
1209 4.72612281312e-05
1210 4.76787392397e-05
1211 4.70250228178e-05
1212 4.7383871869e-05
1213 4.65110478802e-05
1214 4.65325068135e-05
1215 4.64194969783e-05
1216 4.61621347141e-05
1217 4.60860646229e-05
1218 4.54942658992e-05
1219 4.52191718153e-05
1220 4.54618920539e-05
1221 4.53901684688e-05
1222 4.49575853411e-05
1223 4.44714650169e-05
1224 4.42622406717e-05
1225 4.39731687424e-05
1226 4.33982949908e-05
1227 4.30573415509e-05
1228 4.29150701219e-05
1229 4.25556061148e-05
1230 4.18944468525e-05
1231 4.18312443511e-05
1232 4.17096920872e-05
1233 4.11339659321e-05
1234 4.06531771441e-05
1235 4.02603532407e-05
1236 3.99233471777e-05
1237 3.95713186886e-05
1238 3.93080440696e-05
1239 3.88359367439e-05
1240 3.84560239401e-05
1241 3.80607397375e-05
1242 3.76513750175e-05
1243 3.71533699709e-05
1244 3.66260719585e-05
1245 3.61012319738e-05
1246 3.57262877609e-05
1247 3.53013674493e-05
1248 3.48654804358e-05
1249 3.44058393067e-05
1250 5.08133067718e-05
1251 4.88001998471e-05
1252 4.67875603498e-05
1253 4.79592190919e-05
1254 4.71106959787e-05
1255 4.68728308186e-05
1256 4.7313221956e-05
1257 4.77572354119e-05
1258 4.75074795109e-05
1259 4.73150939809e-05
1260 4.77192566394e-05
1261 4.70701072662e-05
1262 4.74319011728e-05
1263 4.65514845797e-05
1264 4.65694705412e-05
1265 4.64678888031e-05
1266 4.6205445411e-05
1267 4.61066762366e-05
1268 4.55201804673e-05
1269 4.5251852455e-05
1270 4.54887545128e-05
1271 4.54028648228e-05
1272 4.49751508618e-05
1273 4.44996039231e-05
1274 4.42804327424e-05
1275 4.39913336523e-05
1276 4.34121809712e-05
1277 4.30674207477e-05
1278 4.29390272638e-05
1279 4.25636814017e-05
1280 4.19086225402e-05
1281 4.18464021654e-05
1282 4.1712653548e-05
1283 4.11348773018e-05
1284 4.06571172928e-05
1285 4.02750096091e-05
1286 3.99392492703e-05
1287 3.95902053294e-05
1288 3.93043537916e-05
1289 3.88170586608e-05
1290 3.84363598276e-05
1291 3.80443099481e-05
1292 3.76340036532e-05
1293 3.71395097794e-05
1294 3.66114115831e-05
1295 3.60907704391e-05
1296 3.57177087457e-05
1297 3.53015445724e-05
1298 3.48554226666e-05
1299 3.43998356892e-05
1300 5.08289801577e-05
1301 4.88320587807e-05
1302 4.68274787204e-05
1303 4.80014061451e-05
1304 4.71524257999e-05
1305 4.69100084542e-05
1306 4.73301084343e-05
1307 4.77948697254e-05
1308 4.75282382182e-05
1309 4.73455581966e-05
1310 4.77439722178e-05
1311 4.71082252713e-05
1312 4.74694946903e-05
1313 4.6592714275e-05
1314 4.66112820051e-05
1315 4.64929739548e-05
1316 4.62452947421e-05
1317 4.61577145426e-05
1318 4.55792278451e-05
1319 4.53119066417e-05
1320 4.55403159846e-05
1321 4.54662414055e-05
1322 4.50316407174e-05
1323 4.45714034309e-05
1324 4.43281500905e-05
1325 4.4039860524e-05
1326 4.34684030955e-05
1327 4.31112151137e-05
1328 4.29802619859e-05
1329 4.25932416611e-05
1330 4.19367393324e-05
1331 4.18769156744e-05
1332 4.17430347568e-05
1333 4.11649899904e-05
1334 4.06958496736e-05
1335 4.03003599927e-05
1336 3.99536934548e-05
1337 3.96013577958e-05
1338 3.93289854132e-05
1339 3.88410264183e-05
1340 3.84540536159e-05
1341 3.80631115477e-05
1342 3.76430714527e-05
1343 3.7143665576e-05
1344 3.66027175664e-05
1345 3.60761735617e-05
1346 3.56929954166e-05
1347 3.52676761579e-05
1348 3.48188171105e-05
1349 3.43582281414e-05
1350 5.09103282398e-05
1351 4.8928037165e-05
1352 4.69423566279e-05
1353 4.81047470108e-05
1354 4.72466061696e-05
1355 4.69864368708e-05
1356 4.74100624061e-05
1357 4.78743030384e-05
1358 4.75961148684e-05
1359 4.74211303493e-05
1360 4.78189149136e-05
1361 4.71726214012e-05
1362 4.75409638243e-05
1363 4.66564003413e-05
1364 4.66698684018e-05
1365 4.65550190674e-05
1366 4.62850066164e-05
1367 4.62005950456e-05
1368 4.56164473311e-05
1369 4.5339582285e-05
1370 4.5554829666e-05
1371 4.54692579723e-05
1372 4.503088909e-05
1373 4.45699643686e-05
1374 4.43302849741e-05
1375 4.40390501402e-05
1376 4.3466585989e-05
1377 4.31124532942e-05
1378 4.29957599388e-05
1379 4.260853392e-05
1380 4.19434839895e-05
1381 4.1885921947e-05
1382 4.17573925079e-05
1383 4.11705737559e-05
1384 4.07038951325e-05
1385 4.03218972909e-05
1386 3.99630389149e-05
1387 3.96087287462e-05
1388 3.93211174141e-05
1389 3.88234792518e-05
1390 3.84364670426e-05
1391 3.80498880818e-05
1392 3.76320131473e-05
1393 3.7137541406e-05
1394 3.65987829311e-05
1395 3.60739509964e-05
1396 3.56971688015e-05
1397 3.52718456493e-05
1398 3.48171655211e-05
1399 3.43442782124e-05
1400 5.09695220432e-05
1401 4.89898694005e-05
1402 4.69804352979e-05
1403 4.81319397212e-05
1404 4.72968771806e-05
1405 4.70147945413e-05
1406 4.7437525566e-05
1407 4.78933566181e-05
1408 4.76408889985e-05
1409 4.74645126558e-05
1410 4.78484435405e-05
1411 4.72179363925e-05
1412 4.75869399034e-05
1413 4.67002780837e-05
1414 4.6714403385e-05
1415 4.65904812307e-05
1416 4.63140956965e-05
1417 4.62289278413e-05
1418 4.5648634876e-05
1419 4.53773542312e-05
1420 4.55990846203e-05
1421 4.551894911e-05
1422 4.50784674561e-05
1423 4.4621592961e-05
1424 4.43681396438e-05
1425 4.40825901578e-05
1426 4.35157121088e-05
1427 4.31449129105e-05
1428 4.30098734478e-05
1429 4.26279107184e-05
1430 4.19626314872e-05
1431 4.19011605931e-05
1432 4.17795651054e-05
1433 4.11719076614e-05
1434 4.07118419404e-05
1435 4.0328475213e-05
1436 3.99638256359e-05
1437 3.96126830083e-05
1438 3.93302740473e-05
1439 3.88414688273e-05
1440 3.84492057544e-05
1441 3.80495082523e-05
1442 3.76370296458e-05
1443 3.71444385807e-05
1444 3.65906714039e-05
1445 3.60536388738e-05
1446 3.5665550448e-05
1447 3.52542894086e-05
1448 3.47950462787e-05
1449 3.4320552426e-05
1450 5.10202089212e-05
1451 4.90366526833e-05
1452 4.70125767708e-05
1453 4.81756401714e-05
1454 4.73548057389e-05
1455 4.7042624161e-05
1456 4.747633621e-05
1457 4.79399163658e-05
1458 4.76669700506e-05
1459 4.75110054406e-05
1460 4.78876047447e-05
1461 4.72649651689e-05
1462 4.76216035526e-05
1463 4.6733466353e-05
1464 4.6748428478e-05
1465 4.66293980134e-05
1466 4.63814578739e-05
1467 4.6277275017e-05
1468 4.57080926244e-05
1469 4.543493295e-05
1470 4.56473558329e-05
1471 4.55623762656e-05
1472 4.51152996077e-05
1473 4.46562337165e-05
1474 4.44030385525e-05
1475 4.41187723742e-05
1476 4.3546324765e-05
1477 4.31792387278e-05
1478 4.30405791912e-05
1479 4.26508647736e-05
1480 4.19795411404e-05
1481 4.19130012789e-05
1482 4.1791637327e-05
1483 4.11696092862e-05
1484 4.07062347185e-05
1485 4.03308872218e-05
1486 3.99502678924e-05
1487 3.96152415998e-05
1488 3.93263046831e-05
1489 3.88371604435e-05
1490 3.84346052612e-05
1491 3.80323611848e-05
1492 3.76183440664e-05
1493 3.71292592167e-05
1494 3.65662351186e-05
1495 3.60418048148e-05
1496 3.56617626845e-05
1497 3.52491169554e-05
1498 3.47818349982e-05
1499 3.42960794799e-05
1500 5.10702175092e-05
1501 4.90675333845e-05
1502 4.70677077613e-05
1503 4.82316167448e-05
1504 4.73993477241e-05
1505 4.70992327262e-05
1506 4.75261095207e-05
1507 4.79991631818e-05
1508 4.77165898894e-05
1509 4.75707961227e-05
1510 4.79411456939e-05
1511 4.73137015317e-05
1512 4.76759588885e-05
1513 4.67664522863e-05
1514 4.68063467108e-05
1515 4.66807397069e-05
1516 4.6423053892e-05
1517 4.63067917248e-05
1518 4.57482209968e-05
1519 4.54661941504e-05
1520 4.56832732294e-05
1521 4.55900487137e-05
1522 4.5145863707e-05
1523 4.46815777485e-05
1524 4.4425776943e-05
1525 4.41321650602e-05
1526 4.3563830041e-05
1527 4.32040602832e-05
1528 4.30628850856e-05
1529 4.26761754069e-05
1530 4.20028819364e-05
1531 4.19486744019e-05
1532 4.18167609049e-05
1533 4.11953996492e-05
1534 4.07274866681e-05
1535 4.03342068081e-05
1536 3.99733807312e-05
1537 3.96118134126e-05
1538 3.93241767486e-05
1539 3.88250193869e-05
1540 3.8425229006e-05
1541 3.80286839972e-05
1542 3.76125490707e-05
1543 3.71175776802e-05
1544 3.65553816714e-05
1545 3.60252414947e-05
1546 3.56297488234e-05
1547 3.5216375969e-05
1548 3.47444002613e-05
1549 3.42542621213e-05
1550 5.11161302647e-05
1551 4.91069343802e-05
1552 4.71530349133e-05
1553 4.83071768618e-05
1554 4.74689898788e-05
1555 4.71773266084e-05
1556 4.75963087748e-05
1557 4.80664475841e-05
1558 4.77711887715e-05
1559 4.76292233564e-05
1560 4.79919015247e-05
1561 4.73556924657e-05
1562 4.77238378457e-05
1563 4.68050957238e-05
1564 4.6849323728e-05
1565 4.67174448204e-05
1566 4.64592011769e-05
1567 4.6331660155e-05
1568 4.57904600876e-05
1569 4.55165191617e-05
1570 4.57124086111e-05
1571 4.56227448531e-05
1572 4.51795370837e-05
1573 4.47256668793e-05
1574 4.44727118027e-05
1575 4.41715956525e-05
1576 4.36095926111e-05
1577 4.32249889441e-05
1578 4.30893764962e-05
1579 4.2688425795e-05
1580 4.20117894623e-05
1581 4.19450344314e-05
1582 4.18202745467e-05
1583 4.11921334536e-05
1584 4.07599511631e-05
1585 4.03777297148e-05
1586 3.99821281633e-05
1587 3.9623343197e-05
1588 3.9340492889e-05
1589 3.88377698176e-05
1590 3.84235575339e-05
1591 3.80181688007e-05
1592 3.75908393923e-05
1593 3.70952724085e-05
1594 3.65348880422e-05
1595 3.60032219493e-05
1596 3.56047150501e-05
1597 3.51774934154e-05
1598 3.47113798794e-05
1599 3.42379448844e-05
1600 5.1163440126e-05
1601 4.92102636915e-05
1602 4.72167591767e-05
1603 4.83699104842e-05
1604 4.75252880274e-05
1605 4.72452165908e-05
1606 4.76496030343e-05
1607 4.81128157886e-05
1608 4.78290395518e-05
1609 4.76808096138e-05
1610 4.80423551708e-05
1611 4.74266517927e-05
1612 4.77906633038e-05
1613 4.68761677918e-05
1614 4.69198083914e-05
1615 4.67796106175e-05
1616 4.65137573185e-05
1617 4.63943040762e-05
1618 4.58471703231e-05
1619 4.55635343431e-05
1620 4.57592722511e-05
1621 4.56599717365e-05
1622 4.52208959125e-05
1623 4.47465591903e-05
1624 4.44936061008e-05
1625 4.41938199059e-05
1626 4.36286712993e-05
1627 4.32447840792e-05
1628 4.31135419766e-05
1629 4.27089201766e-05
1630 4.202060613e-05
1631 4.19601585573e-05
1632 4.18308442882e-05
1633 4.11967211853e-05
1634 4.07467689736e-05
1635 4.03595165934e-05
1636 3.99633104186e-05
1637 3.96034565333e-05
1638 3.93154322888e-05
1639 3.88058952957e-05
1640 3.83940578238e-05
1641 3.79918673798e-05
1642 3.75668229983e-05
1643 3.70789936681e-05
1644 3.65213682893e-05
1645 3.59878945717e-05
1646 3.55934496368e-05
1647 3.51835944857e-05
1648 3.47011445462e-05
1649 3.42101692353e-05
1650 5.12498723429e-05
1651 4.92755522748e-05
1652 4.72687214316e-05
1653 4.84223160674e-05
1654 4.75756722641e-05
1655 4.72798631489e-05
1656 4.7689971007e-05
1657 4.81488285434e-05
1658 4.78622803148e-05
1659 4.77508333403e-05
1660 4.80875573182e-05
1661 4.74823477678e-05
1662 4.78319043543e-05
1663 4.69252669465e-05
1664 4.69653822999e-05
1665 4.68234587291e-05
1666 4.65663973517e-05
1667 4.64399548645e-05
1668 4.59026205246e-05
1669 4.56211528978e-05
1670 4.58185052105e-05
1671 4.57152809344e-05
1672 4.52715609554e-05
1673 4.48084806016e-05
1674 4.45447589513e-05
1675 4.42430614004e-05
1676 4.36790994391e-05
1677 4.3282662689e-05
1678 4.31564317484e-05
1679 4.27507351097e-05
1680 4.20557422053e-05
1681 4.19802670511e-05
1682 4.1846106316e-05
1683 4.12071642221e-05
1684 4.07587186305e-05
1685 4.0374757982e-05
1686 3.99713713291e-05
1687 3.96160681996e-05
1688 3.93201141039e-05
1689 3.88260482361e-05
1690 3.84112780316e-05
1691 3.80019025123e-05
1692 3.75711014409e-05
1693 3.70856800045e-05
1694 3.65043612284e-05
1695 3.59712761643e-05
1696 3.55716795905e-05
1697 3.51515004858e-05
1698 3.46730410296e-05
1699 3.41825894039e-05
1700 5.12932544733e-05
1701 4.93363142968e-05
1702 4.73422196082e-05
1703 4.84961090138e-05
1704 4.76486962011e-05
1705 4.7335861702e-05
1706 4.77504648047e-05
1707 4.82036123823e-05
1708 4.79165529547e-05
1709 4.78101569575e-05
1710 4.81405312117e-05
1711 4.7531380163e-05
1712 4.7880434736e-05
1713 4.69715289435e-05
1714 4.70046726028e-05
1715 4.68652324838e-05
1716 4.66071937338e-05
1717 4.64677158849e-05
1718 4.59354965189e-05
1719 4.56492379442e-05
1720 4.58298721403e-05
1721 4.57202288393e-05
1722 4.52721186262e-05
1723 4.48091494765e-05
1724 4.45472500967e-05
1725 4.42391287081e-05
1726 4.36887399245e-05
1727 4.32802174358e-05
1728 4.31526288679e-05
1729 4.27452155129e-05
1730 4.20479421659e-05
1731 4.19797542122e-05
1732 4.18637620491e-05
1733 4.12300974672e-05
1734 4.07707790588e-05
1735 4.03708100929e-05
1736 3.99786463124e-05
1737 3.9633442846e-05
1738 3.93394260831e-05
1739 3.88376982225e-05
1740 3.84112291533e-05
1741 3.80027058158e-05
1742 3.75703533416e-05
1743 3.70875839607e-05
1744 3.65005023231e-05
1745 3.59656523866e-05
1746 3.55481932086e-05
1747 3.51236311307e-05
1748 3.46258875572e-05
1749 3.41241190274e-05
1750 5.13288909275e-05
1751 4.93568328421e-05
1752 4.74064740227e-05
1753 4.85605999233e-05
1754 4.77096540471e-05
1755 4.73949461677e-05
1756 4.77936074969e-05
1757 4.82555130622e-05
1758 4.79634918492e-05
1759 4.78576251517e-05
1760 4.81873303313e-05
1761 4.75688218937e-05
1762 4.79222838142e-05
1763 4.70129802137e-05
1764 4.70440072336e-05
1765 4.69115634053e-05
1766 4.66466795237e-05
1767 4.65156362522e-05
1768 4.59905457898e-05
1769 4.5710118196e-05
1770 4.58741992251e-05
1771 4.57926591058e-05
1772 4.5339403585e-05
1773 4.48812010305e-05
1774 4.46071326421e-05
1775 4.43020631509e-05
1776 4.37442842979e-05
1777 4.33237333641e-05
1778 4.31919766929e-05
1779 4.27904421043e-05
1780 4.20914977853e-05
1781 4.20209284448e-05
1782 4.18933053423e-05
1783 4.12410839896e-05
1784 4.07822615077e-05
1785 4.03894604831e-05
1786 3.99729834997e-05
1787 3.96181346737e-05
1788 3.93173971413e-05
1789 3.88026669201e-05
1790 3.83777711651e-05
1791 3.79686258695e-05
1792 3.75327257377e-05
1793 3.70451109001e-05
1794 3.64569350219e-05
1795 3.59254740637e-05
1796 3.55131627755e-05
1797 3.51034991887e-05
1798 3.46128102077e-05
1799 3.41101169961e-05
1800 5.13908879757e-05
1801 4.94542033294e-05
1802 4.74999939834e-05
1803 4.86603421666e-05
1804 4.7807517043e-05
1805 4.74944399856e-05
1806 4.78790541875e-05
1807 4.83415531726e-05
1808 4.80524454379e-05
1809 4.79485803169e-05
1810 4.8270957725e-05
1811 4.76589397235e-05
1812 4.80019951855e-05
1813 4.70835040936e-05
1814 4.71241386519e-05
1815 4.69767698757e-05
1816 4.67029073239e-05
1817 4.65640266299e-05
1818 4.60471747864e-05
1819 4.57675948241e-05
1820 4.59140818898e-05
1821 4.5820351867e-05
1822 4.53684387025e-05
1823 4.4905676973e-05
1824 4.46342639581e-05
1825 4.43260808116e-05
1826 4.37705539793e-05
1827 4.33471200433e-05
1828 4.32141979661e-05
1829 4.28053126118e-05
1830 4.20939504691e-05
1831 4.20233717944e-05
1832 4.18871018822e-05
1833 4.12372016453e-05
1834 4.08010084196e-05
1835 4.0426200099e-05
1836 3.99914880694e-05
1837 3.96312345045e-05
1838 3.93183986789e-05
1839 3.88081985202e-05
1840 3.83701091108e-05
1841 3.79590439839e-05
1842 3.75152635901e-05
1843 3.70383878021e-05
1844 3.64425099471e-05
1845 3.59084988234e-05
1846 3.54935572452e-05
1847 3.50709045742e-05
1848 3.45725242598e-05
1849 3.40631925579e-05
1850 5.1436838949e-05
1851 4.95638280386e-05
1852 4.75510993064e-05
1853 4.87218143202e-05
1854 4.78503485471e-05
1855 4.75437775362e-05
1856 4.79125418916e-05
1857 4.83813151472e-05
1858 4.80882134273e-05
1859 4.79905352509e-05
1860 4.82990949457e-05
1861 4.77121508048e-05
1862 4.80483203941e-05
1863 4.71476090146e-05
1864 4.71914917037e-05
1865 4.70447293216e-05
1866 4.67739837969e-05
1867 4.66203799803e-05
1868 4.61054305931e-05
1869 4.58369817196e-05
1870 4.59709059534e-05
1871 4.58596016927e-05
1872 4.54204655112e-05
1873 4.49484102704e-05
1874 4.46725589164e-05
1875 4.4353148331e-05
1876 4.37974155964e-05
1877 4.33613074347e-05
1878 4.32276055811e-05
1879 4.28141286726e-05
1880 4.21044398524e-05
1881 4.20295768056e-05
1882 4.18940590332e-05
1883 4.12489966255e-05
1884 4.08025229989e-05
1885 4.04177419613e-05
1886 3.996748795e-05
1887 3.96217960353e-05
1888 3.93095796171e-05
1889 3.87990560769e-05
1890 3.8358089017e-05
1891 3.79488969418e-05
1892 3.7500168786e-05
1893 3.70177191221e-05
1894 3.64125608786e-05
1895 3.58853548786e-05
1896 3.5473187658e-05
1897 3.50438507658e-05
1898 3.45491820586e-05
1899 3.40275508624e-05
1900 5.15049651458e-05
1901 4.96183697876e-05
1902 4.76321181412e-05
1903 4.87822171102e-05
1904 4.79337521644e-05
1905 4.76179296437e-05
1906 4.79883056323e-05
1907 4.84561839687e-05
1908 4.81579814395e-05
1909 4.80780354698e-05
1910 4.83679653484e-05
1911 4.77829811414e-05
1912 4.81019538657e-05
1913 4.71880336151e-05
1914 4.72308696159e-05
1915 4.70765824104e-05
1916 4.6803060328e-05
1917 4.66407951852e-05
1918 4.61302828375e-05
1919 4.58660608356e-05
1920 4.59896549583e-05
1921 4.58752586804e-05
1922 4.54347274781e-05
1923 4.49530447361e-05
1924 4.46922772066e-05
1925 4.43773091866e-05
1926 4.38454057881e-05
1927 4.34049997269e-05
1928 4.32728452172e-05
1929 4.28536438418e-05
1930 4.21417876502e-05
1931 4.20581311608e-05
1932 4.192216445e-05
1933 4.12697096079e-05
1934 4.08202678816e-05
1935 4.04169610813e-05
1936 3.99561677405e-05
1937 3.96034887529e-05
1938 3.92922963647e-05
1939 3.87780938929e-05
1940 3.83326389921e-05
1941 3.79241767295e-05
1942 3.74701039042e-05
1943 3.69856993279e-05
1944 3.63794574876e-05
1945 3.58601466936e-05
1946 3.54382349479e-05
1947 3.5016775198e-05
1948 3.45050135141e-05
1949 3.39909277578e-05
1950 5.15707105818e-05
1951 4.96511966777e-05
1952 4.77075515225e-05
1953 4.88438669174e-05
1954 4.79963085781e-05
1955 4.76913747828e-05
1956 4.80485489919e-05
1957 4.84972492348e-05
1958 4.81967192267e-05
1959 4.81337836651e-05
1960 4.84007221851e-05
1961 4.78188417682e-05
1962 4.81362003311e-05
1963 4.72135923838e-05
1964 4.72601101447e-05
1965 4.71116009042e-05
1966 4.68411964421e-05
1967 4.66749058611e-05
1968 4.61921316259e-05
1969 4.59273486465e-05
1970 4.60419994168e-05
1971 4.59294968136e-05
1972 4.54803757409e-05
1973 4.4998382415e-05
1974 4.47291318158e-05
1975 4.43973815077e-05
1976 4.38669356327e-05
1977 4.3404083313e-05
1978 4.32709112967e-05
1979 4.28530419809e-05
1980 4.21413747974e-05
1981 4.2057235435e-05
1982 4.19123575849e-05
1983 4.12564912847e-05
1984 4.08021771231e-05
1985 4.04288134685e-05
1986 3.99677975335e-05
1987 3.96097919832e-05
1988 3.92909054177e-05
1989 3.87685502761e-05
1990 3.83160154718e-05
1991 3.79109411672e-05
1992 3.7452949406e-05
1993 3.69600276696e-05
1994 3.6348048655e-05
1995 3.58216337232e-05
1996 3.53913780451e-05
1997 3.4967155304e-05
1998 3.44567962928e-05
1999 3.39394437026e-05
2000 5.16078902685e-05
2001 4.97083631842e-05
2002 4.77685389659e-05
2003 4.88991271156e-05
2004 4.80512197317e-05
2005 4.77568575208e-05
2006 4.80909729158e-05
2007 4.85413113104e-05
2008 4.82350856824e-05
2009 4.81895422461e-05
2010 4.84551547971e-05
2011 4.78702454081e-05
2012 4.81932637361e-05
2013 4.72878317609e-05
2014 4.73385817415e-05
2015 4.71751923394e-05
2016 4.69023500712e-05
2017 4.67245695221e-05
2018 4.62385458111e-05
2019 4.59746282309e-05
2020 4.60801937872e-05
2021 4.59766999919e-05
2022 4.55161804481e-05
2023 4.50271028115e-05
2024 4.47698485558e-05
2025 4.44337632091e-05
2026 4.39033763114e-05
2027 4.34312393542e-05
2028 4.33015731009e-05
2029 4.28890938647e-05
2030 4.21755373889e-05
2031 4.20808841683e-05
2032 4.19349878203e-05
2033 4.12781105519e-05
2034 4.08447310346e-05
2035 4.04512351958e-05
2036 3.99621126619e-05
2037 3.96159583044e-05
2038 3.93034106632e-05
2039 3.87777527559e-05
2040 3.83264479156e-05
2041 3.7914500667e-05
2042 3.74485553018e-05
2043 3.69466467008e-05
2044 3.6335662701e-05
2045 3.58118751986e-05
2046 3.53750474966e-05
2047 3.49365943714e-05
2048 3.44190079744e-05
2049 3.38864510787e-05
2050 5.17003481876e-05
2051 4.98087125217e-05
2052 4.78764147789e-05
2053 4.9025213986e-05
2054 4.81740910287e-05
2055 4.78815732279e-05
2056 4.81929308086e-05
2057 4.86461816074e-05
2058 4.83405176995e-05
2059 4.83033517501e-05
2060 4.85503348546e-05
2061 4.79632231305e-05
2062 4.82783484763e-05
2063 4.73566879568e-05
2064 4.7406397926e-05
2065 4.72369402767e-05
2066 4.69525446803e-05
2067 4.6773363805e-05
2068 4.62858521666e-05
2069 4.60242802261e-05
2070 4.61131687395e-05
2071 4.60124548963e-05
2072 4.55479120069e-05
2073 4.5063802649e-05
2074 4.47993653854e-05
2075 4.44656644563e-05
2076 4.39371678437e-05
2077 4.34445889384e-05
2078 4.33118252909e-05
2079 4.2899470334e-05
2080 4.21736826523e-05
2081 4.20793113228e-05
2082 4.19276754616e-05
2083 4.12693801429e-05
2084 4.08221374839e-05
2085 4.04234186868e-05
2086 3.9938718745e-05
2087 3.95945034653e-05
2088 3.92669358951e-05
2089 3.87561783672e-05
2090 3.82943404086e-05
2091 3.78897423024e-05
2092 3.74128907045e-05
2093 3.69298659572e-05
2094 3.63005063204e-05
2095 3.57843038599e-05
2096 3.53480579046e-05
2097 3.49063045494e-05
2098 3.43938972677e-05
2099 3.38554729363e-05
2100 5.17907246953e-05
2101 4.9916579538e-05
2102 4.79610640649e-05
2103 4.91083205444e-05
2104 4.82543685677e-05
2105 4.79780430587e-05
2106 4.82576949271e-05
2107 4.87139561814e-05
2108 4.84122460159e-05
2109 4.83776477947e-05
2110 4.86062179633e-05
2111 4.8030976037e-05
2112 4.83402829481e-05
2113 4.74259258991e-05
2114 4.74702417167e-05
2115 4.73055737217e-05
2116 4.70213153931e-05
2117 4.68337802077e-05
2118 4.63579988136e-05
2119 4.60995549258e-05
2120 4.61774148243e-05
2121 4.60581806682e-05
2122 4.56022410317e-05
2123 4.51143435278e-05
2124 4.48507519094e-05
2125 4.45093021776e-05
2126 4.39821779326e-05
2127 4.34782177232e-05
2128 4.33487286839e-05
2129 4.29250535791e-05
2130 4.21993799605e-05
2131 4.21042628704e-05
2132 4.19459683984e-05
2133 4.12924842181e-05
2134 4.08422630371e-05
2135 4.04498447833e-05
2136 3.99425761391e-05
2137 3.95963753794e-05
2138 3.92576820952e-05
2139 3.87313994319e-05
2140 3.82607513401e-05
2141 3.78528493759e-05
2142 3.73788705359e-05
2143 3.68895722296e-05
2144 3.62672053035e-05
2145 3.57482348954e-05
2146 3.53114398154e-05
2147 3.48706069747e-05
2148 3.43534096466e-05
2149 3.38092211453e-05
2150 5.18266281994e-05
2151 4.99517408433e-05
2152 4.80138237348e-05
2153 4.91687316462e-05
2154 4.83099441677e-05
2155 4.8045837143e-05
2156 4.83125215593e-05
2157 4.87696962337e-05
2158 4.84590167943e-05
2159 4.84539031388e-05
2160 4.8670561488e-05
2161 4.80826729019e-05
2162 4.83891558184e-05
2163 4.74849950426e-05
2164 4.75313518493e-05
2165 4.73597208493e-05
2166 4.70716365069e-05
2167 4.68784408066e-05
2168 4.64116358804e-05
2169 4.61592588542e-05
2170 4.62258399725e-05
2171 4.61047495687e-05
2172 4.5650938541e-05
2173 4.51544248668e-05
2174 4.48808164236e-05
2175 4.45352118416e-05
2176 4.40072876734e-05
2177 4.34929952371e-05
2178 4.33716184508e-05
2179 4.29447860748e-05
2180 4.22210311676e-05
2181 4.21238142571e-05
2182 4.19584163371e-05
2183 4.13095989993e-05
2184 4.08517707143e-05
2185 4.04525961224e-05
2186 3.99358659263e-05
2187 3.95887012488e-05
2188 3.92495939223e-05
2189 3.87290106429e-05
2190 3.82516416425e-05
2191 3.78372024611e-05
2192 3.73526956432e-05
2193 3.68543115326e-05
2194 3.62265052757e-05
2195 3.57123823176e-05
2196 3.52638875919e-05
2197 3.48237577253e-05
2198 3.42979217398e-05
2199 3.37442801734e-05
2200 5.19008620934e-05
2201 5.0029567871e-05
2202 4.80876470526e-05
2203 4.92455944057e-05
2204 4.83978407611e-05
2205 4.81414568319e-05
2206 4.83811148048e-05
2207 4.88272484385e-05
2208 4.85044992619e-05
2209 4.85154644873e-05
2210 4.87398022653e-05
2211 4.8146505217e-05
2212 4.84512986233e-05
2213 4.75372402803e-05
2214 4.75969675925e-05
2215 4.74163312964e-05
2216 4.71327387041e-05
2217 4.69286538904e-05
2218 4.6473424647e-05
2219 4.62221356877e-05
2220 4.6271538731e-05
2221 4.61498265026e-05
2222 4.56807528036e-05
2223 4.51818029843e-05
2224 4.49120307712e-05
2225 4.45526614499e-05
2226 4.40349361889e-05
2227 4.35058170004e-05
2228 4.33860892074e-05
2229 4.29610300599e-05
2230 4.22416321425e-05
2231 4.21380027781e-05
2232 4.19572372786e-05
2233 4.13008422093e-05
2234 4.08403557578e-05
2235 4.04407214125e-05
2236 3.99207416169e-05
2237 3.95715560617e-05
2238 3.92274774705e-05
2239 3.87081254416e-05
2240 3.82198459926e-05
2241 3.77985639804e-05
2242 3.73278603256e-05
2243 3.68228397102e-05
2244 3.61875409085e-05
2245 3.56693131717e-05
2246 3.52158874368e-05
2247 3.47733081352e-05
2248 3.42568297064e-05
2249 3.37089170102e-05
2250 5.20095623856e-05
2251 5.0076077493e-05
2252 4.8169881229e-05
2253 4.93324699519e-05
2254 4.84757425542e-05
2255 4.82366416156e-05
2256 4.8458874293e-05
2257 4.889477653e-05
2258 4.85678014209e-05
2259 4.85903259496e-05
2260 4.88088602776e-05
2261 4.82027180474e-05
2262 4.84962551892e-05
2263 4.75890029395e-05
2264 4.76485664546e-05
2265 4.74636428347e-05
2266 4.71646173115e-05
2267 4.69576251342e-05
2268 4.65029086498e-05
2269 4.6255226571e-05
2270 4.62912701394e-05
2271 4.61753427291e-05
2272 4.57008325698e-05
2273 4.52018737921e-05
2274 4.49541650175e-05
2275 4.45892523814e-05
2276 4.40819752076e-05
2277 4.35329755206e-05
2278 4.34000188516e-05
2279 4.29620725298e-05
2280 4.2242405608e-05
2281 4.21292333089e-05
2282 4.19439495656e-05
2283 4.12960758988e-05
2284 4.08275880952e-05
2285 4.04281646835e-05
2286 3.98982792046e-05
2287 3.95460973759e-05
2288 3.91926027259e-05
2289 3.86668841511e-05
2290 3.81788925017e-05
2291 3.77725448101e-05
2292 3.72964391425e-05
2293 3.67856150909e-05
2294 3.6150767553e-05
2295 3.56344273748e-05
2296 3.51803389326e-05
2297 3.47328452292e-05
2298 3.42065933515e-05
2299 3.3643500607e-05
2300 5.20914492818e-05
2301 5.01284465117e-05
2302 4.82547357106e-05
2303 4.94005128912e-05
2304 4.85679262506e-05
2305 4.83345317071e-05
2306 4.85289171874e-05
2307 4.89639590077e-05
2308 4.862608245e-05
2309 4.86638952582e-05
2310 4.88588442604e-05
2311 4.82457587676e-05
2312 4.85349829596e-05
2313 4.76340324169e-05
2314 4.76922302006e-05
2315 4.75025634499e-05
2316 4.7212413994e-05
2317 4.69977152613e-05
2318 4.65612450649e-05
2319 4.63073383434e-05
2320 4.63426410121e-05
2321 4.62212664667e-05
2322 4.57382780707e-05
2323 4.52304724474e-05
2324 4.49749294223e-05
2325 4.46071840177e-05
2326 4.41000611344e-05
2327 4.35515062378e-05
2328 4.34120731341e-05
2329 4.29823545387e-05
2330 4.22676497766e-05
2331 4.21426717378e-05
2332 4.19555633287e-05
2333 4.13078194229e-05
2334 4.08258394491e-05
2335 4.04230539238e-05
2336 3.98715458787e-05
2337 3.95261302317e-05
2338 3.91771664336e-05
2339 3.86819861331e-05
2340 3.81768187299e-05
2341 3.7764214841e-05
2342 3.72764790493e-05
2343 3.67577768825e-05
2344 3.61133042491e-05
2345 3.55964493962e-05
2346 3.51309724568e-05
2347 3.46740870755e-05
2348 3.41513028742e-05
2349 3.35773829106e-05
2350 5.21882547037e-05
2351 5.01840872645e-05
2352 4.83069783486e-05
2353 4.94671217574e-05
2354 4.86235140208e-05
2355 4.83966805356e-05
2356 4.85721323157e-05
2357 4.90099098328e-05
2358 4.86630947224e-05
2359 4.87174380391e-05
2360 4.89163547986e-05
2361 4.82946286615e-05
2362 4.85822664879e-05
2363 4.76862180121e-05
2364 4.77455842886e-05
2365 4.75587871453e-05
2366 4.72729633133e-05
2367 4.70553869185e-05
2368 4.66178449064e-05
2369 4.63692783867e-05
2370 4.63985554223e-05
2371 4.62675905995e-05
2372 4.57881021899e-05
2373 4.52772048867e-05
2374 4.50162253144e-05
2375 4.46451977362e-05
2376 4.41459811301e-05
2377 4.35746349138e-05
2378 4.34286244801e-05
2379 4.30050131132e-05
2380 4.22784480433e-05
2381 4.21518795557e-05
2382 4.19603635368e-05
2383 4.13205948431e-05
2384 4.08388345534e-05
2385 4.04386040905e-05
2386 3.99000498013e-05
2387 3.95405009331e-05
2388 3.91720002372e-05
2389 3.86563463755e-05
2390 3.81319135315e-05
2391 3.77085745905e-05
2392 3.72218751987e-05
2393 3.67067967105e-05
2394 3.60612242064e-05
2395 3.5543815347e-05
2396 3.50674575244e-05
2397 3.46043195799e-05
2398 3.40846408862e-05
2399 3.34985921295e-05
2400 5.23277522663e-05
2401 5.0308294187e-05
2402 4.84105089808e-05
2403 4.95859113019e-05
2404 4.87538431366e-05
2405 4.85263260456e-05
2406 4.86802798504e-05
2407 4.91117684605e-05
2408 4.87546958369e-05
2409 4.88112601163e-05
2410 4.90107084574e-05
2411 4.83717616648e-05
2412 4.86587495453e-05
2413 4.77557600177e-05
2414 4.78104219722e-05
2415 4.76230786074e-05
2416 4.73098689627e-05
2417 4.7086708212e-05
2418 4.66610936821e-05
2419 4.63903470479e-05
2420 4.63988554864e-05
2421 4.62597146913e-05
2422 4.57867377014e-05
2423 4.52677677369e-05
2424 4.50098577939e-05
2425 4.46246419875e-05
2426 4.41311105129e-05
2427 4.35551005675e-05
2428 4.34059229415e-05
2429 4.29900354604e-05
2430 4.22815647022e-05
2431 4.2149397479e-05
2432 4.19429488818e-05
2433 4.13023105528e-05
2434 4.08011081436e-05
2435 4.04134746264e-05
2436 3.98630753546e-05
2437 3.95010483554e-05
2438 3.91312086131e-05
2439 3.86249054464e-05
2440 3.80966671128e-05
2441 3.76840892509e-05
2442 3.71949747311e-05
2443 3.66784773664e-05
2444 3.60302391296e-05
2445 3.55137330666e-05
2446 3.50348401559e-05
2447 3.45610267261e-05
2448 3.40268953732e-05
2449 3.3438137088e-05
2450 5.24084830987e-05
2451 5.03622912524e-05
2452 4.84848242539e-05
2453 4.96546412509e-05
2454 4.88251404747e-05
2455 4.86020911045e-05
2456 4.87415501096e-05
2457 4.91731910628e-05
2458 4.88020790398e-05
2459 4.88835114426e-05
2460 4.90624018103e-05
2461 4.84255163049e-05
2462 4.87078646479e-05
2463 4.78077897799e-05
2464 4.78700795277e-05
2465 4.76846529295e-05
2466 4.7371648107e-05
2467 4.71452717153e-05
2468 4.67299480827e-05
2469 4.64809855133e-05
2470 4.64919088244e-05
2471 4.63541913693e-05
2472 4.5871970837e-05
2473 4.53482560495e-05
2474 4.50920173066e-05
2475 4.46993130229e-05
2476 4.42039889733e-05
2477 4.36049366468e-05
2478 4.34430919393e-05
2479 4.3009088908e-05
2480 4.22812215283e-05
2481 4.21391048877e-05
2482 4.19368617511e-05
2483 4.13011055696e-05
2484 4.0783909705e-05
2485 4.03944656627e-05
2486 3.98385904179e-05
2487 3.94750964994e-05
2488 3.90967159147e-05
2489 3.85970071941e-05
2490 3.80658036888e-05
2491 3.76427409319e-05
2492 3.71440556475e-05
2493 3.66145809878e-05
2494 3.5957521778e-05
2495 3.54408660195e-05
2496 3.49555638581e-05
2497 3.45035005162e-05
2498 3.39806635459e-05
2499 3.3384211878e-05
