0 -2.99077345394e-05
1 -3.50984357336e-05
2 -4.37935625882e-05
3 -5.13753002596e-05
4 -4.92416147806e-05
5 -5.90313532711e-05
6 -6.4592415773e-05
7 -7.16451171528e-05
8 -7.85726205257e-05
9 -8.5832975862e-05
10 -9.09581256522e-05
11 -9.68332015426e-05
12 -0.000101484841682
13 -0.000104352537379
14 -0.00010789979087
15 -0.000109598309217
16 -0.000109472910998
17 -0.000109892883347
18 -0.000109084150516
19 -0.000107239751296
20 -0.000106851081766
21 -0.00010475244515
22 -0.000101793471984
23 -9.85679430376e-05
24 -9.61726265125e-05
25 -9.32894532516e-05
26 -8.95762397778e-05
27 -8.60285674967e-05
28 -8.32707414875e-05
29 -7.9881235985e-05
30 -7.58988146216e-05
31 -7.26620874377e-05
32 -6.97602306912e-05
33 -6.61634972235e-05
34 -6.25629224282e-05
35 -5.8999927791e-05
36 -5.60347100494e-05
37 -5.31494482875e-05
38 -5.08401769301e-05
39 -4.84403850711e-05
40 -4.62356325508e-05
41 -4.4410562103e-05
42 -4.26673548752e-05
43 -4.09904171451e-05
44 -3.94908107904e-05
45 -3.79847247011e-05
46 -3.67234664877e-05
47 -3.53558668142e-05
48 -3.40468571156e-05
49 -3.25666340756e-05
50 -4.53348532017e-06
51 -1.02322671064e-05
52 -2.72548155003e-05
53 -2.43750134906e-05
54 -3.46919914769e-05
55 -4.18789067551e-05
56 -4.80270433511e-05
57 -5.45480200451e-05
58 -6.27849057157e-05
59 -7.12236338791e-05
60 -7.82187534092e-05
61 -8.48514839533e-05
62 -9.12454874392e-05
63 -9.53564973414e-05
64 -9.92584310327e-05
65 -0.000101998259961
66 -0.000103562030367
67 -0.000104906701662
68 -0.000103964319396
69 -0.000102915440373
70 -0.000102981772607
71 -0.000101603493787
72 -9.88640341232e-05
73 -9.58524853141e-05
74 -9.3473004058e-05
75 -9.05150762216e-05
76 -8.69177369602e-05
77 -8.35906586331e-05
78 -8.08662568062e-05
79 -7.7610193878e-05
80 -7.38611092369e-05
81 -7.09043623493e-05
82 -6.79611241021e-05
83 -6.42912190801e-05
84 -6.0854091039e-05
85 -5.75573041946e-05
86 -5.47418312711e-05
87 -5.19347034205e-05
88 -4.95743852572e-05
89 -4.71917679657e-05
90 -4.507929057e-05
91 -4.32628310133e-05
92 -4.14907691724e-05
93 -3.98307188829e-05
94 -3.83291226638e-05
95 -3.68473304057e-05
96 -3.56006877012e-05
97 -3.42497814901e-05
98 -3.29464616526e-05
99 -3.15060013586e-05
100 4.31932482217e-05
101 3.22722496564e-05
102 1.28477540391e-05
103 1.59724332907e-05
104 2.92504588594e-06
105 -6.69911551958e-06
106 -1.45433251681e-05
107 -2.32170797627e-05
108 -3.45807629076e-05
109 -4.64830136481e-05
110 -5.61268640787e-05
111 -6.63976522547e-05
112 -7.54044648169e-05
113 -8.28500955847e-05
114 -8.91141389358e-05
115 -9.39249841802e-05
116 -9.73591535376e-05
117 -0.000100111791954
118 -0.000100531668857
119 -0.000100494499476
120 -0.000101272079933
121 -0.00010042939892
122 -9.81413771306e-05
123 -9.54203150436e-05
124 -9.32107913702e-05
125 -9.03203957743e-05
126 -8.67331453726e-05
127 -8.34114797442e-05
128 -8.07028296923e-05
129 -7.74750564849e-05
130 -7.37578301563e-05
131 -7.08433654533e-05
132 -6.79482179249e-05
133 -6.43332480188e-05
134 -6.097580658e-05
135 -5.77665234509e-05
136 -5.5027143317e-05
137 -5.2244738883e-05
138 -4.98363022264e-05
139 -4.74083365562e-05
140 -4.52469524456e-05
141 -4.34078764829e-05
142 -4.16128586291e-05
143 -3.98991390051e-05
144 -3.83479798161e-05
145 -3.68143247521e-05
146 -3.55219000133e-05
147 -3.41457447896e-05
148 -3.28474736146e-05
149 -3.142329577e-05
150 0.000106176477366
151 8.93540567065e-05
152 6.95921820623e-05
153 7.24489310235e-05
154 5.70986440647e-05
155 4.4951815319e-05
156 3.52499230215e-05
157 2.39094642864e-05
158 8.62413387537e-06
159 -7.88289239044e-06
160 -2.13346634559e-05
161 -3.67569114608e-05
162 -4.98386321103e-05
163 -6.25441833449e-05
164 -7.25593288301e-05
165 -8.06871544388e-05
166 -8.71584887118e-05
167 -9.22148635593e-05
168 -9.48252423394e-05
169 -9.64074491246e-05
170 -9.83396647122e-05
171 -9.84773594963e-05
172 -9.6951615115e-05
173 -9.46841128463e-05
174 -9.277164151e-05
175 -9.00918608718e-05
176 -8.66066181333e-05
177 -8.33384651585e-05
178 -8.06422927521e-05
179 -7.74256079533e-05
180 -7.37396798168e-05
181 -7.08764683361e-05
182 -6.811478121e-05
183 -6.45870817987e-05
184 -6.13263020288e-05
185 -5.81733242312e-05
186 -5.55229543873e-05
187 -5.27683236669e-05
188 -5.03847346577e-05
189 -4.79247831771e-05
190 -4.56862559467e-05
191 -4.37470427232e-05
192 -4.189669109e-05
193 -4.01033428143e-05
194 -3.84791175614e-05
195 -3.68619777529e-05
196 -3.55052412588e-05
197 -3.41029146299e-05
198 -3.27950887884e-05
199 -3.13748833627e-05
200 0.000170385458747
201 0.000150642735289
202 0.000134464790003
203 0.000136750987717
204 0.000121438366179
205 0.000108615862427
206 9.82124014074e-05
207 8.56272067216e-05
208 6.72471053423e-05
209 4.60126888169e-05
210 2.88939781547e-05
211 6.29861144267e-06
212 -1.21088093579e-05
213 -3.17686614665e-05
214 -4.7166140114e-05
215 -6.02607250394e-05
216 -7.14180889716e-05
217 -8.00582595425e-05
218 -8.60713458252e-05
219 -9.01409757693e-05
220 -9.38005891139e-05
221 -9.54219403341e-05
222 -9.49833027792e-05
223 -9.34831050612e-05
224 -9.21096839248e-05
225 -8.97651366382e-05
226 -8.65065497376e-05
227 -8.33896146619e-05
228 -8.07996897787e-05
229 -7.76044255016e-05
230 -7.39752512577e-05
231 -7.12025632651e-05
232 -6.85514876967e-05
233 -6.51752686603e-05
234 -6.19483883889e-05
235 -5.88514858398e-05
236 -5.62812865743e-05
237 -5.35357449684e-05
238 -5.11338754716e-05
239 -4.86247833521e-05
240 -4.62532204894e-05
241 -4.42565633335e-05
242 -4.22903784291e-05
243 -4.04424341005e-05
244 -3.8712600998e-05
245 -3.69492409478e-05
246 -3.55276795715e-05
247 -3.41140748161e-05
248 -3.27858399973e-05
249 -3.1368117985e-05
250 0.000209859223716
251 0.000190619593241
252 0.000187017191387
253 0.000187252830578
254 0.000178473584519
255 0.000168709343536
256 0.000161030308283
257 0.000150120895521
258 0.000131860274494
259 0.000110122844273
260 9.03217444207e-05
261 6.24517854384e-05
262 3.95340234677e-05
263 1.15152027536e-05
264 -1.07896636514e-05
265 -3.04824339068e-05
266 -4.8090944914e-05
267 -6.17407326933e-05
268 -7.26591213454e-05
269 -8.03861391143e-05
270 -8.65788582728e-05
271 -9.03107622838e-05
272 -9.14912014103e-05
273 -9.13346158684e-05
274 -9.07841545087e-05
275 -8.89969946891e-05
276 -8.61586405458e-05
277 -8.32646379211e-05
278 -8.07204016897e-05
279 -7.76495761209e-05
280 -7.41044992876e-05
281 -7.15168064637e-05
282 -6.89509315763e-05
283 -6.56922998578e-05
284 -6.25552431475e-05
285 -5.9557567931e-05
286 -5.70040416042e-05
287 -5.42877850638e-05
288 -5.19293614504e-05
289 -4.9325757412e-05
290 -4.69277497723e-05
291 -4.48098585326e-05
292 -4.27056414217e-05
293 -4.07371514837e-05
294 -3.88581401192e-05
295 -3.70462686282e-05
296 -3.55809398426e-05
297 -3.40916840365e-05
298 -3.27361211203e-05
299 -3.12872958514e-05
300 0.000202959075478
301 0.000194914602617
302 0.000201987251328
303 0.000202119312567
304 0.00020340182286
305 0.000202191966209
306 0.000201654097527
307 0.000196886671195
308 0.000186433335232
309 0.000170728849693
310 0.000153543979615
311 0.000125314005401
312 0.00010109375339
313 6.59897389782e-05
314 3.70687339536e-05
315 9.8619385387e-06
316 -1.54328258525e-05
317 -3.55567850098e-05
318 -5.31380977814e-05
319 -6.58973800176e-05
320 -7.55960358658e-05
321 -8.2247555267e-05
322 -8.60002637238e-05
323 -8.75996151521e-05
324 -8.82943798483e-05
325 -8.74699329093e-05
326 -8.51902754617e-05
327 -8.2708041263e-05
328 -8.04408502201e-05
329 -7.7637534572e-05
330 -7.41193935427e-05
331 -7.16411081479e-05
332 -6.92211443864e-05
333 -6.6033736111e-05
334 -6.30701321493e-05
335 -6.01423765702e-05
336 -5.76092885462e-05
337 -5.49321091854e-05
338 -5.25489568273e-05
339 -4.9945484773e-05
340 -4.74761472988e-05
341 -4.52307651341e-05
342 -4.30187284556e-05
343 -4.08763873331e-05
344 -3.89152583562e-05
345 -3.70581730978e-05
346 -3.55121843619e-05
347 -3.39959291607e-05
348 -3.2566932676e-05
349 -3.11053168492e-05
350 0.00015727007509
351 0.000162960511871
352 0.000171239769294
353 0.000174759586572
354 0.00018414143145
355 0.000192430014673
356 0.000201136132706
357 0.000207126513481
358 0.000210488816051
359 0.000208428985888
360 0.000201647527281
361 0.000181862435273
362 0.000162284561001
363 0.000126655553423
364 9.42666092818e-05
365 6.0858610357e-05
366 2.74775303768e-05
367 -1.17245655783e-07
368 -2.60065898334e-05
369 -4.54031492711e-05
370 -5.99045138208e-05
371 -7.07885723903e-05
372 -7.79683920991e-05
373 -8.20753606521e-05
374 -8.45346091953e-05
375 -8.49970224146e-05
376 -8.37098161247e-05
377 -8.18345843216e-05
378 -8.00295069056e-05
379 -7.74631277596e-05
380 -7.41708993992e-05
381 -7.17659507849e-05
382 -6.94965798289e-05
383 -6.63985178196e-05
384 -6.36450314606e-05
385 -6.07821186892e-05
386 -5.82771551636e-05
387 -5.55918909994e-05
388 -5.32230824233e-05
389 -5.06131479387e-05
390 -4.80585657198e-05
391 -4.56763757206e-05
392 -4.33438912451e-05
393 -4.10293843959e-05
394 -3.89949071436e-05
395 -3.70368755019e-05
396 -3.54191212569e-05
397 -3.38090239182e-05
398 -3.23328708985e-05
399 -3.08991868746e-05
400 0.000108277337849
401 0.000117223559306
402 0.000118130086001
403 0.000125010356462
404 0.0001348191261
405 0.000147171614658
406 0.00016125418293
407 0.000176504967474
408 0.000192600719386
409 0.000206586581926
410 0.000215673712419
411 0.000213837233237
412 0.000207933961733
413 0.000182452030663
414 0.000153873464114
415 0.000119112430981
416 8.02014611307e-05
417 4.52644367147e-05
418 1.00241151859e-05
419 -1.75500473239e-05
420 -3.84250086859e-05
421 -5.49100345107e-05
422 -6.67587850385e-05
423 -7.43920352483e-05
424 -7.93850083778e-05
425 -8.15780126461e-05
426 -8.16034676102e-05
427 -8.07353191923e-05
428 -7.95752300753e-05
429 -7.73807723561e-05
430 -7.43942712934e-05
431 -7.21529151835e-05
432 -6.99491297449e-05
433 -6.69837431413e-05
434 -6.41832938408e-05
435 -6.1425768794e-05
436 -5.89835963346e-05
437 -5.63010498168e-05
438 -5.38960280977e-05
439 -5.12571361784e-05
440 -4.86189993322e-05
441 -4.61435542317e-05
442 -4.36588780699e-05
443 -4.12620391953e-05
444 -3.91095475903e-05
445 -3.70429926536e-05
446 -3.53166887324e-05
447 -3.36498207452e-05
448 -3.21605885092e-05
449 -3.07597619571e-05
450 8.84376856915e-05
451 9.10571633288e-05
452 8.19683893242e-05
453 8.89132732361e-05
454 9.16391913829e-05
455 9.93082011066e-05
456 0.000110732709744
457 0.000126172334559
458 0.000145606735199
459 0.000167816101128
460 0.000190083859365
461 0.000208679053573
462 0.000221477462859
463 0.0002173394015
464 0.000202910002454
465 0.000175686556671
466 0.000138103585159
467 9.87624452196e-05
468 5.52714963623e-05
469 1.86867289149e-05
470 -9.83159725642e-06
471 -3.3505783774e-05
472 -5.15291043128e-05
473 -6.39234139843e-05
474 -7.22544471869e-05
475 -7.6861595153e-05
476 -7.87631169946e-05
477 -7.91107251497e-05
478 -7.87437671827e-05
479 -7.70961792705e-05
480 -7.45179320574e-05
481 -7.24981571093e-05
482 -7.03689474812e-05
483 -6.74623548973e-05
484 -6.47890202618e-05
485 -6.20444562731e-05
486 -5.96739996118e-05
487 -5.70193093231e-05
488 -5.45967206559e-05
489 -5.18582837254e-05
490 -4.91947777791e-05
491 -4.66586235726e-05
492 -4.40443878173e-05
493 -4.15316340734e-05
494 -3.92246103472e-05
495 -3.70204594099e-05
496 -3.52505573547e-05
497 -3.35353323652e-05
498 -3.20518276108e-05
499 -3.06449263953e-05
500 0.000108953056952
501 0.00010308009282
502 8.50562718354e-05
503 9.02157013816e-05
504 8.31325289914e-05
505 8.14255121769e-05
506 8.39816235364e-05
507 9.0637543931e-05
508 0.000101315076745
509 0.000117897046864
510 0.000141697834319
511 0.000170229928881
512 0.000197422657486
513 0.00021771489722
514 0.000225642692036
515 0.000216882533544
516 0.000190812092723
517 0.00015508414812
518 0.000107578102553
519 6.3351273778e-05
520 2.65909668308e-05
521 -5.56263081298e-06
522 -3.14476733654e-05
523 -4.99367222161e-05
524 -6.26669989573e-05
525 -7.06098110421e-05
526 -7.48785152376e-05
527 -7.68988874728e-05
528 -7.76244717593e-05
529 -7.67148783439e-05
530 -7.45918914282e-05
531 -7.28916647658e-05
532 -7.08954700056e-05
533 -6.80254923416e-05
534 -6.53560256627e-05
535 -6.26403838978e-05
536 -6.02966890527e-05
537 -5.76238215831e-05
538 -5.5172087836e-05
539 -5.23427525553e-05
540 -4.96401844214e-05
541 -4.70443405646e-05
542 -4.43517502568e-05
543 -4.17343756997e-05
544 -3.93158255373e-05
545 -3.70293147239e-05
546 -3.52036028924e-05
547 -3.34713453808e-05
548 -3.19762956314e-05
549 -3.05600940612e-05
550 0.000162633638394
551 0.000149566228295
552 0.000123515439454
553 0.000128042816666
554 0.000112025042727
555 0.000101909145709
556 9.50854821793e-05
557 9.05852254076e-05
558 8.67840059908e-05
559 8.85139924707e-05
560 0.000100819400443
561 0.000122394225991
562 0.000150457755366
563 0.000184670250894
564 0.000213534793249
565 0.000229314607981
566 0.000225857384684
567 0.00020410072149
568 0.000161393156717
569 0.000114109208233
570 7.05795173505e-05
571 2.93477275403e-05
572 -5.559119942e-06
573 -3.16876959586e-05
574 -5.00854128705e-05
575 -6.23174686571e-05
576 -6.96672542289e-05
577 -7.38246683924e-05
578 -7.59314238981e-05
579 -7.60037143276e-05
580 -7.44497381799e-05
581 -7.31401977132e-05
582 -7.1397451229e-05
583 -6.85873487565e-05
584 -6.58869015215e-05
585 -6.32158666175e-05
586 -6.08665306898e-05
587 -5.82389492562e-05
588 -5.57465849874e-05
589 -5.28956056683e-05
590 -5.01579335016e-05
591 -4.74819451798e-05
592 -4.47580047884e-05
593 -4.20035686312e-05
594 -3.94447116495e-05
595 -3.7105425918e-05
596 -3.51911964504e-05
597 -3.34449730774e-05
598 -3.19313684007e-05
599 -3.05242466403e-05
600 0.000240564910363
601 0.000221179347383
602 0.000185753948739
603 0.000191040682843
604 0.000167177243107
605 0.000151007227184
606 0.000137229655345
607 0.000124052474079
608 0.000107450962685
609 9.37042824006e-05
610 8.96837924452e-05
611 9.28129436999e-05
612 0.000108047386863
613 0.000137358522255
614 0.000173910461932
615 0.000209191073467
616 0.000232078941537
617 0.000233780713334
618 0.000207832124795
619 0.000165871458163
620 0.000119603820896
621 7.0853289975e-05
622 2.64656504906e-05
623 -8.59613298809e-06
624 -3.39354696062e-05
625 -5.14973703311e-05
626 -6.27876785014e-05
627 -6.96332174413e-05
628 -7.3543376233e-05
629 -7.4864758671e-05
630 -7.4070737753e-05
631 -7.32364293008e-05
632 -7.17819344318e-05
633 -6.91430154456e-05
634 -6.64526338786e-05
635 -6.37779697264e-05
636 -6.14101522426e-05
637 -5.87433541502e-05
638 -5.62207713541e-05
639 -5.33549418616e-05
640 -5.0530263905e-05
641 -4.78161783209e-05
642 -4.50430334581e-05
643 -4.22268361245e-05
644 -3.96014807767e-05
645 -3.71881811373e-05
646 -3.52109471878e-05
647 -3.34726093826e-05
648 -3.19368077899e-05
649 -3.05485589579e-05
650 0.000339585193694
651 0.000313075500259
652 0.000265881465583
653 0.000272130118933
654 0.000240698655421
655 0.000218769551894
656 0.000199734444979
657 0.000179868941131
658 0.000153914851938
659 0.000128213398337
660 0.000110663232818
661 9.44859311503e-05
662 9.1287741115e-05
663 0.000101255716624
664 0.000128201735444
665 0.00016723584829
666 0.000207962026963
667 0.000235297926122
668 0.000235886015818
669 0.000210112940758
670 0.000169071900955
671 0.000116966349394
672 6.41623904503e-05
673 1.97791405296e-05
674 -1.36976956924e-05
675 -3.77324123362e-05
676 -5.39414093835e-05
677 -6.41129596663e-05
678 -7.03003382253e-05
679 -7.3166543451e-05
680 -7.34359544461e-05
681 -7.32087592836e-05
682 -7.20702736779e-05
683 -6.95919996204e-05
684 -6.69805808615e-05
685 -6.4265045083e-05
686 -6.18317887042e-05
687 -5.91609803777e-05
688 -5.66501976957e-05
689 -5.37517438024e-05
690 -5.08761611786e-05
691 -4.81206342396e-05
692 -4.53205558704e-05
693 -4.24468580822e-05
694 -3.97776064881e-05
695 -3.7297778072e-05
696 -3.52891221303e-05
697 -3.3519671479e-05
698 -3.19726420105e-05
699 -3.05844996829e-05
700 0.000461470514158
701 0.000426986067482
702 0.000365705486042
703 0.000372681039851
704 0.000332494411428
705 0.000302854213488
706 0.000277946297929
707 0.000251736576251
708 0.000217107925779
709 0.000181929646836
710 0.000154507443579
711 0.000123285638818
712 0.000103902007165
713 9.14415856394e-05
714 9.82921204201e-05
715 0.000124179027319
716 0.000165676265246
717 0.000209695707014
718 0.000238450704717
719 0.000238107359201
720 0.000212113437383
721 0.000163787967245
722 0.000106154166205
723 5.30956203978e-05
724 1.08482916429e-05
725 -2.07174455786e-05
726 -4.28009351866e-05
727 -5.70859719934e-05
728 -6.60069939798e-05
729 -7.07469308209e-05
730 -7.22727453244e-05
731 -7.27729871512e-05
732 -7.20759594786e-05
733 -6.98351492398e-05
734 -6.73497568519e-05
735 -6.46221490708e-05
736 -6.21497781453e-05
737 -5.94769218681e-05
738 -5.69680786896e-05
739 -5.40484102614e-05
740 -5.11805548856e-05
741 -4.83813277318e-05
742 -4.55967524793e-05
743 -4.27055113347e-05
744 -4.00012991465e-05
745 -3.74792663684e-05
746 -3.54444902691e-05
747 -3.3645432889e-05
748 -3.20819592671e-05
749 -3.06606967994e-05
750 0.000618026711412
751 0.000573323615577
752 0.000490299841941
753 0.000498891139952
754 0.000445311692251
755 0.000405903264478
756 0.000372886618931
757 0.000339005370218
758 0.000293929563958
759 0.000249002915481
760 0.000212896259105
761 0.00017017434364
762 0.000138462910434
763 0.000107722296485
764 9.39167824369e-05
765 9.8053260217e-05
766 0.000124173489785
767 0.000168462005523
768 0.000215845937737
769 0.000243287470201
770 0.000241196777877
771 0.000206173002842
772 0.000149980844882
773 9.0552496637e-05
774 3.9701008344e-05
775 -2.67134082767e-07
776 -2.91199894953e-05
777 -4.83498698521e-05
778 -6.05826144327e-05
779 -6.75734459793e-05
780 -7.06419214566e-05
781 -7.20582620844e-05
782 -7.18982154627e-05
783 -6.99550992827e-05
784 -6.75894961909e-05
785 -6.49010164091e-05
786 -6.24113078715e-05
787 -5.96996640273e-05
788 -5.72245642964e-05
789 -5.42808796613e-05
790 -5.14359667497e-05
791 -4.86274088263e-05
792 -4.58456006129e-05
793 -4.29766366912e-05
794 -4.02547073561e-05
795 -3.77163661463e-05
796 -3.56529449702e-05
797 -3.37973798568e-05
798 -3.22016303631e-05
799 -3.07353229575e-05
800 0.00081904745807
801 0.000760087867024
802 0.000649355212526
803 0.000659886337375
804 0.000586559481182
805 0.000534151778045
806 0.000489303187093
807 0.000444434563012
808 0.000385616420322
809 0.000328246289873
810 0.000282488058837
811 0.000228211742167
812 0.000186804779013
813 0.000142194833798
814 0.000112220431354
815 9.54920027942e-05
816 9.88974460523e-05
817 0.000128312822957
818 0.000177663614266
819 0.000225455286784
820 0.000250557991389
821 0.000237759017217
822 0.00019133797622
823 0.000130217900948
824 7.22554361616e-05
825 2.37412456229e-05
826 -1.27394698314e-05
827 -3.7688411761e-05
828 -5.38393792049e-05
829 -6.35479010515e-05
830 -6.84032979369e-05
831 -7.09499263386e-05
832 -7.14507539524e-05
833 -6.98990976572e-05
834 -6.76895618683e-05
835 -6.51714981609e-05
836 -6.26599108506e-05
837 -5.99353840686e-05
838 -5.74241784024e-05
839 -5.45162771864e-05
840 -5.16769758023e-05
841 -4.88704107293e-05
842 -4.60762535781e-05
843 -4.32583952612e-05
844 -4.05498565025e-05
845 -3.7999421341e-05
846 -3.58935433443e-05
847 -3.39768268018e-05
848 -3.23177596241e-05
849 -3.08101009512e-05
850 0.00108362658044
851 0.001007641947
852 0.000855692566264
853 0.000866386790574
854 0.000766739946713
855 0.000694723475739
856 0.000633080787099
857 0.000572434798614
858 0.000495372392197
859 0.000421374419036
860 0.000363047182984
861 0.000295560568822
862 0.000244135099599
863 0.000187654545602
864 0.000145517541065
865 0.000112828674166
866 9.4862407633e-05
867 0.000102360665649
868 0.000138130669066
869 0.000191838606903
870 0.000239352457088
871 0.000253471821927
872 0.000225424198437
873 0.000169375106077
874 0.000107284753413
875 5.08041167599e-05
876 6.27775229409e-06
877 -2.50457109975e-05
878 -4.57181315829e-05
879 -5.85554635405e-05
880 -6.55116116158e-05
881 -6.93692883426e-05
882 -7.07004475379e-05
883 -6.96649859436e-05
884 -6.7709800064e-05
885 -6.53161300461e-05
886 -6.2797742253e-05
887 -6.00731164501e-05
888 -5.75480956973e-05
889 -5.467001789e-05
890 -5.1904453128e-05
891 -4.91284640463e-05
892 -4.63586296776e-05
893 -4.3579348803e-05
894 -4.08858763502e-05
895 -3.8324681986e-05
896 -3.61495239615e-05
897 -3.41686435827e-05
898 -3.24321376694e-05
899 -3.08702223234e-05
900 0.00144513896756
901 0.00133247800164
902 0.00112748551095
903 0.00113788917762
904 0.00100014162892
905 0.000898319547196
906 0.000812488412487
907 0.000729735256668
908 0.000627079906641
909 0.000531639130476
910 0.000456971479691
911 0.000372107366913
912 0.000309034274856
913 0.000240092653648
914 0.00018781898708
915 0.000142943295161
916 0.000108584145957
917 9.49590562874e-05
918 0.000109011818093
919 0.000153929285104
920 0.000212290728927
921 0.000251609487752
922 0.000248353162932
923 0.000204572907874
924 0.000142946065227
925 8.01711151458e-05
926 2.77864350164e-05
927 -1.0429667587e-05
928 -3.61943903344e-05
929 -5.26408030171e-05
930 -6.2036296485e-05
931 -6.73949313931e-05
932 -6.96911034401e-05
933 -6.92258399931e-05
934 -6.76244554407e-05
935 -6.53831279662e-05
936 -6.29307216686e-05
937 -6.0227033413e-05
938 -5.77037350718e-05
939 -5.48576139794e-05
940 -5.21214440652e-05
941 -4.94102426048e-05
942 -4.6657254208e-05
943 -4.38977494546e-05
944 -4.12201275574e-05
945 -3.86219826904e-05
946 -3.64006296541e-05
947 -3.43353410251e-05
948 -3.25305806397e-05
949 -3.09155324916e-05
950 0.00192957413284
951 0.00178043315865
952 0.00149321184287
953 0.00149733974935
954 0.00130301217614
955 0.00116065134326
956 0.00103848257352
957 0.0009243817222
958 0.000786709350252
959 0.00066263901728
960 0.000565310119424
961 0.000459429867493
962 0.000381749703697
963 0.000298474874099
964 0.000235924832629
965 0.000180593775487
966 0.0001338900181
967 0.000103590690639
968 9.54393293534e-05
969 0.000122131921086
970 0.000177982138063
971 0.000234631582952
972 0.000257615970136
973 0.000232848892288
974 0.000177110082975
975 0.000110787949462
976 5.1256985952e-05
977 5.91731856616e-06
978 -2.53511388761e-05
979 -4.57928547216e-05
980 -5.78916012017e-05
981 -6.49403450792e-05
982 -6.8324902506e-05
983 -6.85096159735e-05
984 -6.72877241254e-05
985 -6.52684318361e-05
986 -6.29310286196e-05
987 -6.02790739449e-05
988 -5.77711065205e-05
989 -5.49680990931e-05
990 -5.23409416574e-05
991 -4.96893925109e-05
992 -4.69855023214e-05
993 -4.42186638627e-05
994 -4.15490614343e-05
995 -3.89217610496e-05
996 -3.66433803396e-05
997 -3.45169034967e-05
998 -3.2629354313e-05
999 -3.09799352491e-05
1000 0.00260232250376
1001 0.00240237880775
1002 0.00198563957941
1003 0.00197558165632
1004 0.00169900612338
1005 0.00149676816513
1006 0.00132268381368
1007 0.00116346090498
1008 0.000978811992109
1009 0.000816927977228
1010 0.000690726964377
1011 0.000558340726829
1012 0.000462066784014
1013 0.000361957404595
1014 0.000287783320713
1015 0.000222525995792
1016 0.000165524045812
1017 0.000122900180595
1018 9.62700315912e-05
1019 0.000102170256097
1020 0.000145135422008
1021 0.000207918643512
1022 0.000253492253139
1023 0.000251696631656
1024 0.000207352988475
1025 0.000141243409556
1026 7.58729205547e-05
1027 2.36690091555e-05
1028 -1.33715002946e-05
1029 -3.81532037592e-05
1030 -5.32361355078e-05
1031 -6.21480016428e-05
1032 -6.67311404956e-05
1033 -6.76700741114e-05
1034 -6.68748091118e-05
1035 -6.51042873086e-05
1036 -6.29207608255e-05
1037 -6.03591134345e-05
1038 -5.79303455256e-05
1039 -5.51719485474e-05
1040 -5.25917504051e-05
1041 -4.99793037612e-05
1042 -4.73007474839e-05
1043 -4.45216638617e-05
1044 -4.18357842657e-05
1045 -3.91705000036e-05
1046 -3.68403781891e-05
1047 -3.46478121763e-05
1048 -3.26985762034e-05
1049 -3.10025768911e-05
1050 0.00356125724065
1051 0.00327146391948
1052 0.00266621144203
1053 0.00262610904708
1054 0.00222762196342
1055 0.00193222664034
1056 0.00168261210172
1057 0.00145875456023
1058 0.00121105262277
1059 0.000998922593977
1060 0.000835634434498
1061 0.000670122555814
1062 0.000551260896695
1063 0.000431323544431
1064 0.00034309950469
1065 0.00026721298268
1066 0.000200764143557
1067 0.000148388061825
1068 0.000107641816015
1069 9.47674317206e-05
1070 0.000119790289163
1071 0.0001781831611
1072 0.000238864267404
1073 0.000260559680433
1074 0.000232202022031
1075 0.000170249153395
1076 0.000100894829039
1077 4.23537011958e-05
1078 -5.03238923178e-07
1079 -2.98388872198e-05
1080 -4.81109220545e-05
1081 -5.90207631667e-05
1082 -6.48897952201e-05
1083 -6.66609613148e-05
1084 -6.64121833501e-05
1085 -6.49825995322e-05
1086 -6.29758665821e-05
1087 -6.05260860594e-05
1088 -5.80821643659e-05
1089 -5.5377871823e-05
1090 -5.28286811743e-05
1091 -5.02516159965e-05
1092 -4.75848610977e-05
1093 -4.47945481511e-05
1094 -4.20796909904e-05
1095 -3.94031570482e-05
1096 -3.70259161198e-05
1097 -3.47944197174e-05
1098 -3.27965209898e-05
1099 -3.10643579348e-05
1100 0.00494302410172
1101 0.00452678070022
1102 0.00361859541921
1103 0.00352259747237
1104 0.00293058839872
1105 0.00249472230261
1106 0.00213095279388
1107 0.00181765587742
1108 0.00148574233069
1109 0.00120939918329
1110 0.000999280433114
1111 0.000793715076106
1112 0.000647949112407
1113 0.000504899491515
1114 0.00040108543423
1115 0.000313316432865
1116 0.000237492996437
1117 0.000176609595843
1118 0.000125240263394
1119 9.7353530646e-05
1120 0.000104131327457
1121 0.000150839507492
1122 0.000217857060981
1123 0.000259867265697
1124 0.000250376509925
1125 0.000196223493488
1126 0.000125296396936
1127 6.13666189235e-05
1128 1.2887732992e-05
1129 -2.10625256469e-05
1130 -4.26534029531e-05
1131 -5.56725298563e-05
1132 -6.29521880709e-05
1133 -6.56697256511e-05
1134 -6.59398097307e-05
1135 -6.48482079712e-05
1136 -6.30088588586e-05
1137 -6.06725728504e-05
1138 -5.82894099569e-05
1139 -5.55749390441e-05
1140 -5.30633177449e-05
1141 -5.04883560196e-05
1142 -4.78289013185e-05
1143 -4.50156044847e-05
1144 -4.22567779598e-05
1145 -3.95830380002e-05
1146 -3.71642627329e-05
1147 -3.4901633764e-05
1148 -3.28750927126e-05
1149 -3.11265812439e-05
1150 0.00705940903688
1151 0.00640131321563
1152 0.00498279889832
1153 0.00476557273876
1154 0.00386945293658
1155 0.00321702689443
1156 0.00268913268795
1157 0.00224862142922
1158 0.0018059808873
1159 0.00144889469664
1160 0.00118040348022
1161 0.000928102671095
1162 0.00075092401379
1163 0.000581830219605
1164 0.000460713811611
1165 0.000359860406738
1166 0.0002742308145
1167 0.000205572536862
1168 0.000145759355653
1169 0.000106551426614
1170 9.73938465163e-05
1171 0.000129235854029
1172 0.000194838865565
1173 0.000251937721451
1174 0.000261492408477
1175 0.00021814414258
1176 0.000148179966
1177 7.99984821666e-05
1178 2.63154969412e-05
1179 -1.21194589024e-05
1180 -3.70412724941e-05
1181 -5.21961921807e-05
1182 -6.08781634176e-05
1183 -6.44936002087e-05
1184 -6.53461381109e-05
1185 -6.45917655275e-05
1186 -6.29635207389e-05
1187 -6.07498945326e-05
1188 -5.83997621035e-05
1189 -5.57269727057e-05
1190 -5.32214907613e-05
1191 -5.0641597162e-05
1192 -4.79962855363e-05
1193 -4.5184359551e-05
1194 -4.24144014532e-05
1195 -3.97301732989e-05
1196 -3.73056391178e-05
1197 -3.50304045296e-05
1198 -3.29940354918e-05
1199 -3.12050627243e-05
1200 0.0103708321337
1201 0.00930207290069
1202 0.00696769911071
1203 0.00649391420067
1204 0.00511974559204
1205 0.00413906267178
1206 0.00337297461526
1207 0.00275821938881
1208 0.00217177005918
1209 0.00171504085511
1210 0.00137707061081
1211 0.00107049557935
1212 0.000858287918171
1213 0.000660443053261
1214 0.000520839579031
1215 0.000406133586235
1216 0.000310422486743
1217 0.000234162749802
1218 0.000167249761915
1219 0.00011929079343
1220 9.7376704775e-05
1221 0.0001143343313
1222 0.000173216307792
1223 0.000239671882651
1224 0.000266608375087
1225 0.00023580684581
1226 0.000168801079162
1227 9.76870981694e-05
1228 3.93805971473e-05
1229 -3.31699953213e-06
1230 -3.14843620109e-05
1231 -4.87685657045e-05
1232 -5.88475803633e-05
1233 -6.33761652507e-05
1234 -6.47881921579e-05
1235 -6.43858705983e-05
1236 -6.29442785403e-05
1237 -6.08331834774e-05
1238 -5.85529996429e-05
1239 -5.58701688086e-05
1240 -5.33529153496e-05
1241 -5.07710899386e-05
1242 -4.81228801507e-05
1243 -4.53122552037e-05
1244 -4.2527763523e-05
1245 -3.98508057391e-05
1246 -3.74337592299e-05
1247 -3.51342353856e-05
1248 -3.30812338316e-05
1249 -3.12781856591e-05
1250 0.01585949736
1251 0.013976700301
1252 0.00991915680393
1253 0.00891384768733
1254 0.00676440957348
1255 0.00529394659074
1256 0.00418685268383
1257 0.00333816503333
1258 0.00257464699368
1259 0.00200083750116
1260 0.00158169029335
1261 0.00121633018833
1262 0.000965986617555
1263 0.000738469532754
1264 0.000579196340042
1265 0.00045060356158
1266 0.000344710695828
1267 0.00026098696446
1268 0.000187997396259
1269 0.000133292144195
1270 0.000101613515665
1271 0.000105424348837
1272 0.000155053335512
1273 0.000225738767418
1274 0.000267106765312
1275 0.00024909734343
1276 0.000186552082162
1277 0.000113767406185
1278 5.15760292814e-05
1279 4.99332268764e-06
1280 -2.62024152118e-05
1281 -4.55086105442e-05
1282 -5.68972045158e-05
1283 -6.22981945931e-05
1284 -6.42518759667e-05
1285 -6.41856379882e-05
1286 -6.29153284584e-05
1287 -6.08979731169e-05
1288 -5.86090196636e-05
1289 -5.58979295863e-05
1290 -5.33790921668e-05
1291 -5.08119335136e-05
1292 -4.8174072022e-05
1293 -4.53818290818e-05
1294 -4.26030747388e-05
1295 -3.99493871999e-05
1296 -3.75513786294e-05
1297 -3.52587192801e-05
1298 -3.31785312544e-05
1299 -3.13525121414e-05
1300 0.0257392715573
1301 0.0218916022445
1302 0.014357379466
1303 0.0122535774823
1304 0.00886922343539
1305 0.00667966047697
1306 0.00510438805984
1307 0.00396584240633
1308 0.00299404543951
1309 0.00229038518277
1310 0.00178390465625
1311 0.00135823037439
1312 0.00106872546826
1313 0.000812257786962
1314 0.000633656590397
1315 0.000491250472877
1316 0.000375964476494
1317 0.000285440186588
1318 0.000207115848147
1319 0.000147060121704
1320 0.000108035763115
1321 0.000101217079424
1322 0.000141192819354
1323 0.000212438571173
1324 0.000264806326007
1325 0.00025869345859
1326 0.000201424429799
1327 0.000127865854044
1328 6.24859625452e-05
1329 1.25051949425e-05
1330 -2.14054331625e-05
1331 -4.25584902518e-05
1332 -5.51574743412e-05
1333 -6.13446355509e-05
1334 -6.37911361348e-05
1335 -6.39788076449e-05
1336 -6.28356706045e-05
1337 -6.08894624468e-05
1338 -5.86527341532e-05
1339 -5.59389029869e-05
1340 -5.34112138772e-05
1341 -5.08602043106e-05
1342 -4.82262469012e-05
1343 -4.54500323184e-05
1344 -4.26716113047e-05
1345 -4.00314833693e-05
1346 -3.76364952916e-05
1347 -3.53248778263e-05
1348 -3.32224175344e-05
1349 -3.13650003019e-05
1350 0.0460492038861
1351 0.035956560191
1352 0.0211360183505
1353 0.01670793801
1354 0.0114467611018
1355 0.00825772269176
1356 0.00609289755631
1357 0.00460711425483
1358 0.00340943062682
1359 0.00257001748943
1360 0.00197458415267
1361 0.00148914806598
1362 0.00116228681994
1363 0.00087861192532
1364 0.000682023293628
1365 0.000527208326261
1366 0.000403065774158
1367 0.000306447567715
1368 0.000223483210223
1369 0.000159271564455
1370 0.00011481492522
1371 9.99013604359e-05
1372 0.000131288296216
1373 0.000200808959786
1374 0.000260887440333
1375 0.000264812065115
1376 0.000212805174218
1377 0.000139337113952
1378 7.16418950762e-05
1379 1.8901146454e-05
1380 -1.7285361135e-05
1381 -3.99882981865e-05
1382 -5.36158544693e-05
1383 -6.04446583211e-05
1384 -6.32919377908e-05
1385 -6.37346928266e-05
1386 -6.26968644096e-05
1387 -6.08154961666e-05
1388 -5.85861352493e-05
1389 -5.58664459255e-05
1390 -5.33487913513e-05
1391 -5.08283102713e-05
1392 -4.8225973186e-05
1393 -4.54881017626e-05
1394 -4.27334876326e-05
1395 -4.01097111918e-05
1396 -3.77283428375e-05
1397 -3.54027320371e-05
1398 -3.32734096444e-05
1399 -3.13791848223e-05
1400 0.0944289787425
1401 0.0579761211843
1402 0.030557941421
1403 0.0219321471433
1404 0.0142470486097
1405 0.00985146287504
1406 0.00702749922879
1407 0.00518423284838
1408 0.00377542506838
1409 0.00280982599466
1410 0.00213325899544
1411 0.00159782940501
1412 0.00123872654224
1413 0.000932676500968
1414 0.000721159711328
1415 0.000555893780009
1416 0.000424592389296
1417 0.00032308108443
1418 0.000236526049613
1419 0.000169236746478
1420 0.000120964439188
1421 0.000100312991917
1422 0.000124965807332
1423 0.000192144101262
1424 0.000257172616471
1425 0.000268874632378
1426 0.000221419630809
1427 0.000148244062061
1428 7.87872226857e-05
1429 2.39753787368e-05
1430 -1.39695245595e-05
1431 -3.79025753095e-05
1432 -5.23437609047e-05
1433 -5.96519021704e-05
1434 -6.28208963874e-05
1435 -6.34458466739e-05
1436 -6.25027466393e-05
1437 -6.06873763544e-05
1438 -5.85001558598e-05
1439 -5.58122274328e-05
1440 -5.3305989579e-05
1441 -5.07958394525e-05
1442 -4.82323609207e-05
1443 -4.55244799051e-05
1444 -4.27638451816e-05
1445 -4.01294328716e-05
1446 -3.77358389259e-05
1447 -3.54157045714e-05
1448 -3.32650861171e-05
1449 -3.13493110417e-05
1450 0.188467559372
1451 0.081938855613
1452 0.0416065877874
1453 0.0270197608545
1454 0.0167869523214
1455 0.0112084137872
1456 0.00777804514735
1457 0.00562887255841
1458 0.00404805244092
1459 0.00298689811138
1460 0.00224790047045
1461 0.00167587436595
1462 0.00129246842812
1463 0.000970858556829
1464 0.000748633241327
1465 0.00057610964412
1466 0.000440084774294
1467 0.000334837598445
1468 0.000245848439381
1469 0.000176441777646
1470 0.00012562289399
1471 0.000101321291021
1472 0.000121464536496
1473 0.000186562723537
1474 0.000254445518438
1475 0.000271284246499
1476 0.000227096628653
1477 0.00015436155702
1478 8.37717178167e-05
1479 2.75568996448e-05
1480 -1.15806419666e-05
1481 -3.63576344655e-05
1482 -5.13574451623e-05
1483 -5.89954524614e-05
1484 -6.23751949589e-05
1485 -6.31463506084e-05
1486 -6.22571817904e-05
1487 -6.05202359687e-05
1488 -5.83594857935e-05
1489 -5.57004978619e-05
1490 -5.32063518672e-05
1491 -5.07236915741e-05
1492 -4.8183412017e-05
1493 -4.54983387239e-05
1494 -4.27318230545e-05
1495 -4.01136079231e-05
1496 -3.7728003206e-05
1497 -3.53975269339e-05
1498 -3.32238000173e-05
1499 -3.12771430109e-05
1500 0.261277810532
1501 0.100221463745
1502 0.0502090393892
1503 0.0302673781379
1504 0.018333130652
1505 0.0120170693092
1506 0.00819803405023
1507 0.00586497152107
1508 0.00419315319418
1509 0.00308058066667
1510 0.00230672256602
1511 0.00171625852562
1512 0.00132013653399
1513 0.000990739994985
1514 0.000763314340571
1515 0.000586781710366
1516 0.000448082511963
1517 0.000340924322895
1518 0.000250794662395
1519 0.000180315139424
1520 0.000128260447983
1521 0.000102256201077
1522 0.000120284552836
1523 0.000184221201731
1524 0.000253291592719
1525 0.000272524663396
1526 0.000230020903457
1527 0.000157610355115
1528 8.64291499963e-05
1529 2.9511825121e-05
1530 -1.01997994166e-05
1531 -3.54456334052e-05
1532 -5.07281389673e-05
1533 -5.85491354674e-05
1534 -6.20431426712e-05
1535 -6.28633187702e-05
1536 -6.2062479857e-05
1537 -6.03242389684e-05
1538 -5.82021948389e-05
1539 -5.55601659315e-05
1540 -5.30971500761e-05
1541 -5.0644559713e-05
1542 -4.81142464545e-05
1543 -4.54293174755e-05
1544 -4.26669188988e-05
1545 -4.00417971093e-05
1546 -3.76358542617e-05
1547 -3.52977921155e-05
1548 -3.31069744923e-05
1549 -3.11418551358e-05
1550 0.225581654879
1551 0.102063114137
1552 0.050643765598
1553 0.0300485503539
1554 0.0183238928542
1555 0.0120326361714
1556 0.00818928587929
1557 0.00584725644881
1558 0.0041856194266
1559 0.00307728445711
1560 0.00230207558056
1561 0.00171465990276
1562 0.00131870764375
1563 0.000990955795153
1564 0.000763522409235
1565 0.000587006435212
1566 0.00044847283793
1567 0.000341209868693
1568 0.000251330769847
1569 0.000180895266415
1570 0.000128710726327
1571 0.000102888666979
1572 0.000121214849092
1573 0.000185282929131
1574 0.000254269198462
1575 0.000273212516315
1576 0.000230587605511
1577 0.000157967896424
1578 8.67258665128e-05
1579 2.97883428753e-05
1580 -9.88313230503e-06
1581 -3.51387248744e-05
1582 -5.04377127529e-05
1583 -5.82508737486e-05
1584 -6.18196245633e-05
1585 -6.26822085742e-05
1586 -6.18510399149e-05
1587 -6.01470117215e-05
1588 -5.80590800989e-05
1589 -5.54363720289e-05
1590 -5.29688158413e-05
1591 -5.05131557072e-05
1592 -4.79727153321e-05
1593 -4.52918472479e-05
1594 -4.25353154029e-05
1595 -3.99078149272e-05
1596 -3.74934097762e-05
1597 -3.51327597655e-05
1598 -3.29410905219e-05
1599 -3.09887125288e-05
1600 0.122061498588
1601 0.0761052614813
1602 0.0421399080143
1603 0.0263351252093
1604 0.0167226005344
1605 0.0112360792928
1606 0.00774637527675
1607 0.00557456234786
1608 0.00402554452755
1609 0.00297666165699
1610 0.00223457077362
1611 0.00167227691152
1612 0.00128883310914
1613 0.000971922766663
1614 0.000749870572738
1615 0.000577219568819
1616 0.000441437438791
1617 0.000335976843082
1618 0.00024751762382
1619 0.00017808266319
1620 0.000127077066885
1621 0.000103295393752
1622 0.000124360876423
1623 0.000189634744814
1624 0.000257091972881
1625 0.000273057118068
1626 0.000228474758011
1627 0.000155442216897
1628 8.46355605483e-05
1629 2.83770394451e-05
1630 -1.06333756931e-05
1631 -3.54995555932e-05
1632 -5.05328473961e-05
1633 -5.81709626587e-05
1634 -6.1626919571e-05
1635 -6.24453729211e-05
1636 -6.16062311726e-05
1637 -5.99077575251e-05
1638 -5.78212951701e-05
1639 -5.52039087007e-05
1640 -5.27516025327e-05
1641 -5.03064698636e-05
1642 -4.77724452087e-05
1643 -4.51043231315e-05
1644 -4.23531869176e-05
1645 -3.97208200869e-05
1646 -3.73036503661e-05
1647 -3.49585371603e-05
1648 -3.27518562036e-05
1649 -3.0790837395e-05
1650 0.0572626416311
1651 0.0462100198561
1652 0.0306136557418
1653 0.0209086437864
1654 0.0141296731052
1655 0.00986349154935
1656 0.00697388495428
1657 0.00510114792805
1658 0.00373789246584
1659 0.00279425587242
1660 0.00211199932834
1661 0.00159203471645
1662 0.0012321229849
1663 0.000934193990841
1664 0.000722745659049
1665 0.000557653913388
1666 0.000427183122213
1667 0.000325174606168
1668 0.000239491456525
1669 0.000172160642278
1670 0.000123640046838
1671 0.0001039336722
1672 0.000130072416418
1673 0.000197549281665
1674 0.000261757225872
1675 0.000272010285611
1676 0.000223846900454
1677 0.000150115192797
1678 8.02465130455e-05
1679 2.53551633822e-05
1680 -1.24358221202e-05
1681 -3.65033867021e-05
1682 -5.10130798789e-05
1683 -5.83110973982e-05
1684 -6.15837219922e-05
1685 -6.23056733288e-05
1686 -6.14057529534e-05
1687 -5.96919013154e-05
1688 -5.75843357317e-05
1689 -5.499801959e-05
1690 -5.25473434282e-05
1691 -5.00922872666e-05
1692 -4.75486929128e-05
1693 -4.48802402825e-05
1694 -4.20975197287e-05
1695 -3.94638128665e-05
1696 -3.70374673455e-05
1697 -3.46905448571e-05
1698 -3.25057187293e-05
1699 -3.05673682858e-05
1700 0.0310901416233
1701 0.0277530848917
1702 0.0210161139356
1703 0.0156528990065
1704 0.0113037578489
1705 0.00825350405034
1706 0.00602688679966
1707 0.00450712969803
1708 0.00336541227534
1709 0.00255049635082
1710 0.00194779342809
1711 0.00148201698334
1712 0.00115427116401
1713 0.000880990536351
1714 0.000684262451693
1715 0.00052966516784
1716 0.000406448350583
1717 0.000309305014423
1718 0.000227560336192
1719 0.000163382670087
1720 0.000118809662261
1721 0.000105387453493
1722 0.000138681969606
1723 0.000208316744516
1724 0.000267023908496
1725 0.000268998320702
1726 0.000216199995459
1727 0.000141898724159
1728 7.36301375691e-05
1729 2.08344515475e-05
1730 -1.51605471825e-05
1731 -3.80670207509e-05
1732 -5.18368362542e-05
1733 -5.86522898759e-05
1734 -6.16199000525e-05
1735 -6.21497241575e-05
1736 -6.11789920611e-05
1737 -5.94368028561e-05
1738 -5.73123718152e-05
1739 -5.47193319172e-05
1740 -5.22574499931e-05
1741 -4.98008676924e-05
1742 -4.72490064253e-05
1743 -4.45773639943e-05
1744 -4.17900035357e-05
1745 -3.91594650781e-05
1746 -3.67184447882e-05
1747 -3.43879275734e-05
1748 -3.22103488361e-05
1749 -3.02885696138e-05
1750 0.0187676692797
1751 0.0174629571607
1752 0.0143455801342
1753 0.0114286766024
1754 0.00875019151822
1755 0.0066782242571
1756 0.00504581603373
1757 0.00386874161462
1758 0.00294995820804
1759 0.00227189953047
1760 0.00175688150005
1761 0.00135150700944
1762 0.00106091433192
1763 0.00081600287226
1764 0.000636994131433
1765 0.000494891453916
1766 0.000380428739033
1767 0.000289354323247
1768 0.00021241025753
1769 0.000152506000572
1770 0.00011361300289
1771 0.00010904731526
1772 0.000151283771556
1773 0.000222246072029
1774 0.000272513020299
1775 0.000263906231943
1776 0.00020565597653
1777 0.000131138394974
1778 6.50979485547e-05
1779 1.50015034025e-05
1780 -1.87523559278e-05
1781 -4.0175881622e-05
1782 -5.29558116492e-05
1783 -5.91067541028e-05
1784 -6.1697084201e-05
1785 -6.20199150374e-05
1786 -6.08919449652e-05
1787 -5.90736154376e-05
1788 -5.69145688688e-05
1789 -5.43083711306e-05
1790 -5.18528002298e-05
1791 -4.93887006071e-05
1792 -4.68255241605e-05
1793 -4.4145536474e-05
1794 -4.13711019565e-05
1795 -3.8761681807e-05
1796 -3.63433168929e-05
1797 -3.40583176627e-05
1798 -3.19180673164e-05
1799 -3.00252901801e-05
1800 0.012100276944
1801 0.0114901376613
1802 0.00992145588541
1803 0.0083003241531
1804 0.00666281300885
1805 0.00528861850335
1806 0.00412954448963
1807 0.00324699701591
1808 0.00253011488752
1809 0.0019826046542
1810 0.00155420753507
1811 0.00121047728691
1812 0.000958425741382
1813 0.000743375163502
1814 0.000583625065446
1815 0.000455035828227
1816 0.000350252866425
1817 0.000265996790365
1818 0.00019464177959
1819 0.0001402661279
1820 0.000109225606132
1821 0.000116014971798
1822 0.000167904670369
1823 0.000237647466592
1824 0.000276167868101
1825 0.000255279270136
1826 0.000191786477417
1827 0.000117887760283
1828 5.49042183954e-05
1829 8.12111874973e-06
1830 -2.29324082871e-05
1831 -4.25931602907e-05
1832 -5.42083769908e-05
1833 -5.96126453151e-05
1834 -6.17920340998e-05
1835 -6.18854480056e-05
1836 -6.05901536864e-05
1837 -5.86896761563e-05
1838 -5.64814832588e-05
1839 -5.38856581487e-05
1840 -5.1411623485e-05
1841 -4.89371371154e-05
1842 -4.63601566211e-05
1843 -4.37013728057e-05
1844 -4.09401195427e-05
1845 -3.83487152331e-05
1846 -3.59453173788e-05
1847 -3.36773073019e-05
1848 -3.15626816473e-05
1849 -2.96986262246e-05
1850 0.00817625355004
1851 0.00784819099504
1852 0.0069982361469
1853 0.00606297272932
1854 0.00504771093679
1855 0.00413974451092
1856 0.00332911540769
1857 0.00268008782418
1858 0.00213246243782
1859 0.00170013551868
1860 0.00135140825115
1861 0.00106610197017
1862 0.000851877453722
1863 0.000666677435252
1864 0.000526395007063
1865 0.000411789755647
1866 0.000317134409184
1867 0.000240114476983
1868 0.00017511635153
1869 0.000127857432276
1870 0.000107445230585
1871 0.000127990284654
1872 0.000188787050178
1873 0.000253320621481
1874 0.000276576936647
1875 0.000242593489473
1876 0.000174732259785
1877 0.000102523759589
1878 4.33924064098e-05
1879 4.83475232162e-07
1880 -2.75438509256e-05
1881 -4.52334022002e-05
1882 -5.55734741045e-05
1883 -6.01620280441e-05
1884 -6.18332838323e-05
1885 -6.16249321882e-05
1886 -6.01534717802e-05
1887 -5.81929144962e-05
1888 -5.59554372295e-05
1889 -5.33658826637e-05
1890 -5.08916507869e-05
1891 -4.84185055246e-05
1892 -4.5839629168e-05
1893 -4.31878352902e-05
1894 -4.04457836525e-05
1895 -3.78836700695e-05
1896 -3.55022725201e-05
1897 -3.32615615707e-05
1898 -3.11908774904e-05
1899 -2.93616377819e-05
1900 0.00571041976109
1901 0.00551561578245
1902 0.00502696530887
1903 0.00446808646746
1904 0.00382641197589
1905 0.00322320808224
1906 0.00265917281176
1907 0.00218713408449
1908 0.00177438027429
1909 0.00143838025295
1910 0.0011590792135
1911 0.000925832430526
1912 0.000746486118715
1913 0.000589112230992
1914 0.000467515284825
1915 0.000366522483234
1916 0.000282013969492
1917 0.000212539775345
1918 0.000154946556475
1919 0.000116893614897
1920 0.000110318004624
1921 0.000146082216044
1922 0.000212539623984
1923 0.000266555484982
1924 0.000271869868649
1925 0.000225407372209
1926 0.000154837389352
1927 8.56210947347e-05
1928 3.10673961973e-05
1929 -7.58251852142e-06
1930 -3.23984649756e-05
1931 -4.79937221331e-05
1932 -5.69821687753e-05
1933 -6.06901593899e-05
1934 -6.18390161381e-05
1935 -6.1301006746e-05
1936 -5.96544588966e-05
1937 -5.75997206482e-05
1938 -5.53430221374e-05
1939 -5.27642837717e-05
1940 -5.02936214357e-05
1941 -4.78266620024e-05
1942 -4.52498084462e-05
1943 -4.26143080777e-05
1944 -3.99013466726e-05
1945 -3.73658027961e-05
1946 -3.49979539608e-05
1947 -3.28100097277e-05
1948 -3.07749120493e-05
1949 -2.90121444632e-05
1950 0.00408913616818
1951 0.00396610996478
1952 0.00367014804121
1953 0.00332520795636
1954 0.00290997450876
1955 0.00250483719944
1956 0.00211152124289
1957 0.00176997177451
1958 0.00146121723105
1959 0.00120267302895
1960 0.000981803762392
1961 0.00079343190925
1962 0.000645189885424
1963 0.00051310156024
1964 0.000408771610073
1965 0.000320687459911
1966 0.000246044379155
1967 0.000184536957261
1968 0.000135864712209
1969 0.00010992060061
1970 0.000120525894012
1971 0.000171029702062
1972 0.000237343740704
1973 0.000275116607421
1974 0.000260856866334
1975 0.000203652093123
1976 0.000132480538297
1977 6.76975403416e-05
1978 1.83988631783e-05
1979 -1.57003140408e-05
1980 -3.71993225521e-05
1981 -5.06680825442e-05
1982 -5.82532090713e-05
1983 -6.10762271821e-05
1984 -6.16929127249e-05
1985 -6.09056687695e-05
1986 -5.9103280343e-05
1987 -5.69664712261e-05
1988 -5.46925495142e-05
1989 -5.21261829722e-05
1990 -4.9656991486e-05
1991 -4.72000565658e-05
1992 -4.46243343443e-05
1993 -4.19972985736e-05
1994 -3.93080780765e-05
1995 -3.67840465957e-05
1996 -3.44446846126e-05
1997 -3.2311490393e-05
1998 -3.03427081234e-05
1999 -2.86407164542e-05
2000 0.00298616513157
2001 0.00290475554628
2002 0.00271693734134
2003 0.00249705573911
2004 0.00222250748425
2005 0.00194673286363
2006 0.00167102505747
2007 0.00142409407705
2008 0.00119387414683
2009 0.000996184698694
2010 0.000823006256914
2011 0.000672104971578
2012 0.000550823596281
2013 0.000440852197591
2014 0.000351892903517
2015 0.000275569168579
2016 0.000210390837226
2017 0.000157639606095
2018 0.000120270756268
2019 0.000110096679538
2020 0.000139930381782
2021 0.000201205996574
2022 0.000259180860881
2023 0.000275779812768
2024 0.000242734676834
2025 0.000178022112921
2026 0.00010864670729
2027 4.94740467306e-05
2028 5.83262895494e-06
2029 -2.36465698012e-05
2030 -4.18584972042e-05
2031 -5.32127005457e-05
2032 -5.9421887609e-05
2033 -6.13846995186e-05
2034 -6.15282951168e-05
2035 -6.04304583666e-05
2036 -5.84431433483e-05
2037 -5.62669340014e-05
2038 -5.40103051842e-05
2039 -5.14645276678e-05
2040 -4.90026181262e-05
2041 -4.65373192357e-05
2042 -4.39552828555e-05
2043 -4.1342073792e-05
2044 -3.86882840764e-05
2045 -3.61934408499e-05
2046 -3.38983598482e-05
2047 -3.18168855388e-05
2048 -2.99103298563e-05
2049 -2.82551629145e-05
2050 0.00221279014194
2051 0.00215670119975
2052 0.00203392230322
2053 0.00189026843032
2054 0.00170530637123
2055 0.00151499435412
2056 0.00132016290249
2057 0.00114096879029
2058 0.000969500503725
2059 0.000818764507061
2060 0.000683421612527
2061 0.000563199532134
2062 0.000464349863905
2063 0.00037321358598
2064 0.000297695013276
2065 0.000232192161752
2066 0.000176537743655
2067 0.000134382954805
2068 0.000111651308375
2069 0.000120827538802
2070 0.000168758166145
2071 0.000232679646036
2072 0.000273575016214
2073 0.00026662359581
2074 0.000217712046006
2075 0.0001494111725
2076 8.41865019294e-05
2077 3.15571007121e-05
2078 -6.18292076693e-06
2079 -3.10989130936e-05
2080 -4.6113458491e-05
2081 -5.54500978891e-05
2082 -6.03352519219e-05
2083 -6.1487708451e-05
2084 -6.11393864492e-05
2085 -5.97865291226e-05
2086 -5.7682139813e-05
2087 -5.54693683384e-05
2088 -5.32094470957e-05
2089 -5.07049567572e-05
2090 -4.82303959827e-05
2091 -4.57766294558e-05
2092 -4.31927582038e-05
2093 -4.06389519911e-05
2094 -3.80055691002e-05
2095 -3.55554179601e-05
2096 -3.33211680159e-05
2097 -3.13040379566e-05
2098 -2.94717851159e-05
2099 -2.78707930783e-05
2100 0.001658946629
2101 0.00161945864339
2102 0.00153723541025
2103 0.00144137530723
2104 0.00131429425492
2105 0.00118100579371
2106 0.00104183699612
2107 0.000911037440231
2108 0.00078290291009
2109 0.000667736259654
2110 0.000562072626362
2111 0.000466473104947
2112 0.000385878873022
2113 0.000310596378448
2114 0.000246870741575
2115 0.000191613452709
2116 0.000146624360771
2117 0.000118253046056
2118 0.000114326978008
2119 0.000144415241284
2120 0.000204415967334
2121 0.000259690333296
2122 0.000276552229289
2123 0.000246979510936
2124 0.000187100704923
2125 0.000119220852982
2126 6.00849444224e-05
2127 1.45441309176e-05
2128 -1.73322816918e-05
2129 -3.78887237032e-05
2130 -4.99427577015e-05
2131 -5.7391741732e-05
2132 -6.10509185981e-05
2133 -6.14744202014e-05
2134 -6.06987481302e-05
2135 -5.91332334382e-05
2136 -5.6887037654e-05
2137 -5.46482183282e-05
2138 -5.23930409802e-05
2139 -4.98802284969e-05
2140 -4.73975472552e-05
2141 -4.49471477037e-05
2142 -4.23913234071e-05
2143 -3.98771945864e-05
2144 -3.72931429762e-05
2145 -3.48814812435e-05
2146 -3.27120066469e-05
2147 -3.07642269648e-05
2148 -2.89997765206e-05
2149 -2.74543997055e-05
2150 0.00125541902294
2151 0.0012270465117
2152 0.00117053139217
2153 0.00110502130582
2154 0.00101625492202
2155 0.000921541162135
2156 0.000821200784409
2157 0.000724816343875
2158 0.000628522581588
2159 0.000540437588476
2160 0.000457501321959
2161 0.000381215100639
2162 0.000315373721016
2163 0.00025338661749
2164 0.000200409345354
2165 0.000155974858488
2166 0.000124349831698
2167 0.00011404080886
2168 0.000131990684736
2169 0.000179669342709
2170 0.000240087083186
2171 0.000275489369174
2172 0.000265415354208
2173 0.000217768574409
2174 0.000152807015728
2175 8.89872721614e-05
2176 3.72709598435e-05
2177 -1.02980594599e-06
2178 -2.73114263205e-05
2179 -4.38464215186e-05
2180 -5.32222354668e-05
2181 -5.89459136482e-05
2182 -6.14963670075e-05
2183 -6.1270944966e-05
2184 -6.01148918514e-05
2185 -5.83430866107e-05
2186 -5.59974672213e-05
2187 -5.37545243496e-05
2188 -5.15217752682e-05
2189 -4.90289296344e-05
2190 -4.65469765133e-05
2191 -4.41011220787e-05
2192 -4.15673133205e-05
2193 -3.90915435391e-05
2194 -3.65354267254e-05
2195 -3.41761067923e-05
2196 -3.2065251411e-05
2197 -3.01942509735e-05
2198 -2.85013814388e-05
2199 -2.70127818803e-05
2200 0.000955991049993
2201 0.000935188857676
2202 0.000895749874335
2203 0.000850018882853
2204 0.000787130117265
2205 0.000718928610677
2206 0.000645712109818
2207 0.000573934172931
2208 0.000501051692271
2209 0.000433117530466
2210 0.0003677408443
2211 0.000306597410765
2212 0.000252805933421
2213 0.000202388420875
2214 0.000160415557049
2215 0.000129256348881
2216 0.000115157898759
2217 0.000126850510725
2218 0.000165278757858
2219 0.000220371245634
2220 0.000266724710234
2221 0.000274791764993
2222 0.000240380025703
2223 0.000181688870346
2224 0.000117242205581
2225 6.01625366127e-05
2226 1.64491589422e-05
2227 -1.48336596436e-05
2228 -3.5974055938e-05
2229 -4.89118856881e-05
2230 -5.5908994683e-05
2231 -6.00872213758e-05
2232 -6.16422231265e-05
2233 -6.08367199243e-05
2234 -5.93646048156e-05
2235 -5.7428644715e-05
2236 -5.50258196469e-05
2237 -5.27996954741e-05
2238 -5.058592333e-05
2239 -4.81078995238e-05
2240 -4.56257128374e-05
2241 -4.31878472052e-05
2242 -4.07099395488e-05
2243 -3.82676689768e-05
2244 -3.57376028794e-05
2245 -3.34339376147e-05
2246 -3.13973129763e-05
2247 -2.96117546114e-05
2248 -2.80148125837e-05
2249 -2.65978748958e-05
2250 0.000730619438831
2251 0.000715308154919
2252 0.000687653337516
2253 0.000654879797833
2254 0.000609640655342
2255 0.000559821805998
2256 0.000505627627064
2257 0.000451442072564
2258 0.000395683804774
2259 0.000342602463516
2260 0.000290563074199
2261 0.000241730056188
2262 0.000198469447634
2263 0.000159417098351
2264 0.000130889936386
2265 0.000117183022464
2266 0.000124712479732
2267 0.000158160608712
2268 0.000208045361068
2269 0.000255299926237
2270 0.000275814618181
2271 0.000255926784674
2272 0.000204365983224
2273 0.000142100055062
2274 8.26055774954e-05
2275 3.3823600296e-05
2276 -1.92341668166e-06
2277 -2.67235788566e-05
2278 -4.32471996164e-05
2279 -5.30286806102e-05
2280 -5.79401238259e-05
2281 -6.07700492898e-05
2282 -6.14855204695e-05
2283 -6.02202013699e-05
2284 -5.84818164705e-05
2285 -5.64229426401e-05
2286 -5.39946061184e-05
2287 -5.17982818729e-05
2288 -4.959242294e-05
2289 -4.7117521431e-05
2290 -4.46475685845e-05
2291 -4.2245919556e-05
2292 -3.98051566122e-05
2293 -3.7392487495e-05
2294 -3.49051664062e-05
2295 -3.26803308527e-05
2296 -3.07333380781e-05
2297 -2.90403585896e-05
2298 -2.75224307463e-05
2299 -2.61568761003e-05
2300 0.0005579502337
2301 0.000546883395737
2302 0.00052749602808
2303 0.000503312140416
2304 0.000470383210688
2305 0.000433393245398
2306 0.000392530871842
2307 0.00035088999037
2308 0.000307756816183
2309 0.000266008038069
2310 0.000224775675824
2311 0.000186722396164
2312 0.000154502689403
2313 0.000128850783624
2314 0.000118233384034
2315 0.000126265013845
2316 0.000155783905063
2317 0.000202688091028
2318 0.000248386638055
2319 0.00027316151446
2320 0.00026348128411
2321 0.000221543235337
2322 0.000161926454402
2323 0.000102446926615
2324 5.08045379292e-05
2325 1.07872965076e-05
2326 -1.74699651566e-05
2327 -3.65525564182e-05
2328 -4.91128945818e-05
2329 -5.62317247961e-05
2330 -5.9384374498e-05
2331 -6.10718532971e-05
2332 -6.10967387123e-05
2333 -5.94592066283e-05
2334 -5.7502933993e-05
2335 -5.53613642121e-05
2336 -5.29229625241e-05
2337 -5.07676010179e-05
2338 -4.85747852825e-05
2339 -4.61411610521e-05
2340 -4.36573218939e-05
2341 -4.1275457136e-05
2342 -3.88693266424e-05
2343 -3.64833370832e-05
2344 -3.4048332881e-05
2345 -3.19160945576e-05
2346 -3.00591186866e-05
2347 -2.84599137326e-05
2348 -2.7026571912e-05
2349 -2.57129174827e-05
2350 0.000423653005361
2351 0.000415904882608
2352 0.000402396627742
2353 0.000383929912966
2354 0.000359643030863
2355 0.000331674031527
2356 0.000300348152484
2357 0.000267966749717
2358 0.000234612852306
2359 0.00020229184468
2360 0.000171367657231
2361 0.0001447396083
2362 0.000126713813176
2363 0.000118150626817
2364 0.000129631489329
2365 0.000159193086777
2366 0.000202386164869
2367 0.000246371966829
2368 0.00027135129338
2369 0.000266609112319
2370 0.000231305068878
2371 0.000177241634936
2372 0.000117918979718
2373 6.55004543042e-05
2374 2.29085814598e-05
2375 -8.66639628158e-06
2376 -3.02720807001e-05
2377 -4.44277864077e-05
2378 -5.36578429612e-05
2379 -5.85457037726e-05
2380 -6.02237885403e-05
2381 -6.09883736502e-05
2382 -6.04574435398e-05
2383 -5.85465551153e-05
2384 -5.64456202125e-05
2385 -5.42755178949e-05
2386 -5.188730208e-05
2387 -4.9730145646e-05
2388 -4.75095190644e-05
2389 -4.50561762585e-05
2390 -4.25660193498e-05
2391 -4.02148917059e-05
2392 -3.78599070967e-05
2393 -3.55218933521e-05
2394 -3.31714101855e-05
2395 -3.11413124747e-05
2396 -2.93802849317e-05
2397 -2.7875009536e-05
2398 -2.65176074997e-05
2399 -2.52551820589e-05
2400 0.000317299602246
2401 0.000312298730149
2402 0.000302972447068
2403 0.000288498481259
2404 0.00027037036742
2405 0.000249132601291
2406 0.000225090174983
2407 0.000200533269092
2408 0.000175896718825
2409 0.000153248701287
2410 0.000134920614293
2411 0.000122676000396
2412 0.000123540967459
2413 0.000134714819982
2414 0.000166741009554
2415 0.000208024627535
2416 0.000247677770068
2417 0.000271386476615
2418 0.000267238917197
2419 0.00023624200993
2420 0.0001858221654
2421 0.000129611796413
2422 7.64704310833e-05
2423 3.32109955392e-05
2424 -3.63771027117e-07
2425 -2.43376734943e-05
2426 -4.03046639526e-05
2427 -5.04260486678e-05
2428 -5.69245921714e-05
2429 -5.99943094694e-05
2430 -6.05291989825e-05
2431 -6.05528571773e-05
2432 -5.95779113968e-05
2433 -5.74507847741e-05
2434 -5.52320760075e-05
2435 -5.30830281204e-05
2436 -5.07151715351e-05
2437 -4.85613544064e-05
2438 -4.63376969417e-05
2439 -4.39055515247e-05
2440 -4.14467607276e-05
2441 -3.91620269845e-05
2442 -3.68511877817e-05
2443 -3.45680817766e-05
2444 -3.2314555446e-05
2445 -3.03910828751e-05
2446 -2.87364457823e-05
2447 -2.73141338709e-05
2448 -2.60142579779e-05
2449 -2.4813894944e-05
2450 0.000232884221469
2451 0.00023060341321
2452 0.000223317400671
2453 0.000212590118641
2454 0.000198926328542
2455 0.000183574424359
2456 0.000166366564599
2457 0.000150524123821
2458 0.000135839284433
2459 0.000125812803586
2460 0.000124226475486
2461 0.000129442501409
2462 0.000151017304095
2463 0.000177781610996
2464 0.000218204094965
2465 0.000253047426204
2466 0.000271907633883
2467 0.000266672241678
2468 0.000236441036418
2469 0.00018972609973
2470 0.00013540587915
2471 8.41026799652e-05
2472 4.00929163242e-05
2473 6.25757490189e-06
2474 -1.91416789376e-05
2475 -3.67026366926e-05
2476 -4.80644933192e-05
2477 -5.49170011516e-05
2478 -5.9191362593e-05
2479 -6.07774563118e-05
2480 -6.0369350184e-05
2481 -5.98147108505e-05
2482 -5.85273945987e-05
2483 -5.6255128769e-05
2484 -5.39772154794e-05
2485 -5.18521850672e-05
2486 -4.95033825863e-05
2487 -4.7348555186e-05
2488 -4.51187361775e-05
2489 -4.27147418381e-05
2490 -4.0305500093e-05
2491 -3.80662398956e-05
2492 -3.57911542888e-05
2493 -3.35722747816e-05
2494 -3.14199619902e-05
2495 -2.96082770706e-05
2496 -2.80602006955e-05
2497 -2.67451162248e-05
2498 -2.55248112433e-05
2499 -2.4384752291e-05
