0 -0.0099177022789
1 -0.00893563922202
2 -0.00820151397052
3 -0.00727349909925
4 -0.00695005020016
5 -0.00572364261694
6 -0.00493560256295
7 -0.00413090214513
8 -0.00330996010779
9 -0.00266631022174
10 -0.00209017506413
11 -0.00159967883281
12 -0.00119111580979
13 -0.000845341365677
14 -0.000580835097038
15 -0.000366827340266
16 -0.000194762980314
17 -6.28158285527e-05
18 3.36742623391e-05
19 9.51002744008e-05
20 0.000135206859228
21 0.000160567843894
22 0.00018644948441
23 0.00021671740134
24 0.000249668176581
25 0.000276913462533
26 0.000293299053926
27 0.000302244077349
28 0.000307265521494
29 0.000304673908396
30 0.000295810286512
31 0.000287152049692
32 0.000278037508705
33 0.000264994238797
34 0.00025131910537
35 0.00023732984658
36 0.000225217846139
37 0.000212894605148
38 0.000202210723876
39 0.000190515129384
40 0.000179127145918
41 0.000168892791045
42 0.000158802637922
43 0.000148880861831
44 0.000139681411013
45 0.000130793388284
46 0.0001232715994
47 0.000116066955175
48 0.00010984039015
49 0.000103747207287
50 -0.00976186099136
51 -0.00898207581105
52 -0.00796330746415
53 -0.00751025705714
54 -0.00647859903572
55 -0.00556243876232
56 -0.00471662536259
57 -0.00393974137751
58 -0.00317671187409
59 -0.00250690608535
60 -0.00196291773642
61 -0.00147712590384
62 -0.00110138549343
63 -0.000775251714977
64 -0.000523489400097
65 -0.000320720207942
66 -0.000157855241409
67 -3.2124838359e-05
68 5.76113813667e-05
69 0.00011357613413
70 0.0001481267008
71 0.000167206482266
72 0.000185224685017
73 0.000210046428437
74 0.000240303558451
75 0.000266503560076
76 0.000283283371227
77 0.000293276930785
78 0.00029853490501
79 0.000296344296974
80 0.000288169297577
81 0.000280456140497
82 0.000271101900409
83 0.000257635834572
84 0.000244324862327
85 0.00023107654563
86 0.000219337815825
87 0.000207187383478
88 0.000196308560072
89 0.000184840185663
90 0.000173983545164
91 0.000163909805773
92 0.000153851098926
93 0.000144201100669
94 0.000135228328677
95 0.000126635509764
96 0.000119380688045
97 0.000112424645906
98 0.000106288143106
99 0.000100330846539
100 -0.0104166299377
101 -0.00953452764443
102 -0.00837348828246
103 -0.00780229553244
104 -0.00662968963205
105 -0.00560228904062
106 -0.00466910069894
107 -0.0038366790973
108 -0.00304462746707
109 -0.00236600926461
110 -0.00182315839967
111 -0.00134958460619
112 -0.000985729762937
113 -0.000675888960975
114 -0.000436256628083
115 -0.0002432183449
116 -8.89714306128e-05
117 2.82250632404e-05
118 0.000108014523871
119 0.000154808209171
120 0.000180371163858
121 0.000188212787487
122 0.000194602901356
123 0.00021126908308
124 0.000238146010194
125 0.000264161763409
126 0.00028201375557
127 0.000293139393617
128 0.000299079144099
129 0.000297110284063
130 0.000288888314154
131 0.000281087289623
132 0.000271568098859
133 0.000257903979345
134 0.000244436702417
135 0.000231028084178
136 0.000219166446281
137 0.000206899398547
138 0.000195827919948
139 0.000184314002646
140 0.00017343000504
141 0.000163408566779
142 0.000153395061089
143 0.000143719860385
144 0.000134773089801
145 0.00012619067765
146 0.000118955582396
147 0.000112018105588
148 0.0001058866696
149 9.99441184879e-05
150 -0.0114340324709
151 -0.0104020974679
152 -0.00898654371976
153 -0.00822297989301
154 -0.00682277367855
155 -0.00562455927481
156 -0.00456397553947
157 -0.00365544539199
158 -0.00282840892929
159 -0.00214395008037
160 -0.00160847482274
161 -0.00115696466777
162 -0.000812259615964
163 -0.000526267982133
164 -0.000304422832089
165 -0.000127162564461
166 1.04993099845e-05
167 0.000111006792862
168 0.000173261888625
169 0.000206422954549
170 0.000221505836604
171 0.00021724008922
172 0.000209809953861
173 0.000215193660491
174 0.000236570922306
175 0.000261792444859
176 0.000280841506218
177 0.000293415432418
178 0.000300261775647
179 0.000298659066925
180 0.000290443205653
181 0.000282400536493
182 0.000272783089771
183 0.000258801549379
184 0.000245109606112
185 0.000231341123561
186 0.000219323341392
187 0.000206874202509
188 0.000195843342674
189 0.000184297964479
190 0.000173309610903
191 0.000163158002188
192 0.000153157919971
193 0.000143413007203
194 0.000134478970097
195 0.000125891495496
196 0.000118638761915
197 0.000111702255365
198 0.000105567289426
199 9.96482459361e-05
200 -0.012969698049
201 -0.0117986143469
202 -0.00984297647233
203 -0.0088002686845
204 -0.00703030044784
205 -0.00559474770466
206 -0.00436448165369
207 -0.00337089011087
208 -0.00251076950311
209 -0.00182849773389
210 -0.00131120896989
211 -0.000891606112693
212 -0.000575407139276
213 -0.000322227028672
214 -0.000126037752235
215 2.55073115571e-05
216 0.000135400080861
217 0.000209544646479
218 0.000247813102857
219 0.000264434290515
220 0.000268811535115
221 0.000253457920419
222 0.000231436158054
223 0.000223296196458
224 0.000236929667555
225 0.000259966851866
226 0.000279931245131
227 0.000294149674805
228 0.000302392916506
229 0.000301344057333
230 0.00029319976649
231 0.000284927584771
232 0.000274950426774
233 0.00026071046083
234 0.000246386219292
235 0.000232259487201
236 0.000220084420236
237 0.000207297890442
238 0.000196030119956
239 0.000184353544072
240 0.00017309035798
241 0.000163040816166
242 0.000152935699723
243 0.000143292138941
244 0.000134321765633
245 0.00012556008143
246 0.000118294071993
247 0.000111424605755
248 0.000105308425723
249 9.94477219041e-05
250 -0.0151839053714
251 -0.0135600171392
252 -0.0109493261125
253 -0.00940727631553
254 -0.00716635324045
255 -0.00541149713304
256 -0.00399020739423
257 -0.00291306077343
258 -0.00204014649616
259 -0.00138976119207
260 -0.00090969039547
261 -0.000542834926155
262 -0.00026843794155
263 -6.2072539873e-05
264 9.3296893361e-05
265 0.000203685247194
266 0.000272550590871
267 0.000313465964448
268 0.000324513677162
269 0.00032428984714
270 0.000318637937553
271 0.000293669619817
272 0.000257687700578
273 0.000235548497682
274 0.000239131864714
275 0.000258370917004
276 0.000278741998243
277 0.000294441720584
278 0.000303557382875
279 0.00030331038528
280 0.000295300150151
281 0.000287139255597
282 0.000276609835884
283 0.000261893366178
284 0.000247108382247
285 0.000232777611822
286 0.000220236109419
287 0.000207194217293
288 0.000195829788514
289 0.000183833169216
290 0.000172714150521
291 0.000162564941639
292 0.000152387573177
293 0.0001427354345
294 0.000133634290012
295 0.000125030223422
296 0.000117845277953
297 0.000110896821571
298 0.000104826868206
299 9.89268900984e-05
300 -0.0184255377228
301 -0.0158522769984
302 -0.012223883965
303 -0.00990683754454
304 -0.0070302853444
305 -0.00493819510124
306 -0.00333952904342
307 -0.0022172168545
308 -0.0013874951136
309 -0.000807695824865
310 -0.00039679397886
311 -0.000107769270157
312 0.000103601055836
313 0.000239326790364
314 0.000333936080671
315 0.00038805315665
316 0.000408813764994
317 0.000414476698264
318 0.000399198778649
319 0.000382802987802
320 0.000367851983643
321 0.000334020684486
322 0.000287070912075
323 0.000250517001084
324 0.000242659098705
325 0.000256873876533
326 0.000276581068928
327 0.00029352567334
328 0.000303845338955
329 0.000304604849608
330 0.000296366023816
331 0.000287986722156
332 0.000277171075354
333 0.000261855001022
334 0.000246974565775
335 0.000232288045956
336 0.000219385620159
337 0.00020619789656
338 0.000194509246395
339 0.000182516564659
340 0.000171381027713
341 0.000161150875927
342 0.000151100982177
343 0.000141370173384
344 0.00013239822643
345 0.000123960154262
346 0.000116781889145
347 0.000109990024731
348 0.000103837329646
349 9.79430320918e-05
350 -0.0228774566031
351 -0.0188707037915
352 -0.0135462118861
353 -0.01001651456
354 -0.00641207124866
355 -0.00399379968627
356 -0.00230513824507
357 -0.00123675378647
358 -0.000527891675384
359 -8.02651152433e-05
360 0.000217601888131
361 0.0003931179343
362 0.000510582445079
363 0.000551559888455
364 0.000570809287193
365 0.000563209146646
366 0.000535625761253
367 0.000508899870423
368 0.000470332344423
369 0.000439366619663
370 0.00041502127601
371 0.000373877199851
372 0.000317565148705
373 0.000267728874185
374 0.000247877333888
375 0.000255705055197
376 0.000274279635393
377 0.000292026301492
378 0.000303559275045
379 0.00030469661942
380 0.000296735894634
381 0.000287967793812
382 0.00027701951627
383 0.000261305873995
384 0.00024653201028
385 0.000231466343443
386 0.00021820517357
387 0.000204770027608
388 0.00019300584139
389 0.000180979173864
390 0.000169756771802
391 0.000159465545359
392 0.000149529515125
393 0.000139755195111
394 0.00013096444595
395 0.000122536730454
396 0.000115438204968
397 0.000108621070592
398 0.000102463900761
399 9.66875220893e-05
400 -0.0292815285322
401 -0.0227164455755
402 -0.0144334035188
403 -0.00921476213527
404 -0.00490278200655
405 -0.00237882963339
406 -0.000800274034036
407 4.90279152394e-05
408 0.000525710107873
409 0.000759443299581
410 0.000891594849661
411 0.000911095937349
412 0.000909881308708
413 0.000844163461142
414 0.00078560818408
415 0.000720252658774
416 0.000650754037598
417 0.000596130490998
418 0.000537166347408
419 0.000492619925936
420 0.000458860670966
421 0.000411690576815
422 0.000347504199873
423 0.000286067056642
424 0.00025493161861
425 0.000255435805469
426 0.000271904472964
427 0.000290472039438
428 0.00030307749848
429 0.000304595015165
430 0.00029689736064
431 0.000288017554219
432 0.000276688918837
433 0.000260893042624
434 0.000245297453877
435 0.00023008636313
436 0.000216641212996
437 0.000203033309615
438 0.000191115578318
439 0.000179052332765
440 0.000167747257469
441 0.000157551315946
442 0.00014760407568
443 0.000138059446803
444 0.000129351703288
445 0.000120979832744
446 0.000113855915202
447 0.000107106590488
448 0.000101047595034
449 9.5398144195e-05
450 -0.0389306296904
451 -0.0265616055985
452 -0.0136928927112
453 -0.00650379771504
454 -0.00207314485354
455 6.07537555979e-05
456 0.00116112760244
457 0.00157984101801
458 0.00168560902334
459 0.0016299541945
460 0.00155088952127
461 0.00139050491853
462 0.00126470477526
463 0.00109723973731
464 0.00096968768379
465 0.000855630142447
466 0.000752446339102
467 0.000673973023328
468 0.000597981546178
469 0.000540954878321
470 0.000498596686951
471 0.000445011228034
472 0.000373941479524
473 0.000303464637959
474 0.000262125159163
475 0.000255287163598
476 0.000269608767559
477 0.000288115999731
478 0.000301260067727
479 0.000303242568242
480 0.000295880421548
481 0.000286908142494
482 0.000275204531064
483 0.000259172861854
484 0.000243589490265
485 0.000228019729861
486 0.000214517259408
487 0.000200863742848
488 0.000188922039729
489 0.000176717141447
490 0.00016555613401
491 0.000155488445868
492 0.000145564257802
493 0.000136130813333
494 0.000127445277781
495 0.00011909850037
496 0.000112134083524
497 0.000105447050493
498 9.95402656366e-05
499 9.39139666966e-05
500 -0.0530494311463
501 -0.026818094855
502 -0.00870310722671
503 -0.00075595877097
504 0.00227033138386
505 0.00318386114059
506 0.00335995917082
507 0.00315594347259
508 0.00279389485327
509 0.00241839867349
510 0.00211350364393
511 0.00178724205056
512 0.00154997948404
513 0.00129928853919
514 0.0011172610997
515 0.000965690901711
516 0.000835334980894
517 0.000739349436536
518 0.000648936324194
519 0.000581485583389
520 0.000531093263132
521 0.000471929079206
522 0.000395431182877
523 0.000317898039056
524 0.000267956324694
525 0.000255052568202
526 0.000266892038262
527 0.000285271846834
528 0.000298862963318
529 0.000301260158039
530 0.000293990217559
531 0.000285029346586
532 0.000273028428809
533 0.000256749796453
534 0.000240928761375
535 0.000225246060959
536 0.000211649728338
537 0.000197883431822
538 0.000185938880235
539 0.000173725521836
540 0.000162705976598
541 0.000152700736899
542 0.000142941730915
543 0.000133679763308
544 0.000125166288122
545 0.000117022765373
546 0.000110166488464
547 0.000103620630822
548 9.78108050205e-05
549 9.22216998858e-05
550 -0.0632488546539
551 -0.0113276638504
552 0.00374489714359
553 0.00788883072186
554 0.00736505231149
555 0.00634466673873
556 0.00534480759857
557 0.00447304548745
558 0.00366492677228
559 0.00300996269946
560 0.00251804137213
561 0.00206804694216
562 0.0017490748209
563 0.00144170149538
564 0.00122199350176
565 0.00104509147373
566 0.000896595536628
567 0.000787448164624
568 0.000686354205
569 0.000611063698948
570 0.000554473648087
571 0.000490341745132
572 0.000410284535667
573 0.000327300084202
574 0.000271181637491
575 0.000253790155401
576 0.000263465585362
577 0.000281595253172
578 0.000295258186497
579 0.000297982329698
580 0.000290649873709
581 0.000281687826329
582 0.000269695531088
583 0.000253265449011
584 0.000237257935922
585 0.0002217268684
586 0.000208078061683
587 0.000194549190228
588 0.000182613104875
589 0.000170612337507
590 0.000159778691552
591 0.000149790444473
592 0.000140315248182
593 0.000131129396747
594 0.000122666877853
595 0.000114788388802
596 0.000107961373986
597 0.000101561231509
598 9.58243502906e-05
599 9.03526318216e-05
600 -0.00426166171399
601 0.0226664444931
602 0.0193830190575
603 0.0153620826316
604 0.011119890811
605 0.00844768005327
606 0.00655453837254
607 0.00522539779832
608 0.00414426466134
609 0.00332530602702
610 0.00272800073949
611 0.00221147958213
612 0.00185021082255
613 0.00151577442054
614 0.00127844850323
615 0.00108834092775
616 0.000931119959996
617 0.00081411955281
618 0.000707485533478
619 0.000627411402133
620 0.000566219983123
621 0.000499173461417
622 0.000416703404181
623 0.000330500100451
624 0.000270809031163
625 0.000250649603392
626 0.000258970629063
627 0.000276812480519
628 0.000290451437083
629 0.000293333413281
630 0.000285920853972
631 0.000276960511186
632 0.000264977494241
633 0.000248750734515
634 0.000232809855347
635 0.000217468479516
636 0.000203913189094
637 0.000190459182971
638 0.00017861369326
639 0.000166826893287
640 0.000156084266839
641 0.000146329937975
642 0.000137057717922
643 0.000128116587151
644 0.000119879002907
645 0.000112171774382
646 0.000105476806478
647 9.92939591825e-05
648 9.36287872221e-05
649 8.83353009839e-05
650 -0.015841455739
651 0.0228401651101
652 0.0206746967639
653 0.0154286117881
654 0.0112953960339
655 0.00854463290487
656 0.00658391106241
657 0.00522093680435
658 0.00413918246398
659 0.0033202312059
660 0.00271914729799
661 0.00220599546653
662 0.00184417200411
663 0.00151545131569
664 0.00127966904287
665 0.00108989740121
666 0.000933811176845
667 0.000815988921798
668 0.000709116879262
669 0.000628033392917
670 0.000565391123526
671 0.000497183190712
672 0.000413613777476
673 0.000326759220443
674 0.000266045398602
675 0.000245262219629
676 0.000253330421236
677 0.000270783100147
678 0.000284323216112
679 0.000287141682156
680 0.000279990360051
681 0.00027109398722
682 0.000259073277508
683 0.000242980681837
684 0.000227384970093
685 0.000212270805905
686 0.00019883499747
687 0.000185650089823
688 0.000174081577959
689 0.000162499278852
690 0.000152004046585
691 0.000142532680812
692 0.000133499829552
693 0.000124741807563
694 0.000116759477006
695 0.000109226946635
696 0.000102761200343
697 9.67127671019e-05
698 9.11815066022e-05
699 8.6064734683e-05
700 -0.0621041979036
701 -0.0132539589618
702 0.00568892983509
703 0.00807422397767
704 0.00779145511259
705 0.00662778177124
706 0.005448559691
707 0.00449159390738
708 0.00366810009016
709 0.00300759019891
710 0.00249920806603
711 0.00205575889027
712 0.00173465781299
713 0.00144036784911
714 0.00122488392083
715 0.00104957112505
716 0.000903903599667
717 0.000792128039521
718 0.000691131513481
719 0.000613025878622
720 0.000551550179414
721 0.000483890311051
722 0.000401008185735
723 0.000315546271165
724 0.000256748693427
725 0.000237486971179
726 0.000246226324273
727 0.000263445192788
728 0.000276565025205
729 0.000279134778103
730 0.000272086348319
731 0.000263234798373
732 0.000251475211594
733 0.000235779693145
734 0.000220682102277
735 0.000205950214058
736 0.000192845123625
737 0.000180046124668
738 0.000168818699361
739 0.000157561936208
740 0.000147484721693
741 0.000138295418707
742 0.000129614050937
743 0.000121101590504
744 0.000113372421618
745 0.000106071938591
746 9.98476787286e-05
747 9.39891182071e-05
748 8.86389823406e-05
749 8.3674232867e-05
750 -0.0499367854334
751 -0.026940288823
752 -0.00754597346274
753 -0.00047795808637
754 0.00280763177972
755 0.00361451044343
756 0.00357376852319
757 0.00325511530749
758 0.00284939405867
759 0.00245084302462
760 0.00210501253761
761 0.00178162459034
762 0.00153300191415
763 0.00129724317973
764 0.00111826860373
765 0.000969069928733
766 0.000842712260809
767 0.00074406840041
768 0.000653550774813
769 0.00058254865162
770 0.000524767486842
771 0.000459734630885
772 0.00037920025659
773 0.000297333121107
774 0.000243192216154
775 0.00022744773336
776 0.000237625868603
777 0.000254857806916
778 0.000267430403881
779 0.000269562701836
780 0.000262725023093
781 0.000254082067707
782 0.00024267023602
783 0.000227515071077
784 0.000212858521471
785 0.000198651491135
786 0.000186037358226
787 0.000173680788388
788 0.000162980095263
789 0.000152104571627
790 0.000142476242042
791 0.000133642790043
792 0.000125298861005
793 0.000117124452631
794 0.000109666199179
795 0.00010266407615
796 9.66858575394e-05
797 9.10140069474e-05
798 8.58863517057e-05
799 8.11034500701e-05
800 -0.0364330837583
801 -0.0257818608047
802 -0.0130160249873
803 -0.0060834004654
804 -0.00145698793124
805 0.000614059169751
806 0.00152306959596
807 0.00181957318639
808 0.00185409272545
809 0.00174868495627
810 0.00159643270207
811 0.00141682443346
812 0.00126137571743
813 0.00109942590967
814 0.000968343879485
815 0.000854374845563
816 0.000754409984013
817 0.000673891879926
818 0.000598559601122
819 0.000537733015444
820 0.000485834543538
821 0.000424998218126
822 0.000348437913384
823 0.000272729749706
824 0.000225806854959
825 0.000215442947304
826 0.000227444589964
827 0.000244608224715
828 0.000256504941961
829 0.000258405651763
830 0.000251653408266
831 0.000243443784516
832 0.000232483285295
833 0.000218030893153
834 0.000203933715707
835 0.000190626314657
836 0.000178571630839
837 0.000166860058371
838 0.000156575621992
839 0.00014626318124
840 0.000137041095811
841 0.000128580671377
842 0.00012056519363
843 0.000112814794378
844 0.000105684195093
845 9.90042981085e-05
846 9.32783234115e-05
847 8.7855103997e-05
848 8.29451098015e-05
849 7.83923026918e-05
850 -0.0271813155611
851 -0.0216597870548
852 -0.0138344230317
853 -0.00858703587316
854 -0.00419824978982
855 -0.00170940429088
856 -0.000273248700539
857 0.000458612716733
858 0.000849447753214
859 0.00100656982362
860 0.0010400524617
861 0.00100529877329
862 0.000947060075487
863 0.000864831742674
864 0.000787509326955
865 0.000713782186176
866 0.000644632336159
867 0.000586009642185
868 0.00052878477596
869 0.000480444242041
870 0.000436341230409
871 0.000380739478177
872 0.000309965735771
873 0.000243031664018
874 0.000205503938769
875 0.000201507646932
876 0.000215658619145
877 0.000232721137619
878 0.000243838356524
879 0.000245420847364
880 0.00023892674211
881 0.000231192393657
882 0.00022092395033
883 0.00020740673177
884 0.000194166976369
885 0.00018165361447
886 0.000170247759182
887 0.000159271853863
888 0.000149532182802
889 0.000139798947059
890 0.000131168482496
891 0.000123150586989
892 0.000115570359725
893 0.000108248306018
894 0.000101458994352
895 9.51386027795e-05
896 8.9661503301e-05
897 8.45328778542e-05
898 7.98559138922e-05
899 7.55236355156e-05
900 -0.0208891977776
901 -0.0176761669597
902 -0.0128217807783
903 -0.00917903813649
904 -0.00558344753833
905 -0.00320786456667
906 -0.00161906153639
907 -0.000664876959008
908 -4.30559164716e-05
909 0.000309073053023
910 0.00049473318852
911 0.00058754969292
912 0.000618943037698
913 0.000613240496806
914 0.000589745836909
915 0.000557056581763
916 0.000520446069151
917 0.000485424153504
918 0.000448053000661
919 0.000413567039089
920 0.000378009421106
921 0.000328710878633
922 0.000265739925298
923 0.000209803982765
924 0.000183335014227
925 0.000186185430757
926 0.000202469917237
927 0.000219182503849
928 0.000229519054099
929 0.000230928784526
930 0.000224855230595
931 0.00021765736119
932 0.000208207364976
933 0.000195705188062
934 0.000183578400906
935 0.000171949182117
936 0.000161354592932
937 0.000151176530063
938 0.000142082960056
939 0.000132978268391
940 0.000124862450527
941 0.000117378329453
942 0.000110233972782
943 0.000103353760841
944 9.69603874817e-05
945 9.09829614777e-05
946 8.58563444626e-05
947 8.10035603185e-05
948 7.66060915718e-05
949 7.2512250435e-05
950 -0.0164280295208
951 -0.0144308743821
952 -0.0112933412566
953 -0.00882119187024
954 -0.00605040172744
955 -0.00401732750304
956 -0.00250477747623
957 -0.00149618401611
958 -0.000762074169645
959 -0.000289728720329
960 4.11805971099e-06
961 0.000195962004927
962 0.000301224356112
963 0.000362595956577
964 0.00038804756254
965 0.000394433074865
966 0.000389069670743
967 0.000377795878892
968 0.000360395302998
969 0.000340003632377
970 0.000313253487178
971 0.000271113154045
972 0.00021780964621
973 0.000175072077549
974 0.00016040783018
975 0.000169810318819
976 0.000187770477378
977 0.000203856757718
978 0.000213410878432
979 0.00021462003884
980 0.000209117514462
981 0.000202666969913
982 0.000194203033433
983 0.00018285131491
984 0.000171864803822
985 0.00016129230372
986 0.000151616499285
987 0.000142315062673
988 0.000133948812905
989 0.000125559853383
990 0.000118164639892
991 0.000111235211691
992 0.000104629009189
993 9.82076948034e-05
994 9.22631319899e-05
995 8.66783425275e-05
996 8.18981448949e-05
997 7.7381811546e-05
998 7.32415764529e-05
999 6.94351898432e-05
1000 -0.0131902240385
1001 -0.0118651628657
1002 -0.00974932003787
1003 -0.00807201128978
1004 -0.00598536954322
1005 -0.00433515084591
1006 -0.0030080445671
1007 -0.00204831247722
1008 -0.00129229108069
1009 -0.000765259661429
1010 -0.000407892046828
1011 -0.000148458997594
1012 1.20372476957e-05
1013 0.000126999438585
1014 0.000193461751041
1015 0.00023416956499
1016 0.000257167544968
1017 0.000267912639697
1018 0.000269407181761
1019 0.000262435176956
1020 0.000244242190322
1021 0.000210230722272
1022 0.000168739825592
1023 0.000140606860147
1024 0.000137507570591
1025 0.000152535397261
1026 0.000171501673506
1027 0.000186892094422
1028 0.000195733363455
1029 0.000197029732566
1030 0.000192281530496
1031 0.000186758608968
1032 0.000179367943087
1033 0.000169308820719
1034 0.00015948914038
1035 0.000150034999962
1036 0.000141356567532
1037 0.000133010021693
1038 0.000125551546426
1039 0.000117934525964
1040 0.000111174694346
1041 0.000104815971793
1042 9.87528315985e-05
1043 9.28479577796e-05
1044 8.73594543196e-05
1045 8.21667023675e-05
1046 7.7748380192e-05
1047 7.35567147436e-05
1048 6.97153846132e-05
1049 6.61690064985e-05
1050 -0.0107816936149
1051 -0.00984244338892
1052 -0.00837152995549
1053 -0.00722137132213
1054 -0.00565798651703
1055 -0.0043479675639
1056 -0.00323386042482
1057 -0.00237414800957
1058 -0.00165292292638
1059 -0.00111815347912
1060 -0.000734212695606
1061 -0.000435380275822
1062 -0.000238585818774
1063 -8.44722824752e-05
1064 1.4285057763e-05
1065 8.29203465424e-05
1066 0.000130246291203
1067 0.000160172852077
1068 0.000178592768726
1069 0.000183676003487
1070 0.000173791893163
1071 0.00014904401031
1072 0.000121233591159
1073 0.000107998572957
1074 0.000115219342708
1075 0.000134401683981
1076 0.000153713647307
1077 0.000168313159988
1078 0.000176561322334
1079 0.000178103083757
1080 0.000174344322742
1081 0.000169904907353
1082 0.000163645487058
1083 0.000154991124344
1084 0.00014656090804
1085 0.0001384042897
1086 0.000130784803871
1087 0.000123439393338
1088 0.000116757995817
1089 0.000109984758677
1090 0.000103890436523
1091 9.81627234006e-05
1092 9.2672589829e-05
1093 8.73231167503e-05
1094 8.23013522258e-05
1095 7.75605083961e-05
1096 7.35094970737e-05
1097 6.96873400353e-05
1098 6.61576823927e-05
1099 6.28854971862e-05
1100 -0.00892973711894
1101 -0.00824235898125
1102 -0.00718474489983
1103 -0.00638870750958
1104 -0.00520960981281
1105 -0.0041814439323
1106 -0.00326783349808
1107 -0.00252728099355
1108 -0.0018708688767
1109 -0.00136006124365
1110 -0.000976804945801
1111 -0.000661643634611
1112 -0.00044541299022
1113 -0.000265763267581
1114 -0.000144229001754
1115 -5.4460940537e-05
1116 1.21967489652e-05
1117 5.80647858888e-05
1118 9.07262849615e-05
1119 0.000106241718494
1120 0.000104518716074
1121 9.05291452873e-05
1122 7.74566043714e-05
1123 7.80240986517e-05
1124 9.34509117474e-05
1125 0.000115172130025
1126 0.000134321900543
1127 0.000148153184189
1128 0.000156089093535
1129 0.000158141148931
1130 0.000155570634239
1131 0.000152335374979
1132 0.000147434759103
1133 0.00014036383773
1134 0.000133255655114
1135 0.000126386784118
1136 0.000119839339369
1137 0.000113516743262
1138 0.000107762703272
1139 0.00010177561574
1140 9.64253902862e-05
1141 9.13262570101e-05
1142 8.64381907564e-05
1143 8.16372061974e-05
1144 7.70769972161e-05
1145 7.28110300555e-05
1146 6.91286231375e-05
1147 6.56733063042e-05
1148 6.24737519938e-05
1149 5.95032257823e-05
1150 -0.00749418777979
1151 -0.00696473195543
1152 -0.00618184604224
1153 -0.00562158301809
1154 -0.00472602086312
1155 -0.00392069394013
1156 -0.00318358013336
1157 -0.0025591520415
1158 -0.00197920826795
1159 -0.00151009048546
1160 -0.00114492500569
1161 -0.000830968404278
1162 -0.000608467214464
1163 -0.000415036843922
1164 -0.000279481778289
1165 -0.000174918775632
1166 -9.39455295553e-05
1167 -3.55963085059e-05
1168 8.5583600968e-06
1169 3.3031660771e-05
1170 3.97825587278e-05
1171 3.766366642e-05
1172 3.88734823503e-05
1173 5.0876795637e-05
1174 7.18710408922e-05
1175 9.47230246567e-05
1176 0.000113426895013
1177 0.000126685184041
1178 0.000134571477873
1179 0.00013739149331
1180 0.000136155080975
1181 0.000134206421949
1182 0.000130677398602
1183 0.00012514054368
1184 0.000119492593595
1185 0.000113910451746
1186 0.000108538899025
1187 0.000103282796548
1188 9.84287151426e-05
1189 9.33621322467e-05
1190 8.87512662263e-05
1191 8.43046051833e-05
1192 8.00450909503e-05
1193 7.58339863728e-05
1194 7.17949261821e-05
1195 6.79809802882e-05
1196 6.47117555955e-05
1197 6.16356046364e-05
1198 5.87835997618e-05
1199 5.60777253466e-05
1200 -0.00634669863729
1201 -0.00593424430867
1202 -0.00533871131747
1203 -0.00493867153287
1204 -0.00425259850256
1205 -0.00362152822431
1206 -0.00303062474244
1207 -0.00251165713105
1208 -0.00200840924958
1209 -0.00158839239229
1210 -0.00125179614881
1211 -0.000950176008938
1212 -0.000731561347908
1213 -0.000533364316762
1214 -0.000391257557195
1215 -0.000277578940892
1216 -0.000186819961476
1217 -0.000119138190314
1218 -6.58482920245e-05
1219 -3.32556620265e-05
1220 -1.75125517957e-05
1221 -7.80164951789e-06
1222 5.66126231477e-06
1223 2.59165627941e-05
1224 5.00393400124e-05
1225 7.30440075287e-05
1226 9.12478808373e-05
1227 0.00010421296054
1228 0.000112389974578
1229 0.000116162873853
1230 0.000116420115592
1231 0.000115851305363
1232 0.000113749817009
1233 0.000109808849345
1234 0.000105609626294
1235 0.000101349141164
1236 9.71396451502e-05
1237 9.29602275105e-05
1238 8.90864521885e-05
1239 8.48934637356e-05
1240 8.10209287959e-05
1241 7.72449485295e-05
1242 7.35975449985e-05
1243 6.99643588085e-05
1244 6.6431962163e-05
1245 6.30936179751e-05
1246 6.02390016586e-05
1247 5.75138475996e-05
1248 5.49917711645e-05
1249 5.26053449096e-05
1250 -0.00542211238143
1251 -0.00509401246798
1252 -0.00463147131242
1253 -0.00434352383377
1254 -0.0038104967145
1255 -0.00331447146833
1256 -0.0028414858855
1257 -0.0024130428973
1258 -0.00198220398954
1259 -0.00161303688355
1260 -0.00130920528989
1261 -0.00102746565988
1262 -0.000819266136759
1263 -0.000623400230078
1264 -0.000480009698194
1265 -0.000362114035282
1266 -0.000265091146462
1267 -0.000190523347999
1268 -0.000129898581395
1269 -8.98772563008e-05
1270 -6.53896853453e-05
1271 -4.54450148705e-05
1272 -2.30915991487e-05
1273 2.13384064192e-06
1274 2.75514996638e-05
1275 5.0206492128e-05
1276 6.80888445284e-05
1277 8.1081305112e-05
1278 8.98380921777e-05
1279 9.47505063906e-05
1280 9.6622485122e-05
1281 9.74613794677e-05
1282 9.67954760214e-05
1283 9.4468561314e-05
1284 9.17261117297e-05
1285 8.87962656468e-05
1286 8.57548968232e-05
1287 8.2655576257e-05
1288 7.96668383332e-05
1289 7.63154576416e-05
1290 7.31997875012e-05
1291 7.01158757866e-05
1292 6.70960249703e-05
1293 6.403971048e-05
1294 6.10249665377e-05
1295 5.81750101945e-05
1296 5.57393070786e-05
1297 5.34113358497e-05
1298 5.1210851666e-05
1299 4.91319086256e-05
1300 -0.00466799208919
1301 -0.00440344727498
1302 -0.00403666654103
1303 -0.00382842071446
1304 -0.0034096141818
1305 -0.00301605334103
1306 -0.00263623574384
1307 -0.00228531078985
1308 -0.0019186585245
1309 -0.00159808524605
1310 -0.0013286566255
1311 -0.0010707034408
1312 -0.000876714361962
1313 -0.000688183744438
1314 -0.000547377760087
1315 -0.000428191701098
1316 -0.000327620763505
1317 -0.000248001355288
1318 -0.000181423024189
1319 -0.000135151235364
1320 -0.000103689202647
1321 -7.67222055535e-05
1322 -4.90464477358e-05
1323 -2.14436107352e-05
1324 4.25580633571e-06
1325 2.64946384154e-05
1326 4.43643856479e-05
1327 5.77610623195e-05
1328 6.73021611716e-05
1329 7.35280117581e-05
1330 7.70388073166e-05
1331 7.93038364447e-05
1332 8.01066505469e-05
1333 7.93564006974e-05
1334 7.80535321233e-05
1335 7.63764953415e-05
1336 7.4470459518e-05
1337 7.24129329119e-05
1338 7.03438778819e-05
1339 6.78517571818e-05
1340 6.54782134751e-05
1341 6.30776425321e-05
1342 6.06636683253e-05
1343 5.815960254e-05
1344 5.56450191963e-05
1345 5.32666332835e-05
1346 5.12285048971e-05
1347 4.92634619218e-05
1348 4.73928976194e-05
1349 4.56020462506e-05
1350 -0.00405087189031
1351 -0.00383363395021
1352 -0.00353841959054
1353 -0.00338604159931
1354 -0.00305300751082
1355 -0.00273767525026
1356 -0.0024329328395
1357 -0.00214498935256
1358 -0.00183451771876
1359 -0.00155809878837
1360 -0.00132183742043
1361 -0.0010880395519
1362 -0.000910322144019
1363 -0.000731438804431
1364 -0.000595089029026
1365 -0.000476362333634
1366 -0.00037298165488
1367 -0.000289563598368
1368 -0.000219090921026
1369 -0.000169232274703
1370 -0.000134031049241
1371 -0.000103558147662
1372 -7.35233048577e-05
1373 -4.51416691444e-05
1374 -1.96408607468e-05
1375 2.37937883463e-06
1376 2.05532920168e-05
1377 3.46458036192e-05
1378 4.51425858485e-05
1379 5.2766472736e-05
1380 5.79171259704e-05
1381 6.15719627752e-05
1382 6.37880713606e-05
1383 6.45422989939e-05
1384 6.46212977396e-05
1385 6.41865916654e-05
1386 6.33839968586e-05
1387 6.23193901133e-05
1388 6.10939170011e-05
1389 5.94281310428e-05
1390 5.77836155618e-05
1391 5.60529728093e-05
1392 5.42484110178e-05
1393 5.2303594573e-05
1394 5.03128058335e-05
1395 4.84097952018e-05
1396 4.67845170668e-05
1397 4.51896572688e-05
1398 4.36378138852e-05
1399 4.21226693235e-05
1400 -0.00353637464553
1401 -0.00335480724759
1402 -0.00311151782457
1403 -0.00299985651871
1404 -0.00273376807932
1405 -0.00247939493023
1406 -0.00223428935733
1407 -0.00199818707925
1408 -0.00173721382722
1409 -0.00149973067018
1410 -0.00129384154809
1411 -0.0010845312255
1412 -0.00092295403405
1413 -0.000754487462761
1414 -0.000622833655405
1415 -0.000504505678873
1416 -0.00039944339963
1417 -0.000314836735812
1418 -0.000244531547553
1419 -0.000195106070062
1420 -0.000159785877916
1421 -0.000128590388937
1422 -9.78587455347e-05
1423 -6.92864449572e-05
1424 -4.38244033969e-05
1425 -2.16878059694e-05
1426 -2.88780745152e-06
1427 1.21372129973e-05
1428 2.37201889821e-05
1429 3.27381645261e-05
1430 3.94941220433e-05
1431 4.44784848766e-05
1432 4.80328709026e-05
1433 5.0212476291e-05
1434 5.15886070644e-05
1435 5.23269546539e-05
1436 5.25791579454e-05
1437 5.24614092056e-05
1438 5.20881448126e-05
1439 5.12361617462e-05
1440 5.02844882503e-05
1441 4.91772062626e-05
1442 4.79571141797e-05
1443 4.65548877634e-05
1444 4.5056974768e-05
1445 4.35973568791e-05
1446 4.23471154211e-05
1447 4.11230637506e-05
1448 3.98826872431e-05
1449 3.86526746886e-05
1450 -0.00310557643321
1451 -0.00295147617316
1452 -0.00274885214587
1453 -0.00266797849589
1454 -0.00245282164558
1455 -0.00224584040194
1456 -0.00204846685929
1457 -0.00185497735745
1458 -0.00163407382656
1459 -0.00143108117323
1460 -0.00125209943591
1461 -0.00106458557605
1462 -0.000916697126356
1463 -0.000757289212425
1464 -0.00062894995585
1465 -0.000511515910605
1466 -0.000408234664592
1467 -0.000327332003908
1468 -0.000262420601628
1469 -0.000217042116275
1470 -0.000183798548838
1471 -0.000153090300964
1472 -0.000122126451013
1473 -9.33153536022e-05
1474 -6.76332523256e-05
1475 -4.50623076021e-05
1476 -2.54137701032e-05
1477 -9.3648789966e-06
1478 3.35236175954e-06
1479 1.3696966346e-05
1480 2.19633001139e-05
1481 2.81868451295e-05
1482 3.29893855284e-05
1483 3.6510921101e-05
1484 3.90807948976e-05
1485 4.09079747689e-05
1486 4.21323597906e-05
1487 4.29205008987e-05
1488 4.33381952048e-05
1489 4.32426534122e-05
1490 4.29515248267e-05
1491 4.24561468691e-05
1492 4.17858408213e-05
1493 4.09104598674e-05
1494 3.98963268009e-05
1495 3.888786879e-05
1496 3.80210937999e-05
1497 3.7128885429e-05
1498 3.61854207303e-05
1499 3.52213243059e-05
1500 -0.00274305265517
1501 -0.00261005113802
1502 -0.00244099025873
1503 -0.00238233423478
1504 -0.00220556190378
1505 -0.00203737624807
1506 -0.00187707985723
1507 -0.00171799587859
1508 -0.0015305334541
1509 -0.00135591821037
1510 -0.00119872547258
1511 -0.00102859100431
1512 -0.000890736076847
1513 -0.000737595933745
1514 -0.000612642139582
1515 -0.000499596604526
1516 -0.000404423229901
1517 -0.000333807442801
1518 -0.000278219962796
1519 -0.000238351438651
1520 -0.000207582715995
1521 -0.000177259821702
1522 -0.000145906369089
1523 -0.000116568450788
1524 -9.03947360199e-05
1525 -6.71430355211e-05
1526 -4.65529840019e-05
1527 -2.94742690957e-05
1528 -1.56766331866e-05
1529 -4.1055959351e-06
1530 5.52342291016e-06
1531 1.28602410009e-05
1532 1.87943510113e-05
1533 2.35435672493e-05
1534 2.72033501546e-05
1535 3.0021968484e-05
1536 3.21710708993e-05
1537 3.37709520949e-05
1538 3.49208273854e-05
1539 3.55259594039e-05
1540 3.58688905493e-05
1541 3.59577604941e-05
1542 3.58088641093e-05
1543 3.54263745898e-05
1544 3.48798786245e-05
1545 3.42811319805e-05
1546 3.37576991835e-05
1547 3.31804523477e-05
1548 3.25248728187e-05
1549 3.18259942805e-05
1550 -0.00243593722363
1551 -0.00232063208234
1552 -0.00217849780898
1553 -0.0021357795031
1554 -0.00198936050052
1555 -0.00185119359769
1556 -0.00171973520308
1557 -0.00158704126142
1558 -0.00142553306953
1559 -0.00127242322209
1560 -0.00113049936473
1561 -0.000972379783423
1562 -0.000840731171176
1563 -0.00069465045563
1564 -0.00057778670671
1565 -0.000477608050679
1566 -0.000398364204234
1567 -0.000341990970208
1568 -0.000296139637142
1569 -0.00026077079036
1570 -0.00023119046963
1571 -0.000200620806744
1572 -0.000168484282576
1573 -0.000138416338103
1574 -0.000111590980905
1575 -8.75673650852e-05
1576 -6.60707341924e-05
1577 -4.79761925664e-05
1578 -3.32376809907e-05
1579 -2.05420418573e-05
1580 -9.70853973488e-06
1581 -1.38063825236e-06
1582 5.54338027993e-06
1583 1.1384176717e-05
1584 1.60322487138e-05
1585 1.97619955763e-05
1586 2.27306439567e-05
1587 2.50794242789e-05
1588 2.68919698267e-05
1589 2.81556008844e-05
1590 2.90807946224e-05
1591 2.96978198134e-05
1592 3.00305361696e-05
1593 3.01155719729e-05
1594 3.00059182159e-05
1595 2.97999561507e-05
1596 2.9609036052e-05
1597 2.93168901757e-05
1598 2.89422217798e-05
1599 2.85153878078e-05
1600 -0.00217308842198
1601 -0.00207425053512
1602 -0.00195091443992
1603 -0.00191955943719
1604 -0.00179654750021
1605 -0.00168091814552
1606 -0.00157013502843
1607 -0.00145573278181
1608 -0.00131298918733
1609 -0.00117377737797
1610 -0.00104085296342
1611 -0.000892558203841
1612 -0.000768775239628
1613 -0.000637397571102
1614 -0.000538676066615
1615 -0.000459591382567
1616 -0.000399432361973
1617 -0.000356255070394
1618 -0.000316910192133
1619 -0.00028341659575
1620 -0.000253716172757
1621 -0.000222163229861
1622 -0.000189024170617
1623 -0.000158004624752
1624 -0.000130552238876
1625 -0.000105870661418
1626 -8.35831841359e-05
1627 -6.46934437196e-05
1628 -4.91779533864e-05
1629 -3.55378096296e-05
1630 -2.36597271816e-05
1631 -1.44918477637e-05
1632 -6.70998621883e-06
1633 1.01188204702e-07
1634 5.62992956991e-06
1635 1.01521571513e-05
1636 1.38489521674e-05
1637 1.68578188336e-05
1638 1.92666482851e-05
1639 2.1136251895e-05
1640 2.26030368712e-05
1641 2.3706698683e-05
1642 2.44951736082e-05
1643 2.50160072398e-05
1644 2.53078919405e-05
1645 2.54645695396e-05
1646 2.55840272224e-05
1647 2.55849627622e-05
1648 2.54619015606e-05
1649 2.52695566411e-05
1650 -0.00194022724724
1651 -0.00185260965892
1652 -0.00174640329665
1653 -0.0017212180714
1654 -0.00161561310184
1655 -0.00151467553133
1656 -0.00141701314797
1657 -0.0013129952367
1658 -0.00118187498922
1659 -0.0010530865467
1660 -0.000928661936868
1661 -0.000795581530993
1662 -0.000689983823036
1663 -0.000584204954407
1664 -0.000511373639051
1665 -0.000454856473914
1666 -0.000410391936914
1667 -0.000375200039253
1668 -0.000338390578667
1669 -0.00030458323077
1670 -0.000273765661542
1671 -0.000240980709682
1672 -0.000206825432136
1673 -0.000175156327858
1674 -0.000147158171994
1675 -0.000121988623759
1676 -9.90968867902e-05
1677 -7.95528790233e-05
1678 -6.34368187741e-05
1679 -4.90438840722e-05
1680 -3.62969713905e-05
1681 -2.64168523284e-05
1682 -1.79079676528e-05
1683 -1.02641106992e-05
1684 -3.98856892227e-06
1685 1.2024775848e-06
1686 5.5378299438e-06
1687 9.13595889373e-06
1688 1.20915364706e-05
1689 1.45148574992e-05
1690 1.6468614379e-05
1691 1.80142191677e-05
1692 1.92201587717e-05
1693 2.01370048125e-05
1694 2.07885748134e-05
1695 2.12783288655e-05
1696 2.16764610793e-05
1697 2.19389136169e-05
1698 2.20742060818e-05
1699 2.21177661953e-05
1700 -0.00171365711672
1701 -0.00163766668672
1702 -0.00154757189538
1703 -0.00152323561367
1704 -0.00142986701963
1705 -0.00133806591522
1706 -0.00124747123146
1707 -0.00115046084207
1708 -0.00103143875539
1709 -0.00091722983438
1710 -0.000812204751422
1711 -0.000705885029962
1712 -0.000629330465693
1713 -0.000553038206354
1714 -0.000504209257178
1715 -0.000463894157903
1716 -0.000427708481359
1717 -0.000394947815959
1718 -0.000357576474097
1719 -0.000322190724746
1720 -0.000289858772458
1721 -0.000256028779936
1722 -0.00022120231998
1723 -0.000189171559806
1724 -0.000160982818173
1725 -0.00013555494906
1726 -0.000112361459505
1727 -9.23783349376e-05
1728 -7.58555691866e-05
1729 -6.09184586623e-05
1730 -4.75073802424e-05
1731 -3.70918658608e-05
1732 -2.80241238538e-05
1733 -1.97081053553e-05
1734 -1.28141205063e-05
1735 -7.05029253933e-06
1736 -2.16248757019e-06
1737 1.95065272781e-06
1738 5.39081598194e-06
1739 8.29133972672e-06
1740 1.06694606272e-05
1741 1.26141334899e-05
1742 1.41965559582e-05
1743 1.54707994909e-05
1744 1.64639659217e-05
1745 1.72598232419e-05
1746 1.79170738089e-05
1747 1.84318510326e-05
1748 1.88002338738e-05
1749 1.90557929168e-05
1750 -0.00147394725482
1751 -0.00140989758969
1752 -0.00133454354778
1753 -0.00130930473936
1754 -0.00122664095162
1755 -0.00114487714027
1756 -0.00106407999406
1757 -0.000981407566611
1758 -0.00088442484451
1759 -0.000796635384309
1760 -0.000722624988346
1761 -0.000648615753354
1762 -0.000601070953019
1763 -0.000547349080258
1764 -0.000513123885658
1765 -0.000479989249296
1766 -0.000445556195583
1767 -0.00041191086987
1768 -0.000372668943085
1769 -0.000335637633937
1770 -0.000302047832439
1771 -0.000267828300297
1772 -0.000232703797666
1773 -0.00020065889866
1774 -0.000172443382685
1775 -0.000147014921684
1776 -0.000123652893561
1777 -0.000103423500017
1778 -8.66498408903e-05
1779 -7.13548313492e-05
1780 -5.74427416764e-05
1781 -4.66176273777e-05
1782 -3.7099401909e-05
1783 -2.82307600121e-05
1784 -2.08455125461e-05
1785 -1.4602068179e-05
1786 -9.22254327516e-06
1787 -4.6635335372e-06
1788 -8.18729230732e-07
1789 2.48775243405e-06
1790 5.23296668486e-06
1791 7.52806896173e-06
1792 9.43956167712e-06
1793 1.10266671238e-05
1794 1.23251966021e-05
1795 1.34014574381e-05
1796 1.43123065129e-05
1797 1.50690713352e-05
1798 1.56640004778e-05
1799 1.61229912061e-05
1800 -0.00123033765797
1801 -0.0011799002054
1802 -0.00111613694131
1803 -0.00109566166715
1804 -0.00102785924444
1805 -0.000963413042213
1806 -0.00090318108341
1807 -0.000845730892358
1808 -0.00077919324732
1809 -0.000722544701525
1810 -0.000678813338352
1811 -0.000630002310552
1812 -0.000600689647383
1813 -0.000557587161362
1814 -0.00052823896832
1815 -0.000495459687126
1816 -0.000459302312488
1817 -0.000423426841543
1818 -0.00038243239129
1819 -0.000344240124332
1820 -0.000309992902381
1821 -0.000275675562037
1822 -0.000240807229383
1823 -0.000209090199927
1824 -0.000181226752999
1825 -0.000156046617323
1826 -0.000132799470457
1827 -0.000112563574175
1828 -9.57327923962e-05
1829 -8.02257672852e-05
1830 -6.59829540934e-05
1831 -5.49124603058e-05
1832 -4.50902776475e-05
1833 -3.58199031563e-05
1834 -2.80602476896e-05
1835 -2.14394512441e-05
1836 -1.56657311886e-05
1837 -1.0750051228e-05
1838 -6.56439978337e-06
1839 -2.91252439048e-06
1840 1.56214139875e-07
1841 2.75691157404e-06
1842 4.96056009713e-06
1843 6.82922978965e-06
1844 8.4065736265e-06
1845 9.74001137023e-06
1846 1.087930983e-05
1847 1.18475663654e-05
1848 1.26415224741e-05
1849 1.32860743571e-05
1850 -0.0010325599577
1851 -0.000992580491144
1852 -0.000938124874129
1853 -0.00092999094735
1854 -0.000880508561543
1855 -0.000837832806208
1856 -0.00080274421596
1857 -0.000771639334591
1858 -0.000730800882471
1859 -0.000696738304649
1860 -0.00067103499752
1861 -0.000634329668911
1862 -0.000611312295813
1863 -0.000570219004808
1864 -0.000539957341738
1865 -0.000504984485528
1866 -0.000466556942521
1867 -0.000428735899309
1868 -0.00038673722397
1869 -0.000348306795071
1870 -0.000314116427712
1871 -0.00028021093506
1872 -0.000246096401296
1873 -0.000214995209572
1874 -0.000187709085876
1875 -0.000162954058405
1876 -0.000140023076679
1877 -0.000119938443001
1878 -0.000103218358553
1879 -8.76804077995e-05
1880 -7.33059274433e-05
1881 -6.21063754696e-05
1882 -5.20998502094e-05
1883 -4.25342831918e-05
1884 -3.44675240159e-05
1885 -2.75568785843e-05
1886 -2.14860134438e-05
1887 -1.63033233924e-05
1888 -1.18494033311e-05
1889 -7.91029341175e-06
1890 -4.56783751945e-06
1891 -1.70822138846e-06
1892 7.52928136022e-07
1893 2.87650650725e-06
1894 4.70882615374e-06
1895 6.27724460609e-06
1896 7.62534236743e-06
1897 8.78676466656e-06
1898 9.7623261244e-06
1899 1.05745354263e-05
1900 -0.000921965339185
1901 -0.000885851365813
1902 -0.000839495090854
1903 -0.00084369799848
1904 -0.000809593825824
1905 -0.000783244507741
1906 -0.000766132938533
1907 -0.000751038904215
1908 -0.000723115112571
1909 -0.000698679205534
1910 -0.000678267478922
1911 -0.000643521071702
1912 -0.000619630680289
1913 -0.000576392922346
1914 -0.000543576435407
1915 -0.000506313775397
1916 -0.000466356739206
1917 -0.000427683167986
1918 -0.000385792434009
1919 -0.000347925312243
1920 -0.000314486260769
1921 -0.000281567429762
1922 -0.000248495244887
1923 -0.000218308816604
1924 -0.000191931184061
1925 -0.000167875397861
1926 -0.000145546399958
1927 -0.000125802219047
1928 -0.000109348090381
1929 -9.3911354729e-05
1930 -7.95249030429e-05
1931 -6.82800456408e-05
1932 -5.81781203753e-05
1933 -4.84056178133e-05
1934 -4.01472681176e-05
1935 -3.30254407944e-05
1936 -2.67299221364e-05
1937 -2.13291177919e-05
1938 -1.66720370764e-05
1939 -1.24997485053e-05
1940 -8.93277126744e-06
1941 -5.85479435695e-06
1942 -3.16862584414e-06
1943 -8.21170298525e-07
1944 1.23755543851e-06
1945 3.01371782698e-06
1946 4.54833219924e-06
1947 5.88126616157e-06
1948 7.01525607864e-06
1949 7.97843771165e-06
1950 -0.000885873045402
1951 -0.000849854652202
1952 -0.000808478792332
1953 -0.000819229924178
1954 -0.000792410661873
1955 -0.000773388114152
1956 -0.000762914709206
1957 -0.000752344256759
1958 -0.000727110465665
1959 -0.000703682168546
1960 -0.000681800663485
1961 -0.00064515533505
1962 -0.000618605396397
1963 -0.000573196449625
1964 -0.000538509215355
1965 -0.000500233228934
1966 -0.000460049714544
1967 -0.000421719849694
1968 -0.000381023264123
1969 -0.000344351996615
1970 -0.000312124662705
1971 -0.000280552905851
1972 -0.000248734881222
1973 -0.000219723602323
1974 -0.000194315992054
1975 -0.000171022606298
1976 -0.000149378493047
1977 -0.000130066315687
1978 -0.000114005971588
1979 -9.882058905e-05
1980 -8.45532175387e-05
1981 -7.33852771507e-05
1982 -6.32842516643e-05
1983 -5.34315483144e-05
1984 -4.50776598509e-05
1985 -3.78786423267e-05
1986 -3.14290995512e-05
1987 -2.58746760399e-05
1988 -2.10605130864e-05
1989 -1.66990364321e-05
1990 -1.29446711914e-05
1991 -9.68103452211e-06
1992 -6.79810182205e-06
1993 -4.25238248527e-06
1994 -1.99605085041e-06
1995 -3.85951526075e-08
1996 1.6557834871e-06
1997 3.13234995686e-06
1998 4.40614003706e-06
1999 5.49755131808e-06
2000 -0.000880637822951
2001 -0.000844833198147
2002 -0.000805436608642
2003 -0.000817207833335
2004 -0.000791972027523
2005 -0.000773975339627
2006 -0.000763151540537
2007 -0.000751610358043
2008 -0.000724751647801
2009 -0.000699452469377
2010 -0.000674926351036
2011 -0.000636275411376
2012 -0.000607810095873
2013 -0.000561838319778
2014 -0.000526620163754
2015 -0.000488422023227
2016 -0.000449093865962
2017 -0.00041191507009
2018 -0.000372867885549
2019 -0.000337873451089
2020 -0.000307204342235
2021 -0.000277276799615
2022 -0.000246923745996
2023 -0.000219238163522
2024 -0.000195047760597
2025 -0.000172706492774
2026 -0.000151840408059
2027 -0.000133115752728
2028 -0.000117547316405
2029 -0.00010271520701
2030 -8.86532065971e-05
2031 -7.76255032219e-05
2032 -6.76249640412e-05
2033 -5.77761635249e-05
2034 -4.9435037254e-05
2035 -4.21527629396e-05
2036 -3.55901904596e-05
2037 -2.99580616096e-05
2038 -2.50423067411e-05
2039 -2.05323516904e-05
2040 -1.66255619741e-05
2041 -1.31976780728e-05
2042 -1.01461558755e-05
2043 -7.43328672387e-06
2044 -5.00975504681e-06
2045 -2.89994703311e-06
2046 -1.06857333201e-06
2047 5.35619191654e-07
2048 1.93432333856e-06
2049 3.14035953863e-06
2050 -0.000874086802698
2051 -0.000838888857247
2052 -0.000800800924044
2053 -0.000811348872561
2054 -0.000785645255193
2055 -0.000766467929279
2056 -0.00075331641039
2057 -0.000739568464873
2058 -0.00071093932153
2059 -0.000683972691434
2060 -0.000657443886846
2061 -0.000618159106178
2062 -0.000588993482267
2063 -0.000543622271646
2064 -0.000509119183973
2065 -0.000472209990754
2066 -0.000434533228495
2067 -0.000399208164186
2068 -0.000362252023351
2069 -0.000329264464677
2070 -0.000300325431306
2071 -0.000272178973409
2072 -0.000243486459895
2073 -0.000217307773986
2074 -0.000194323263886
2075 -0.000173041374029
2076 -0.000153050981176
2077 -0.000134963925853
2078 -0.000119950946028
2079 -0.00010554839548
2080 -9.17657519053e-05
2081 -8.09872129535e-05
2082 -7.1153431316e-05
2083 -6.13929689466e-05
2084 -5.30830618687e-05
2085 -4.58194315835e-05
2086 -3.92384405764e-05
2087 -3.35673483327e-05
2088 -2.85701882617e-05
2089 -2.39675884736e-05
2090 -1.99339011227e-05
2091 -1.63894829428e-05
2092 -1.32020460284e-05
2093 -1.03667563929e-05
2094 -7.79658223149e-06
2095 -5.5654148825e-06
2096 -3.62327246823e-06
2097 -1.91268769645e-06
2098 -4.08621142341e-07
2099 9.00637583171e-07
2100 -0.000852530391552
2101 -0.000818887718113
2102 -0.000781888589503
2103 -0.000790459087221
2104 -0.000764509807999
2105 -0.000744685319209
2106 -0.000729579352139
2107 -0.00071440792975
2108 -0.000685261138885
2109 -0.000657865194656
2110 -0.000630870258726
2111 -0.000592621695193
2112 -0.000564097524693
2113 -0.000520790149459
2114 -0.000487907087403
2115 -0.000453098665953
2116 -0.000417680153193
2117 -0.000384561908304
2118 -0.000350061479156
2119 -0.000319272679399
2120 -0.00029221409183
2121 -0.000265801099151
2122 -0.000238900212842
2123 -0.000214207675852
2124 -0.000192499423737
2125 -0.000172287400437
2126 -0.000153241245533
2127 -0.000135889904921
2128 -0.000121501014711
2129 -0.000107549322851
2130 -9.41440096227e-05
2131 -8.36637711262e-05
2132 -7.40520092629e-05
2133 -6.44536700189e-05
2134 -5.62429815323e-05
2135 -4.90476532768e-05
2136 -4.2449474755e-05
2137 -3.67677334137e-05
2138 -3.17171379051e-05
2139 -2.7024838157e-05
2140 -2.29003105422e-05
2141 -1.92672829372e-05
2142 -1.59821604431e-05
2143 -1.30436685651e-05
2144 -1.03686760461e-05
2145 -8.0372754489e-06
2146 -6.00755785979e-06
2147 -4.21434979385e-06
2148 -2.62061444964e-06
2149 -1.21551385944e-06
2150 -0.000815710939741
2151 -0.000783895512463
2152 -0.000749104013308
2153 -0.000756234413227
2154 -0.000730816654646
2155 -0.000711159457886
2156 -0.000695492778023
2157 -0.00067999506246
2158 -0.000651450408244
2159 -0.000625244088912
2160 -0.000599032859301
2161 -0.000562587186617
2162 -0.000535646185353
2163 -0.000495126982615
2164 -0.000464492817902
2165 -0.00043207657636
2166 -0.000399186802416
2167 -0.000368483616482
2168 -0.000336566966024
2169 -0.000308068535965
2170 -0.000282950842185
2171 -0.000258391108804
2172 -0.000233248185689
2173 -0.00021004460364
2174 -0.000189617152152
2175 -0.000170543879243
2176 -0.000152477299028
2177 -0.000135901558935
2178 -0.000122189436874
2179 -0.000108765463667
2180 -9.57988771889e-05
2181 -8.56675337219e-05
2182 -7.63285396493e-05
2183 -6.69455596192e-05
2184 -5.88667063093e-05
2185 -5.17574766134e-05
2186 -4.51944797436e-05
2187 -3.95336325843e-05
2188 -3.44730695017e-05
2189 -2.97473068279e-05
2190 -2.55654724436e-05
2191 -2.18688011088e-05
2192 -1.85069165772e-05
2193 -1.54932364026e-05
2194 -1.27344955046e-05
2195 -1.03325461348e-05
2196 -8.2285868026e-06
2197 -6.36479958129e-06
2198 -4.6887321376e-06
2199 -3.19509258633e-06
2200 -0.000769885329994
2201 -0.000740229366127
2202 -0.000707643492075
2203 -0.000713785524297
2204 -0.000689803791966
2205 -0.000671029591647
2206 -0.000655550189041
2207 -0.000640483280748
2208 -0.000613420465785
2209 -0.000589012653403
2210 -0.000564654677926
2211 -0.000530680884548
2212 -0.000505793044223
2213 -0.000468199495025
2214 -0.000440169810334
2215 -0.000410301161677
2216 -0.000380090519115
2217 -0.000351795346285
2218 -0.000322454566789
2219 -0.000296189509232
2220 -0.000272939574658
2221 -0.000250220218954
2222 -0.000226745448937
2223 -0.000205090077954
2224 -0.000186012068168
2225 -0.000168029202959
2226 -0.000150982745442
2227 -0.000135183824036
2228 -0.000122148298951
2229 -0.000109306027905
2230 -9.68343393868e-05
2231 -8.70850293222e-05
2232 -7.80345302227e-05
2233 -6.8868660259e-05
2234 -6.09567266177e-05
2235 -5.39795526973e-05
2236 -4.74907046782e-05
2237 -4.18843214897e-05
2238 -3.68472068542e-05
2239 -3.21192101822e-05
2240 -2.7910162698e-05
2241 -2.4182081088e-05
2242 -2.07945519509e-05
2243 -1.77290647542e-05
2244 -1.49096234919e-05
2245 -1.24523099442e-05
2246 -1.02893877069e-05
2247 -8.36156542413e-06
2248 -6.61460095007e-06
2249 -5.04372677755e-06
2250 -0.000719864346521
2251 -0.000691673198798
2252 -0.000661966485224
2253 -0.000667527283299
2254 -0.000645126754745
2255 -0.000627835471848
2256 -0.000613246824611
2257 -0.000599178061725
2258 -0.000574171830102
2259 -0.000551838139547
2260 -0.000529472838207
2261 -0.000498211339615
2262 -0.000475482245452
2263 -0.000441075551027
2264 -0.000415569824185
2265 -0.00038829486656
2266 -0.000360601322816
2267 -0.00033473941142
2268 -0.00030782721707
2269 -0.000283750052566
2270 -0.00026235307429
2271 -0.000241479864427
2272 -0.000219713396006
2273 -0.000199574518647
2274 -0.000181877933246
2275 -0.000164988146723
2276 -0.000148940622663
2277 -0.000133904081923
2278 -0.00012151962299
2279 -0.000109242106776
2280 -9.72880969546e-05
2281 -8.79284492512e-05
2282 -7.91936238429e-05
2283 -7.03021557607e-05
2284 -6.25821733052e-05
2285 -5.57629935702e-05
2286 -4.937442828e-05
2287 -4.38551847342e-05
2288 -3.88665777476e-05
2289 -3.41605887213e-05
2290 -2.99664715399e-05
2291 -2.62538143865e-05
2292 -2.28510442396e-05
2293 -1.97595860691e-05
2294 -1.69022513373e-05
2295 -1.44041632725e-05
2296 -1.21928692175e-05
2297 -1.02080077978e-05
2298 -8.3927270158e-06
2299 -6.7513493212e-06
2300 -0.000668393446983
2301 -0.000642190433143
2302 -0.000615217255
2303 -0.000620197541682
2304 -0.000599916723503
2305 -0.000584157795598
2306 -0.000570607551377
2307 -0.000557875068818
2308 -0.000535027497218
2309 -0.000514952057564
2310 -0.000494534388019
2311 -0.000466065063203
2312 -0.000445594643533
2313 -0.000414311640684
2314 -0.000391274452396
2315 -0.000366528614889
2316 -0.000341438075387
2317 -0.00031786591506
2318 -0.00029339750935
2319 -0.000271349902741
2320 -0.000251805734654
2321 -0.000232627800005
2322 -0.000212461415249
2323 -0.00019371768396
2324 -0.000177211063402
2325 -0.000161396365337
2326 -0.000146300271468
2327 -0.000132102711861
2328 -0.000120390086933
2329 -0.000108749081261
2330 -9.7319518087e-05
2331 -8.83306621786e-05
2332 -7.99277887621e-05
2333 -7.13196803389e-05
2334 -6.38045540412e-05
2335 -5.71666927775e-05
2336 -5.08945255342e-05
2337 -4.55042043484e-05
2338 -4.06053033742e-05
2339 -3.59863462847e-05
2340 -3.18108044612e-05
2341 -2.81189265228e-05
2342 -2.47130627524e-05
2343 -2.16088771032e-05
2344 -1.87170498505e-05
2345 -1.61845376134e-05
2346 -1.39275268062e-05
2347 -1.1894216533e-05
2348 -1.0029453558e-05
2349 -8.32851364696e-06
2350 -0.000618277714869
2351 -0.000593856644035
2352 -0.00056906866139
2353 -0.000573974488478
2354 -0.00055543509591
2355 -0.000541260412871
2356 -0.000528971056559
2357 -0.00051767531445
2358 -0.000497012961283
2359 -0.000479189979558
2360 -0.000460982454509
2361 -0.000435191644458
2362 -0.000416919284349
2363 -0.000388572914601
2364 -0.000367892695261
2365 -0.000345568926837
2366 -0.000322874521423
2367 -0.000301488335216
2368 -0.000279212380175
2369 -0.000259155518353
2370 -0.000241312207086
2371 -0.000223685242236
2372 -0.00020506419995
2373 -0.000187652294828
2374 -0.000172283806315
2375 -0.00015749767658
2376 -0.000143349261752
2377 -0.000129899952547
2378 -0.000118851828392
2379 -0.000107816928185
2380 -9.68558329868e-05
2381 -8.82746496039e-05
2382 -8.02257840799e-05
2383 -7.19450871243e-05
2384 -6.46855234678e-05
2385 -5.82687575307e-05
2386 -5.21804149804e-05
2387 -4.68992752262e-05
2388 -4.20800242181e-05
2389 -3.75196059635e-05
2390 -3.33857943709e-05
2391 -2.9732761802e-05
2392 -2.63520482666e-05
2393 -2.32544268689e-05
2394 -2.03422559474e-05
2395 -1.77844558701e-05
2396 -1.54926436527e-05
2397 -1.3424781698e-05
2398 -1.15206218725e-05
2399 -9.76508095813e-06
2400 -0.000571021284133
2401 -0.000548499668125
2402 -0.000525647238856
2403 -0.000530510391143
2404 -0.0005138633256
2405 -0.00050115160259
2406 -0.000490070949263
2407 -0.000480094180817
2408 -0.000461492756496
2409 -0.000445651807261
2410 -0.000429480142849
2411 -0.000406143636475
2412 -0.000389905476996
2413 -0.000364226252997
2414 -0.000345672283692
2415 -0.000325575702373
2416 -0.0003049214987
2417 -0.00028556517995
2418 -0.000265396823188
2419 -0.000247026759664
2420 -0.000230668855551
2421 -0.000214491707501
2422 -0.000197336901361
2423 -0.000181172539747
2424 -0.000166924606381
2425 -0.00015309513034
2426 -0.000139870107708
2427 -0.000127212070442
2428 -0.000116808919671
2429 -0.000106370015098
2430 -9.59744418184e-05
2431 -8.78147708095e-05
2432 -8.01193594726e-05
2433 -7.21742719511e-05
2434 -6.51642803537e-05
2435 -5.90013557165e-05
2436 -5.30835691212e-05
2437 -4.79586195934e-05
2438 -4.32719728344e-05
2439 -3.8825797352e-05
2440 -3.47634437465e-05
2441 -3.1173656787e-05
2442 -2.78175161114e-05
2443 -2.47258859979e-05
2444 -2.18003830056e-05
2445 -1.92291684821e-05
2446 -1.69182077412e-05
2447 -1.48192618399e-05
2448 -1.28745294279e-05
2449 -1.10755444857e-05
2450 -0.0005263212613
2451 -0.000505455974217
2452 -0.000484779766276
2453 -0.000489420972189
2454 -0.000474443936926
2455 -0.000463163595275
2456 -0.000453295812066
2457 -0.000444620629188
2458 -0.000427899196589
2459 -0.000414074468808
2460 -0.000399618939717
2461 -0.000378702792584
2462 -0.000364298663129
2463 -0.000341171982124
2464 -0.000324671987901
2465 -0.000306645678612
2466 -0.000288030550696
2467 -0.000270517136687
2468 -0.000252228420202
2469 -0.000235586836747
2470 -0.000220672072492
2471 -0.000205839438516
2472 -0.000189947216685
2473 -0.000174935823984
2474 -0.000161717688444
2475 -0.000148802277508
2476 -0.000136400113158
2477 -0.000124413501563
2478 -0.000114588864346
2479 -0.000104673763303
2480 -9.47646499451e-05
2481 -8.70295481489e-05
2482 -7.9739547913e-05
2483 -7.21554345636e-05
2484 -6.54098119763e-05
2485 -5.94870408107e-05
2486 -5.37663090019e-05
2487 -4.88161008843e-05
2488 -4.42636805811e-05
2489 -3.9936831525e-05
2490 -3.59486521832e-05
2491 -3.24021511641e-05
2492 -2.90710546021e-05
2493 -2.59857483468e-05
2494 -2.30560064381e-05
2495 -2.04849094276e-05
2496 -1.81615452425e-05
2497 -1.6058545604e-05
2498 -1.40930795415e-05
2499 -1.22604732257e-05
