bias_lya*(1+beta_lya) beta_lya ap at alpha_lya SigmaNL_perp 1+f bao_amp bias_lls beta_lls L0_lls bias_gamma bias_prim lambda_uv Lpar_auto Lper_auto bias_qso growth_rate drp Lpar_cross Lper_cross qso_evol_0 qso_evol_1 sigma_velo_lorentz qso_rad_strength qso_rad_asymmetry qso_rad_lifetime qso_rad_decrease bias_Si3 beta_Si3 alpha_Si3 bias_Si2a beta_Si2a alpha_Si2a bias_Si2b beta_Si2b alpha_Si2b bias_Si2c beta_Si2c alpha_Si2c bias_CIVa beta_CIVa alpha_CIVa qso_metal_boost chi2
-0.353235444132 1.70221180334 1.11024439838 0.5 2.9 3.26 1.966 1.0 -0.0271767065886 0.795508077448 23.8081312361 0.0863552045504 -0.666666666667 300.0 4.0 4.0 3.65401308363 0.97076 -0.793895317659 4.0 4.0 0.53 0.289 4.757725122 0.573623615163 0.0 inf 300.0 -0.00368775042202 0.5 1.0 -0.00342199297755 0.5 1.0 -0.00297287135814 0.5 1.0 -0.00127160458987 0.5 1.0 -0.0255435067861 0.5 1.0 1.0 3869.64685256
-0.353233556902 1.7027350933 1.1086330311 0.505025125628 2.9 3.26 1.966 1.0 -0.0271772414643 0.795269481911 23.8044243931 0.0863088503908 -0.666666666667 300.0 4.0 4.0 3.65349946874 0.97076 -0.794020029377 4.0 4.0 0.53 0.289 4.75818242533 0.572913469285 0.0 inf 300.0 -0.00368956810959 0.5 1.0 -0.00342167557169 0.5 1.0 -0.00297176463346 0.5 1.0 -0.0012598508821 0.5 1.0 -0.0255527927536 0.5 1.0 1.0 3870.25217765
-0.353231472913 1.70329353168 1.10706728669 0.510050251256 2.9 3.26 1.966 1.0 -0.0271793290829 0.795030621001 23.8009515422 0.0862718316578 -0.666666666667 300.0 4.0 4.0 3.65294746849 0.97076 -0.79413733537 4.0 4.0 0.53 0.289 4.75867169781 0.572149455047 0.0 inf 300.0 -0.00369111924442 0.5 1.0 -0.00342136370016 0.5 1.0 -0.00297070890402 0.5 1.0 -0.00124845273792 0.5 1.0 -0.0255633500537 0.5 1.0 1.0 3870.91244987
-0.353229291733 1.7038858799 1.10555381115 0.515075376884 2.9 3.26 1.966 1.0 -0.0271830390167 0.794792587052 23.7977336369 0.086245534481 -0.666666666667 300.0 4.0 4.0 3.65235746373 0.97076 -0.794241719355 4.0 4.0 0.53 0.289 4.75919208664 0.571333072266 0.0 inf 300.0 -0.00369238817943 0.5 1.0 -0.00342105906833 0.5 1.0 -0.00296970880657 0.5 1.0 -0.00123746602066 0.5 1.0 -0.0255748678356 0.5 1.0 1.0 3871.62703422
-0.353227120628 1.70450988246 1.10410353626 0.520100502513 2.9 3.26 1.966 1.0 -0.0271884840368 0.794556356538 23.7948115168 0.0862323266445 -0.666666666667 300.0 4.0 4.0 3.65173181358 0.97076 -0.794327862691 4.0 4.0 0.53 0.289 4.75974091001 0.57046792497 0.0 inf 300.0 -0.00369334693123 0.5 1.0 -0.0034207626256 0.5 1.0 -0.00296877148602 0.5 1.0 -0.00122697772611 0.5 1.0 -0.0255873449949 0.5 1.0 1.0 3872.39431712
-0.353225045855 1.70516297542 1.10272232044 0.525125628141 2.9 3.26 1.966 1.0 -0.0271956314086 0.794323062875 23.7921750067 0.0862330950336 -0.666666666667 300.0 4.0 4.0 3.65107181684 0.97076 -0.794403352477 4.0 4.0 0.53 0.289 4.76031516024 0.569556663062 0.0 inf 300.0 -0.00369401468288 0.5 1.0 -0.00342047366746 0.5 1.0 -0.00296789855665 0.5 1.0 -0.00121703615521 0.5 1.0 -0.0256005534631 0.5 1.0 1.0 3873.2122971
-0.353223191825 1.70584151107 1.10142068708 0.530150753769 2.9 3.26 1.966 1.0 -0.0272044970595 0.794094072047 23.7898354895 0.0862496686797 -0.666666666667 300.0 4.0 4.0 3.65037957223 0.97076 -0.794470226184 4.0 4.0 0.53 0.289 4.76091037231 0.568603207739 0.0 inf 300.0 -0.00369439330975 0.5 1.0 -0.00342019151336 0.5 1.0 -0.00296709438741 0.5 1.0 -0.0012077245929 0.5 1.0 -0.0256142871437 0.5 1.0 1.0 3874.07824773
-0.353221685051 1.70654145387 1.10021020808 0.535175879397 2.9 3.26 1.966 1.0 -0.0272150970025 0.793871136827 23.7878076265 0.0862839088422 -0.666666666667 300.0 4.0 4.0 3.64965769318 0.97076 -0.794525096753 4.0 4.0 0.53 0.289 4.76152020446 0.567612380893 0.0 inf 300.0 -0.0036944802507 0.5 1.0 -0.00341991603628 0.5 1.0 -0.00296636324619 0.5 1.0 -0.00119913469616 0.5 1.0 -0.025628311836 0.5 1.0 1.0 3874.98892329
-0.353220659156 1.70725845917 1.09910221885 0.540201005025 2.9 3.26 1.966 1.0 -0.0272274199295 0.793656140324 23.7860998914 0.0863375602216 -0.666666666667 300.0 4.0 4.0 3.64890858096 0.97076 -0.794563033419 4.0 4.0 0.53 0.289 4.76213889546 0.566588816166 0.0 inf 300.0 -0.00369427797195 0.5 1.0 -0.0034196469111 0.5 1.0 -0.0029657083008 0.5 1.0 -0.00119135564966 0.5 1.0 -0.0256423701381 0.5 1.0 1.0 3875.94063445
-0.353220300628 1.707986276 1.09811913151 0.545226130653 2.9 3.26 1.966 1.0 -0.0272414768704 0.793451592893 23.784732217 0.0864132502031 -0.666666666667 300.0 4.0 4.0 3.64813466731 0.97076 -0.79458353632 4.0 4.0 0.53 0.289 4.76275724988 0.565537998223 0.0 inf 300.0 -0.00369378880153 0.5 1.0 -0.00341938248784 0.5 1.0 -0.00296513687455 0.5 1.0 -0.00118456401996 0.5 1.0 -0.0256561086871 0.5 1.0 1.0 3876.9286172
-0.35322068086 1.70872083487 1.0972605401 0.550251256281 2.9 3.26 1.966 1.0 -0.0272570568332 0.793258375542 23.7836544938 0.0865105111082 -0.666666666667 300.0 4.0 4.0 3.64733755178 0.97076 -0.79459281443 4.0 4.0 0.53 0.289 4.76337073518 0.564463224038 0.0 inf 300.0 -0.00369306636245 0.5 1.0 -0.00341912051352 0.5 1.0 -0.00296464248924 0.5 1.0 -0.00117875442525 0.5 1.0 -0.0256692778764 0.5 1.0 1.0 3877.94780096
-0.353221941263 1.709458339 1.09652651115 0.55527638191 2.9 3.26 1.966 1.0 -0.0272741383309 0.793078695348 23.7828909803 0.0866305474673 -0.666666666667 300.0 4.0 4.0 3.64651794026 0.97076 -0.794591027051 4.0 4.0 0.53 0.289 4.76397259079 0.563367299067 0.0 inf 300.0 -0.00369210095057 0.5 1.0 -0.0034188621402 0.5 1.0 -0.00296422703841 0.5 1.0 -0.00117392275719 0.5 1.0 -0.0256815427808 0.5 1.0 1.0 3878.99260408
-0.353224102323 1.71019111705 1.09594077191 0.560301507538 2.9 3.26 1.966 1.0 -0.0272923165581 0.792912012287 23.7823028664 0.086771876043 -0.666666666667 300.0 4.0 4.0 3.6456784067 0.97076 -0.794576750311 4.0 4.0 0.53 0.289 4.76455571995 0.562255405946 0.0 inf 300.0 -0.00369102246408 0.5 1.0 -0.00341860053456 0.5 1.0 -0.00296388029698 0.5 1.0 -0.00117026231788 0.5 1.0 -0.0256926659984 0.5 1.0 1.0 3880.0573175
-0.353227318375 1.71091411374 1.09550208875 0.565326633166 2.9 3.26 1.966 1.0 -0.0273115383344 0.792761214863 23.7819287019 0.0869355387384 -0.666666666667 300.0 4.0 4.0 3.64482066734 0.97076 -0.794547516571 4.0 4.0 0.53 0.289 4.76511232967 0.561131824365 0.0 inf 300.0 -0.00368981250518 0.5 1.0 -0.00341833702483 0.5 1.0 -0.0029636036155 0.5 1.0 -0.0011677584215 0.5 1.0 -0.0257022874282 0.5 1.0 1.0 3881.13408612
-0.353231617345 1.71162321902 1.09520441513 0.570351758794 2.9 3.26 1.966 1.0 -0.0273315196565 0.792626406093 23.7817067556 0.0871196685116 -0.666666666667 300.0 4.0 4.0 3.64394509848 0.97076 -0.794505120956 4.0 4.0 0.53 0.289 4.76563932106 0.559998386136 0.0 inf 300.0 -0.00368853018405 0.5 1.0 -0.00341807035282 0.5 1.0 -0.00296338725555 0.5 1.0 -0.00116636279097 0.5 1.0 -0.0257101497776 0.5 1.0 1.0 3882.21598923
-0.353237138222 1.71231063142 1.09507008551 0.575376884422 2.9 3.26 1.966 1.0 -0.0273521602305 0.792509718776 23.7816443086 0.0873254069092 -0.666666666667 300.0 4.0 4.0 3.64305548976 0.97076 -0.79444533966 4.0 4.0 0.53 0.289 4.76612570588 0.558862282663 0.0 inf 300.0 -0.00368718887035 0.5 1.0 -0.00341779875071 0.5 1.0 -0.00296323504575 0.5 1.0 -0.00116625327388 0.5 1.0 -0.025715857126 0.5 1.0 1.0 3883.29494657
-0.353243942332 1.71296844549 1.0950940185 0.58040201005 2.9 3.26 1.966 1.0 -0.0273731454124 0.792411095594 23.7816904502 0.0875511060339 -0.666666666667 300.0 4.0 4.0 3.64215616592 0.97076 -0.794373433761 4.0 4.0 0.53 0.289 4.76656367445 0.557731023613 0.0 inf 300.0 -0.00368584730849 0.5 1.0 -0.00341752026011 0.5 1.0 -0.00296313807821 0.5 1.0 -0.0011673903463 0.5 1.0 -0.0257190411385 0.5 1.0 1.0 3884.3604898
-0.35325202792 1.71359093551 1.0952654635 0.585427135678 2.9 3.26 1.966 1.0 -0.0273941462861 0.792329725838 23.7817869115 0.0877941294628 -0.666666666667 300.0 4.0 4.0 3.64125129679 0.97076 -0.794291469451 4.0 4.0 0.53 0.289 4.76695058189 0.556610773655 0.0 inf 300.0 -0.0036845627233 0.5 1.0 -0.00341723360496 0.5 1.0 -0.00296308487099 0.5 1.0 -0.00116969103536 0.5 1.0 -0.0257194468619 0.5 1.0 1.0 3885.40341932
-0.35326148976 1.71416799417 1.09558462282 0.590452261307 2.9 3.26 1.966 1.0 -0.0274149639273 0.792266096496 23.7819352531 0.0880540931128 -0.666666666667 300.0 4.0 4.0 3.64034910959 0.97076 -0.794190613112 4.0 4.0 0.53 0.289 4.76727785389 0.555514021388 0.0 inf 300.0 -0.00368334766491 0.5 1.0 -0.00341693946105 0.5 1.0 -0.00296307251277 0.5 1.0 -0.00117315986165 0.5 1.0 -0.02571670767 0.5 1.0 1.0 3886.4119802
-0.353272481158 1.71468876194 1.09606156404 0.595477386935 2.9 3.26 1.966 1.0 -0.0274355061029 0.792220512616 23.7821642888 0.0883317661607 -0.666666666667 300.0 4.0 4.0 3.63945958678 0.97076 -0.794074716048 4.0 4.0 0.53 0.289 4.76753364648 0.554455759875 0.0 inf 300.0 -0.00368220019858 0.5 1.0 -0.00341663687741 0.5 1.0 -0.00296310471494 0.5 1.0 -0.00117787873761 0.5 1.0 -0.0257102556173 0.5 1.0 1.0 3887.37459741
-0.353284993582 1.71514165953 1.0966885802 0.600502512563 2.9 3.26 1.966 1.0 -0.0274554068976 0.79219212842 23.7824425652 0.088625239923 -0.666666666667 300.0 4.0 4.0 3.63859606429 0.97076 -0.79394449244 4.0 4.0 0.53 0.289 4.76771107484 0.553453273119 0.0 inf 300.0 -0.00368116850863 0.5 1.0 -0.00341632396417 0.5 1.0 -0.00296317214759 0.5 1.0 -0.00118379101116 0.5 1.0 -0.0257001207467 0.5 1.0 1.0 3888.27795721
-0.353299113061 1.71551604671 1.09744126683 0.605527638191 2.9 3.26 1.966 1.0 -0.0274744943171 0.792179731179 23.7827926635 0.0889333926646 -0.666666666667 300.0 4.0 4.0 3.63777183047 0.97076 -0.793790272632 4.0 4.0 0.53 0.289 4.7678037236 0.552524967581 0.0 inf 300.0 -0.00368023832368 0.5 1.0 -0.00341600403409 0.5 1.0 -0.00296326837752 0.5 1.0 -0.0011907047198 0.5 1.0 -0.0256858246291 0.5 1.0 1.0 3889.10828025
-0.353314871365 1.71580075695 1.09829988629 0.610552763819 2.9 3.26 1.966 1.0 -0.027492564473 0.792181585158 23.7832247888 0.0892550711082 -0.666666666667 300.0 4.0 4.0 3.63700337779 0.97076 -0.793618576247 4.0 4.0 0.53 0.289 4.76780334379 0.551692236138 0.0 inf 300.0 -0.00367941648572 0.5 1.0 -0.00341567711535 0.5 1.0 -0.00296338759768 0.5 1.0 -0.00119846398015 0.5 1.0 -0.0256671333323 0.5 1.0 1.0 3889.85225274
-0.353332417992 1.71598166961 1.09927049673 0.615577889447 2.9 3.26 1.966 1.0 -0.0275095963534 0.792197756843 23.7838095277 0.0895921383241 -0.666666666667 300.0 4.0 4.0 3.63630882722 0.97076 -0.79343006705 4.0 4.0 0.53 0.289 4.76769697058 0.550979530511 0.0 inf 300.0 -0.00367866861961 0.5 1.0 -0.0034153433758 0.5 1.0 -0.00296353687182 0.5 1.0 -0.00120711769756 0.5 1.0 -0.0256437051664 0.5 1.0 1.0 3890.49659911
-0.353351853868 1.71604624511 1.10033894818 0.620603015075 2.9 3.26 1.966 1.0 -0.0275255463876 0.792227230952 23.7846098269 0.0899453146927 -0.666666666667 300.0 4.0 4.0 3.63570673899 0.97076 -0.793217383985 4.0 4.0 0.53 0.289 4.76747478375 0.550411413348 0.0 inf 300.0 -0.00367795334379 0.5 1.0 -0.00341500577932 0.5 1.0 -0.00296371747741 0.5 1.0 -0.00121655332735 0.5 1.0 -0.0256152661195 0.5 1.0 1.0 3891.02764644
-0.353373163773 1.71598585235 1.10147036704 0.625628140704 2.9 3.26 1.966 1.0 -0.0275402616831 0.792267429476 23.7856394108 0.0903130600098 -0.666666666667 300.0 4.0 4.0 3.63521492193 0.97076 -0.792982310714 4.0 4.0 0.53 0.289 4.76713162579 0.550009995265 0.0 inf 300.0 -0.00367726141767 0.5 1.0 -0.00341466614069 0.5 1.0 -0.00296392105473 0.5 1.0 -0.00122649187586 0.5 1.0 -0.0255817195172 0.5 1.0 1.0 3891.43324481
-0.353396374467 1.7157920225 1.10264681591 0.630653266332 2.9 3.26 1.966 1.0 -0.0275537159736 0.792316840181 23.7869421338 0.0906954902064 -0.666666666667 300.0 4.0 4.0 3.63484981031 0.97076 -0.792728094128 4.0 4.0 0.53 0.289 4.76666028471 0.549795969235 0.0 inf 300.0 -0.00367656398871 0.5 1.0 -0.00341432601302 0.5 1.0 -0.00296414735992 0.5 1.0 -0.00123678852647 0.5 1.0 -0.025542978821 0.5 1.0 1.0 3891.70328882
-0.353421548636 1.71545614033 1.10385696007 0.63567839196 2.9 3.26 1.966 1.0 -0.0275659793865 0.792374330609 23.7885862488 0.0910938806505 -0.666666666667 300.0 4.0 4.0 3.63462746242 0.97076 -0.792456988201 4.0 4.0 0.53 0.289 4.76605146123 0.549789989157 0.0 inf 300.0 -0.00367581341107 0.5 1.0 -0.00341398790299 0.5 1.0 -0.00296440099057 0.5 1.0 -0.00124735004074 0.5 1.0 -0.0254989523275 0.5 1.0 1.0 3891.82811111
-0.353481483263 1.71557475682 1.10505772764 0.640703517588 2.9 3.26 1.966 1.0 -0.0276164650603 0.791425650598 23.8012870691 0.0918025670825 -0.666666666667 300.0 4.0 4.0 3.63447074834 0.97076 -0.791915583618 4.0 4.0 0.53 0.289 4.76585124622 0.54998788216 0.0 inf 300.0 -0.00366688666832 0.5 1.0 -0.00341394381309 0.5 1.0 -0.00296629680653 0.5 1.0 -0.00125674830817 0.5 1.0 -0.0254266925155 0.5 1.0 1.0 3891.80200855
-0.353508076085 1.71491019058 1.10629340118 0.645728643216 2.9 3.26 1.966 1.0 -0.0276238443262 0.791499710416 23.8031422709 0.0922021378514 -0.666666666667 300.0 4.0 4.0 3.63461081442 0.97076 -0.791609889892 4.0 4.0 0.53 0.289 4.76493036782 0.550484224108 0.0 inf 300.0 -0.00366633456894 0.5 1.0 -0.00341354269323 0.5 1.0 -0.00296651018332 0.5 1.0 -0.00126763759775 0.5 1.0 -0.0253745271536 0.5 1.0 1.0 3891.61911656
-0.353536546435 1.71410032694 1.10751827417 0.650753768844 2.9 3.26 1.966 1.0 -0.0276302553274 0.791582531347 23.8054281613 0.0926184193013 -0.666666666667 300.0 4.0 4.0 3.63491959665 0.97076 -0.791293747289 4.0 4.0 0.53 0.289 4.76385996286 0.551219163423 0.0 inf 300.0 -0.00366564973727 0.5 1.0 -0.00341315500559 0.5 1.0 -0.00296674823512 0.5 1.0 -0.00127840224181 0.5 1.0 -0.0253174700943 0.5 1.0 1.0 3891.27785998
-0.353566711485 1.71315132814 1.10871509341 0.655778894472 2.9 3.26 1.966 1.0 -0.027635737443 0.791673540892 23.8081391555 0.093050105282 -0.666666666667 300.0 4.0 4.0 3.63540082742 0.97076 -0.790972952592 4.0 4.0 0.53 0.289 4.76264746601 0.55219503057 0.0 inf 300.0 -0.0036648170853 0.5 1.0 -0.00341278103725 0.5 1.0 -0.00296700528696 0.5 1.0 -0.00128889299717 0.5 1.0 -0.0252557756361 0.5 1.0 1.0 3890.77934857
-0.353598438829 1.71206829843 1.10984675927 0.660804020101 2.9 3.26 1.966 1.0 -0.0276403889056 0.791764880373 23.8112804759 0.0934950389497 -0.666666666667 300.0 4.0 4.0 3.63605517102 0.97076 -0.790646235419 4.0 4.0 0.53 0.289 4.76129996728 0.553409663638 0.0 inf 300.0 -0.00366381240712 0.5 1.0 -0.00341242506265 0.5 1.0 -0.00296728863722 0.5 1.0 -0.00129886360659 0.5 1.0 -0.0251898638593 0.5 1.0 1.0 3890.12521013
-0.353631535522 1.71086201813 1.11088962633 0.665829145729 2.9 3.26 1.966 1.0 -0.0276442964661 0.791853596712 23.8148273985 0.0939505348 -0.666666666667 300.0 4.0 4.0 3.63687903484 0.97076 -0.790316538172 4.0 4.0 0.53 0.289 4.75982194639 0.554855017645 0.0 inf 300.0 -0.00366263395163 0.5 1.0 -0.00341209319994 0.5 1.0 -0.00296759440367 0.5 1.0 -0.00130814971647 0.5 1.0 -0.025120293504 0.5 1.0 1.0 3889.32202185
-0.353665886002 1.70953966283 1.11186391422 0.670854271357 2.9 3.26 1.966 1.0 -0.0276476316742 0.791943579678 23.8187841779 0.0944172074722 -0.666666666667 300.0 4.0 4.0 3.63786928611 0.97076 -0.789990851069 4.0 4.0 0.53 0.289 4.75821489382 0.556524133575 0.0 inf 300.0 -0.00366127284639 0.5 1.0 -0.00341178862591 0.5 1.0 -0.00296792812824 0.5 1.0 -0.00131691182562 0.5 1.0 -0.0250475795074 0.5 1.0 1.0 3888.37738085
-0.353701340592 1.70811603928 1.11276968239 0.675879396985 2.9 3.26 1.966 1.0 -0.0276504538594 0.792036921722 23.8231311039 0.0948929486439 -0.666666666667 300.0 4.0 4.0 3.63901585974 0.97076 -0.789673802147 4.0 4.0 0.53 0.289 4.75648683315 0.55840366889 0.0 inf 300.0 -0.00365973084364 0.5 1.0 -0.00341150696375 0.5 1.0 -0.0029682738209 0.5 1.0 -0.00132509849673 0.5 1.0 -0.0249719957327 0.5 1.0 1.0 3887.29934989
-0.353722700675 1.70624474193 1.1136183749 0.680904522613 2.9 3.26 1.966 1.0 -0.0276339621926 0.793008681922 23.8223178695 0.0952994878401 -0.666666666667 300.0 4.0 4.0 3.6401779948 0.97076 -0.789584877495 4.0 4.0 0.53 0.289 4.75430976209 0.560271483589 0.0 inf 300.0 -0.0036623385557 0.5 1.0 -0.00341140189796 0.5 1.0 -0.00296782056991 0.5 1.0 -0.0013330666631 0.5 1.0 -0.0249014193506 0.5 1.0 1.0 3886.09876491
-0.353761220832 1.70469010097 1.11431847995 0.685929648241 2.9 3.26 1.966 1.0 -0.0276380377095 0.793063888169 23.8278688875 0.0958039384854 -0.666666666667 300.0 4.0 4.0 3.64159057386 0.97076 -0.789291875787 4.0 4.0 0.53 0.289 4.75242045264 0.562505156703 0.0 inf 300.0 -0.00366002603803 0.5 1.0 -0.00341119633229 0.5 1.0 -0.00296826410993 0.5 1.0 -0.00133952398347 0.5 1.0 -0.0248205911772 0.5 1.0 1.0 3884.78776831
-0.353799939686 1.70307777605 1.11491030912 0.690954773869 2.9 3.26 1.966 1.0 -0.0276416486125 0.7931122684 23.8336422836 0.0963072639241 -0.666666666667 300.0 4.0 4.0 3.64312665605 0.97076 -0.789013880592 4.0 4.0 0.53 0.289 4.7504554371 0.564896197288 0.0 inf 300.0 -0.00365758392376 0.5 1.0 -0.00341101096596 0.5 1.0 -0.00296870369237 0.5 1.0 -0.00134513482688 0.5 1.0 -0.024738848992 0.5 1.0 1.0 3883.37888654
-0.353838616372 1.7014225277 1.11538781692 0.695979899497 2.9 3.26 1.966 1.0 -0.0276447891796 0.793152927487 23.8395716294 0.0968065380137 -0.666666666667 300.0 4.0 4.0 3.64477300666 0.97076 -0.788760716195 4.0 4.0 0.53 0.289 4.74842929318 0.567424365764 0.0 inf 300.0 -0.00365504874546 0.5 1.0 -0.00341084431834 0.5 1.0 -0.00296913207516 0.5 1.0 -0.00134985628304 0.5 1.0 -0.0246567591341 0.5 1.0 1.0 3881.88487852
-0.353877025262 1.69973870712 1.11574743925 0.701005025126 2.9 3.26 1.966 1.0 -0.027647458619 0.793185524817 23.8455962049 0.0972990187366 -0.666666666667 300.0 4.0 4.0 3.64651537936 0.97076 -0.788532826941 4.0 4.0 0.53 0.289 4.74635725273 0.570068475835 0.0 inf 300.0 -0.00365244869247 0.5 1.0 -0.00341069567799 0.5 1.0 -0.00296954228393 0.5 1.0 -0.0013536655793 0.5 1.0 -0.0245748527332 0.5 1.0 1.0 3880.31899002
-0.353914983947 1.69803924505 1.11599711185 0.706030150754 2.9 3.26 1.966 1.0 -0.0276496983418 0.793210196582 23.8516691538 0.0977829460106 -0.666666666667 300.0 4.0 4.0 3.64833949629 0.97076 -0.788331877235 4.0 4.0 0.53 0.289 4.744253765 0.572807644404 0.0 inf 300.0 -0.00364980552212 0.5 1.0 -0.00341056328909 0.5 1.0 -0.00296993231891 0.5 1.0 -0.00135662923151 0.5 1.0 -0.024493625508 0.5 1.0 1.0 3878.694723
-0.353952326472 1.69633574027 1.11613896444 0.711055276382 2.9 3.26 1.966 1.0 -0.0276515130988 0.793226865406 23.8577391853 0.0982564337174 -0.666666666667 300.0 4.0 4.0 3.65023196038 0.97076 -0.788162048412 4.0 4.0 0.53 0.289 4.74213179799 0.575622491642 0.0 inf 300.0 -0.00364714745704 0.5 1.0 -0.00341044521674 0.5 1.0 -0.00297029814971 0.5 1.0 -0.00135876706842 0.5 1.0 -0.0244135139602 0.5 1.0 1.0 3877.02410691
-0.35398887264 1.69464026166 1.1161710251 0.71608040201 2.9 3.26 1.966 1.0 -0.0276528715627 0.79323544932 23.8637462988 0.098717087432 -0.666666666667 300.0 4.0 4.0 3.65217889207 0.97076 -0.788024417477 4.0 4.0 0.53 0.289 4.74000615794 0.578492806742 0.0 inf 300.0 -0.00364450693627 0.5 1.0 -0.00341033967282 0.5 1.0 -0.00297063287653 0.5 1.0 -0.00136006678206 0.5 1.0 -0.0243349494573 0.5 1.0 1.0 3875.3195403
-0.354024474559 1.69296308353 1.11609565099 0.721105527638 2.9 3.26 1.966 1.0 -0.0276537586298 0.793236325823 23.8696430387 0.0991631280329 -0.666666666667 300.0 4.0 4.0 3.6541676589 0.97076 -0.787917269358 4.0 4.0 0.53 0.289 4.73788963917 0.581400395636 0.0 inf 300.0 -0.00364190841519 0.5 1.0 -0.00341024476322 0.5 1.0 -0.00297093172806 0.5 1.0 -0.00136054925226 0.5 1.0 -0.0242583147015 0.5 1.0 1.0 3873.59263486
-0.354033554499 1.69126629705 1.11597953402 0.726130653266 2.9 3.26 1.966 1.0 -0.0276728774499 0.79185571938 23.881009831 0.0993664185443 -0.666666666667 300.0 4.0 4.0 3.65667184967 0.97076 -0.787682721919 4.0 4.0 0.53 0.289 4.73468434353 0.584929704971 0.0 inf 300.0 -0.00363360795945 0.5 1.0 -0.00340952178243 0.5 1.0 -0.0029713240205 0.5 1.0 -0.001362481801 0.5 1.0 -0.0242084645409 0.5 1.0 1.0 3871.8537363
-0.354069131684 1.68961743651 1.11569298122 0.731155778894 2.9 3.26 1.966 1.0 -0.0276703866701 0.79184771775 23.8858946995 0.0997749706349 -0.666666666667 300.0 4.0 4.0 3.65864515946 0.97076 -0.787666540874 4.0 4.0 0.53 0.289 4.73262513033 0.58783736932 0.0 inf 300.0 -0.0036317624097 0.5 1.0 -0.00340963175605 0.5 1.0 -0.00297158137905 0.5 1.0 -0.0013613338923 0.5 1.0 -0.0241333047499 0.5 1.0 1.0 3870.11234161
-0.354103479477 1.68801596499 1.11531072411 0.736180904523 2.9 3.26 1.966 1.0 -0.0276677416337 0.791836080333 23.8905547692 0.100167605204 -0.666666666667 300.0 4.0 4.0 3.66062712678 0.97076 -0.78767945697 4.0 4.0 0.53 0.289 4.73059325891 0.590740374908 0.0 inf 300.0 -0.0036299784124 0.5 1.0 -0.00340978477295 0.5 1.0 -0.00297179338968 0.5 1.0 -0.0013594559032 0.5 1.0 -0.0240605273952 0.5 1.0 1.0 3868.37771948
-0.354136495256 1.68646612192 1.11483587698 0.741206030151 2.9 3.26 1.966 1.0 -0.0276649238604 0.791824707469 23.8949796172 0.100544081294 -0.666666666667 300.0 4.0 4.0 3.66261089729 0.97076 -0.787722484767 4.0 4.0 0.53 0.289 4.72860088347 0.593625325614 0.0 inf 300.0 -0.00362827147946 0.5 1.0 -0.00340996527226 0.5 1.0 -0.00297195709099 0.5 1.0 -0.00135688490758 0.5 1.0 -0.0239904642488 0.5 1.0 1.0 3866.65696215
-0.354168157149 1.68497305321 1.11426953647 0.746231155779 2.9 3.26 1.966 1.0 -0.0276619164449 0.791815469605 23.8991313328 0.100903501784 -0.666666666667 300.0 4.0 4.0 3.66458647393 0.97076 -0.787789943418 4.0 4.0 0.53 0.289 4.72665365114 0.596481198707 0.0 inf 300.0 -0.00362665010336 0.5 1.0 -0.0034101833173 0.5 1.0 -0.00297206749611 0.5 1.0 -0.00135362170622 0.5 1.0 -0.0239231258042 0.5 1.0 1.0 3864.95690407
-0.354196400235 1.68355482626 1.11361373143 0.751256281407 2.9 3.26 1.966 1.0 -0.0276585387354 0.791870957132 23.9037750177 0.101253181349 -0.666666666667 300.0 4.0 4.0 3.66664199079 0.97076 -0.787848109743 4.0 4.0 0.53 0.289 4.72484998217 0.599285666402 0.0 inf 300.0 -0.00362506213197 0.5 1.0 -0.003409803641 0.5 1.0 -0.00297183697118 0.5 1.0 -0.00134957575845 0.5 1.0 -0.0238624360625 0.5 1.0 1.0 3863.28358432
-0.354224820586 1.68218154285 1.1128829176 0.756281407035 2.9 3.26 1.966 1.0 -0.0276549726465 0.791874761644 23.9076589149 0.10158251921 -0.666666666667 300.0 4.0 4.0 3.66860721964 0.97076 -0.78794732159 4.0 4.0 0.53 0.289 4.7230763586 0.602034322316 0.0 inf 300.0 -0.00362366723111 0.5 1.0 -0.00340979326917 0.5 1.0 -0.00297176240606 0.5 1.0 -0.00134500728659 0.5 1.0 -0.0238027968782 0.5 1.0 1.0 3861.64140779
-0.354252115749 1.68086387566 1.11207953422 0.761306532663 2.9 3.26 1.966 1.0 -0.0276511354371 0.791874686533 23.9112538386 0.101897344892 -0.666666666667 300.0 4.0 4.0 3.67054437918 0.97076 -0.788065740266 4.0 4.0 0.53 0.289 4.72137165449 0.604727019866 0.0 inf 300.0 -0.00362239313108 0.5 1.0 -0.00340976211775 0.5 1.0 -0.00297163689504 0.5 1.0 -0.00133989103784 0.5 1.0 -0.0237463801962 0.5 1.0 1.0 3860.0342608
-0.354276094005 1.67965342644 1.11126684873 0.766331658291 2.9 3.26 1.966 1.0 -0.0276478294401 0.791996943902 23.9148054631 0.102185265944 -0.666666666667 300.0 4.0 4.0 3.67245598117 0.97076 -0.788167152573 4.0 4.0 0.53 0.289 4.71944467794 0.607441206417 0.0 inf 300.0 -0.00362080223713 0.5 1.0 -0.00341013299148 0.5 1.0 -0.00297120512503 0.5 1.0 -0.00133461987329 0.5 1.0 -0.0236857362293 0.5 1.0 1.0 3858.46558211
-0.354301200721 1.67844109067 1.11033240249 0.77135678392 2.9 3.26 1.966 1.0 -0.0276435351717 0.791978916538 23.9178447828 0.102472539136 -0.666666666667 300.0 4.0 4.0 3.67431378661 0.97076 -0.788322756518 4.0 4.0 0.53 0.289 4.71791967025 0.609983765233 0.0 inf 300.0 -0.003619784656 0.5 1.0 -0.00341003669133 0.5 1.0 -0.00297105524607 0.5 1.0 -0.00132847385898 0.5 1.0 -0.023636820638 0.5 1.0 1.0 3856.93725688
-0.354337438558 1.67734785846 1.10925220452 0.776381909548 2.9 3.26 1.966 1.0 -0.0276327330462 0.792883505764 23.9190827903 0.102929804813 -0.666666666667 300.0 4.0 4.0 3.67590847163 0.97076 -0.788532640471 4.0 4.0 0.53 0.289 4.71761446468 0.611948350698 0.0 inf 300.0 -0.00362064530871 0.5 1.0 -0.00340941382115 0.5 1.0 -0.00297135449054 0.5 1.0 -0.00132030854703 0.5 1.0 -0.0235983032606 0.5 1.0 1.0 3855.45084707
-0.354359040931 1.67623358583 1.10821575603 0.781407035176 2.9 3.26 1.966 1.0 -0.0276285144688 0.792835856805 23.9219045951 0.103177826436 -0.666666666667 300.0 4.0 4.0 3.67768513478 0.97076 -0.788700018171 4.0 4.0 0.53 0.289 4.71614605506 0.614366159977 0.0 inf 300.0 -0.00361953103361 0.5 1.0 -0.00340932821234 0.5 1.0 -0.00297115298287 0.5 1.0 -0.00131350801526 0.5 1.0 -0.0235562608704 0.5 1.0 1.0 3854.00802094
-0.354379764364 1.67516611625 1.10713039044 0.786432160804 2.9 3.26 1.966 1.0 -0.0276240777563 0.792788410242 23.9244717649 0.103414549065 -0.666666666667 300.0 4.0 4.0 3.6794084548 0.97076 -0.78887694941 4.0 4.0 0.53 0.289 4.71473942055 0.616703933813 0.0 inf 300.0 -0.00361853899385 0.5 1.0 -0.0034092396253 0.5 1.0 -0.00297092289439 0.5 1.0 -0.00130633355821 0.5 1.0 -0.0235169367313 0.5 1.0 1.0 3852.60915845
-0.354399677669 1.67414333237 1.10599524044 0.791457286432 2.9 3.26 1.966 1.0 -0.0276194642545 0.792741645939 23.9267977082 0.103641058743 -0.666666666667 300.0 4.0 4.0 3.68107650719 0.97076 -0.789057549892 4.0 4.0 0.53 0.289 4.71339206904 0.618960662062 0.0 inf 300.0 -0.00361765757321 0.5 1.0 -0.00340914879436 0.5 1.0 -0.00297066575639 0.5 1.0 -0.00129877698604 0.5 1.0 -0.0234802175591 0.5 1.0 1.0 3851.25430685
-0.354418852085 1.67316282473 1.10481491462 0.79648241206 2.9 3.26 1.966 1.0 -0.0276147094446 0.792695913159 23.9288930441 0.103858529598 -0.666666666667 300.0 4.0 4.0 3.68268733874 0.97076 -0.789241312562 4.0 4.0 0.53 0.289 4.71210131918 0.621135254246 0.0 inf 300.0 -0.00361688275247 0.5 1.0 -0.0034090555796 0.5 1.0 -0.00297038469869 0.5 1.0 -0.00129087324758 0.5 1.0 -0.0234459768532 0.5 1.0 1.0 3849.94392673
-0.354437375114 1.67222185664 1.10359538185 0.801507537688 2.9 3.26 1.966 1.0 -0.02760987842 0.792651795841 23.9307788016 0.104068449631 -0.666666666667 300.0 4.0 4.0 3.68423884799 0.97076 -0.789426197824 4.0 4.0 0.53 0.289 4.71086363268 0.623226778418 0.0 inf 300.0 -0.00361620107187 0.5 1.0 -0.00340896061126 0.5 1.0 -0.00297008442023 0.5 1.0 -0.00128266850684 0.5 1.0 -0.0234140843416 0.5 1.0 1.0 3848.67803099
-0.354455311584 1.67131812564 1.10233874695 0.806532663317 2.9 3.26 1.966 1.0 -0.0276050110547 0.792609572454 23.9324701459 0.104271844456 -0.666666666667 300.0 4.0 4.0 3.68573014243 0.97076 -0.789609175939 4.0 4.0 0.53 0.289 4.7096756218 0.625235453442 0.0 inf 300.0 -0.00361560257537 0.5 1.0 -0.00340886428742 0.5 1.0 -0.0029697673278 0.5 1.0 -0.00127417902505 0.5 1.0 -0.0233844164357 0.5 1.0 1.0 3847.4563127
-0.354450081522 1.67051993937 1.10100043383 0.811557788945 2.9 3.26 1.966 1.0 -0.0276119838505 0.792890585445 23.9383753562 0.104297447168 -0.666666666667 300.0 4.0 4.0 3.68779242278 0.97076 -0.78955178701 4.0 4.0 0.53 0.289 4.70696526023 0.628308624214 0.0 inf 300.0 -0.00360768411448 0.5 1.0 -0.00341173199496 0.5 1.0 -0.00296927242716 0.5 1.0 -0.00126641719929 0.5 1.0 -0.0233414787347 0.5 1.0 1.0 3846.27893304
-0.354468817662 1.66968015002 1.09968280412 0.816582914573 2.9 3.26 1.966 1.0 -0.0276068051278 0.792849809753 23.9396413209 0.104510222196 -0.666666666667 300.0 4.0 4.0 3.68914912109 0.97076 -0.789738141169 4.0 4.0 0.53 0.289 4.7059867831 0.630116650936 0.0 inf 300.0 -0.00360752512985 0.5 1.0 -0.00341147842999 0.5 1.0 -0.00296898338638 0.5 1.0 -0.00125770531424 0.5 1.0 -0.023315798366 0.5 1.0 1.0 3845.14541105
-0.35450639136 1.66881285405 1.09836115371 0.821608040201 2.9 3.26 1.966 1.0 -0.0275908392606 0.792498525943 23.9366013473 0.104853909173 -0.666666666667 300.0 4.0 4.0 3.68982805629 0.97076 -0.790135557323 4.0 4.0 0.53 0.289 4.70637785438 0.630760625515 0.0 inf 300.0 -0.00361413428409 0.5 1.0 -0.00340857316839 0.5 1.0 -0.00296874629764 0.5 1.0 -0.00124711372198 0.5 1.0 -0.0233067388121 0.5 1.0 1.0 3844.05623203
-0.354522415078 1.66804269638 1.0969713415 0.826633165829 2.9 3.26 1.966 1.0 -0.0275860765375 0.792464349298 23.9375841023 0.105037905699 -0.666666666667 300.0 4.0 4.0 3.69106590402 0.97076 -0.790303548275 4.0 4.0 0.53 0.289 4.70536331577 0.632432403839 0.0 inf 300.0 -0.00361383298166 0.5 1.0 -0.00340847205671 0.5 1.0 -0.00296837622476 0.5 1.0 -0.00123760862154 0.5 1.0 -0.0232850218588 0.5 1.0 1.0 3843.01246471
-0.354538059764 1.66730317515 1.09555751872 0.831658291457 2.9 3.26 1.966 1.0 -0.0275814406101 0.792432343401 23.9384192063 0.105218660206 -0.666666666667 300.0 4.0 4.0 3.69223721403 0.97076 -0.790463667097 4.0 4.0 0.53 0.289 4.70438660235 0.634018332201 0.0 inf 300.0 -0.0036135852808 0.5 1.0 -0.00340837082037 0.5 1.0 -0.00296799890409 0.5 1.0 -0.00122792605198 0.5 1.0 -0.0232650070718 0.5 1.0 1.0 3842.01421896
-0.354553503871 1.6665923005 1.09412061553 0.836683417085 2.9 3.26 1.966 1.0 -0.0275770013637 0.792404443024 23.9391625299 0.105397212351 -0.666666666667 300.0 4.0 4.0 3.69334032672 0.97076 -0.790614967209 4.0 4.0 0.53 0.289 4.70344661644 0.635518922137 0.0 inf 300.0 -0.00361334973556 0.5 1.0 -0.00340826914997 0.5 1.0 -0.00296761712381 0.5 1.0 -0.0012180719836 0.5 1.0 -0.0232465940864 0.5 1.0 1.0 3841.06204195
-0.354568355071 1.66591537039 1.09265922104 0.841708542714 2.9 3.26 1.966 1.0 -0.0275726078419 0.79237543603 23.9396796912 0.105570856182 -0.666666666667 300.0 4.0 4.0 3.69437388604 0.97076 -0.790761266115 4.0 4.0 0.53 0.289 4.70254451965 0.636927766562 0.0 inf 300.0 -0.00361322576353 0.5 1.0 -0.00340816633248 0.5 1.0 -0.00296722272559 0.5 1.0 -0.00120804475017 0.5 1.0 -0.0232298488008 0.5 1.0 1.0 3840.15761627
-0.354582815522 1.66527067591 1.09117741568 0.846733668342 2.9 3.26 1.966 1.0 -0.0275683569776 0.792347580721 23.9400404458 0.105740776305 -0.666666666667 300.0 4.0 4.0 3.69533553512 0.97076 -0.790900820782 4.0 4.0 0.53 0.289 4.70168002892 0.638244739125 0.0 inf 300.0 -0.00361316163576 0.5 1.0 -0.00340806262203 0.5 1.0 -0.00296682037571 0.5 1.0 -0.00119787575346 0.5 1.0 -0.0232146859164 0.5 1.0 1.0 3839.30215093
-0.354596878241 1.66465883473 1.08967632231 0.85175879397 2.9 3.26 1.966 1.0 -0.027564262401 0.7923205694 23.9402460123 0.105906821654 -0.666666666667 300.0 4.0 4.0 3.69622415191 0.97076 -0.791032237228 4.0 4.0 0.53 0.289 4.70085335378 0.639468521304 0.0 inf 300.0 -0.00361315497995 0.5 1.0 -0.00340795805569 0.5 1.0 -0.00296640997548 0.5 1.0 -0.00118757674486 0.5 1.0 -0.0232010596907 0.5 1.0 1.0 3838.49660027
-0.35460657775 1.66365179245 1.08818175279 0.856783919598 2.9 3.26 1.966 1.0 -0.0275647026569 0.79263924243 23.9489560003 0.106157062241 -0.666666666667 300.0 4.0 4.0 3.6980951267 0.97076 -0.790954886314 4.0 4.0 0.53 0.289 4.70051818544 0.641899224647 0.0 inf 300.0 -0.00360611420211 0.5 1.0 -0.00340608361502 0.5 1.0 -0.00296696057873 0.5 1.0 -0.00117693570078 0.5 1.0 -0.0232389985292 0.5 1.0 1.0 3837.74307948
-0.354622563048 1.66314478408 1.08664957644 0.861809045226 2.9 3.26 1.966 1.0 -0.0275602555283 0.7925803242 23.947799413 0.106323454092 -0.666666666667 300.0 4.0 4.0 3.6986833738 0.97076 -0.791105646539 4.0 4.0 0.53 0.289 4.69969108605 0.642756441386 0.0 inf 300.0 -0.00360745179996 0.5 1.0 -0.00340615000658 0.5 1.0 -0.00296635564558 0.5 1.0 -0.00116646043239 0.5 1.0 -0.0232177823994 0.5 1.0 1.0 3837.04291525
-0.354636242137 1.66303304886 1.08509158678 0.866834170854 2.9 3.26 1.966 1.0 -0.0275525437323 0.792240396871 23.9397159142 0.106375400318 -0.666666666667 300.0 4.0 4.0 3.6984334235 0.97076 -0.791404034109 4.0 4.0 0.53 0.289 4.69861805579 0.642553003095 0.0 inf 300.0 -0.00361365875747 0.5 1.0 -0.00340762331924 0.5 1.0 -0.002965111634 0.5 1.0 -0.00115619549862 0.5 1.0 -0.0231698815851 0.5 1.0 1.0 3836.39731001
-0.354648466749 1.6625679941 1.08353799181 0.871859296482 2.9 3.26 1.966 1.0 -0.0275491051303 0.792211896447 23.9392496123 0.106521102815 -0.666666666667 300.0 4.0 4.0 3.6990101753 0.97076 -0.791518999246 4.0 4.0 0.53 0.289 4.69795481504 0.64337732658 0.0 inf 300.0 -0.00361391568662 0.5 1.0 -0.00340751206595 0.5 1.0 -0.00296466644547 0.5 1.0 -0.0011456059927 0.5 1.0 -0.0231622395998 0.5 1.0 1.0 3835.80799539
-0.354660159877 1.66214333571 1.08197565001 0.876884422111 2.9 3.26 1.966 1.0 -0.0275458168773 0.792182168807 23.9385953671 0.106660418582 -0.666666666667 300.0 4.0 4.0 3.69950515616 0.97076 -0.791629365808 4.0 4.0 0.53 0.289 4.69733684508 0.644096168481 0.0 inf 300.0 -0.00361424946637 0.5 1.0 -0.00340739775985 0.5 1.0 -0.00296420993308 0.5 1.0 -0.00113498650247 0.5 1.0 -0.0231560026035 0.5 1.0 1.0 3835.2765975
-0.354671289469 1.66176023186 1.08040621576 0.881909547739 2.9 3.26 1.966 1.0 -0.0275426733715 0.792150770315 23.9377475526 0.10679289774 -0.666666666667 300.0 4.0 4.0 3.69991789212 0.97076 -0.791736915899 4.0 4.0 0.53 0.289 4.69676553367 0.64470841812 0.0 inf 300.0 -0.00361466466568 0.5 1.0 -0.00340727980542 0.5 1.0 -0.00296374135988 0.5 1.0 -0.0011243533767 0.5 1.0 -0.0231512287867 0.5 1.0 1.0 3834.80404134
-0.354711357123 1.66112160524 1.07884180928 0.886934673367 2.9 3.26 1.966 1.0 -0.0275321395061 0.79272144871 23.9342688414 0.107272295317 -0.666666666667 300.0 4.0 4.0 3.70064306646 0.97076 -0.791931873613 4.0 4.0 0.53 0.289 4.69683899175 0.645630185956 0.0 inf 300.0 -0.00362130310339 0.5 1.0 -0.00340692297558 0.5 1.0 -0.00296354043917 0.5 1.0 -0.00111334404421 0.5 1.0 -0.0231154310771 0.5 1.0 1.0 3834.39110306
-0.354716739824 1.66097084883 1.07725583033 0.891959798995 2.9 3.26 1.966 1.0 -0.0275290036634 0.792519558149 23.9325554869 0.107353600679 -0.666666666667 300.0 4.0 4.0 3.7006372032 0.97076 -0.792075096172 4.0 4.0 0.53 0.289 4.69623749585 0.645808257328 0.0 inf 300.0 -0.003621106519 0.5 1.0 -0.00340638657051 0.5 1.0 -0.00296234782708 0.5 1.0 -0.00110216604865 0.5 1.0 -0.0231136499546 0.5 1.0 1.0 3834.03817767
-0.354726360676 1.66080174099 1.07566901656 0.896984924623 2.9 3.26 1.966 1.0 -0.0275277130747 0.79250847627 23.9287860737 0.107400389578 -0.666666666667 300.0 4.0 4.0 3.70062066608 0.97076 -0.7922837561 4.0 4.0 0.53 0.289 4.6954704261 0.645914272335 0.0 inf 300.0 -0.00361996370247 0.5 1.0 -0.00340445166391 0.5 1.0 -0.00295966953063 0.5 1.0 -0.00109030428581 0.5 1.0 -0.0231295950214 0.5 1.0 1.0 3833.74575098
-0.354728774309 1.66065748683 1.07409349586 0.902010050251 2.9 3.26 1.966 1.0 -0.0275265861116 0.792326034555 23.9279890234 0.107441200027 -0.666666666667 300.0 4.0 4.0 3.7005929185 0.97076 -0.792357937696 4.0 4.0 0.53 0.289 4.69510193719 0.645969188072 0.0 inf 300.0 -0.00361992375571 0.5 1.0 -0.00340477536782 0.5 1.0 -0.00295959992744 0.5 1.0 -0.00108044988227 0.5 1.0 -0.0231338125013 0.5 1.0 1.0 3833.51347209
-0.354731008729 1.66052088491 1.07251976468 0.907035175879 2.9 3.26 1.966 1.0 -0.0275258418567 0.792169830913 23.9272646151 0.107474394814 -0.666666666667 300.0 4.0 4.0 3.70056417158 0.97076 -0.792416289008 4.0 4.0 0.53 0.289 4.6947662588 0.645985770328 0.0 inf 300.0 -0.00362004864545 0.5 1.0 -0.00340521841214 0.5 1.0 -0.00295967793871 0.5 1.0 -0.00107038888157 0.5 1.0 -0.0231393552674 0.5 1.0 1.0 3833.34096601
-0.35473303941 1.6604033186 1.07095284756 0.912060301508 2.9 3.26 1.966 1.0 -0.027525113701 0.792027884207 23.9265010449 0.107505451449 -0.666666666667 300.0 4.0 4.0 3.70052395208 0.97076 -0.792471720217 4.0 4.0 0.53 0.289 4.69446014863 0.64597923177 0.0 inf 300.0 -0.00362018218871 0.5 1.0 -0.00340564152734 0.5 1.0 -0.0029597506238 0.5 1.0 -0.00106060389257 0.5 1.0 -0.0231461565277 0.5 1.0 1.0 3833.22730867
-0.354735443378 1.66029719517 1.06936685397 0.917085427136 2.9 3.26 1.966 1.0 -0.0275245481046 0.791911570703 23.9257776278 0.107530649778 -0.666666666667 300.0 4.0 4.0 3.70047470286 0.97076 -0.792493720484 4.0 4.0 0.53 0.289 4.69410217499 0.645920817207 0.0 inf 300.0 -0.00362080727045 0.5 1.0 -0.0034062078342 0.5 1.0 -0.00295986825095 0.5 1.0 -0.0010449615664 0.5 1.0 -0.0231527000746 0.5 1.0 1.0 3833.17116532
-0.354736290348 1.66022518171 1.0678669737 0.922110552764 2.9 3.26 1.966 1.0 -0.0275237498397 0.791787193802 23.9247448932 0.1075646868 -0.666666666667 300.0 4.0 4.0 3.70041181638 0.97076 -0.792601616402 4.0 4.0 0.53 0.289 4.69400258266 0.645930816137 0.0 inf 300.0 -0.00362000890014 0.5 1.0 -0.00340620873816 0.5 1.0 -0.0029597492656 0.5 1.0 -0.00104712524078 0.5 1.0 -0.0231655362526 0.5 1.0 1.0 3833.17094198
-0.354737877671 1.66016878399 1.06630152693 0.927135678392 2.9 3.26 1.966 1.0 -0.0275227040185 0.791669685709 23.9239992008 0.107590482148 -0.666666666667 300.0 4.0 4.0 3.70033268124 0.97076 -0.792622192359 4.0 4.0 0.53 0.289 4.69370116416 0.645837996293 0.0 inf 300.0 -0.00362065451074 0.5 1.0 -0.00340675857472 0.5 1.0 -0.0029598665279 0.5 1.0 -0.00103178732686 0.5 1.0 -0.0231728064154 0.5 1.0 1.0 3833.22472294
-0.354739071865 1.66012825034 1.06477339624 0.93216080402 2.9 3.26 1.966 1.0 -0.0275218120241 0.79157007942 23.9231040433 0.107616642511 -0.666666666667 300.0 4.0 4.0 3.70024733604 0.97076 -0.792670532542 4.0 4.0 0.53 0.289 4.69350054635 0.64575446513 0.0 inf 300.0 -0.00362083147993 0.5 1.0 -0.00340707627581 0.5 1.0 -0.00295986695856 0.5 1.0 -0.00102240501485 0.5 1.0 -0.0231835598582 0.5 1.0 1.0 3833.33022294
-0.354740063774 1.66010477802 1.06325963611 0.937185929648 2.9 3.26 1.966 1.0 -0.0275208770473 0.791479041126 23.9221841141 0.107642039527 -0.666666666667 300.0 4.0 4.0 3.70015243178 0.97076 -0.792717694625 4.0 4.0 0.53 0.289 4.69332485986 0.645654647033 0.0 inf 300.0 -0.00362102012369 0.5 1.0 -0.00340736620487 0.5 1.0 -0.00295984736374 0.5 1.0 -0.00101315790389 0.5 1.0 -0.0231951432273 0.5 1.0 1.0 3833.48472885
-0.354740855387 1.66009780136 1.06176205981 0.942211055276 2.9 3.26 1.966 1.0 -0.0275198994728 0.791396112346 23.9212399826 0.107666476036 -0.666666666667 300.0 4.0 4.0 3.70004942012 0.97076 -0.792764179583 4.0 4.0 0.53 0.289 4.69317440659 0.645540447405 0.0 inf 300.0 -0.00362121163849 0.5 1.0 -0.00340762795984 0.5 1.0 -0.00295980830622 0.5 1.0 -0.00100405601395 0.5 1.0 -0.0232075103146 0.5 1.0 1.0 3833.68556112
-0.354760700291 1.66057136949 1.06026371277 0.947236180905 2.9 3.26 1.966 1.0 -0.0275136864786 0.791500404982 23.9098253763 0.107834414391 -0.666666666667 300.0 4.0 4.0 3.69836938435 0.97076 -0.793220462003 4.0 4.0 0.53 0.289 4.69375504723 0.643539665117 0.0 inf 300.0 -0.00362766400319 0.5 1.0 -0.00340517691426 0.5 1.0 -0.00295646580308 0.5 1.0 -0.0009931395496 0.5 1.0 -0.0232111494679 0.5 1.0 1.0 3833.92927629
-0.354763641574 1.6607262916 1.05879122846 0.952261306533 2.9 3.26 1.966 1.0 -0.0275120943895 0.791429058973 23.9065894119 0.107868203425 -0.666666666667 300.0 4.0 4.0 3.69783373689 0.97076 -0.79335216359 4.0 4.0 0.53 0.289 4.69383348353 0.642885802967 0.0 inf 300.0 -0.00362921952789 0.5 1.0 -0.00340494855602 0.5 1.0 -0.00295581425023 0.5 1.0 -0.0009840787565 0.5 1.0 -0.023223842426 0.5 1.0 1.0 3834.21343384
-0.354766192071 1.66090568234 1.0573370404 0.957286432161 2.9 3.26 1.966 1.0 -0.0275107852793 0.791356685417 23.9033151192 0.107899425566 -0.666666666667 300.0 4.0 4.0 3.6972610018 0.97076 -0.793483298203 4.0 4.0 0.53 0.289 4.69394322813 0.642180086469 0.0 inf 300.0 -0.00363076592473 0.5 1.0 -0.00340471226066 0.5 1.0 -0.00295516110787 0.5 1.0 -0.000975219713876 0.5 1.0 -0.023237193538 0.5 1.0 1.0 3834.53462265
-0.35476966951 1.66105984699 1.05586304283 0.962311557789 2.9 3.26 1.966 1.0 -0.0275025557494 0.791716820057 23.8960192205 0.108024609637 -0.666666666667 300.0 4.0 4.0 3.69762899953 0.97076 -0.793649468073 4.0 4.0 0.53 0.289 4.69461740359 0.642527580763 0.0 inf 300.0 -0.00363678933561 0.5 1.0 -0.00340442428023 0.5 1.0 -0.0029537011375 0.5 1.0 -0.000965556018083 0.5 1.0 -0.0232455924606 0.5 1.0 1.0 3834.889688
-0.354771917064 1.66127368389 1.05443900838 0.967336683417 2.9 3.26 1.966 1.0 -0.0275002185852 0.79172096832 23.8918931127 0.108070476229 -0.666666666667 300.0 4.0 4.0 3.69714171074 0.97076 -0.793790865921 4.0 4.0 0.53 0.289 4.69490428941 0.641887349767 0.0 inf 300.0 -0.00363921830732 0.5 1.0 -0.00340414469937 0.5 1.0 -0.00295294118925 0.5 1.0 -0.000956896951378 0.5 1.0 -0.0232604101188 0.5 1.0 1.0 3835.27505523
-0.35477400355 1.66151063393 1.05307949763 0.972361809045 2.9 3.26 1.966 1.0 -0.0274978751009 0.791734929619 23.8875388931 0.108116317125 -0.666666666667 300.0 4.0 4.0 3.6966322294 0.97076 -0.793938052817 4.0 4.0 0.53 0.289 4.6952158097 0.641196178953 0.0 inf 300.0 -0.00364177179436 0.5 1.0 -0.0034037885667 0.5 1.0 -0.00295210336556 0.5 1.0 -0.000948874931372 0.5 1.0 -0.0232754857979 0.5 1.0 1.0 3835.68767294
-0.354772528969 1.66180139351 1.05171555633 0.977386934673 2.9 3.26 1.966 1.0 -0.0275058038101 0.791036494267 23.8893010897 0.107990821356 -0.666666666667 300.0 4.0 4.0 3.69471753672 0.97076 -0.794018348567 4.0 4.0 0.53 0.289 4.69466865424 0.638983823788 0.0 inf 300.0 -0.00363758134549 0.5 1.0 -0.00340363650379 0.5 1.0 -0.00295244329899 0.5 1.0 -0.000941905000226 0.5 1.0 -0.023297664905 0.5 1.0 1.0 3836.12415964
-0.354773484654 1.66205560903 1.05036692988 0.982412060302 2.9 3.26 1.966 1.0 -0.0275049381257 0.790953955191 23.8857814033 0.108011427032 -0.666666666667 300.0 4.0 4.0 3.69404251214 0.97076 -0.794149647057 4.0 4.0 0.53 0.289 4.69490455622 0.638123757008 0.0 inf 300.0 -0.00363928974896 0.5 1.0 -0.00340333873855 0.5 1.0 -0.00295175579107 0.5 1.0 -0.000934150898068 0.5 1.0 -0.0233141276326 0.5 1.0 1.0 3836.58167374
-0.354774236321 1.66231646723 1.04904093329 0.98743718593 2.9 3.26 1.966 1.0 -0.0275041554414 0.790870053338 23.8822572089 0.108031715783 -0.666666666667 300.0 4.0 4.0 3.69336120968 0.97076 -0.794280951849 4.0 4.0 0.53 0.289 4.69515727622 0.637251425026 0.0 inf 300.0 -0.00364100975998 0.5 1.0 -0.00340302805332 0.5 1.0 -0.00295106393077 0.5 1.0 -0.000926623266526 0.5 1.0 -0.0233309944802 0.5 1.0 1.0 3837.05694991
-0.354774807409 1.66258184026 1.0477366907 0.992462311558 2.9 3.26 1.966 1.0 -0.0275034449995 0.790784865333 23.8787374112 0.108052016507 -0.666666666667 300.0 4.0 4.0 3.69267761445 0.97076 -0.794411647035 4.0 4.0 0.53 0.289 4.69542467252 0.636371976151 0.0 inf 300.0 -0.0036427374268 0.5 1.0 -0.00340270433361 0.5 1.0 -0.00295036782643 0.5 1.0 -0.000919314386778 0.5 1.0 -0.0233482181937 0.5 1.0 1.0 3837.54730309
-0.354775234867 1.66284866145 1.0464539721 0.997487437186 2.9 3.26 1.966 1.0 -0.0275027728448 0.790699965673 23.8752334193 0.108072623826 -0.666666666667 300.0 4.0 4.0 3.69199520236 0.97076 -0.794541146524 4.0 4.0 0.53 0.289 4.69570310297 0.635490529284 0.0 inf 300.0 -0.00364446901651 0.5 1.0 -0.00340236812265 0.5 1.0 -0.00294966819298 0.5 1.0 -0.000912221719977 0.5 1.0 -0.0233658644955 0.5 1.0 1.0 3838.04998583
-0.354775526193 1.66311630381 1.04519236435 1.00251256281 2.9 3.26 1.966 1.0 -0.0275021857006 0.790612778197 23.8717537061 0.108094134385 -0.666666666667 300.0 4.0 4.0 3.69131849047 0.97076 -0.794667454496 4.0 4.0 0.53 0.289 4.69599307618 0.634611959352 0.0 inf 300.0 -0.0036461964913 0.5 1.0 -0.0034020186842 0.5 1.0 -0.00294896508355 0.5 1.0 -0.000905339539258 0.5 1.0 -0.0233836703084 0.5 1.0 1.0 3838.5623307
-0.354788577137 1.66294799004 1.04395959354 1.00753768844 2.9 3.26 1.966 1.0 -0.0274857466519 0.790195784733 23.8645621055 0.108225940949 -0.666666666667 300.0 4.0 4.0 3.69115661638 0.97076 -0.794955469316 4.0 4.0 0.53 0.289 4.69656803755 0.634262151548 0.0 inf 300.0 -0.00365473833088 0.5 1.0 -0.00339913816894 0.5 1.0 -0.00294785265187 0.5 1.0 -0.000897869124493 0.5 1.0 -0.0234152917302 0.5 1.0 1.0 3839.08205434
-0.354789403647 1.66318544869 1.04274139035 1.01256281407 2.9 3.26 1.966 1.0 -0.0274842976293 0.790082078409 23.8608727762 0.108253831392 -0.666666666667 300.0 4.0 4.0 3.69051799521 0.97076 -0.795086785283 4.0 4.0 0.53 0.289 4.69687492778 0.633420965529 0.0 inf 300.0 -0.00365689380086 0.5 1.0 -0.00339862496607 0.5 1.0 -0.00294711803247 0.5 1.0 -0.000891479058888 0.5 1.0 -0.0234337680244 0.5 1.0 1.0 3839.60686005
-0.354790156816 1.6634180931 1.04154626832 1.0175879397 2.9 3.26 1.966 1.0 -0.0274828941755 0.789968097412 23.8572359742 0.108283143887 -0.666666666667 300.0 4.0 4.0 3.68989316962 0.97076 -0.795214502867 4.0 4.0 0.53 0.289 4.69718490228 0.632594486483 0.0 inf 300.0 -0.00365902946662 0.5 1.0 -0.00339809947963 0.5 1.0 -0.00294637867972 0.5 1.0 -0.000885307657076 0.5 1.0 -0.0234522433356 0.5 1.0 1.0 3840.13467894
-0.354790864523 1.66364413411 1.04037479117 1.02261306533 2.9 3.26 1.966 1.0 -0.0274815273034 0.78985402151 23.8536584707 0.108314187582 -0.666666666667 300.0 4.0 4.0 3.68928463073 0.97076 -0.795340020716 4.0 4.0 0.53 0.289 4.69749665936 0.631786093981 0.0 inf 300.0 -0.00366114366025 0.5 1.0 -0.00339756225597 0.5 1.0 -0.00294563549531 0.5 1.0 -0.000879354454081 0.5 1.0 -0.0234706729165 0.5 1.0 1.0 3840.66334745
-0.354791544295 1.66386226606 1.03922561763 1.02763819095 2.9 3.26 1.966 1.0 -0.0274801782565 0.789739855555 23.8501473061 0.108346945951 -0.666666666667 300.0 4.0 4.0 3.6886940964 0.97076 -0.795463369442 4.0 4.0 0.53 0.289 4.69780828464 0.630998221351 0.0 inf 300.0 -0.0036632354678 0.5 1.0 -0.00339701394157 0.5 1.0 -0.00294488969359 0.5 1.0 -0.000873608282983 0.5 1.0 -0.0234889599408 0.5 1.0 1.0 3841.19118398
-0.354792215279 1.6640712719 1.03810044951 1.03266331658 2.9 3.26 1.966 1.0 -0.0274788456376 0.789625954767 23.8467084654 0.108381699081 -0.666666666667 300.0 4.0 4.0 3.6881235197 0.97076 -0.795583661268 4.0 4.0 0.53 0.289 4.69811905145 0.630233470543 0.0 inf 300.0 -0.00366530081932 0.5 1.0 -0.00339645515265 0.5 1.0 -0.00294414199422 0.5 1.0 -0.000868077669228 0.5 1.0 -0.0235070981074 0.5 1.0 1.0 3841.71660546
-0.354792899763 1.66426981599 1.03700053771 1.03768844221 2.9 3.26 1.966 1.0 -0.0274775278796 0.789512713234 23.8433529978 0.108418632224 -0.666666666667 300.0 4.0 4.0 3.687574727 0.97076 -0.795700069865 4.0 4.0 0.53 0.289 4.6984272107 0.629494372408 0.0 inf 300.0 -0.00366733523564 0.5 1.0 -0.00339588749179 0.5 1.0 -0.00294339499744 0.5 1.0 -0.000862767571917 0.5 1.0 -0.0235250127443 0.5 1.0 1.0 3842.23794572
-0.354793607368 1.66445688698 1.03592391658 1.04271356784 2.9 3.26 1.966 1.0 -0.0274762173261 0.789400047918 23.8400796779 0.108457935009 -0.666666666667 300.0 4.0 4.0 3.68704986359 0.97076 -0.79581276004 4.0 4.0 0.53 0.289 4.69873282701 0.628783594885 0.0 inf 300.0 -0.00366933720115 0.5 1.0 -0.00339531203066 0.5 1.0 -0.00294264898554 0.5 1.0 -0.000857662626143 0.5 1.0 -0.0235427640159 0.5 1.0 1.0 3842.75362124
-0.354776223427 1.66525276062 1.03485244478 1.04773869347 2.9 3.26 1.966 1.0 -0.0274983638092 0.789796857499 23.8427193484 0.108368935402 -0.666666666667 300.0 4.0 4.0 3.68589845504 0.97076 -0.795678013737 4.0 4.0 0.53 0.289 4.69877424966 0.627417436683 0.0 inf 300.0 -0.00366115437651 0.5 1.0 -0.00339832628818 0.5 1.0 -0.00294257563652 0.5 1.0 -0.000852990547108 0.5 1.0 -0.0235470937024 0.5 1.0 1.0 3843.26225839
-0.354776419277 1.66543618622 1.03381775127 1.0527638191 2.9 3.26 1.966 1.0 -0.0274979055729 0.789704757419 23.8398329758 0.108411246544 -0.666666666667 300.0 4.0 4.0 3.68540579608 0.97076 -0.795776210207 4.0 4.0 0.53 0.289 4.69907709943 0.626745711506 0.0 inf 300.0 -0.00366272225211 0.5 1.0 -0.00339785980562 0.5 1.0 -0.00294186477637 0.5 1.0 -0.000848206297144 0.5 1.0 -0.0235648685208 0.5 1.0 1.0 3843.76326682
-0.354776687928 1.66560542705 1.03280573165 1.05778894472 2.9 3.26 1.966 1.0 -0.0274974172357 0.789612795247 23.837029003 0.108456308281 -0.666666666667 300.0 4.0 4.0 3.6849399784 0.97076 -0.795870403413 4.0 4.0 0.53 0.289 4.6993744936 0.626106470866 0.0 inf 300.0 -0.00366426384462 0.5 1.0 -0.00339738360008 0.5 1.0 -0.00294115512097 0.5 1.0 -0.000843618268143 0.5 1.0 -0.0235824570875 0.5 1.0 1.0 3844.25520481
-0.354777036466 1.66575978547 1.03181390046 1.06281407035 2.9 3.26 1.966 1.0 -0.0274968864568 0.789520971684 23.8343091701 0.108504052556 -0.666666666667 300.0 4.0 4.0 3.68450202551 0.97076 -0.795960173915 4.0 4.0 0.53 0.289 4.69966545324 0.625501202014 0.0 inf 300.0 -0.00366577809344 0.5 1.0 -0.00339689820817 0.5 1.0 -0.00294044652162 0.5 1.0 -0.000839209049927 0.5 1.0 -0.0235998270309 0.5 1.0 1.0 3844.73693342
-0.354777470919 1.66589900273 1.03084275852 1.06783919598 2.9 3.26 1.966 1.0 -0.0274963067116 0.789429313578 23.8316732726 0.108554456082 -0.666666666667 300.0 4.0 4.0 3.68409214697 0.97076 -0.796047605326 4.0 4.0 0.53 0.289 4.69994940127 0.624930302309 0.0 inf 300.0 -0.00366726657678 0.5 1.0 -0.00339640394317 0.5 1.0 -0.00293973944758 0.5 1.0 -0.000834979230005 0.5 1.0 -0.0236169647145 0.5 1.0 1.0 3845.20784844
-0.354778004288 1.66602274 1.02989455445 1.07286432161 2.9 3.26 1.966 1.0 -0.0274956827551 0.78933802855 23.8291249893 0.108607673149 -0.666666666667 300.0 4.0 4.0 3.68371052116 0.97076 -0.796133156814 4.0 4.0 0.53 0.289 4.70022577262 0.624394182882 0.0 inf 300.0 -0.00366872730391 0.5 1.0 -0.0033959013035 0.5 1.0 -0.00293903489515 0.5 1.0 -0.000830939475981 0.5 1.0 -0.023633857316 0.5 1.0 1.0 3845.66735064
-0.354778649033 1.66613047137 1.02896953441 1.07788944724 2.9 3.26 1.966 1.0 -0.0274950150171 0.789247315867 23.8266685623 0.108663813448 -0.666666666667 300.0 4.0 4.0 3.6833577272 0.97076 -0.796215645931 4.0 4.0 0.53 0.289 4.70049383702 0.62389378001 0.0 inf 300.0 -0.00367015696219 0.5 1.0 -0.0033953909066 0.5 1.0 -0.00293833337344 0.5 1.0 -0.0008270884243 0.5 1.0 -0.0236504836217 0.5 1.0 1.0 3846.11462231
-0.354779413941 1.66622166224 1.02806563133 1.08291457286 2.9 3.26 1.966 1.0 -0.0274942970151 0.789157246522 23.8243064662 0.108722850527 -0.666666666667 300.0 4.0 4.0 3.68303425848 0.97076 -0.796293774024 4.0 4.0 0.53 0.289 4.70075270853 0.623429978448 0.0 inf 300.0 -0.00367155322892 0.5 1.0 -0.0033948734934 0.5 1.0 -0.002937634933 0.5 1.0 -0.000823411473155 0.5 1.0 -0.0236668133318 0.5 1.0 1.0 3846.54879502
-0.354780294428 1.66629628886 1.0271793402 1.08793969849 2.9 3.26 1.966 1.0 -0.0274935116009 0.78906769141 23.8220354419 0.108784500026 -0.666666666667 300.0 4.0 4.0 3.68274022972 0.97076 -0.796367889458 4.0 4.0 0.53 0.289 4.70100200542 0.623003017265 0.0 inf 300.0 -0.00367291818715 0.5 1.0 -0.00339434954959 0.5 1.0 -0.00293693898337 0.5 1.0 -0.000819886305909 0.5 1.0 -0.0236828294089 0.5 1.0 1.0 3846.96940517
-0.354781284214 1.66635466984 1.02630905128 1.09296482412 2.9 3.26 1.966 1.0 -0.0274926465533 0.78897854225 23.8198512065 0.108848509711 -0.666666666667 300.0 4.0 4.0 3.68247527301 0.97076 -0.796439620909 4.0 4.0 0.53 0.289 4.70124181829 0.622612434326 0.0 inf 300.0 -0.00367425513653 0.5 1.0 -0.00339381937854 0.5 1.0 -0.00293624527664 0.5 1.0 -0.000816501923463 0.5 1.0 -0.0236985300657 0.5 1.0 1.0 3847.3763974
-0.354782390351 1.66639681407 1.02545568845 1.09798994975 2.9 3.26 1.966 1.0 -0.0274917074274 0.78888990055 23.8177555042 0.108914942464 -0.666666666667 300.0 4.0 4.0 3.68223911573 0.97076 -0.796509675357 4.0 4.0 0.53 0.289 4.70147189811 0.622258019146 0.0 inf 300.0 -0.00367556286499 0.5 1.0 -0.00339328351154 0.5 1.0 -0.00293555456289 0.5 1.0 -0.000813261611339 0.5 1.0 -0.0237139093986 0.5 1.0 1.0 3847.76954241
-0.354783621418 1.66642258009 1.02461889514 1.10301507538 2.9 3.26 1.966 1.0 -0.0274907016467 0.788801882032 23.8157520227 0.108983862788 -0.666666666667 300.0 4.0 4.0 3.68203153171 0.97076 -0.796576797891 4.0 4.0 0.53 0.289 4.70169171636 0.621939732869 0.0 inf 300.0 -0.00367683753606 0.5 1.0 -0.003392742839 0.5 1.0 -0.00293486744899 0.5 1.0 -0.000810161547981 0.5 1.0 -0.0237289504333 0.5 1.0 1.0 3848.14848482
-0.354803525179 1.66596648893 1.02376093753 1.10804020101 2.9 3.26 1.966 1.0 -0.0274644805538 0.788729563878 23.8105453986 0.109006694476 -0.666666666667 300.0 4.0 4.0 3.68203632661 0.97076 -0.796766598633 4.0 4.0 0.53 0.289 4.70154443248 0.622234165329 0.0 inf 300.0 -0.00368409305255 0.5 1.0 -0.00339253997414 0.5 1.0 -0.00293337509155 0.5 1.0 -0.000805090594617 0.5 1.0 -0.0236773098125 0.5 1.0 1.0 3848.51306103
-0.354805401059 1.66595064089 1.02295533279 1.11306532663 2.9 3.26 1.966 1.0 -0.027462784507 0.788645292426 23.8087017817 0.109078840355 -0.666666666667 300.0 4.0 4.0 3.68189315839 0.97076 -0.796828319625 4.0 4.0 0.53 0.289 4.70174887846 0.622003133122 0.0 inf 300.0 -0.00368537889978 0.5 1.0 -0.00339200598014 0.5 1.0 -0.00293267988596 0.5 1.0 -0.000802198506711 0.5 1.0 -0.0236905068881 0.5 1.0 1.0 3848.86303694
-0.354807400019 1.66591921588 1.02216478487 1.11809045226 2.9 3.26 1.966 1.0 -0.0274610422575 0.788562139521 23.8069597008 0.109153360486 -0.666666666667 300.0 4.0 4.0 3.68177724319 0.97076 -0.796886609106 4.0 4.0 0.53 0.289 4.70194362603 0.621806680438 0.0 inf 300.0 -0.00368661823544 0.5 1.0 -0.00339146721983 0.5 1.0 -0.00293198852441 0.5 1.0 -0.000799435518697 0.5 1.0 -0.0237034181722 0.5 1.0 1.0 3849.19866162
-0.354809524752 1.66587240774 1.02138976717 1.12311557789 2.9 3.26 1.966 1.0 -0.0274592648685 0.788480076465 23.8053212615 0.109230293711 -0.666666666667 300.0 4.0 4.0 3.68168773607 0.97076 -0.796941062871 4.0 4.0 0.53 0.289 4.70212841262 0.621643902424 0.0 inf 300.0 -0.00368780920823 0.5 1.0 -0.00339092422665 0.5 1.0 -0.00293130237217 0.5 1.0 -0.000796802611031 0.5 1.0 -0.023716043085 0.5 1.0 1.0 3849.52000414
-0.354811779432 1.66581032037 1.0206307635 1.12814070352 2.9 3.26 1.966 1.0 -0.0274574627244 0.788398970628 23.8037887136 0.109309681194 -0.666666666667 300.0 4.0 4.0 3.68162360593 0.97076 -0.796991844386 4.0 4.0 0.53 0.289 4.70230259331 0.62151372078 0.0 inf 300.0 -0.0036889508081 0.5 1.0 -0.00339037734643 0.5 1.0 -0.00293062331792 0.5 1.0 -0.00079430297099 0.5 1.0 -0.0237283740072 0.5 1.0 1.0 3849.82714535
-0.354814162495 1.66573344826 1.01988543633 1.13316582915 2.9 3.26 1.966 1.0 -0.0274556375695 0.788318916305 23.8023594475 0.10939135509 -0.666666666667 300.0 4.0 4.0 3.68158376362 0.97076 -0.797038105925 4.0 4.0 0.53 0.289 4.7024661193 0.62141504923 0.0 inf 300.0 -0.00369004136336 0.5 1.0 -0.00338982581823 0.5 1.0 -0.00292994898107 0.5 1.0 -0.000791922108269 0.5 1.0 -0.0237404011397 0.5 1.0 1.0 3850.12017707
-0.354816665709 1.66564240212 1.01915229175 1.13819095477 2.9 3.26 1.966 1.0 -0.0274537909055 0.788240137027 23.8010326825 0.109475078741 -0.666666666667 300.0 4.0 4.0 3.68156734131 0.97076 -0.7970800783 4.0 4.0 0.53 0.289 4.70261930614 0.62134682567 0.0 inf 300.0 -0.00369108070729 0.5 1.0 -0.00338927328765 0.5 1.0 -0.00292928040935 0.5 1.0 -0.00078965170057 0.5 1.0 -0.0237520934433 0.5 1.0 1.0 3850.39935155
-0.354819282625 1.66553770143 1.0184293012 1.1432160804 2.9 3.26 1.966 1.0 -0.0274519209145 0.788162370736 23.7998045339 0.109560685796 -0.666666666667 300.0 4.0 4.0 3.68157340376 0.97076 -0.797118272845 4.0 4.0 0.53 0.289 4.70276216778 0.621307918316 0.0 inf 300.0 -0.00369207059452 0.5 1.0 -0.00338871917236 0.5 1.0 -0.00292861707436 0.5 1.0 -0.000787481154826 0.5 1.0 -0.0237634589571 0.5 1.0 1.0 3850.66498316
-0.354822008618 1.66542018299 1.01771680372 1.14824120603 2.9 3.26 1.966 1.0 -0.0274500418652 0.788086352303 23.7986754133 0.109647995209 -0.666666666667 300.0 4.0 4.0 3.68160016569 0.97076 -0.79715191582 4.0 4.0 0.53 0.289 4.70289521773 0.621296263941 0.0 inf 300.0 -0.00369300938117 0.5 1.0 -0.00338816913083 0.5 1.0 -0.0029279602187 0.5 1.0 -0.000785407963421 0.5 1.0 -0.0237744565213 0.5 1.0 1.0 3850.91755149
-0.354824851568 1.66529024019 1.01701643236 1.15326633166 2.9 3.26 1.966 1.0 -0.0274481610126 0.788011800955 23.7976445589 0.109737105193 -0.666666666667 300.0 4.0 4.0 3.6816460887 0.97076 -0.797181387614 4.0 4.0 0.53 0.289 4.70301893412 0.621310167828 0.0 inf 300.0 -0.0036938958185 0.5 1.0 -0.00338762236037 0.5 1.0 -0.00292731039387 0.5 1.0 -0.000783437930833 0.5 1.0 -0.0237851188811 0.5 1.0 1.0 3851.15753203
-0.354827808098 1.66514834442 1.01632675163 1.15829145729 2.9 3.26 1.966 1.0 -0.0274462794118 0.787938322864 23.7967083888 0.109827915195 -0.666666666667 300.0 4.0 4.0 3.68170996016 0.97076 -0.797207370194 4.0 4.0 0.53 0.289 4.70313331575 0.621348252469 0.0 inf 300.0 -0.00369473162433 0.5 1.0 -0.00338707758875 0.5 1.0 -0.00292666743037 0.5 1.0 -0.000781562746001 0.5 1.0 -0.0237954611414 0.5 1.0 1.0 3851.38526732
-0.354830875888 1.66499496464 1.0156454273 1.16331658291 2.9 3.26 1.966 1.0 -0.0274443926079 0.78786536511 23.7958607936 0.10992027681 -0.666666666667 300.0 4.0 4.0 3.68179058185 0.97076 -0.797230429291 4.0 4.0 0.53 0.289 4.70323841816 0.621409187953 0.0 inf 300.0 -0.00369551819009 0.5 1.0 -0.00338653196118 0.5 1.0 -0.00292602978245 0.5 1.0 -0.000779770576228 0.5 1.0 -0.0238055194656 0.5 1.0 1.0 3851.60111816
-0.354834040853 1.66483082682 1.01496998091 1.16834170854 2.9 3.26 1.966 1.0 -0.0274425079702 0.787793135237 23.7950992152 0.110013889817 -0.666666666667 300.0 4.0 4.0 3.68188648666 0.97076 -0.797249957257 4.0 4.0 0.53 0.289 4.70333394204 0.621491176548 0.0 inf 300.0 -0.00369625754441 0.5 1.0 -0.00338598884871 0.5 1.0 -0.00292539874616 0.5 1.0 -0.000778049592402 0.5 1.0 -0.0238152568796 0.5 1.0 1.0 3851.80553716
-0.354837291735 1.66465690089 1.01429956961 1.17336683417 2.9 3.26 1.966 1.0 -0.027440633995 0.787721912695 23.794420518 0.110108520962 -0.666666666667 300.0 4.0 4.0 3.68199569972 0.97076 -0.797265697567 4.0 4.0 0.53 0.289 4.70342032334 0.621591870948 0.0 inf 300.0 -0.00369695077677 0.5 1.0 -0.00338545159729 0.5 1.0 -0.00292477464136 0.5 1.0 -0.000776393966573 0.5 1.0 -0.0238246496212 0.5 1.0 1.0 3851.99923888
-0.354840623608 1.66447402896 1.01363630417 1.1783919598 2.9 3.26 1.966 1.0 -0.0274387866294 0.787651986468 23.7938258464 0.110204117145 -0.666666666667 300.0 4.0 4.0 3.68211627338 0.97076 -0.797277835928 4.0 4.0 0.53 0.289 4.70349797165 0.621708914694 0.0 inf 300.0 -0.00369759816051 0.5 1.0 -0.00338492462809 0.5 1.0 -0.00292416027508 0.5 1.0 -0.000774812596962 0.5 1.0 -0.0238336735955 0.5 1.0 1.0 3852.18299114
-0.3548440443 1.66428248814 1.01298013755 1.18341708543 2.9 3.26 1.966 1.0 -0.0274369751953 0.787582425504 23.7933105675 0.110300783353 -0.666666666667 300.0 4.0 4.0 3.68224660231 0.97076 -0.797286502572 4.0 4.0 0.53 0.289 4.70356631034 0.621840529142 0.0 inf 300.0 -0.00369820139428 0.5 1.0 -0.00338440034423 0.5 1.0 -0.00292355523418 0.5 1.0 -0.000773306579232 0.5 1.0 -0.0238423925886 0.5 1.0 1.0 3852.3573188
-0.354847543762 1.66408307265 1.0123332261 1.18844221106 2.9 3.26 1.966 1.0 -0.0274352160537 0.787514445443 23.7928797928 0.110398353532 -0.666666666667 300.0 4.0 4.0 3.68238534197 0.97076 -0.7972917216 4.0 4.0 0.53 0.289 4.70362568795 0.621984965555 0.0 inf 300.0 -0.00369875901767 0.5 1.0 -0.00338388982792 0.5 1.0 -0.00292296298251 0.5 1.0 -0.000771884258588 0.5 1.0 -0.023850720292 0.5 1.0 1.0 3852.52272964
-0.354851129691 1.66387624178 1.01169591914 1.19346733668 2.9 3.26 1.966 1.0 -0.0274335064745 0.787447745469 23.7925277505 0.110496875062 -0.666666666667 300.0 4.0 4.0 3.68253079478 0.97076 -0.797293387962 4.0 4.0 0.53 0.289 4.70367686545 0.622140566002 0.0 inf 300.0 -0.00369926979175 0.5 1.0 -0.00338338986472 0.5 1.0 -0.00292238037804 0.5 1.0 -0.000770543349432 0.5 1.0 -0.0238587091114 0.5 1.0 1.0 3852.67968446
-0.354854798616 1.66366248533 1.01106484839 1.19849246231 2.9 3.26 1.966 1.0 -0.0274318325773 0.787381224112 23.7922428531 0.110596151774 -0.666666666667 300.0 4.0 4.0 3.68268149344 0.97076 -0.797291865058 4.0 4.0 0.53 0.289 4.70372009235 0.62230560147 0.0 inf 300.0 -0.00369973778291 0.5 1.0 -0.00338289336411 0.5 1.0 -0.00292180461116 0.5 1.0 -0.000769268552917 0.5 1.0 -0.0238664353286 0.5 1.0 1.0 3852.8288547
-0.354858530526 1.66344272621 1.01043870161 1.20351758794 2.9 3.26 1.966 1.0 -0.0274301923484 0.787314751533 23.7920211996 0.110695862 -0.666666666667 300.0 4.0 4.0 3.68283609357 0.97076 -0.79728786709 4.0 4.0 0.53 0.289 4.70375557445 0.622478241751 0.0 inf 300.0 -0.0037001668092 0.5 1.0 -0.00338240353531 0.5 1.0 -0.00292123719408 0.5 1.0 -0.00076805588369 0.5 1.0 -0.0238738773008 0.5 1.0 1.0 3852.97104024
-0.354862321333 1.66321787524 1.00981661366 1.20854271357 2.9 3.26 1.966 1.0 -0.0274285864743 0.787248379341 23.7918543342 0.110795823908 -0.666666666667 300.0 4.0 4.0 3.68299271462 0.97076 -0.797281931152 4.0 4.0 0.53 0.289 4.70378399499 0.622656358035 0.0 inf 300.0 -0.00370055846401 0.5 1.0 -0.00338191949622 0.5 1.0 -0.0029206752754 0.5 1.0 -0.000766897681304 0.5 1.0 -0.0238810703664 0.5 1.0 1.0 3853.10692322
-0.354866163706 1.66298854684 1.00919912733 1.2135678392 2.9 3.26 1.966 1.0 -0.0274270228379 0.787181996226 23.7917401155 0.110895941426 -0.666666666667 300.0 4.0 4.0 3.68314989336 0.97076 -0.797274974649 4.0 4.0 0.53 0.289 4.7038051548 0.622838145265 0.0 inf 300.0 -0.00370091673254 0.5 1.0 -0.00338144254979 0.5 1.0 -0.0029201214057 0.5 1.0 -0.000765796582819 0.5 1.0 -0.0238879976474 0.5 1.0 1.0 3853.23713124
-0.354870045181 1.66275543487 1.00858691974 1.21859296482 2.9 3.26 1.966 1.0 -0.0274255084482 0.787116177152 23.7916788343 0.110996047243 -0.666666666667 300.0 4.0 4.0 3.68330631387 0.97076 -0.797267124335 4.0 4.0 0.53 0.289 4.70381925063 0.623021978297 0.0 inf 300.0 -0.00370124304575 0.5 1.0 -0.00338098022309 0.5 1.0 -0.00291957786829 0.5 1.0 -0.000764753865322 0.5 1.0 -0.0238946088922 0.5 1.0 1.0 3853.36218843
-0.354873975416 1.66251878541 1.00797854157 1.22361809045 2.9 3.26 1.966 1.0 -0.027424031439 0.787049788341 23.7916592083 0.111096137868 -0.666666666667 300.0 4.0 4.0 3.6834606204 0.97076 -0.797258469594 4.0 4.0 0.53 0.289 4.70382680851 0.623206391682 0.0 inf 300.0 -0.00370153997844 0.5 1.0 -0.00338052286005 0.5 1.0 -0.00291904195522 0.5 1.0 -0.000763762046649 0.5 1.0 -0.0239010118406 0.5 1.0 1.0 3853.48267537
-0.354877930557 1.66227954731 1.00737311641 1.22864321608 2.9 3.26 1.966 1.0 -0.0274226021482 0.786983473733 23.7916806299 0.111195889583 -0.666666666667 300.0 4.0 4.0 3.6836114647 0.97076 -0.797248584252 4.0 4.0 0.53 0.289 4.70382749678 0.623389547346 0.0 inf 300.0 -0.00370181216019 0.5 1.0 -0.00338007722515 0.5 1.0 -0.00291851582892 0.5 1.0 -0.000762816951576 0.5 1.0 -0.023907121106 0.5 1.0 1.0 3853.59927423
-0.354860941291 1.66266983416 1.00685050451 1.23366834171 2.9 3.26 1.966 1.0 -0.0274607611217 0.786719765726 23.7946629757 0.111441523303 -0.666666666667 300.0 4.0 4.0 3.68327473544 0.97076 -0.797102805053 4.0 4.0 0.53 0.289 4.70380492639 0.622589597447 0.0 inf 300.0 -0.00369573765445 0.5 1.0 -0.00337922457534 0.5 1.0 -0.00291959365501 0.5 1.0 -0.00076456602987 0.5 1.0 -0.0239898477304 0.5 1.0 1.0 3853.71243852
-0.354865222452 1.66243056389 1.00625558676 1.23869346734 2.9 3.26 1.966 1.0 -0.0274600882971 0.786641902776 23.794744009 0.111547890375 -0.666666666667 300.0 4.0 4.0 3.68340318184 0.97076 -0.797091265084 4.0 4.0 0.53 0.289 4.70376990279 0.622753836117 0.0 inf 300.0 -0.00369598376216 0.5 1.0 -0.00337879279418 0.5 1.0 -0.00291913319944 0.5 1.0 -0.000763719404797 0.5 1.0 -0.0239951146006 0.5 1.0 1.0 3853.82326433
-0.354869547832 1.66219006148 1.00566699642 1.24371859296 2.9 3.26 1.966 1.0 -0.0274594808555 0.786563960283 23.7948606505 0.111654097712 -0.666666666667 300.0 4.0 4.0 3.68352529214 0.97076 -0.797079860728 4.0 4.0 0.53 0.289 4.70372830208 0.622913496175 0.0 inf 300.0 -0.00369620720377 0.5 1.0 -0.00337837023364 0.5 1.0 -0.00291868295461 0.5 1.0 -0.000762931872076 0.5 1.0 -0.0240001045801 0.5 1.0 1.0 3853.93195609
-0.354873913514 1.66194865993 1.00508502714 1.24874371859 2.9 3.26 1.966 1.0 -0.0274589376827 0.786485984861 23.7950097724 0.111760088506 -0.666666666667 300.0 4.0 4.0 3.68364037193 0.97076 -0.797069014728 4.0 4.0 0.53 0.289 4.7036800796 0.623067716383 0.0 inf 300.0 -0.00369640994475 0.5 1.0 -0.00337795683233 0.5 1.0 -0.0029182428562 0.5 1.0 -0.000762203764383 0.5 1.0 -0.0240048251622 0.5 1.0 1.0 3854.03887881
-0.354878305201 1.66170685129 1.00450796041 1.25376884422 2.9 3.26 1.966 1.0 -0.0274584465401 0.786407848302 23.7951848118 0.111865588809 -0.666666666667 300.0 4.0 4.0 3.68374786453 0.97076 -0.797059282767 4.0 4.0 0.53 0.289 4.70362563906 0.623215669046 0.0 inf 300.0 -0.00369659619955 0.5 1.0 -0.00337755257288 0.5 1.0 -0.00291781218716 0.5 1.0 -0.000761527260696 0.5 1.0 -0.0240092876184 0.5 1.0 1.0 3854.14446787
-0.354882697997 1.66146528903 1.00393235167 1.25879396985 2.9 3.26 1.966 1.0 -0.0274579878098 0.786329278063 23.7953767208 0.111970132565 -0.666666666667 300.0 4.0 4.0 3.68384721016 0.97076 -0.797050840322 4.0 4.0 0.53 0.289 4.7035653222 0.623356468086 0.0 inf 300.0 -0.00369677140562 0.5 1.0 -0.00337715760846 0.5 1.0 -0.00291738976158 0.5 1.0 -0.000760888004658 0.5 1.0 -0.0240135084427 0.5 1.0 1.0 3854.24927921
-0.354887080884 1.66122458941 1.00335823201 1.26381909548 2.9 3.26 1.966 1.0 -0.027457561208 0.78625026401 23.7955815926 0.112073591363 -0.666666666667 300.0 4.0 4.0 3.68393773325 0.97076 -0.797043708367 4.0 4.0 0.53 0.289 4.70349952379 0.623489121487 0.0 inf 300.0 -0.00369693735862 0.5 1.0 -0.00337677188516 0.5 1.0 -0.00291697536783 0.5 1.0 -0.000760285821895 0.5 1.0 -0.0240175092428 0.5 1.0 1.0 3854.35393079
-0.354891454262 1.66098507463 1.00278807557 1.26884422111 2.9 3.26 1.966 1.0 -0.0274571735077 0.786170974482 23.7957988888 0.112176050939 -0.666666666667 300.0 4.0 4.0 3.68401894935 0.97076 -0.797038139318 4.0 4.0 0.53 0.289 4.70342840754 0.623612968181 0.0 inf 300.0 -0.00369709425066 0.5 1.0 -0.00337639509894 0.5 1.0 -0.00291656930351 0.5 1.0 -0.000759730121005 0.5 1.0 -0.0240213051621 0.5 1.0 1.0 3854.45882386
-0.354895813021 1.66074690119 1.00222207358 1.27386934673 2.9 3.26 1.966 1.0 -0.0274568203286 0.786091481273 23.796025926 0.11227745994 -0.666666666667 300.0 4.0 4.0 3.68409080946 0.97076 -0.79703427517 4.0 4.0 0.53 0.289 4.70335179671 0.623727877345 0.0 inf 300.0 -0.00369724389836 0.5 1.0 -0.00337602701513 0.5 1.0 -0.00291617132526 0.5 1.0 -0.000759220973525 0.5 1.0 -0.024024906301 0.5 1.0 1.0 3854.56413533
-0.354900139238 1.66051036002 1.00165719061 1.27889447236 2.9 3.26 1.966 1.0 -0.0274564830402 0.786011603354 23.7962558341 0.112377484738 -0.666666666667 300.0 4.0 4.0 3.68415341938 0.97076 -0.797032302537 4.0 4.0 0.53 0.289 4.70326995673 0.623833776946 0.0 inf 300.0 -0.00369739075623 0.5 1.0 -0.00337566760723 0.5 1.0 -0.00291578040207 0.5 1.0 -0.000758746104706 0.5 1.0 -0.0240283243537 0.5 1.0 1.0 3854.6700689
-0.354904417901 1.66027586856 1.00109188128 1.28391959799 2.9 3.26 1.966 1.0 -0.0274561501782 0.785931217349 23.7964826133 0.112475888988 -0.666666666667 300.0 4.0 4.0 3.68420661183 0.97076 -0.797033132712 4.0 4.0 0.53 0.289 4.70318316424 0.623930253488 0.0 inf 300.0 -0.00369753894262 0.5 1.0 -0.00337531672267 0.5 1.0 -0.00291539586385 0.5 1.0 -0.000758299299334 0.5 1.0 -0.0240315782103 0.5 1.0 1.0 3854.77700172
-0.354908639384 1.66004380365 1.0005266717 1.28894472362 2.9 3.26 1.966 1.0 -0.0274558185312 0.785850349355 23.7967031622 0.112572577546 -0.666666666667 300.0 4.0 4.0 3.6842502122 0.97076 -0.797036939889 4.0 4.0 0.53 0.289 4.70309167444 0.624016918997 0.0 inf 300.0 -0.00369769024361 0.5 1.0 -0.00337497409585 0.5 1.0 -0.00291501741809 0.5 1.0 -0.000757882557951 0.5 1.0 -0.0240346878445 0.5 1.0 1.0 3854.88534235
-0.354912789135 1.65981454899 0.999962299717 1.29396984925 2.9 3.26 1.966 1.0 -0.0274554905256 0.785769105181 23.796916113 0.112667538658 -0.666666666667 300.0 4.0 4.0 3.68428429884 0.97076 -0.79704338922 4.0 4.0 0.53 0.289 4.70299570083 0.624093563625 0.0 inf 300.0 -0.00369784487071 0.5 1.0 -0.00337463953541 0.5 1.0 -0.00291464500669 0.5 1.0 -0.000757498448303 0.5 1.0 -0.0240377506641 0.5 1.0 1.0 3854.99543479
-0.354916889729 1.65958823257 0.999402632953 1.29899497487 2.9 3.26 1.966 1.0 -0.0274551814626 0.785687737332 23.7971244289 0.112761039807 -0.666666666667 300.0 4.0 4.0 3.68430891029 0.97076 -0.797052502026 4.0 4.0 0.53 0.289 4.70289532752 0.624160334505 0.0 inf 300.0 -0.00369800053334 0.5 1.0 -0.0033743123783 0.5 1.0 -0.0029142791973 0.5 1.0 -0.000757160648404 0.5 1.0 -0.0240406362249 0.5 1.0 1.0 3855.10744408
-0.35492092804 1.65936473562 0.998847793002 1.3040201005 2.9 3.26 1.966 1.0 -0.0274548828192 0.785606435334 23.7973268961 0.112853055186 -0.666666666667 300.0 4.0 4.0 3.68432470833 0.97076 -0.797064323538 4.0 4.0 0.53 0.289 4.70279036819 0.62421781093 0.0 inf 300.0 -0.00369815848914 0.5 1.0 -0.00337399229156 0.5 1.0 -0.00291391966046 0.5 1.0 -0.000756868890338 0.5 1.0 -0.0240434298044 0.5 1.0 1.0 3855.22138097
-0.354924898669 1.65914429052 0.998298186549 1.30904522613 2.9 3.26 1.966 1.0 -0.0274545940827 0.785525214718 23.7975217738 0.112943564317 -0.666666666667 300.0 4.0 4.0 3.68433197339 0.97076 -0.797078719129 4.0 4.0 0.53 0.289 4.70268094588 0.624266159186 0.0 inf 300.0 -0.00369831953845 0.5 1.0 -0.00337367892985 0.5 1.0 -0.00291356615411 0.5 1.0 -0.000756623793011 0.5 1.0 -0.0240461474783 0.5 1.0 1.0 3855.33737307
-0.354928795541 1.6589270441 0.997754347332 1.31407035176 2.9 3.26 1.966 1.0 -0.0274543078034 0.785444111732 23.797705163 0.113032517843 -0.666666666667 300.0 4.0 4.0 3.6843309088 0.97076 -0.797096205439 4.0 4.0 0.53 0.289 4.70256718045 0.624305470021 0.0 inf 300.0 -0.00369848667041 0.5 1.0 -0.00337337175514 0.5 1.0 -0.00291321820576 0.5 1.0 -0.000756426378142 0.5 1.0 -0.0240488034943 0.5 1.0 1.0 3855.45559405
-0.35493260322 1.65871318994 0.997213504765 1.31909547739 2.9 3.26 1.966 1.0 -0.0274540078293 0.785363021658 23.7978728841 0.113119640808 -0.666666666667 300.0 4.0 4.0 3.68432195343 0.97076 -0.797117046369 4.0 4.0 0.53 0.289 4.70244929886 0.624336048855 0.0 inf 300.0 -0.00369866289541 0.5 1.0 -0.00337307067018 0.5 1.0 -0.00291287492466 0.5 1.0 -0.000756266039429 0.5 1.0 -0.0240514116153 0.5 1.0 1.0 3855.57615623
-0.354936303705 1.65850301202 0.996673524979 1.32412060302 2.9 3.26 1.966 1.0 -0.0274536784906 0.785281800732 23.7980189376 0.113204664884 -0.666666666667 300.0 4.0 4.0 3.68430568208 0.97076 -0.79714137827 4.0 4.0 0.53 0.289 4.70232768877 0.624358291744 0.0 inf 300.0 -0.00369885201032 0.5 1.0 -0.00337277543812 0.5 1.0 -0.00291253533672 0.5 1.0 -0.000756134781622 0.5 1.0 -0.0240539939321 0.5 1.0 1.0 3855.6991984
-0.354939890833 1.65829660475 0.99613465164 1.32914572864 2.9 3.26 1.966 1.0 -0.0274533177694 0.785200520548 23.7981427299 0.11328758202 -0.666666666667 300.0 4.0 4.0 3.6842828091 0.97076 -0.797168970092 4.0 4.0 0.53 0.289 4.70220252658 0.624372841284 0.0 inf 300.0 -0.00369905416668 0.5 1.0 -0.00337248568469 0.5 1.0 -0.00291219916976 0.5 1.0 -0.000756033059486 0.5 1.0 -0.0240565703017 0.5 1.0 1.0 3855.82474653
-0.354943378253 1.65809370944 0.995596988867 1.33417085427 2.9 3.26 1.966 1.0 -0.0274529290709 0.785120120082 23.7982529926 0.113368475865 -0.666666666667 300.0 4.0 4.0 3.68425377513 0.97076 -0.797199858635 4.0 4.0 0.53 0.289 4.7020735258 0.624380357419 0.0 inf 300.0 -0.00369926302126 0.5 1.0 -0.00337220076863 0.5 1.0 -0.00291186646801 0.5 1.0 -0.000755958354826 0.5 1.0 -0.0240590860008 0.5 1.0 1.0 3855.95286054
-0.354946724362 1.65789519107 0.995061812039 1.3391959799 2.9 3.26 1.966 1.0 -0.0274525034174 0.785038827709 23.7983297728 0.113447209705 -0.666666666667 300.0 4.0 4.0 3.68421913703 0.97076 -0.797234306671 4.0 4.0 0.53 0.289 4.70194176996 0.62438069639 0.0 inf 300.0 -0.00369949276222 0.5 1.0 -0.00337192088958 0.5 1.0 -0.00291153661968 0.5 1.0 -0.000755919697616 0.5 1.0 -0.024061709328 0.5 1.0 1.0 3856.08363193
-0.354949944777 1.65770064042 0.994528726211 1.34422110553 2.9 3.26 1.966 1.0 -0.0274520395263 0.784957648507 23.7983812251 0.11352384765 -0.666666666667 300.0 4.0 4.0 3.68417932495 0.97076 -0.797272219154 4.0 4.0 0.53 0.289 4.70180677919 0.624374592686 0.0 inf 300.0 -0.00369973767187 0.5 1.0 -0.00337164535757 0.5 1.0 -0.00291120946273 0.5 1.0 -0.000755912554661 0.5 1.0 -0.0240643718113 0.5 1.0 1.0 3856.21705817
-0.354953037335 1.6575101023 0.993998177072 1.34924623116 2.9 3.26 1.966 1.0 -0.0274515372949 0.784876692985 23.7984074342 0.113598426133 -0.666666666667 300.0 4.0 4.0 3.68413495226 0.97076 -0.797313334369 4.0 4.0 0.53 0.289 4.70166884723 0.624362609453 0.0 inf 300.0 -0.00369999745339 0.5 1.0 -0.00337137379913 0.5 1.0 -0.00291088481108 0.5 1.0 -0.000755937775561 0.5 1.0 -0.0240670872417 0.5 1.0 1.0 3856.35312091
-0.354956000026 1.65732361182 0.993470996405 1.35427135678 2.9 3.26 1.966 1.0 -0.0274509981132 0.784796087695 23.7984092986 0.113671006038 -0.666666666667 300.0 4.0 4.0 3.68408675255 0.97076 -0.797357199645 4.0 4.0 0.53 0.289 4.70152812671 0.624345451531 0.0 inf 300.0 -0.00370027123978 0.5 1.0 -0.00337110579266 0.5 1.0 -0.00291056251594 0.5 1.0 -0.000755997461401 0.5 1.0 -0.0240698720748 0.5 1.0 1.0 3856.4917789
-0.354958823044 1.65714123252 0.992946179474 1.35929648241 2.9 3.26 1.966 1.0 -0.0274504135525 0.78471578084 23.7983848251 0.113741474795 -0.666666666667 300.0 4.0 4.0 3.68403543441 0.97076 -0.797403583117 4.0 4.0 0.53 0.289 4.70138470376 0.624323776423 0.0 inf 300.0 -0.0037005603244 0.5 1.0 -0.0033708410783 0.5 1.0 -0.00291024200013 0.5 1.0 -0.000756087814408 0.5 1.0 -0.0240727426815 0.5 1.0 1.0 3856.63301593
-0.354961496461 1.65696310676 0.992422647506 1.36432160804 2.9 3.26 1.966 1.0 -0.0274497729197 0.784635695635 23.7983304083 0.113809689264 -0.666666666667 300.0 4.0 4.0 3.683981467 0.97076 -0.797453121726 4.0 4.0 0.53 0.289 4.70123900564 0.624297926158 0.0 inf 300.0 -0.00370086748625 0.5 1.0 -0.00337057931502 0.5 1.0 -0.00290992263268 0.5 1.0 -0.000756204865809 0.5 1.0 -0.0240757143976 0.5 1.0 1.0 3856.77689628
-0.354964027263 1.65678921573 0.991902783192 1.36934673367 2.9 3.26 1.966 1.0 -0.0274490870826 0.784556052175 23.7982491179 0.113875878892 -0.666666666667 300.0 4.0 4.0 3.68392525043 0.97076 -0.797505618249 4.0 4.0 0.53 0.289 4.701091067 0.624268307108 0.0 inf 300.0 -0.0037011904648 0.5 1.0 -0.0033703199894 0.5 1.0 -0.00290960473973 0.5 1.0 -0.000756355480505 0.5 1.0 -0.0240787981791 0.5 1.0 1.0 3856.92340756
-0.354966414793 1.65661960853 0.991386397553 1.3743718593 2.9 3.26 1.966 1.0 -0.0274483589747 0.784476860198 23.7981413699 0.113940085574 -0.666666666667 300.0 4.0 4.0 3.68386731171 0.97076 -0.797560397275 4.0 4.0 0.53 0.289 4.70094107611 0.62423543304 0.0 inf 300.0 -0.00370152825155 0.5 1.0 -0.00337006292387 0.5 1.0 -0.00290928818004 0.5 1.0 -0.000756538287836 0.5 1.0 -0.0240820017226 0.5 1.0 1.0 3857.07243289
-0.354968648466 1.65645411343 0.990871452218 1.37939698492 2.9 3.26 1.966 1.0 -0.027447571941 0.784398151606 23.7980040793 0.114002137582 -0.666666666667 300.0 4.0 4.0 3.68380836662 0.97076 -0.797617611128 4.0 4.0 0.53 0.289 4.70078914091 0.624200028946 0.0 inf 300.0 -0.00370188329528 0.5 1.0 -0.00336980797227 0.5 1.0 -0.00290897218449 0.5 1.0 -0.000756746520354 0.5 1.0 -0.0240853316977 0.5 1.0 1.0 3857.22388087
-0.354970610535 1.65629113992 0.990357591185 1.38442211055 2.9 3.26 1.966 1.0 -0.0274463699306 0.784320616085 23.7977063866 0.114059323252 -0.666666666667 300.0 4.0 4.0 3.68374945058 0.97076 -0.797679327159 4.0 4.0 0.53 0.289 4.70063978283 0.624163052637 0.0 inf 300.0 -0.00370235761188 0.5 1.0 -0.00336954518885 0.5 1.0 -0.00290864043286 0.5 1.0 -0.000756982752257 0.5 1.0 -0.0240886805056 0.5 1.0 1.0 3857.37773774
-0.354972517712 1.6561339337 0.989845457716 1.38944723618 2.9 3.26 1.966 1.0 -0.0274454173158 0.784243038307 23.7975007031 0.11411668782 -0.666666666667 300.0 4.0 4.0 3.68369016481 0.97076 -0.797741210255 4.0 4.0 0.53 0.289 4.70048553968 0.624124083441 0.0 inf 300.0 -0.0037027572479 0.5 1.0 -0.00336929283992 0.5 1.0 -0.00290832312565 0.5 1.0 -0.000757241925235 0.5 1.0 -0.0240923029386 0.5 1.0 1.0 3857.53403348
-0.354974258674 1.65598107635 0.989334571249 1.39447236181 2.9 3.26 1.966 1.0 -0.0274443936518 0.784165938195 23.7972623461 0.114171794146 -0.666666666667 300.0 4.0 4.0 3.68363129548 0.97076 -0.797805308364 4.0 4.0 0.53 0.289 4.7003302992 0.624083825401 0.0 inf 300.0 -0.00370317664423 0.5 1.0 -0.00336904166471 0.5 1.0 -0.00290800530798 0.5 1.0 -0.000757524960732 0.5 1.0 -0.0240960915368 0.5 1.0 1.0 3857.69275222
-0.354975834789 1.6558324641 0.988825081867 1.39949748744 2.9 3.26 1.966 1.0 -0.0274433001505 0.784089389183 23.7969924137 0.114224709523 -0.666666666667 300.0 4.0 4.0 3.6835733235 0.97076 -0.797871383155 4.0 4.0 0.53 0.289 4.70017411919 0.624042794112 0.0 inf 300.0 -0.00370361494763 0.5 1.0 -0.00336879149376 0.5 1.0 -0.00290768692634 0.5 1.0 -0.000757831900324 0.5 1.0 -0.0241000520792 0.5 1.0 1.0 3857.85377284
-0.354977363338 1.65569086746 0.988317746285 1.40452261307 2.9 3.26 1.966 1.0 -0.0274426049772 0.784012350224 23.7968211373 0.114279070113 -0.666666666667 300.0 4.0 4.0 3.68351571617 0.97076 -0.797935962514 4.0 4.0 0.53 0.289 4.70001159853 0.624000208791 0.0 inf 300.0 -0.00370395215259 0.5 1.0 -0.00336855310922 0.5 1.0 -0.002907387262 0.5 1.0 -0.000758158384609 0.5 1.0 -0.024104273769 0.5 1.0 1.0 3858.01694207
-0.35497861258 1.65555055072 0.987812496368 1.40954773869 2.9 3.26 1.966 1.0 -0.0274413862999 0.783937119822 23.7964852208 0.114327957897 -0.666666666667 300.0 4.0 4.0 3.68346081638 0.97076 -0.798004629624 4.0 4.0 0.53 0.289 4.69985372414 0.623958964775 0.0 inf 300.0 -0.00370442642023 0.5 1.0 -0.00336830422588 0.5 1.0 -0.00290706763572 0.5 1.0 -0.000758516343789 0.5 1.0 -0.0241085973304 0.5 1.0 1.0 3858.18214695
-0.354979695614 1.65541429935 0.987308235746 1.41457286432 2.9 3.26 1.966 1.0 -0.0274400892217 0.783862521429 23.7961173618 0.114374669466 -0.666666666667 300.0 4.0 4.0 3.68340800342 0.97076 -0.798074469147 4.0 4.0 0.53 0.289 4.69969550115 0.623918172322 0.0 inf 300.0 -0.00370492024942 0.5 1.0 -0.00336805571609 0.5 1.0 -0.00290674666456 0.5 1.0 -0.000758896058126 0.5 1.0 -0.0241131043399 0.5 1.0 1.0 3858.34941584
-0.354980612913 1.6552822166 0.986805695428 1.41959798995 2.9 3.26 1.966 1.0 -0.0274387159567 0.783788607084 23.7957179046 0.114419256843 -0.666666666667 300.0 4.0 4.0 3.68335750064 0.97076 -0.798145801677 4.0 4.0 0.53 0.289 4.69953721443 0.623877988476 0.0 inf 300.0 -0.00370543354466 0.5 1.0 -0.00336780721997 0.5 1.0 -0.00290642429326 0.5 1.0 -0.000759299085418 0.5 1.0 -0.0241178045386 0.5 1.0 1.0 3858.51880188
-0.354981370527 1.65515426141 0.986306026113 1.42462311558 2.9 3.26 1.966 1.0 -0.0274372746985 0.783715508309 23.7952897739 0.114461874257 -0.666666666667 300.0 4.0 4.0 3.6833095967 0.97076 -0.798218421844 4.0 4.0 0.53 0.289 4.69937895783 0.623838726569 0.0 inf 300.0 -0.00370596414278 0.5 1.0 -0.00336755850022 0.5 1.0 -0.00290610076276 0.5 1.0 -0.000759727979258 0.5 1.0 -0.0241227020247 0.5 1.0 1.0 3858.69023365
-0.354981978697 1.65503023629 0.985810991385 1.42964824121 2.9 3.26 1.966 1.0 -0.027435775688 0.78364340555 23.7948367378 0.114502760024 -0.666666666667 300.0 4.0 4.0 3.68326469939 0.97076 -0.798292241172 4.0 4.0 0.53 0.289 4.69922058761 0.623800903606 0.0 inf 300.0 -0.00370650949404 0.5 1.0 -0.00336730919849 0.5 1.0 -0.00290577644723 0.5 1.0 -0.000760186713769 0.5 1.0 -0.0241277977896 0.5 1.0 1.0 3858.86351178
-0.354982462723 1.65490998911 0.985319122264 1.43467336683 2.9 3.26 1.966 1.0 -0.0274342689241 0.783573254296 23.7943797535 0.114542341288 -0.666666666667 300.0 4.0 4.0 3.68322299542 0.97076 -0.798366470095 4.0 4.0 0.53 0.289 4.69906123142 0.623764994771 0.0 inf 300.0 -0.00370705041074 0.5 1.0 -0.00336706057918 0.5 1.0 -0.00290545359715 0.5 1.0 -0.000760670734065 0.5 1.0 -0.024133019946 0.5 1.0 1.0 3859.03839328
-0.354982763339 1.65479348316 0.984826965513 1.43969849246 2.9 3.26 1.966 1.0 -0.0274326421367 0.783502804962 23.793875703 0.114579520187 -0.666666666667 300.0 4.0 4.0 3.68318515801 0.97076 -0.798441540856 4.0 4.0 0.53 0.289 4.69890277887 0.623731260401 0.0 inf 300.0 -0.00370762470792 0.5 1.0 -0.00336681101157 0.5 1.0 -0.00290512691343 0.5 1.0 -0.000761170922861 0.5 1.0 -0.024138495866 0.5 1.0 1.0 3859.21475991
-0.354979514037 1.6539958672 0.984381829266 1.44472361809 2.9 3.26 1.966 1.0 -0.0273917319649 0.783912490582 23.7913676612 0.114304735264 -0.666666666667 300.0 4.0 4.0 3.68319858029 0.97076 -0.798595487505 4.0 4.0 0.53 0.289 4.69827314197 0.624074597518 0.0 inf 300.0 -0.00371206838715 0.5 1.0 -0.00336997158024 0.5 1.0 -0.00290175335422 0.5 1.0 -0.000763161266989 0.5 1.0 -0.0241156920348 0.5 1.0 1.0 3859.39280011
-0.354979643637 1.65387822591 0.983883776348 1.44974874372 2.9 3.26 1.966 1.0 -0.0273896838287 0.783831281861 23.790911526 0.114337006519 -0.666666666667 300.0 4.0 4.0 3.68318056569 0.97076 -0.79866790605 4.0 4.0 0.53 0.289 4.69812921083 0.624055186727 0.0 inf 300.0 -0.00371272901214 0.5 1.0 -0.00336976039209 0.5 1.0 -0.00290139125327 0.5 1.0 -0.000763638314017 0.5 1.0 -0.0241214438117 0.5 1.0 1.0 3859.57223616
-0.354979605132 1.65376497473 0.983386056705 1.45477386935 2.9 3.26 1.966 1.0 -0.0273876196715 0.783750964407 23.7904168937 0.114367853885 -0.666666666667 300.0 4.0 4.0 3.68316577415 0.97076 -0.798741203723 4.0 4.0 0.53 0.289 4.69798591241 0.624037165267 0.0 inf 300.0 -0.00371339862097 0.5 1.0 -0.0033695338023 0.5 1.0 -0.00290103645463 0.5 1.0 -0.000764151637827 0.5 1.0 -0.0241275447005 0.5 1.0 1.0 3859.75317925
-0.354979418911 1.65365572987 0.982891497931 1.45979899497 2.9 3.26 1.966 1.0 -0.0273855429127 0.783671808004 23.7898908548 0.114397517812 -0.666666666667 300.0 4.0 4.0 3.68315463207 0.97076 -0.798814915201 4.0 4.0 0.53 0.289 4.69784313874 0.624021170549 0.0 inf 300.0 -0.00371407549755 0.5 1.0 -0.00336929466144 0.5 1.0 -0.00290068767079 0.5 1.0 -0.000764705241505 0.5 1.0 -0.0241339509033 0.5 1.0 1.0 3859.93544584
-0.354979110788 1.65354996226 0.982401492313 1.4648241206 2.9 3.26 1.966 1.0 -0.0273834374344 0.783593632199 23.7893397931 0.114426089869 -0.666666666667 300.0 4.0 4.0 3.68314794511 0.97076 -0.798888641542 4.0 4.0 0.53 0.289 4.6977021151 0.624008511876 0.0 inf 300.0 -0.0037147579242 0.5 1.0 -0.00336904992917 0.5 1.0 -0.00290034356712 0.5 1.0 -0.000765289390026 0.5 1.0 -0.024140638896 0.5 1.0 1.0 3860.11879465
-0.354978689063 1.65344717863 0.981914293425 1.46984924623 2.9 3.26 1.966 1.0 -0.027381275445 0.783515871099 23.7887643558 0.11445342973 -0.666666666667 300.0 4.0 4.0 3.68314667196 0.97076 -0.798962471755 4.0 4.0 0.53 0.289 4.69756408091 0.624000335118 0.0 inf 300.0 -0.00371544962586 0.5 1.0 -0.00336880466087 0.5 1.0 -0.00290000252554 0.5 1.0 -0.0007658893549 0.5 1.0 -0.0241476061376 0.5 1.0 1.0 3860.30301672
-0.354978146825 1.65334749953 0.981425725731 1.47487437186 2.9 3.26 1.966 1.0 -0.0273790416636 0.783438434032 23.7881602781 0.114479256152 -0.666666666667 300.0 4.0 4.0 3.6831509223 0.97076 -0.799036317713 4.0 4.0 0.53 0.289 4.69742946123 0.623996860307 0.0 inf 300.0 -0.00371615271919 0.5 1.0 -0.00336856060007 0.5 1.0 -0.00289966394585 0.5 1.0 -0.000766491599446 0.5 1.0 -0.024154823542 0.5 1.0 1.0 3860.48802066
-0.354977539092 1.65325248824 0.980934799529 1.47989949749 2.9 3.26 1.966 1.0 -0.0273767453444 0.783363604951 23.7875418597 0.114503410686 -0.666666666667 300.0 4.0 4.0 3.68315868047 0.97076 -0.799109664606 4.0 4.0 0.53 0.289 4.69728853482 0.623995475733 0.0 inf 300.0 -0.00371684947489 0.5 1.0 -0.00336828115945 0.5 1.0 -0.00289926169991 0.5 1.0 -0.000767205702285 0.5 1.0 -0.0241622419527 0.5 1.0 1.0 3860.67379897
-0.354976740693 1.65315994169 0.980444248754 1.48492462312 2.9 3.26 1.966 1.0 -0.0273744285567 0.783288807824 23.7868835331 0.114526461197 -0.666666666667 300.0 4.0 4.0 3.68317298629 0.97076 -0.79918339117 4.0 4.0 0.53 0.289 4.69715387307 0.624000262431 0.0 inf 300.0 -0.00371756738183 0.5 1.0 -0.00336801777791 0.5 1.0 -0.00289890904225 0.5 1.0 -0.000767879224033 0.5 1.0 -0.0241698575033 0.5 1.0 1.0 3860.86029681
-0.354975830369 1.65307044184 0.97995625549 1.48994974874 2.9 3.26 1.966 1.0 -0.0273720889353 0.783215345962 23.7862034501 0.114548564718 -0.666666666667 300.0 4.0 4.0 3.68319211098 0.97076 -0.799256580231 4.0 4.0 0.53 0.289 4.69702022236 0.624008918693 0.0 inf 300.0 -0.00371829241836 0.5 1.0 -0.00336775134071 0.5 1.0 -0.00289856073803 0.5 1.0 -0.000768571263291 0.5 1.0 -0.0241776548864 0.5 1.0 1.0 3861.04735831
-0.35497482301 1.6529834162 0.979470646878 1.49497487437 2.9 3.26 1.966 1.0 -0.0273697110502 0.783142453334 23.7855073699 0.114569710807 -0.666666666667 300.0 4.0 4.0 3.68321665339 0.97076 -0.799329091184 4.0 4.0 0.53 0.289 4.69688894412 0.624022121469 0.0 inf 300.0 -0.00371902351739 0.5 1.0 -0.00336748395718 0.5 1.0 -0.00289821346052 0.5 1.0 -0.000769284090594 0.5 1.0 -0.0241856706905 0.5 1.0 1.0 3861.23479187
-0.354973724227 1.65289840612 0.978986109221 1.5 2.9 3.26 1.966 1.0 -0.0273672790974 0.783069533437 23.7847956338 0.11458985366 -0.666666666667 300.0 4.0 4.0 3.68324722298 0.97076 -0.799400833818 4.0 4.0 0.53 0.289 4.69676121975 0.6240404198 0.0 inf 300.0 -0.00371976330903 0.5 1.0 -0.00336721531263 0.5 1.0 -0.00289786613625 0.5 1.0 -0.000770015954864 0.5 1.0 -0.0241939275571 0.5 1.0 1.0 3861.42241872
