bias_lya*(1+beta_lya) beta_lya ap at alpha_lya SigmaNL_perp 1+f bao_amp bias_lls beta_lls L0_lls bias_gamma bias_prim lambda_uv Lpar_auto Lper_auto bias_qso growth_rate drp Lpar_cross Lper_cross qso_evol_0 qso_evol_1 sigma_velo_lorentz qso_rad_strength qso_rad_asymmetry qso_rad_lifetime qso_rad_decrease bias_Si3 beta_Si3 alpha_Si3 bias_Si2a beta_Si2a alpha_Si2a bias_Si2b beta_Si2b alpha_Si2b bias_Si2c beta_Si2c alpha_Si2c bias_CIVa beta_CIVa alpha_CIVa qso_metal_boost chi2
-0.353743491249 1.65433683246 0.5 0.959136431935 2.9 3.26 1.966 1.0 -0.0260833597868 0.756811531664 23.3843502795 0.0975383290817 -0.666666666667 300.0 4.0 4.0 3.67146781703 0.97076 -0.803615867025 4.0 4.0 0.53 0.289 4.69344130591 0.607947387098 0.0 inf 300.0 -0.0039612989092 0.5 1.0 -0.00331972272482 0.5 1.0 -0.00277333907279 0.5 1.0 -0.00181888471953 0.5 1.0 -0.0250498765927 0.5 1.0 1.0 3871.61848121
-0.353676765996 1.65493489716 0.505025125628 0.955883778075 2.9 3.26 1.966 1.0 -0.0260257659778 0.755815323811 23.3690801582 0.0962943711617 -0.666666666667 300.0 4.0 4.0 3.67124967088 0.97076 -0.80383424402 4.0 4.0 0.53 0.289 4.69455021496 0.607475627958 0.0 inf 300.0 -0.00397246531196 0.5 1.0 -0.003320880083 0.5 1.0 -0.00277156110833 0.5 1.0 -0.00182650359555 0.5 1.0 -0.0250726171849 0.5 1.0 1.0 3871.76729243
-0.353604625053 1.65554809904 0.510050251256 0.952660539163 2.9 3.26 1.966 1.0 -0.0259643616814 0.754749989127 23.353512174 0.0949359202477 -0.666666666667 300.0 4.0 4.0 3.6710026972 0.97076 -0.804058642814 4.0 4.0 0.53 0.289 4.69566768287 0.606980673431 0.0 inf 300.0 -0.00398401857099 0.5 1.0 -0.00332233917014 0.5 1.0 -0.00276986896565 0.5 1.0 -0.00183455365001 0.5 1.0 -0.0250979861304 0.5 1.0 1.0 3871.97772347
-0.35352694417 1.65617209368 0.515075376884 0.949476073246 2.9 3.26 1.966 1.0 -0.0258990697645 0.75361342879 23.337695349 0.0934593302839 -0.666666666667 300.0 4.0 4.0 3.67072125899 0.97076 -0.80428897299 4.0 4.0 0.53 0.289 4.69678958217 0.606457086884 0.0 inf 300.0 -0.00399594006361 0.5 1.0 -0.00332412537726 0.5 1.0 -0.00276828212209 0.5 1.0 -0.00184304239622 0.5 1.0 -0.0251262781752 0.5 1.0 1.0 3872.25627765
-0.353443683952 1.65680257651 0.520100502513 0.946363470296 2.9 3.26 1.966 1.0 -0.025829926298 0.752405377474 23.3217279469 0.0918623177058 -0.666666666667 300.0 4.0 4.0 3.6703986395 0.97076 -0.804524297247 4.0 4.0 0.53 0.289 4.69791178193 0.605898726507 0.0 inf 300.0 -0.0040081712513 0.5 1.0 -0.00332626542025 0.5 1.0 -0.0027668228573 0.5 1.0 -0.00185197676855 0.5 1.0 -0.0251574768457 0.5 1.0 1.0 3872.60947711
-0.35335480779 1.65743490732 0.525125628141 0.943326840784 2.9 3.26 1.966 1.0 -0.0257568748502 0.751125135909 23.3056316077 0.0901432152391 -0.666666666667 300.0 4.0 4.0 3.67002945101 0.97076 -0.804766381811 4.0 4.0 0.53 0.289 4.6990325227 0.60529983198 0.0 inf 300.0 -0.00402070787228 0.5 1.0 -0.00332877815399 0.5 1.0 -0.00276550650689 0.5 1.0 -0.0018613577354 0.5 1.0 -0.0251918563498 0.5 1.0 1.0 3873.04385524
-0.353240973448 1.65820021265 0.530150753769 0.940227032442 2.9 3.26 1.966 1.0 -0.0256949421746 0.751094449895 23.298961149 0.088406684756 -0.666666666667 300.0 4.0 4.0 3.66912432185 0.97076 -0.804859374448 4.0 4.0 0.53 0.289 4.70025095026 0.603894014579 0.0 inf 300.0 -0.00402465390403 0.5 1.0 -0.00333009948618 0.5 1.0 -0.0027683572559 0.5 1.0 -0.00186969815962 0.5 1.0 -0.025277439984 0.5 1.0 1.0 3873.56618959
-0.353144039826 1.65875631489 0.535175879397 0.937409869993 2.9 3.26 1.966 1.0 -0.0256102934628 0.749772069777 23.2821588201 0.086466280768 -0.666666666667 300.0 4.0 4.0 3.66866426887 0.97076 -0.805114333899 4.0 4.0 0.53 0.289 4.70139257267 0.603238242851 0.0 inf 300.0 -0.00403867234661 0.5 1.0 -0.00333312371289 0.5 1.0 -0.00276722060525 0.5 1.0 -0.00188009052319 0.5 1.0 -0.0253166782 0.5 1.0 1.0 3874.18183041
-0.353041872467 1.65931695098 0.540201005025 0.934699030365 2.9 3.26 1.966 1.0 -0.0255221958502 0.748363970501 23.2650659958 0.0844086714394 -0.666666666667 300.0 4.0 4.0 3.66811562621 0.97076 -0.805407300047 4.0 4.0 0.53 0.289 4.70252231961 0.602486223396 0.0 inf 300.0 -0.00405308901283 0.5 1.0 -0.0033365732399 0.5 1.0 -0.00276631132174 0.5 1.0 -0.00189095040867 0.5 1.0 -0.0253581030362 0.5 1.0 1.0 3874.89673688
-0.35293473778 1.65988637521 0.545226130653 0.932103019658 2.9 3.26 1.966 1.0 -0.0254317835374 0.746860582346 23.2478895236 0.0822439270929 -0.666666666667 300.0 4.0 4.0 3.66748348236 0.97076 -0.805738062533 4.0 4.0 0.53 0.289 4.70365465096 0.60163709552 0.0 inf 300.0 -0.00406766821076 0.5 1.0 -0.00334043382629 0.5 1.0 -0.00276564949574 0.5 1.0 -0.00190190746838 0.5 1.0 -0.0254024911689 0.5 1.0 1.0 3875.71592764
-0.3528230294 1.660474126 0.550251256281 0.929637867902 2.9 3.26 1.966 1.0 -0.0253394182969 0.745294216712 23.2310319093 0.0799773589924 -0.666666666667 300.0 4.0 4.0 3.66676957224 0.97076 -0.806147247914 4.0 4.0 0.53 0.289 4.70467614237 0.600705700619 0.0 inf 300.0 -0.00408215859027 0.5 1.0 -0.0033447281345 0.5 1.0 -0.0027652537289 0.5 1.0 -0.00191303249928 0.5 1.0 -0.0254475023259 0.5 1.0 1.0 3876.64367275
-0.352710333112 1.66100863128 0.55527638191 0.927348850507 2.9 3.26 1.966 1.0 -0.0252485391582 0.743665718793 23.2152542639 0.0776555396422 -0.666666666667 300.0 4.0 4.0 3.66618128139 0.97076 -0.80653049236 4.0 4.0 0.53 0.289 4.70583504192 0.599759274075 0.0 inf 300.0 -0.00409608624846 0.5 1.0 -0.0033496342401 0.5 1.0 -0.00276569297309 0.5 1.0 -0.0019253564691 0.5 1.0 -0.0255111692041 0.5 1.0 1.0 3877.68342959
-0.352583435865 1.66164965397 0.560301507538 0.925311255021 2.9 3.26 1.966 1.0 -0.025150675354 0.741832692079 23.1978904053 0.0751354889262 -0.666666666667 300.0 4.0 4.0 3.66514716463 0.97076 -0.806912752756 4.0 4.0 0.53 0.289 4.70709091667 0.598620637684 0.0 inf 300.0 -0.00411121820044 0.5 1.0 -0.00335442458526 0.5 1.0 -0.00276525775078 0.5 1.0 -0.00193655168797 0.5 1.0 -0.025559974577 0.5 1.0 1.0 3878.83738418
-0.352458791644 1.66210725099 0.565326633166 0.923451495906 2.9 3.26 1.966 1.0 -0.0250492507912 0.740126287555 23.1830999346 0.0725556088229 -0.666666666667 300.0 4.0 4.0 3.66427657202 0.97076 -0.807375432115 4.0 4.0 0.53 0.289 4.70841773621 0.597494641277 0.0 inf 300.0 -0.00412560561464 0.5 1.0 -0.00335992175275 0.5 1.0 -0.0027655562518 0.5 1.0 -0.00194918092354 0.5 1.0 -0.0256191186651 0.5 1.0 1.0 3880.10644132
-0.352327418881 1.66277202769 0.570351758794 0.921846581205 2.9 3.26 1.966 1.0 -0.0249617927125 0.738089147917 23.1687133102 0.0699824552996 -0.666666666667 300.0 4.0 4.0 3.66329161694 0.97076 -0.807675756719 4.0 4.0 0.53 0.289 4.70942742118 0.596315493819 0.0 inf 300.0 -0.00413762655653 0.5 1.0 -0.0033661441414 0.5 1.0 -0.00276649589671 0.5 1.0 -0.00196136274024 0.5 1.0 -0.025682790327 0.5 1.0 1.0 3881.49002867
-0.352195569721 1.6632954181 0.575376884422 0.920481857445 2.9 3.26 1.966 1.0 -0.0248691763583 0.736138496512 23.1564550441 0.0673320901514 -0.666666666667 300.0 4.0 4.0 3.66229190351 0.97076 -0.80800823178 4.0 4.0 0.53 0.289 4.71052522006 0.595098626025 0.0 inf 300.0 -0.00414905003173 0.5 1.0 -0.00337279083157 0.5 1.0 -0.00276749807215 0.5 1.0 -0.00197408161428 0.5 1.0 -0.0257450695401 0.5 1.0 1.0 3882.98582626
-0.352062781813 1.66375872419 0.58040201005 0.919368858996 2.9 3.26 1.966 1.0 -0.0247774096399 0.734142853803 23.1457642409 0.0646566565548 -0.666666666667 300.0 4.0 4.0 3.66124545933 0.97076 -0.808300038609 4.0 4.0 0.53 0.289 4.71154212515 0.593862578695 0.0 inf 300.0 -0.00415884412636 0.5 1.0 -0.00338007617708 0.5 1.0 -0.00276861548913 0.5 1.0 -0.00198666528694 0.5 1.0 -0.0258088329955 0.5 1.0 1.0 3884.58994805
-0.351931141528 1.66419910815 0.585427135678 0.918572111562 2.9 3.26 1.966 1.0 -0.0246898672435 0.732156838986 23.1384519698 0.0619651370072 -0.666666666667 300.0 4.0 4.0 3.66007482604 0.97076 -0.808722962644 4.0 4.0 0.53 0.289 4.71260718884 0.592507479456 0.0 inf 300.0 -0.00416796441291 0.5 1.0 -0.00338767570456 0.5 1.0 -0.0027695909306 0.5 1.0 -0.00199971161131 0.5 1.0 -0.0258662872495 0.5 1.0 1.0 3886.2967082
-0.351802755664 1.6646519368 0.590452261307 0.918055282183 2.9 3.26 1.966 1.0 -0.0246074458341 0.730118465754 23.1339064064 0.0593030788496 -0.666666666667 300.0 4.0 4.0 3.6589364981 0.97076 -0.808857981175 4.0 4.0 0.53 0.289 4.71395057672 0.591199254135 0.0 inf 300.0 -0.00417402774724 0.5 1.0 -0.00339574527649 0.5 1.0 -0.00277098021249 0.5 1.0 -0.00201252888915 0.5 1.0 -0.0259252016189 0.5 1.0 1.0 3888.09857887
-0.351682280966 1.66507505156 0.595477386935 0.917844042636 2.9 3.26 1.966 1.0 -0.0245276513381 0.728164393895 23.1327973095 0.0566969774084 -0.666666666667 300.0 4.0 4.0 3.65762576633 0.97076 -0.809143827718 4.0 4.0 0.53 0.289 4.7150689882 0.589753012097 0.0 inf 300.0 -0.00417857236788 0.5 1.0 -0.00340467721234 0.5 1.0 -0.002771730449 0.5 1.0 -0.00202410375383 0.5 1.0 -0.0259808655604 0.5 1.0 1.0 3889.98634166
-0.351561860782 1.6655634609 0.600502512563 0.917974762139 2.9 3.26 1.966 1.0 -0.0244487439832 0.726583841626 23.133807046 0.054121837319 -0.666666666667 300.0 4.0 4.0 3.65635845491 0.97076 -0.809248430422 4.0 4.0 0.53 0.289 4.71731700677 0.588083888916 0.0 inf 300.0 -0.00418113514067 0.5 1.0 -0.00341196974605 0.5 1.0 -0.0027747808168 0.5 1.0 -0.0020360776653 0.5 1.0 -0.0260355616347 0.5 1.0 1.0 3891.94917132
-0.351439847267 1.66601705655 0.605527638191 0.918452371495 2.9 3.26 1.966 1.0 -0.0243740072926 0.725419239748 23.135978906 0.051637851188 -0.666666666667 300.0 4.0 4.0 3.65499890059 0.97076 -0.80941739866 4.0 4.0 0.53 0.289 4.71939541899 0.586273736133 0.0 inf 300.0 -0.00418266713592 0.5 1.0 -0.00341854747856 0.5 1.0 -0.00277898810169 0.5 1.0 -0.00204731787166 0.5 1.0 -0.0261016439344 0.5 1.0 1.0 3893.9752318
-0.35131593621 1.66637475636 0.610552763819 0.919309879385 2.9 3.26 1.966 1.0 -0.0243057605008 0.724474554109 23.1389366206 0.0492500403948 -0.666666666667 300.0 4.0 4.0 3.65359087516 0.97076 -0.809577246468 4.0 4.0 0.53 0.289 4.72095895704 0.584413551859 0.0 inf 300.0 -0.00418303678646 0.5 1.0 -0.00342514904701 0.5 1.0 -0.0027836132013 0.5 1.0 -0.00205828498189 0.5 1.0 -0.0261755065731 0.5 1.0 1.0 3896.05110351
-0.351175442379 1.66654317121 0.615577889447 0.920661541549 2.9 3.26 1.966 1.0 -0.0242599970077 0.72339339633 23.1486488847 0.0470372090227 -0.666666666667 300.0 4.0 4.0 3.65296568324 0.97076 -0.808546005585 4.0 4.0 0.53 0.289 4.72225957062 0.583176621868 0.0 inf 300.0 -0.0041753097023 0.5 1.0 -0.00343744070516 0.5 1.0 -0.00278426044423 0.5 1.0 -0.00207182567608 0.5 1.0 -0.0263612530401 0.5 1.0 1.0 3898.16187657
-0.351066567461 1.66680958183 0.620603015075 0.922392249369 2.9 3.26 1.966 1.0 -0.0242083928933 0.722431651873 23.1570187971 0.0449074284866 -0.666666666667 300.0 4.0 4.0 3.65154780553 0.97076 -0.808619707332 4.0 4.0 0.53 0.289 4.72360801043 0.581390758732 0.0 inf 300.0 -0.00417187037424 0.5 1.0 -0.00344601108265 0.5 1.0 -0.00278778950708 0.5 1.0 -0.002081375127 0.5 1.0 -0.0264284751124 0.5 1.0 1.0 3900.29331531
-0.350965647478 1.66706558071 0.625628140704 0.924570953348 2.9 3.26 1.966 1.0 -0.0241640604774 0.721620419744 23.1673021429 0.0429258401256 -0.666666666667 300.0 4.0 4.0 3.65010197093 0.97076 -0.808654130471 4.0 4.0 0.53 0.289 4.72498911939 0.579561616861 0.0 inf 300.0 -0.00416696633055 0.5 1.0 -0.00345432455617 0.5 1.0 -0.00279159709434 0.5 1.0 -0.00209005704521 0.5 1.0 -0.0264893193174 0.5 1.0 1.0 3902.42987022
-0.350873374078 1.66731390974 0.630653266332 0.927266882573 2.9 3.26 1.966 1.0 -0.0241285325515 0.720964208531 23.1795813013 0.0411175205002 -0.666666666667 300.0 4.0 4.0 3.64864159279 0.97076 -0.808635293095 4.0 4.0 0.53 0.289 4.72640085873 0.577698855032 0.0 inf 300.0 -0.0041604019377 0.5 1.0 -0.00346246271807 0.5 1.0 -0.00279566049014 0.5 1.0 -0.0020978736795 0.5 1.0 -0.0265442922412 0.5 1.0 1.0 3904.55503131
-0.350789605867 1.66756957768 0.63567839196 0.93040099909 2.9 3.26 1.966 1.0 -0.0241020055482 0.720451781484 23.1938044888 0.0394898370084 -0.666666666667 300.0 4.0 4.0 3.64719981775 0.97076 -0.808551605923 4.0 4.0 0.53 0.289 4.72785646334 0.575832175427 0.0 inf 300.0 -0.004152238361 0.5 1.0 -0.00347059385051 0.5 1.0 -0.00279980995812 0.5 1.0 -0.00210468695176 0.5 1.0 -0.02659620659 0.5 1.0 1.0 3906.65296065
-0.350714886559 1.6678656627 0.640703517588 0.934069871791 2.9 3.26 1.966 1.0 -0.0240849718268 0.720082585315 23.2100901354 0.0380527737993 -0.666666666667 300.0 4.0 4.0 3.64581066749 0.97076 -0.808332201052 4.0 4.0 0.53 0.289 4.72948733195 0.573974028172 0.0 inf 300.0 -0.0041422487439 0.5 1.0 -0.00347911192936 0.5 1.0 -0.00280372701157 0.5 1.0 -0.00211046120494 0.5 1.0 -0.026645068945 0.5 1.0 1.0 3908.70823585
-0.350646776716 1.66817578758 0.645728643216 0.938284530867 2.9 3.26 1.966 1.0 -0.0240743126851 0.719886958832 23.2262278857 0.0367525334133 -0.666666666667 300.0 4.0 4.0 3.64444836608 0.97076 -0.808069882952 4.0 4.0 0.53 0.289 4.73125524679 0.571998662436 0.0 inf 300.0 -0.00413094090843 0.5 1.0 -0.00348785458416 0.5 1.0 -0.00280730915365 0.5 1.0 -0.00211749317544 0.5 1.0 -0.0266894161121 0.5 1.0 1.0 3910.70431577
-0.35059838287 1.66838720328 0.650753768844 0.943122793171 2.9 3.26 1.966 1.0 -0.0240808796577 0.719897531186 23.2470348694 0.0358251643096 -0.666666666667 300.0 4.0 4.0 3.6430275031 0.97076 -0.808029898192 4.0 4.0 0.53 0.289 4.73183722581 0.570200870429 0.0 inf 300.0 -0.00411825854286 0.5 1.0 -0.0034939570353 0.5 1.0 -0.00281372055462 0.5 1.0 -0.00211843895064 0.5 1.0 -0.0267291563261 0.5 1.0 1.0 3912.6248823
-0.350559475211 1.66859503351 0.655778894472 0.948870699404 2.9 3.26 1.966 1.0 -0.0240949569808 0.720315184939 23.2666798485 0.0351151712602 -0.666666666667 300.0 4.0 4.0 3.64176322824 0.97076 -0.807755666074 4.0 4.0 0.53 0.289 4.73320645758 0.568584217454 0.0 inf 300.0 -0.00410553455532 0.5 1.0 -0.00350125845089 0.5 1.0 -0.0028195997652 0.5 1.0 -0.00211791320917 0.5 1.0 -0.0267434343665 0.5 1.0 1.0 3914.45505905
-0.350513364617 1.66964846647 0.660804020101 0.955502950434 2.9 3.26 1.966 1.0 -0.024121142523 0.719854722633 23.2795188335 0.0344625251237 -0.666666666667 300.0 4.0 4.0 3.64165861471 0.97076 -0.807842903403 4.0 4.0 0.53 0.289 4.73656463654 0.567815184773 0.0 inf 300.0 -0.00409426318769 0.5 1.0 -0.00350780804808 0.5 1.0 -0.00282182764458 0.5 1.0 -0.00212050666004 0.5 1.0 -0.0267899492689 0.5 1.0 1.0 3916.17829259
-0.350500057825 1.6696619867 0.665829145729 0.963608266893 2.9 3.26 1.966 1.0 -0.0241527681468 0.721483576982 23.3077974167 0.0342893776588 -0.666666666667 300.0 4.0 4.0 3.64004613166 0.97076 -0.807747042122 4.0 4.0 0.53 0.289 4.73753609498 0.565831834065 0.0 inf 300.0 -0.00407473482561 0.5 1.0 -0.00351528277426 0.5 1.0 -0.00282761578242 0.5 1.0 -0.00211739038161 0.5 1.0 -0.0267915208891 0.5 1.0 1.0 3917.77778028
-0.350498114073 1.67019028893 0.670854271357 0.973630948356 2.9 3.26 1.966 1.0 -0.0242006415519 0.721977334717 23.3271716737 0.034329245638 -0.666666666667 300.0 4.0 4.0 3.63925413857 0.97076 -0.807233046597 4.0 4.0 0.53 0.289 4.73841965344 0.564460568046 0.0 inf 300.0 -0.00405917851164 0.5 1.0 -0.00352071213757 0.5 1.0 -0.00283232871342 0.5 1.0 -0.00211532880634 0.5 1.0 -0.0268078862129 0.5 1.0 1.0 3919.23639083
-0.352457375574 1.65133120759 0.675879396985 1.56613289366 2.9 3.26 1.966 1.0 -0.0254058614939 0.73959357837 23.5151426357 0.0682620595631 -0.666666666667 300.0 4.0 4.0 3.65560355094 0.97076 -0.804339723589 4.0 4.0 0.53 0.289 4.70744264275 0.590921028933 0.0 inf 300.0 -0.00394357515944 0.5 1.0 -0.00347002730218 0.5 1.0 -0.00286744025374 0.5 1.0 -0.00193503703185 0.5 1.0 -0.0254949923697 0.5 1.0 1.0 3897.76769871
-0.353515936351 1.63718862332 0.680904522613 2.26948663082 2.9 3.26 1.966 1.0 -0.0260558970055 0.750361318633 23.6183715515 0.0897613921157 -0.666666666667 300.0 4.0 4.0 3.67859231639 0.97076 -0.800340160931 4.0 4.0 0.53 0.289 4.68293844947 0.620835892261 0.0 inf 300.0 -0.00388021360531 0.5 1.0 -0.00341831295858 0.5 1.0 -0.00286396043061 0.5 1.0 -0.00181404190422 0.5 1.0 -0.0252789917324 0.5 1.0 1.0 3885.80736947
-0.353523589888 1.63688560628 0.685929648241 2.26793652894 2.9 3.26 1.966 1.0 -0.0260618298305 0.75068981267 23.6203682874 0.090060989802 -0.666666666667 300.0 4.0 4.0 3.67882313453 0.97076 -0.80029622835 4.0 4.0 0.53 0.289 4.68258678847 0.620639261628 0.0 inf 300.0 -0.00388060808948 0.5 1.0 -0.00341813128242 0.5 1.0 -0.00286309437681 0.5 1.0 -0.00180834924711 0.5 1.0 -0.0252477338395 0.5 1.0 1.0 3885.86178169
-0.353539755784 1.63683557714 0.690954773869 2.26551063919 2.9 3.26 1.966 1.0 -0.0260891223115 0.750151684419 23.6233551111 0.0903894472491 -0.666666666667 300.0 4.0 4.0 3.67951200099 0.97076 -0.80020180418 4.0 4.0 0.53 0.289 4.68206043357 0.621314083109 0.0 inf 300.0 -0.00387980238493 0.5 1.0 -0.00341797002194 0.5 1.0 -0.00286436711712 0.5 1.0 -0.00179965205982 0.5 1.0 -0.0252732677331 0.5 1.0 1.0 3885.87349833
-0.353558919347 1.63637770652 0.695979899497 2.26370116502 2.9 3.26 1.966 1.0 -0.0261033421772 0.750788569607 23.6298801566 0.0908227175967 -0.666666666667 300.0 4.0 4.0 3.67993188816 0.97076 -0.80007051487 4.0 4.0 0.53 0.289 4.68146273666 0.621643135425 0.0 inf 300.0 -0.00387612089947 0.5 1.0 -0.00341809008164 0.5 1.0 -0.00286572523596 0.5 1.0 -0.00179141405468 0.5 1.0 -0.0252631534597 0.5 1.0 1.0 3885.84222298
-0.353577389207 1.63615721987 0.701005025126 2.26171525239 2.9 3.26 1.966 1.0 -0.0261252182439 0.751170241498 23.6360582821 0.0912575658311 -0.666666666667 300.0 4.0 4.0 3.68042917382 0.97076 -0.799971093943 4.0 4.0 0.53 0.289 4.68086659891 0.622045724387 0.0 inf 300.0 -0.00387243985473 0.5 1.0 -0.00341804514843 0.5 1.0 -0.00286652438104 0.5 1.0 -0.00178278726704 0.5 1.0 -0.0252691015281 0.5 1.0 1.0 3885.76817099
-0.353586506029 1.63598905453 0.706030150754 2.25948781509 2.9 3.26 1.966 1.0 -0.0261526745675 0.75040714865 23.6319922422 0.0916704713216 -0.666666666667 300.0 4.0 4.0 3.68141620031 0.97076 -0.800199407803 4.0 4.0 0.53 0.289 4.67904503443 0.623215952001 0.0 inf 300.0 -0.00387555369544 0.5 1.0 -0.00341885072235 0.5 1.0 -0.00286565660901 0.5 1.0 -0.00177387032417 0.5 1.0 -0.0252704462767 0.5 1.0 1.0 3885.65194144
-0.353598202092 1.636428141 0.711055276382 2.25687852252 2.9 3.26 1.966 1.0 -0.0261757357828 0.750573724235 23.6392065074 0.0920829099652 -0.666666666667 300.0 4.0 4.0 3.68310093571 0.97076 -0.799996791826 4.0 4.0 0.53 0.289 4.68115362643 0.624437858552 0.0 inf 300.0 -0.00386857908065 0.5 1.0 -0.00341949450969 0.5 1.0 -0.00286947750046 0.5 1.0 -0.0017673117226 0.5 1.0 -0.0253453372571 0.5 1.0 1.0 3885.49472714
-0.353624155768 1.6358118471 0.71608040201 2.25484810591 2.9 3.26 1.966 1.0 -0.0262055860391 0.752073943605 23.6484556827 0.0926999972273 -0.666666666667 300.0 4.0 4.0 3.68272465985 0.97076 -0.799546797837 4.0 4.0 0.53 0.289 4.67912613198 0.624122728929 0.0 inf 300.0 -0.00386206475819 0.5 1.0 -0.00341879468544 0.5 1.0 -0.00286638945368 0.5 1.0 -0.00175286447458 0.5 1.0 -0.0252822320796 0.5 1.0 1.0 3885.29738091
-0.353679359266 1.63578938537 0.721105527638 2.25223067197 2.9 3.26 1.966 1.0 -0.0262187118364 0.751512813998 23.6555848783 0.0930930680773 -0.666666666667 300.0 4.0 4.0 3.68307825115 0.97076 -0.799523938544 4.0 4.0 0.53 0.289 4.67923159103 0.624677594296 0.0 inf 300.0 -0.00386127227149 0.5 1.0 -0.0034169901436 0.5 1.0 -0.00286768193139 0.5 1.0 -0.00174203055747 0.5 1.0 -0.0252391739382 0.5 1.0 1.0 3885.06268875
-0.353685782248 1.63552757152 0.726130653266 2.24948076176 2.9 3.26 1.966 1.0 -0.0262417727129 0.753315811745 23.6627704002 0.0936838684533 -0.666666666667 300.0 4.0 4.0 3.68308818356 0.97076 -0.79949217814 4.0 4.0 0.53 0.289 4.67857055962 0.624331563639 0.0 inf 300.0 -0.00385558101604 0.5 1.0 -0.00341639306081 0.5 1.0 -0.00286935458439 0.5 1.0 -0.00172997622445 0.5 1.0 -0.0252724121797 0.5 1.0 1.0 3884.79242204
-0.353707233955 1.63551625354 0.731155778894 2.24643199311 2.9 3.26 1.966 1.0 -0.0262664745846 0.75386331899 23.665925216 0.09424457773 -0.666666666667 300.0 4.0 4.0 3.68384612602 0.97076 -0.799373814048 4.0 4.0 0.53 0.289 4.67791307646 0.625133756569 0.0 inf 300.0 -0.00385307180413 0.5 1.0 -0.00341150844261 0.5 1.0 -0.00287273064735 0.5 1.0 -0.00171651930708 0.5 1.0 -0.0252814289791 0.5 1.0 1.0 3884.48964742
-0.353736170459 1.63545936703 0.736180904523 2.24323651271 2.9 3.26 1.966 1.0 -0.0262911782447 0.754288555879 23.6720898168 0.0947523884603 -0.666666666667 300.0 4.0 4.0 3.68417545032 0.97076 -0.799301449138 4.0 4.0 0.53 0.289 4.67800540432 0.625320637402 0.0 inf 300.0 -0.00384909434566 0.5 1.0 -0.00341517007259 0.5 1.0 -0.0028701057147 0.5 1.0 -0.00170406431746 0.5 1.0 -0.0252624161122 0.5 1.0 1.0 3884.15685745
-0.353763701629 1.63547527158 0.741206030151 2.23976947291 2.9 3.26 1.966 1.0 -0.0263184478483 0.754794573161 23.6771491002 0.0953219592437 -0.666666666667 300.0 4.0 4.0 3.68470726506 0.97076 -0.79919572163 4.0 4.0 0.53 0.289 4.67780073487 0.625812169712 0.0 inf 300.0 -0.00384537387277 0.5 1.0 -0.00341448329 0.5 1.0 -0.0028705137059 0.5 1.0 -0.00168999338216 0.5 1.0 -0.0252547615149 0.5 1.0 1.0 3883.79724706
-0.353776403936 1.63552894374 0.746231155779 2.23591554803 2.9 3.26 1.966 1.0 -0.0263488955804 0.754357203878 23.6704577552 0.0958243725182 -0.666666666667 300.0 4.0 4.0 3.68687592628 0.97076 -0.799094973132 4.0 4.0 0.53 0.289 4.67701888712 0.628389293134 0.0 inf 300.0 -0.00384637989564 0.5 1.0 -0.0034200973916 0.5 1.0 -0.00286552993129 0.5 1.0 -0.00167665478315 0.5 1.0 -0.0252667950447 0.5 1.0 1.0 3883.41456822
-0.353814918829 1.63569595241 0.751256281407 2.23201214245 2.9 3.26 1.966 1.0 -0.026376916673 0.755229172878 23.6822551384 0.0964356447929 -0.666666666667 300.0 4.0 4.0 3.68608661953 0.97076 -0.79896727929 4.0 4.0 0.53 0.289 4.67707480814 0.627298110252 0.0 inf 300.0 -0.00383974396638 0.5 1.0 -0.00341458548542 0.5 1.0 -0.00286844275907 0.5 1.0 -0.00166035569208 0.5 1.0 -0.0252201663924 0.5 1.0 1.0 3883.01080464
-0.353847809491 1.63575395502 0.756281407035 2.2280214001 2.9 3.26 1.966 1.0 -0.0264003585469 0.756064377887 23.6890117717 0.0970105220395 -0.666666666667 300.0 4.0 4.0 3.68644948829 0.97076 -0.798788272894 4.0 4.0 0.53 0.289 4.67778430552 0.62750460143 0.0 inf 300.0 -0.00383575132498 0.5 1.0 -0.00341432908269 0.5 1.0 -0.00286944120856 0.5 1.0 -0.00164325871893 0.5 1.0 -0.0252191367911 0.5 1.0 1.0 3882.59052731
-0.353882280271 1.63568116873 0.761306532663 2.22410067291 2.9 3.26 1.966 1.0 -0.0264171130742 0.756328099155 23.6893130786 0.0975719811853 -0.666666666667 300.0 4.0 4.0 3.68699162472 0.97076 -0.798779750837 4.0 4.0 0.53 0.289 4.67820571053 0.628208722459 0.0 inf 300.0 -0.00383634966926 0.5 1.0 -0.00341499324724 0.5 1.0 -0.00286997476856 0.5 1.0 -0.00162679148186 0.5 1.0 -0.0252318138467 0.5 1.0 1.0 3882.15676006
-0.353903610294 1.63584185258 0.766331658291 2.21875466567 2.9 3.26 1.966 1.0 -0.0264491904039 0.757593849834 23.6960100509 0.0982172585936 -0.666666666667 300.0 4.0 4.0 3.68723047728 0.97076 -0.798772263814 4.0 4.0 0.53 0.289 4.67740847162 0.628178172276 0.0 inf 300.0 -0.00382936808517 0.5 1.0 -0.00341000551353 0.5 1.0 -0.00287189039169 0.5 1.0 -0.00160876728867 0.5 1.0 -0.0252054012171 0.5 1.0 1.0 3881.71255676
-0.353939302523 1.63596009163 0.77135678392 2.21378404362 2.9 3.26 1.966 1.0 -0.0264748884336 0.758004803612 23.699844462 0.0988025528481 -0.666666666667 300.0 4.0 4.0 3.68767801221 0.97076 -0.79869101675 4.0 4.0 0.53 0.289 4.67780795759 0.628637387672 0.0 inf 300.0 -0.00382697386922 0.5 1.0 -0.00340879671755 0.5 1.0 -0.00287210770966 0.5 1.0 -0.0015900058222 0.5 1.0 -0.0251861542156 0.5 1.0 1.0 3881.26147636
-0.353971283194 1.6360883795 0.776381909548 2.20866184041 2.9 3.26 1.966 1.0 -0.0265010922884 0.758589860657 23.7028139003 0.0994088443829 -0.666666666667 300.0 4.0 4.0 3.68812086725 0.97076 -0.798609251033 4.0 4.0 0.53 0.289 4.67798493437 0.629072645153 0.0 inf 300.0 -0.00382358631532 0.5 1.0 -0.00340763767056 0.5 1.0 -0.00287240609101 0.5 1.0 -0.00157069985719 0.5 1.0 -0.025169473472 0.5 1.0 1.0 3880.80641656
-0.354011793546 1.63568361037 0.781407035176 2.20325515104 2.9 3.26 1.966 1.0 -0.0265132449907 0.760030352328 23.7135361657 0.100022539842 -0.666666666667 300.0 4.0 4.0 3.6886153769 0.97076 -0.798448617028 4.0 4.0 0.53 0.289 4.67776816732 0.629728759338 0.0 inf 300.0 -0.00381920900985 0.5 1.0 -0.00340491666488 0.5 1.0 -0.002873873828 0.5 1.0 -0.00155018198146 0.5 1.0 -0.0251382375592 0.5 1.0 1.0 3880.35034796
-0.354033541153 1.63645985214 0.786432160804 2.19764792058 2.9 3.26 1.966 1.0 -0.0265541459101 0.759717464606 23.7084272167 0.100608827641 -0.666666666667 300.0 4.0 4.0 3.68893017261 0.97076 -0.798505532372 4.0 4.0 0.53 0.289 4.6784986196 0.629852394231 0.0 inf 300.0 -0.00381854637071 0.5 1.0 -0.00340502936607 0.5 1.0 -0.00287275206078 0.5 1.0 -0.00152981781002 0.5 1.0 -0.0251423351729 0.5 1.0 1.0 3879.89570454
-0.354065888464 1.63667814016 0.791457286432 2.19173263931 2.9 3.26 1.966 1.0 -0.0265809278695 0.76032320561 23.7109917841 0.101214876157 -0.666666666667 300.0 4.0 4.0 3.68931924341 0.97076 -0.79845040884 4.0 4.0 0.53 0.289 4.67882673593 0.630224681452 0.0 inf 300.0 -0.00381577576964 0.5 1.0 -0.00340365310968 0.5 1.0 -0.0028729560277 0.5 1.0 -0.00150833439357 0.5 1.0 -0.0251222243824 0.5 1.0 1.0 3879.44523851
-0.353420443918 1.64977135472 0.79648241206 1.53082873872 2.9 3.26 1.966 1.0 -0.0262393016779 0.757956802317 23.6811016886 0.0858870861417 -0.666666666667 300.0 4.0 4.0 3.6677843188 0.97076 -0.801715288309 4.0 4.0 0.53 0.289 4.70202257144 0.602949925736 0.0 inf 300.0 -0.00383106714178 0.5 1.0 -0.00345500285888 0.5 1.0 -0.00289506266036 0.5 1.0 -0.00153594332004 0.5 1.0 -0.0250006726573 0.5 1.0 1.0 3885.2703846
-0.35338856557 1.65064350715 0.801507537688 1.51833661881 2.9 3.26 1.966 1.0 -0.0262456690877 0.757619763324 23.6695916899 0.0856221289281 -0.666666666667 300.0 4.0 4.0 3.66921821474 0.97076 -0.802285839168 4.0 4.0 0.53 0.289 4.70252348227 0.604186590921 0.0 inf 300.0 -0.00383146863555 0.5 1.0 -0.00345331965831 0.5 1.0 -0.00289066016616 0.5 1.0 -0.00150483719974 0.5 1.0 -0.0250445608644 0.5 1.0 1.0 3884.31989933
-0.353431160935 1.65103750509 0.806532663317 1.50843035845 2.9 3.26 1.966 1.0 -0.0262799534533 0.758478243462 23.6726982584 0.0863393929686 -0.666666666667 300.0 4.0 4.0 3.66990258724 0.97076 -0.802103697379 4.0 4.0 0.53 0.289 4.70275264015 0.604785823176 0.0 inf 300.0 -0.00382750626291 0.5 1.0 -0.00345225380433 0.5 1.0 -0.00289210384294 0.5 1.0 -0.00147718500822 0.5 1.0 -0.025001104765 0.5 1.0 1.0 3883.35813628
-0.353514080602 1.6506544148 0.811557788945 1.49869299092 2.9 3.26 1.966 1.0 -0.0263348334533 0.760003823354 23.6883096543 0.0876670435349 -0.666666666667 300.0 4.0 4.0 3.66983334479 0.97076 -0.801365542574 4.0 4.0 0.53 0.289 4.7026059631 0.60525303478 0.0 inf 300.0 -0.00381966140118 0.5 1.0 -0.0034505851251 0.5 1.0 -0.00289607658766 0.5 1.0 -0.00145007722651 0.5 1.0 -0.0249270303959 0.5 1.0 1.0 3882.38802795
-0.353558293178 1.651149414 0.816582914573 1.48994634203 2.9 3.26 1.966 1.0 -0.0263683733851 0.760770824785 23.6908029279 0.0884688359836 -0.666666666667 300.0 4.0 4.0 3.67069703602 0.97076 -0.801182690625 4.0 4.0 0.53 0.289 4.70269781785 0.605945320515 0.0 inf 300.0 -0.00381625687745 0.5 1.0 -0.00344974146601 0.5 1.0 -0.00289753315709 0.5 1.0 -0.00141873954001 0.5 1.0 -0.0249175325987 0.5 1.0 1.0 3881.41097418
-0.353597771399 1.65144081544 0.821608040201 1.48197188556 2.9 3.26 1.966 1.0 -0.0264024745093 0.761652893474 23.6921823786 0.089195875228 -0.666666666667 300.0 4.0 4.0 3.67133644192 0.97076 -0.801046752082 4.0 4.0 0.53 0.289 4.70297732268 0.606872630651 0.0 inf 300.0 -0.00381334793164 0.5 1.0 -0.00344688724 0.5 1.0 -0.00289721416832 0.5 1.0 -0.00138453081372 0.5 1.0 -0.0248853195916 0.5 1.0 1.0 3880.42937867
-0.35359924821 1.65244171307 0.826633165829 1.47506852695 2.9 3.26 1.966 1.0 -0.0264117931427 0.761576589664 23.6761621338 0.0893309542845 -0.666666666667 300.0 4.0 4.0 3.6727821772 0.97076 -0.801424949588 4.0 4.0 0.53 0.289 4.70351459889 0.608196967639 0.0 inf 300.0 -0.0038189914555 0.5 1.0 -0.00344448851538 0.5 1.0 -0.00289415661844 0.5 1.0 -0.00135650214777 0.5 1.0 -0.0248594891067 0.5 1.0 1.0 3879.44464965
-0.353683167061 1.6522191341 0.831658291457 1.4665264796 2.9 3.26 1.966 1.0 -0.0264693902673 0.763286456114 23.6951880667 0.0907419183572 -0.666666666667 300.0 4.0 4.0 3.67281871121 0.97076 -0.800892027771 4.0 4.0 0.53 0.289 4.70341168234 0.608448589941 0.0 inf 300.0 -0.00380614196566 0.5 1.0 -0.00344161346945 0.5 1.0 -0.00289681428144 0.5 1.0 -0.00132216677435 0.5 1.0 -0.0248328266331 0.5 1.0 1.0 3878.45985102
-0.353688573972 1.65313689524 0.836683417085 1.45880033089 2.9 3.26 1.966 1.0 -0.0264821676751 0.762533568221 23.67611295 0.0908617349168 -0.666666666667 300.0 4.0 4.0 3.67436404485 0.97076 -0.801222040504 4.0 4.0 0.53 0.289 4.70435718998 0.609986700737 0.0 inf 300.0 -0.00381591117469 0.5 1.0 -0.00343943511098 0.5 1.0 -0.00289599746049 0.5 1.0 -0.00128980297366 0.5 1.0 -0.0247960909833 0.5 1.0 1.0 3877.47433218
-0.353734141117 1.65347471259 0.841708542714 1.45117468888 2.9 3.26 1.966 1.0 -0.0265165777022 0.763408630041 23.6777722605 0.091665390658 -0.666666666667 300.0 4.0 4.0 3.67501291968 0.97076 -0.801072397021 4.0 4.0 0.53 0.289 4.7046042393 0.61074231453 0.0 inf 300.0 -0.00381286440634 0.5 1.0 -0.00343701251304 0.5 1.0 -0.00289638861113 0.5 1.0 -0.00125614051982 0.5 1.0 -0.0247640208423 0.5 1.0 1.0 3876.49083245
-0.353779933398 1.65382036627 0.846733668342 1.44363126171 2.9 3.26 1.966 1.0 -0.026551033763 0.764287049048 23.6794256075 0.0924717876208 -0.666666666667 300.0 4.0 4.0 3.67564792045 0.97076 -0.800919222966 4.0 4.0 0.53 0.289 4.70484614774 0.611487063008 0.0 inf 300.0 -0.00380980255139 0.5 1.0 -0.00343451659637 0.5 1.0 -0.00289676497196 0.5 1.0 -0.00122220161759 0.5 1.0 -0.0247318984981 0.5 1.0 1.0 3875.5101516
-0.353825647533 1.65417209048 0.85175879397 1.43611689695 2.9 3.26 1.966 1.0 -0.0265851576099 0.765166152546 23.6809854467 0.0932753982235 -0.666666666667 300.0 4.0 4.0 3.67627045706 0.97076 -0.800764518331 4.0 4.0 0.53 0.289 4.70508322234 0.612221432029 0.0 inf 300.0 -0.00380680723166 0.5 1.0 -0.00343195739436 0.5 1.0 -0.00289711936383 0.5 1.0 -0.00118811312392 0.5 1.0 -0.0247000473841 0.5 1.0 1.0 3874.53335956
-0.353871227382 1.65453448434 0.856783919598 1.42858146099 2.9 3.26 1.966 1.0 -0.0266194935467 0.766050207757 23.6827192046 0.0940785255724 -0.666666666667 300.0 4.0 4.0 3.67688092063 0.97076 -0.80060259185 4.0 4.0 0.53 0.289 4.70531115766 0.612943698292 0.0 inf 300.0 -0.00380369056504 0.5 1.0 -0.00342935666457 0.5 1.0 -0.00289747798269 0.5 1.0 -0.0011539961168 0.5 1.0 -0.0246692853314 0.5 1.0 1.0 3873.56150797
-0.353916401112 1.65489851878 0.861809045226 1.42094810494 2.9 3.26 1.966 1.0 -0.026652762638 0.766924427429 23.6841489229 0.0948664346598 -0.666666666667 300.0 4.0 4.0 3.67747684527 0.97076 -0.800442324487 4.0 4.0 0.53 0.289 4.70553132929 0.613657187152 0.0 inf 300.0 -0.00380078394484 0.5 1.0 -0.00342671829294 0.5 1.0 -0.00289780330134 0.5 1.0 -0.00112000709706 0.5 1.0 -0.0246368729799 0.5 1.0 1.0 3872.59555489
-0.35396114756 1.65527883075 0.866834170854 1.41316888733 2.9 3.26 1.966 1.0 -0.0266864822996 0.767805375799 23.6859373409 0.0956504477753 -0.666666666667 300.0 4.0 4.0 3.67806190399 0.97076 -0.800272994496 4.0 4.0 0.53 0.289 4.7057397321 0.614357166477 0.0 inf 300.0 -0.00379763518483 0.5 1.0 -0.00342407384401 0.5 1.0 -0.00289815698651 0.5 1.0 -0.00108624910534 0.5 1.0 -0.0246062063553 0.5 1.0 1.0 3871.63638002
-0.354005483256 1.65565875036 0.871859296482 1.40538775918 2.9 3.26 1.966 1.0 -0.0267194941343 0.768677687098 23.6876185534 0.0964227362871 -0.666666666667 300.0 4.0 4.0 3.6786312338 0.97076 -0.800104792932 4.0 4.0 0.53 0.289 4.70593165796 0.615045217301 0.0 inf 300.0 -0.00379458614109 0.5 1.0 -0.00342140878308 0.5 1.0 -0.00289849214946 0.5 1.0 -0.0010528875571 0.5 1.0 -0.0245750183727 0.5 1.0 1.0 3870.68493267
-0.35404935182 1.65604359237 0.876884422111 1.39759381895 2.9 3.26 1.966 1.0 -0.0267521867716 0.769545893344 23.6893527682 0.0971855660273 -0.666666666667 300.0 4.0 4.0 3.67918349967 0.97076 -0.799936400692 4.0 4.0 0.53 0.289 4.70610718023 0.615716715244 0.0 inf 300.0 -0.00379153398485 0.5 1.0 -0.00341873906402 0.5 1.0 -0.00289882774829 0.5 1.0 -0.00102005907562 0.5 1.0 -0.0245441807419 0.5 1.0 1.0 3869.74258343
-0.354092426719 1.65643751703 0.881909547739 1.38963804857 2.9 3.26 1.966 1.0 -0.0267844815536 0.770402886059 23.6911670022 0.0979328467976 -0.666666666667 300.0 4.0 4.0 3.67972007501 0.97076 -0.799767568475 4.0 4.0 0.53 0.289 4.70626984987 0.616370896013 0.0 inf 300.0 -0.00378847769473 0.5 1.0 -0.00341609176681 0.5 1.0 -0.00289917640274 0.5 1.0 -0.000987907199308 0.5 1.0 -0.0245138569226 0.5 1.0 1.0 3868.81064368
-0.354134470009 1.65683845953 0.886934673367 1.38147703879 2.9 3.26 1.966 1.0 -0.026816090053 0.77125890896 23.6930358729 0.0986595715257 -0.666666666667 300.0 4.0 4.0 3.68024000148 0.97076 -0.799598077666 4.0 4.0 0.53 0.289 4.70641446099 0.617008426995 0.0 inf 300.0 -0.00378540040166 0.5 1.0 -0.00341347895204 0.5 1.0 -0.00289953418779 0.5 1.0 -0.000956572364869 0.5 1.0 -0.0244838769086 0.5 1.0 1.0 3867.88997824
-0.354175872214 1.65723899773 0.891959798995 1.37334482109 2.9 3.26 1.966 1.0 -0.0268473013045 0.772105629163 23.6950120515 0.0993732761883 -0.666666666667 300.0 4.0 4.0 3.68073773338 0.97076 -0.799432182865 4.0 4.0 0.53 0.289 4.70653528437 0.617624535338 0.0 inf 300.0 -0.00378230375394 0.5 1.0 -0.00341089540255 0.5 1.0 -0.00289990084285 0.5 1.0 -0.000926215485598 0.5 1.0 -0.0244542437368 0.5 1.0 1.0 3866.98177676
-0.354216496514 1.65763942054 0.896984924623 1.36521120527 2.9 3.26 1.966 1.0 -0.0268780237233 0.772946947908 23.6971104691 0.100072368782 -0.666666666667 300.0 4.0 4.0 3.68121149394 0.97076 -0.799270301302 4.0 4.0 0.53 0.289 4.70663597966 0.618215213069 0.0 inf 300.0 -0.00377919065923 0.5 1.0 -0.00340835600598 0.5 1.0 -0.00290028584142 0.5 1.0 -0.000896981107148 0.5 1.0 -0.0244252581558 0.5 1.0 1.0 3866.08773509
-0.35425570026 1.65805275274 0.902010050251 1.35676901946 2.9 3.26 1.966 1.0 -0.0269081089642 0.773773075152 23.6992879964 0.100743504836 -0.666666666667 300.0 4.0 4.0 3.68166176299 0.97076 -0.799110621664 4.0 4.0 0.53 0.289 4.70672065264 0.618779245927 0.0 inf 300.0 -0.00377606092525 0.5 1.0 -0.00340589990476 0.5 1.0 -0.00290069990316 0.5 1.0 -0.00086898756781 0.5 1.0 -0.0243966504484 0.5 1.0 1.0 3865.20928139
-0.354297575048 1.65857739575 0.907035175879 1.34783311662 2.9 3.26 1.966 1.0 -0.0269353640449 0.774788097641 23.7037046241 0.101239924734 -0.666666666667 300.0 4.0 4.0 3.68246579249 0.97076 -0.799161481715 4.0 4.0 0.53 0.289 4.70559694797 0.620070635036 0.0 inf 300.0 -0.00377113227203 0.5 1.0 -0.00340592084516 0.5 1.0 -0.00289859968249 0.5 1.0 -0.000841381774456 0.5 1.0 -0.0243060147693 0.5 1.0 1.0 3864.34763903
-0.354339940265 1.65872370195 0.912060301508 1.33952562698 2.9 3.26 1.966 1.0 -0.0269634290498 0.774391937038 23.7046837502 0.101931345337 -0.666666666667 300.0 4.0 4.0 3.68250725547 0.97076 -0.798797683435 4.0 4.0 0.53 0.289 4.70670109319 0.620089979993 0.0 inf 300.0 -0.00377219260904 0.5 1.0 -0.00340198108165 0.5 1.0 -0.00290150734772 0.5 1.0 -0.000819688265777 0.5 1.0 -0.0243292954934 0.5 1.0 1.0 3863.50410418
-0.353739062573 1.67080414698 0.917085427136 1.04912734152 2.9 3.26 1.966 1.0 -0.0267546481279 0.775855791196 23.7057471021 0.0900923640707 -0.666666666667 300.0 4.0 4.0 3.67571265296 0.97076 -0.798806806548 4.0 4.0 0.53 0.289 4.71492640904 0.610173755757 0.0 inf 300.0 -0.00374831733857 0.5 1.0 -0.00343424629071 0.5 1.0 -0.00291952986226 0.5 1.0 -0.000777227533046 0.5 1.0 -0.0242391239952 0.5 1.0 1.0 3864.94489114
-0.353770375291 1.67070057504 0.922110552764 1.03383925147 2.9 3.26 1.966 1.0 -0.0267800922256 0.776630078605 23.7145863737 0.0905380474565 -0.666666666667 300.0 4.0 4.0 3.67714755344 0.97076 -0.798493133983 4.0 4.0 0.53 0.289 4.71460008685 0.612096777497 0.0 inf 300.0 -0.00374129022525 0.5 1.0 -0.00343269704822 0.5 1.0 -0.00292073461146 0.5 1.0 -0.000751988245315 0.5 1.0 -0.0241726063739 0.5 1.0 1.0 3863.25413669
-0.353813392191 1.67052066005 0.927135678392 1.02359409875 2.9 3.26 1.966 1.0 -0.0268091648507 0.777416224456 23.7217524496 0.0912047529285 -0.666666666667 300.0 4.0 4.0 3.67852344922 0.97076 -0.7982055404 4.0 4.0 0.53 0.289 4.71404953388 0.613963891173 0.0 inf 300.0 -0.00373586017947 0.5 1.0 -0.00343052258086 0.5 1.0 -0.00292160927404 0.5 1.0 -0.000728529750422 0.5 1.0 -0.0241100144831 0.5 1.0 1.0 3861.55190117
-0.353860492403 1.67029869484 0.93216080402 1.01529546465 2.9 3.26 1.966 1.0 -0.0268393754099 0.778196584082 23.7284894297 0.0919455491326 -0.666666666667 300.0 4.0 4.0 3.67986917833 0.97076 -0.797918097354 4.0 4.0 0.53 0.289 4.7133875708 0.61580735609 0.0 inf 300.0 -0.00373097288742 0.5 1.0 -0.00342818434903 0.5 1.0 -0.00292238962143 0.5 1.0 -0.000707118881024 0.5 1.0 -0.024048394048 0.5 1.0 1.0 3859.8537051
-0.353909528753 1.67004407199 0.937185929648 1.00824941958 2.9 3.26 1.966 1.0 -0.0268698508746 0.778965793151 23.7349711675 0.0927228397203 -0.666666666667 300.0 4.0 4.0 3.6811845201 0.97076 -0.7976323675 4.0 4.0 0.53 0.289 4.71264654839 0.61762276039 0.0 inf 300.0 -0.00372646933703 0.5 1.0 -0.00342579715057 0.5 1.0 -0.00292312307657 0.5 1.0 -0.000687929398314 0.5 1.0 -0.0239881638177 0.5 1.0 1.0 3858.1689015
-0.353959397502 1.66976587143 0.942211055276 1.00201361386 2.9 3.26 1.966 1.0 -0.0269006250755 0.779719668304 23.741509326 0.0935171330262 -0.666666666667 300.0 4.0 4.0 3.68246895228 0.97076 -0.797350500243 4.0 4.0 0.53 0.289 4.71184409411 0.619408075301 0.0 inf 300.0 -0.00372208918191 0.5 1.0 -0.00342344242054 0.5 1.0 -0.00292386468039 0.5 1.0 -0.000671090583449 0.5 1.0 -0.0239288862161 0.5 1.0 1.0 3856.50493274
-0.35400911115 1.66946294547 0.947236180905 0.996404370198 2.9 3.26 1.966 1.0 -0.0269308259147 0.78045575826 23.7479090666 0.0943123871392 -0.666666666667 300.0 4.0 4.0 3.68372398847 0.97076 -0.79707645542 4.0 4.0 0.53 0.289 4.7110003023 0.621161295591 0.0 inf 300.0 -0.00371796935407 0.5 1.0 -0.00342114646205 0.5 1.0 -0.00292460146726 0.5 1.0 -0.000656715351079 0.5 1.0 -0.0238714038734 0.5 1.0 1.0 3854.86798419
-0.354058318488 1.66913961303 0.952261306533 0.991271085795 2.9 3.26 1.966 1.0 -0.0269606047537 0.781172512678 23.7543338003 0.0951023213294 -0.666666666667 300.0 4.0 4.0 3.68494690353 0.97076 -0.796807235116 4.0 4.0 0.53 0.289 4.71012097008 0.622879260759 0.0 inf 300.0 -0.00371397070046 0.5 1.0 -0.00341894444796 0.5 1.0 -0.00292536133092 0.5 1.0 -0.000644885414085 0.5 1.0 -0.0238153879326 0.5 1.0 1.0 3853.26355027
-0.354106624961 1.66879863652 0.957286432161 0.986486424586 2.9 3.26 1.966 1.0 -0.0269899504254 0.781868971551 23.7608713303 0.0958807646603 -0.666666666667 300.0 4.0 4.0 3.6861377255 0.97076 -0.796541144313 4.0 4.0 0.53 0.289 4.70921664442 0.624560231641 0.0 inf 300.0 -0.00371002196885 0.5 1.0 -0.00341686129255 0.5 1.0 -0.00292616024037 0.5 1.0 -0.000635664254968 0.5 1.0 -0.0237609541552 0.5 1.0 1.0 3851.6964901
-0.354186292477 1.66891693432 0.962311557789 0.982144601239 2.9 3.26 1.966 1.0 -0.0270707994662 0.781903626858 23.781807488 0.0969482236437 -0.666666666667 300.0 4.0 4.0 3.68533335834 0.97076 -0.796064064807 4.0 4.0 0.53 0.289 4.70744109294 0.624222275353 0.0 inf 300.0 -0.00369430009898 0.5 1.0 -0.00341663773003 0.5 1.0 -0.00292806939711 0.5 1.0 -0.000629137071577 0.5 1.0 -0.0236348681973 0.5 1.0 1.0 3850.17171934
-0.354228206549 1.66855201293 0.967336683417 0.977947911598 2.9 3.26 1.966 1.0 -0.0271010663777 0.782383755238 23.7875501269 0.097689429561 -0.666666666667 300.0 4.0 4.0 3.68651302313 0.97076 -0.795832820511 4.0 4.0 0.53 0.289 4.70611258764 0.625909538108 0.0 inf 300.0 -0.00369089565937 0.5 1.0 -0.00341440717674 0.5 1.0 -0.00292904166316 0.5 1.0 -0.000624555432404 0.5 1.0 -0.023592929872 0.5 1.0 1.0 3848.69265636
-0.354268646281 1.66818619807 0.972361809045 0.973995370834 2.9 3.26 1.966 1.0 -0.02712837995 0.782917347525 23.7931539463 0.0984032935889 -0.666666666667 300.0 4.0 4.0 3.68768653876 0.97076 -0.795626996156 4.0 4.0 0.53 0.289 4.70504809252 0.627528811395 0.0 inf 300.0 -0.00368771015757 0.5 1.0 -0.00341235297093 0.5 1.0 -0.00292985310028 0.5 1.0 -0.00062252054736 0.5 1.0 -0.0235559321314 0.5 1.0 1.0 3847.26400963
-0.354307917221 1.6677986837 0.977386934673 0.970231478877 2.9 3.26 1.966 1.0 -0.0271525999349 0.783520212661 23.7988184886 0.0990892321599 -0.666666666667 300.0 4.0 4.0 3.68885509253 0.97076 -0.795435594105 4.0 4.0 0.53 0.289 4.70417038457 0.629095145102 0.0 inf 300.0 -0.00368456682108 0.5 1.0 -0.00341059827535 0.5 1.0 -0.00293062569299 0.5 1.0 -0.000623180284091 0.5 1.0 -0.023521527873 0.5 1.0 1.0 3845.88957683
-0.354327827368 1.66689080716 0.982412060302 0.966445617383 2.9 3.26 1.966 1.0 -0.0271288879286 0.785023595795 23.7952832338 0.0995043230611 -0.666666666667 300.0 4.0 4.0 3.6915151065 0.97076 -0.795313401437 4.0 4.0 0.53 0.289 4.70455396829 0.632257523456 0.0 inf 300.0 -0.0036906390626 0.5 1.0 -0.00340858885309 0.5 1.0 -0.00293093743314 0.5 1.0 -0.000629911063662 0.5 1.0 -0.0235181218802 0.5 1.0 1.0 3844.57245459
-0.354366902189 1.66648125149 0.98743718593 0.962956279046 2.9 3.26 1.966 1.0 -0.0271550407698 0.785588299948 23.8025458623 0.100160888588 -0.666666666667 300.0 4.0 4.0 3.6924642094 0.97076 -0.795090645295 4.0 4.0 0.53 0.289 4.70363756956 0.633634685898 0.0 inf 300.0 -0.00368673282642 0.5 1.0 -0.00340740746431 0.5 1.0 -0.00293208332608 0.5 1.0 -0.000636829471191 0.5 1.0 -0.023476266365 0.5 1.0 1.0 3843.31660959
-0.354404101384 1.6660655052 0.992462311558 0.959610529028 2.9 3.26 1.966 1.0 -0.027180601092 0.786128948365 23.8098839521 0.100792286139 -0.666666666667 300.0 4.0 4.0 3.69336579568 0.97076 -0.794876559963 4.0 4.0 0.53 0.289 4.70273917105 0.634949960968 0.0 inf 300.0 -0.00368283230266 0.5 1.0 -0.00340638481126 0.5 1.0 -0.00293329499044 0.5 1.0 -0.000646369829298 0.5 1.0 -0.0234366737501 0.5 1.0 1.0 3842.12470153
-0.354439351734 1.66564662002 0.997487437186 0.956393736349 2.9 3.26 1.966 1.0 -0.0272057116321 0.786646939192 23.8173332044 0.101399136554 -0.666666666667 300.0 4.0 4.0 3.6942181695 0.97076 -0.794670100241 4.0 4.0 0.53 0.289 4.70186259431 0.636199865754 0.0 inf 300.0 -0.00367889411792 0.5 1.0 -0.00340552122062 0.5 1.0 -0.00293457861255 0.5 1.0 -0.000658474009786 0.5 1.0 -0.0233996497378 0.5 1.0 1.0 3840.99951429
-0.354472618858 1.66522587233 1.00251256281 0.953284232049 2.9 3.26 1.966 1.0 -0.0272303298673 0.787142463004 23.8248688296 0.101980587879 -0.666666666667 300.0 4.0 4.0 3.69502046604 0.97076 -0.794472212385 4.0 4.0 0.53 0.289 4.70101416552 0.637382705513 0.0 inf 300.0 -0.00367493085186 0.5 1.0 -0.00340481300587 0.5 1.0 -0.00293593349738 0.5 1.0 -0.000673072786943 0.5 1.0 -0.0233651612178 0.5 1.0 1.0 3839.94358533
-0.354503892061 1.66480501612 1.00753768844 0.950275880344 2.9 3.26 1.966 1.0 -0.0272544814854 0.787615899118 23.832473595 0.102536842872 -0.666666666667 300.0 4.0 4.0 3.69577096879 0.97076 -0.794283326846 4.0 4.0 0.53 0.289 4.70019811736 0.63849583536 0.0 inf 300.0 -0.00367094382471 0.5 1.0 -0.00340425523103 0.5 1.0 -0.00293735961661 0.5 1.0 -0.000690081965625 0.5 1.0 -0.023333267393 0.5 1.0 1.0 3838.95921245
-0.354533167862 1.66438575115 1.01256281407 0.947358762606 2.9 3.26 1.966 1.0 -0.0272781971017 0.788067746757 23.8401342956 0.103068204542 -0.666666666667 300.0 4.0 4.0 3.69646849416 0.97076 -0.79410321862 4.0 4.0 0.53 0.289 4.69941856612 0.639537250405 0.0 inf 300.0 -0.00366693157113 0.5 1.0 -0.00340384177002 0.5 1.0 -0.00293885661647 0.5 1.0 -0.000709405353037 0.5 1.0 -0.0233040118595 0.5 1.0 1.0 3838.04838545
-0.354575238848 1.66444860763 1.0175879397 0.944526925237 2.9 3.26 1.966 1.0 -0.0273436270076 0.787201657107 23.8486049112 0.103842294908 -0.666666666667 300.0 4.0 4.0 3.69623313072 0.97076 -0.793921406332 4.0 4.0 0.53 0.289 4.69786179678 0.639658861871 0.0 inf 300.0 -0.00366051122098 0.5 1.0 -0.00340376624829 0.5 1.0 -0.0029427652225 0.5 1.0 -0.000729058663891 0.5 1.0 -0.0232689777313 0.5 1.0 1.0 3837.21275217
-0.354585902662 1.66355959261 1.02261306533 0.941761804733 2.9 3.26 1.966 1.0 -0.02732458695 0.788908420195 23.8556146755 0.104059528952 -0.666666666667 300.0 4.0 4.0 3.69770036394 0.97076 -0.793765382127 4.0 4.0 0.53 0.289 4.69798502207 0.641398159345 0.0 inf 300.0 -0.00365879348456 0.5 1.0 -0.00340341975926 0.5 1.0 -0.00294206579271 0.5 1.0 -0.000754570261003 0.5 1.0 -0.0232531801273 0.5 1.0 1.0 3836.45303804
-0.354609311728 1.6631544346 1.02763819095 0.939084920194 2.9 3.26 1.966 1.0 -0.027347151554 0.789297991759 23.8633464094 0.104519384126 -0.666666666667 300.0 4.0 4.0 3.6982328934 0.97076 -0.793608912789 4.0 4.0 0.53 0.289 4.69733626184 0.642214485943 0.0 inf 300.0 -0.00365471431023 0.5 1.0 -0.00340339145084 0.5 1.0 -0.00294376678137 0.5 1.0 -0.00078018992371 0.5 1.0 -0.0232320005382 0.5 1.0 1.0 3835.77107509
-0.354631015992 1.66275762249 1.03266331658 0.936479670226 2.9 3.26 1.966 1.0 -0.0273695614345 0.789669221035 23.8711277621 0.10495890763 -0.666666666667 300.0 4.0 4.0 3.69870789487 0.97076 -0.793459652496 4.0 4.0 0.53 0.289 4.69673767087 0.64295294919 0.0 inf 300.0 -0.00365057730324 0.5 1.0 -0.00340347328383 0.5 1.0 -0.00294553869411 0.5 1.0 -0.000807657549266 0.5 1.0 -0.0232133849995 0.5 1.0 1.0 3835.16786952
-0.354650659491 1.66236990715 1.03768844221 0.933935945507 2.9 3.26 1.966 1.0 -0.0273915361691 0.790021162657 23.8788318646 0.105375065561 -0.666666666667 300.0 4.0 4.0 3.69912700856 0.97076 -0.79331825964 4.0 4.0 0.53 0.289 4.69619047722 0.643612949782 0.0 inf 300.0 -0.00364645408438 0.5 1.0 -0.00340365349973 0.5 1.0 -0.00294736590726 0.5 1.0 -0.000836851649691 0.5 1.0 -0.0231977301499 0.5 1.0 1.0 3834.6440046
-0.354668717383 1.66199547711 1.04271356784 0.931452705764 2.9 3.26 1.966 1.0 -0.027413761148 0.790359552013 23.8866671966 0.1057758781 -0.666666666667 300.0 4.0 4.0 3.69948949959 0.97076 -0.793178667349 4.0 4.0 0.53 0.289 4.69569609308 0.644194189073 0.0 inf 300.0 -0.00364218211237 0.5 1.0 -0.00340392623753 0.5 1.0 -0.0029492715037 0.5 1.0 -0.000867619774532 0.5 1.0 -0.0231848240229 0.5 1.0 1.0 3834.1996247
-0.354685281486 1.66163164795 1.04773869347 0.929033147036 2.9 3.26 1.966 1.0 -0.0274363322894 0.790687917068 23.8947737592 0.106162559881 -0.666666666667 300.0 4.0 4.0 3.69979375476 0.97076 -0.793037921951 4.0 4.0 0.53 0.289 4.69524885041 0.644697036107 0.0 inf 300.0 -0.00363763814528 0.5 1.0 -0.00340428304333 0.5 1.0 -0.00295125484367 0.5 1.0 -0.000899830671131 0.5 1.0 -0.0231747285114 0.5 1.0 1.0 3833.83474591
-0.354699666703 1.6612784033 1.0527638191 0.926675660344 2.9 3.26 1.966 1.0 -0.027457355375 0.790985049596 23.9021556839 0.106518622395 -0.666666666667 300.0 4.0 4.0 3.70004010669 0.97076 -0.792914494859 4.0 4.0 0.53 0.289 4.69487015547 0.645118536891 0.0 inf 300.0 -0.00363358929063 0.5 1.0 -0.00340468564475 0.5 1.0 -0.0029532363183 0.5 1.0 -0.000933369150206 0.5 1.0 -0.023167056116 0.5 1.0 1.0 3833.54931
-0.354735103432 1.6608379702 1.05778894472 0.924406759157 2.9 3.26 1.966 1.0 -0.0275162914291 0.791746093524 23.9215726676 0.10736567813 -0.666666666667 300.0 4.0 4.0 3.70040160707 0.97076 -0.792512321992 4.0 4.0 0.53 0.289 4.69394248326 0.645897828893 0.0 inf 300.0 -0.00361923319222 0.5 1.0 -0.00340479662909 0.5 1.0 -0.00295674449863 0.5 1.0 -0.00096759930318 0.5 1.0 -0.0231567516741 0.5 1.0 1.0 3833.34321082
-0.354735128131 1.66048458429 1.06281407035 0.922181719341 2.9 3.26 1.966 1.0 -0.0275212074584 0.791770426443 23.9249849256 0.107462759288 -0.666666666667 300.0 4.0 4.0 3.7004680257 0.97076 -0.792413961581 4.0 4.0 0.53 0.289 4.69390620244 0.645889016644 0.0 inf 300.0 -0.00362027939826 0.5 1.0 -0.00340781770969 0.5 1.0 -0.00296087804439 0.5 1.0 -0.00100213878661 0.5 1.0 -0.0231493348115 0.5 1.0 1.0 3833.21533117
-0.35473644554 1.66026903164 1.06783919598 0.919926497967 2.9 3.26 1.966 1.0 -0.0275243146217 0.791871227754 23.9251214669 0.107531098072 -0.666666666667 300.0 4.0 4.0 3.70046312685 0.97076 -0.792525962882 4.0 4.0 0.53 0.289 4.69400466745 0.645904759019 0.0 inf 300.0 -0.00362045607276 0.5 1.0 -0.00340645293304 0.5 1.0 -0.00295999745481 0.5 1.0 -0.00104052105267 0.5 1.0 -0.0231590033201 0.5 1.0 1.0 3833.16502459
-0.35473578992 1.66010118151 1.07286432161 0.917754980521 2.9 3.26 1.966 1.0 -0.027526101887 0.791888875823 23.9255467354 0.10761250854 -0.666666666667 300.0 4.0 4.0 3.70041473012 0.97076 -0.792647575111 4.0 4.0 0.53 0.289 4.69421327944 0.645953106647 0.0 inf 300.0 -0.00362045045072 0.5 1.0 -0.00340503737692 0.5 1.0 -0.00295906691312 0.5 1.0 -0.00107874972289 0.5 1.0 -0.0231668211025 0.5 1.0 1.0 3833.19137612
-0.354734236232 1.65978251685 1.07788944724 0.915693640683 2.9 3.26 1.966 1.0 -0.0275305788146 0.791910643159 23.9285205332 0.107701273581 -0.666666666667 300.0 4.0 4.0 3.70044574292 0.97076 -0.792578848948 4.0 4.0 0.53 0.289 4.69432517761 0.645889019933 0.0 inf 300.0 -0.00362118717559 0.5 1.0 -0.00340739496875 0.5 1.0 -0.0029625820977 0.5 1.0 -0.00111578083449 0.5 1.0 -0.0231667736433 0.5 1.0 1.0 3833.29257296
-0.354756246413 1.65947641694 1.08291457286 0.913684085405 2.9 3.26 1.966 1.0 -0.0275831441306 0.792512000148 23.9453466071 0.108365183135 -0.666666666667 300.0 4.0 4.0 3.70033768479 0.97076 -0.792240836689 4.0 4.0 0.53 0.289 4.69378933646 0.646014715202 0.0 inf 300.0 -0.00360839745402 0.5 1.0 -0.00340770377446 0.5 1.0 -0.00296607567266 0.5 1.0 -0.00115398060289 0.5 1.0 -0.0231761919886 0.5 1.0 1.0 3833.46838093
-0.354761471104 1.65923483836 1.08793969849 0.911690665848 2.9 3.26 1.966 1.0 -0.0276043863255 0.792734417254 23.9523094392 0.108637103505 -0.666666666667 300.0 4.0 4.0 3.70019892059 0.97076 -0.792132667237 4.0 4.0 0.53 0.289 4.69380086004 0.645903328616 0.0 inf 300.0 -0.00360403172401 0.5 1.0 -0.0034081831868 0.5 1.0 -0.00296834126526 0.5 1.0 -0.00119267617953 0.5 1.0 -0.0231865902112 0.5 1.0 1.0 3833.71615188
-0.354765969978 1.65901312807 1.09296482412 0.909748518221 2.9 3.26 1.966 1.0 -0.0276263766435 0.792952875411 23.9592754416 0.108908776116 -0.666666666667 300.0 4.0 4.0 3.70000767838 0.97076 -0.792023112113 4.0 4.0 0.53 0.289 4.69385686255 0.645720666273 0.0 inf 300.0 -0.00359950318335 0.5 1.0 -0.00340863014901 0.5 1.0 -0.00297065882756 0.5 1.0 -0.00123155902846 0.5 1.0 -0.0231994419453 0.5 1.0 1.0 3834.03442882
-0.354769537138 1.65881015735 1.09798994975 0.90785773313 2.9 3.26 1.966 1.0 -0.027648533685 0.793163544392 23.9661687977 0.109174467936 -0.666666666667 300.0 4.0 4.0 3.69976749114 0.97076 -0.791912829179 4.0 4.0 0.53 0.289 4.69396357395 0.645469308338 0.0 inf 300.0 -0.00359492067861 0.5 1.0 -0.00340902066708 0.5 1.0 -0.00297299734584 0.5 1.0 -0.0012705219642 0.5 1.0 -0.0232147348117 0.5 1.0 1.0 3834.42128164
-0.354772152129 1.65862220376 1.10301507538 0.906015442001 2.9 3.26 1.966 1.0 -0.027670480091 0.79336899516 23.9728610969 0.109432115537 -0.666666666667 300.0 4.0 4.0 3.69947984385 0.97076 -0.791804212567 4.0 4.0 0.53 0.289 4.69411796697 0.645152811441 0.0 inf 300.0 -0.00359039399722 0.5 1.0 -0.00340933700123 0.5 1.0 -0.00297533732622 0.5 1.0 -0.00130944953729 0.5 1.0 -0.0232322491963 0.5 1.0 1.0 3834.8746669
-0.354774035378 1.65845175753 1.10804020101 0.904220185306 2.9 3.26 1.966 1.0 -0.0276926474493 0.793570583744 23.9794614715 0.109686749101 -0.666666666667 300.0 4.0 4.0 3.69914625176 0.97076 -0.791693376656 4.0 4.0 0.53 0.289 4.69431564226 0.644772957923 0.0 inf 300.0 -0.00358581796867 0.5 1.0 -0.00340957220194 0.5 1.0 -0.0029776923869 0.5 1.0 -0.00134822207228 0.5 1.0 -0.0232520463511 0.5 1.0 1.0 3835.39242105
-0.354758629546 1.65830307341 1.11306532663 0.902531002471 2.9 3.26 1.966 1.0 -0.0276959811557 0.794880858049 23.9882267346 0.10968913439 -0.666666666667 300.0 4.0 4.0 3.69899997317 0.97076 -0.791439487898 4.0 4.0 0.53 0.289 4.69507732242 0.644431313488 0.0 inf 300.0 -0.00357935732085 0.5 1.0 -0.00341060982889 0.5 1.0 -0.00297789622907 0.5 1.0 -0.00138888447223 0.5 1.0 -0.0232586908778 0.5 1.0 1.0 3835.97243086
-0.354757218615 1.65818168361 1.11809045226 0.900839918893 2.9 3.26 1.966 1.0 -0.0277166754679 0.79518110885 23.994828203 0.109907056781 -0.666666666667 300.0 4.0 4.0 3.69857260074 0.97076 -0.791311906856 4.0 4.0 0.53 0.289 4.69539308143 0.643901479844 0.0 inf 300.0 -0.00357452495054 0.5 1.0 -0.00341078347495 0.5 1.0 -0.00297997454883 0.5 1.0 -0.00142739379919 0.5 1.0 -0.0232800405652 0.5 1.0 1.0 3836.61207156
-0.354755311285 1.65807853128 1.12311557789 0.899193610944 2.9 3.26 1.966 1.0 -0.0277375749181 0.795473263499 24.0012952793 0.110123769758 -0.666666666667 300.0 4.0 4.0 3.69809963318 0.97076 -0.791183765063 4.0 4.0 0.53 0.289 4.69574108568 0.64331040772 0.0 inf 300.0 -0.00356967111947 0.5 1.0 -0.00341083467627 0.5 1.0 -0.00298203547347 0.5 1.0 -0.00146548432778 0.5 1.0 -0.0233033626281 0.5 1.0 1.0 3837.30898189
-0.354776364618 1.65795098156 1.12814070352 0.89750821126 2.9 3.26 1.966 1.0 -0.0277852276156 0.794353950665 24.0053694742 0.110708717364 -0.666666666667 300.0 4.0 4.0 3.69738716625 0.97076 -0.79123351173 4.0 4.0 0.53 0.289 4.69547228885 0.642668896593 0.0 inf 300.0 -0.00356667998536 0.5 1.0 -0.00340947472198 0.5 1.0 -0.00298725118265 0.5 1.0 -0.00149973539337 0.5 1.0 -0.0233530432091 0.5 1.0 1.0 3838.06032792
-0.354775727325 1.6578636614 1.13316582915 0.895944200624 2.9 3.26 1.966 1.0 -0.027808793493 0.794547967237 24.0115631426 0.110964536489 -0.666666666667 300.0 4.0 4.0 3.6968527308 0.97076 -0.791118205123 4.0 4.0 0.53 0.289 4.69583485402 0.642013114796 0.0 inf 300.0 -0.00356182025858 0.5 1.0 -0.00340912539936 0.5 1.0 -0.00298963456502 0.5 1.0 -0.00153627782647 0.5 1.0 -0.0233834182638 0.5 1.0 1.0 3838.86393716
-0.354767074694 1.65793758882 1.13819095477 0.894369166609 2.9 3.26 1.966 1.0 -0.0278274323164 0.794852780499 24.0185567804 0.111121882412 -0.666666666667 300.0 4.0 4.0 3.69621979636 0.97076 -0.791023599243 4.0 4.0 0.53 0.289 4.69754698136 0.640929957894 0.0 inf 300.0 -0.00355566414285 0.5 1.0 -0.00340826519615 0.5 1.0 -0.002992353234 0.5 1.0 -0.00157330554033 0.5 1.0 -0.0234464096313 0.5 1.0 1.0 3839.71690176
-0.354765175706 1.65790204423 1.1432160804 0.892895676752 2.9 3.26 1.966 1.0 -0.0278506503852 0.795028103185 24.0245091678 0.111361380473 -0.666666666667 300.0 4.0 4.0 3.69556113468 0.97076 -0.790911173779 4.0 4.0 0.53 0.289 4.69806010761 0.640093544414 0.0 inf 300.0 -0.00355078762267 0.5 1.0 -0.00340771988737 0.5 1.0 -0.00299476734268 0.5 1.0 -0.00160858922502 0.5 1.0 -0.0234809498223 0.5 1.0 1.0 3840.61638021
-0.354763081515 1.65787775821 1.14824120603 0.891469848978 2.9 3.26 1.966 1.0 -0.0278739455232 0.795201036647 24.0303645588 0.111602638269 -0.666666666667 300.0 4.0 4.0 3.69487011224 0.97076 -0.790797640383 4.0 4.0 0.53 0.289 4.69858516835 0.639213724669 0.0 inf 300.0 -0.00354590545452 0.5 1.0 -0.00340702889581 0.5 1.0 -0.00299718418122 0.5 1.0 -0.00164305008862 0.5 1.0 -0.0235169590386 0.5 1.0 1.0 3841.55971182
-0.354760834242 1.65786347196 1.15326633166 0.890090464625 2.9 3.26 1.966 1.0 -0.0278972931812 0.795374008699 24.0361340633 0.111846099266 -0.666666666667 300.0 4.0 4.0 3.69414991917 0.97076 -0.790681807616 4.0 4.0 0.53 0.289 4.69911894411 0.638294384548 0.0 inf 300.0 -0.00354101640462 0.5 1.0 -0.00340619746148 0.5 1.0 -0.00299961070236 0.5 1.0 -0.00167663235236 0.5 1.0 -0.0235543045708 0.5 1.0 1.0 3842.54412184
-0.354758484095 1.65785797731 1.15829145729 0.888757553966 2.9 3.26 1.966 1.0 -0.0279206549664 0.79554781213 24.0418144583 0.112092102505 -0.666666666667 300.0 4.0 4.0 3.69340351084 0.97076 -0.79056544724 4.0 4.0 0.53 0.289 4.69965673974 0.63733938378 0.0 inf 300.0 -0.00353612922804 0.5 1.0 -0.00340521868632 0.5 1.0 -0.00300204484428 0.5 1.0 -0.00170927259806 0.5 1.0 -0.0235928782538 0.5 1.0 1.0 3843.56680925
-0.354756127265 1.65786125689 1.16331658291 0.887470718833 2.9 3.26 1.966 1.0 -0.0279440301695 0.795720809042 24.0473831278 0.11234156349 -0.666666666667 300.0 4.0 4.0 3.69263260253 0.97076 -0.790451434317 4.0 4.0 0.53 0.289 4.70019436458 0.636353925368 0.0 inf 300.0 -0.00353124702262 0.5 1.0 -0.0034040396941 0.5 1.0 -0.00300444207704 0.5 1.0 -0.00174091958517 0.5 1.0 -0.0236327211855 0.5 1.0 1.0 3844.62488192
-0.354753822645 1.6578722881 1.16834170854 0.88623004124 2.9 3.26 1.966 1.0 -0.0279674102038 0.795892756234 24.0528433709 0.112595129825 -0.666666666667 300.0 4.0 4.0 3.69183954344 0.97076 -0.79034126164 4.0 4.0 0.53 0.289 4.70072900863 0.635341336363 0.0 inf 300.0 -0.00352637114653 0.5 1.0 -0.00340264513054 0.5 1.0 -0.00300679703847 0.5 1.0 -0.00177153904467 0.5 1.0 -0.0236738428534 0.5 1.0 1.0 3845.71554923
-0.354751574328 1.65788948995 1.17336683417 0.885035077658 2.9 3.26 1.966 1.0 -0.027990716475 0.796066748451 24.0581999854 0.112852370624 -0.666666666667 300.0 4.0 4.0 3.69102823339 0.97076 -0.790233058285 4.0 4.0 0.53 0.289 4.701259043 0.634305663436 0.0 inf 300.0 -0.00352151762469 0.5 1.0 -0.00340106476514 0.5 1.0 -0.00300913144587 0.5 1.0 -0.00180108743435 0.5 1.0 -0.0237159897384 0.5 1.0 1.0 3846.83609234
-0.35474949609 1.65791405704 1.1783919598 0.883885697537 2.9 3.26 1.966 1.0 -0.0280138500501 0.796236436368 24.0633815483 0.113113222542 -0.666666666667 300.0 4.0 4.0 3.69020353162 0.97076 -0.790129264691 4.0 4.0 0.53 0.289 4.70179498814 0.633255483917 0.0 inf 300.0 -0.00351676149847 0.5 1.0 -0.00339924982031 0.5 1.0 -0.00301139481286 0.5 1.0 -0.00182955027878 0.5 1.0 -0.0237591508219 0.5 1.0 1.0 3847.98375471
-0.354747570797 1.6579425805 1.18341708543 0.88278224238 2.9 3.26 1.966 1.0 -0.0280369110152 0.79640787548 24.06846848 0.113378959327 -0.666666666667 300.0 4.0 4.0 3.68936382389 0.97076 -0.79002940306 4.0 4.0 0.53 0.289 4.70231655329 0.632188569345 0.0 inf 300.0 -0.00351201560491 0.5 1.0 -0.00339721135848 0.5 1.0 -0.00301361815246 0.5 1.0 -0.00185689120065 0.5 1.0 -0.0238033492235 0.5 1.0 1.0 3849.15569569
-0.354746650331 1.65799259515 1.18844221106 0.881706955173 2.9 3.26 1.966 1.0 -0.0280599323752 0.796517024822 24.073153341 0.113657023529 -0.666666666667 300.0 4.0 4.0 3.68848962062 0.97076 -0.789994578315 4.0 4.0 0.53 0.289 4.70284181937 0.631132957389 0.0 inf 300.0 -0.00350704666787 0.5 1.0 -0.00339358331475 0.5 1.0 -0.00301463273913 0.5 1.0 -0.00188286850595 0.5 1.0 -0.0238551906369 0.5 1.0 1.0 3850.3490942
-0.354758793019 1.65771713409 1.19346733668 0.880799977132 2.9 3.26 1.966 1.0 -0.0281051782169 0.796933099219 24.0791457085 0.114358816713 -0.666666666667 300.0 4.0 4.0 3.68844768045 0.97076 -0.789796233108 4.0 4.0 0.53 0.289 4.70088676366 0.631450902149 0.0 inf 300.0 -0.00350105933401 0.5 1.0 -0.00339052022613 0.5 1.0 -0.00301669545759 0.5 1.0 -0.00190603281207 0.5 1.0 -0.0238765626014 0.5 1.0 1.0 3851.56101582
-0.354757808427 1.65775262533 1.19849246231 0.879834514568 2.9 3.26 1.966 1.0 -0.0281299601737 0.79713132635 24.0841080145 0.1146743195 -0.666666666667 300.0 4.0 4.0 3.68764977887 0.97076 -0.789710177177 4.0 4.0 0.53 0.289 4.70126432876 0.630441195283 0.0 inf 300.0 -0.00349602692354 0.5 1.0 -0.00338752917829 0.5 1.0 -0.00301870307679 0.5 1.0 -0.00193006300911 0.5 1.0 -0.0239261019857 0.5 1.0 1.0 3852.78934051
-0.35475702004 1.65779151266 1.20351758794 0.878907217537 2.9 3.26 1.966 1.0 -0.0281545401179 0.797327415122 24.0889381665 0.114994393058 -0.666666666667 300.0 4.0 4.0 3.68684684572 0.97076 -0.789631875104 4.0 4.0 0.53 0.289 4.70162263205 0.629425147124 0.0 inf 300.0 -0.00349104925257 0.5 1.0 -0.00338428785511 0.5 1.0 -0.00302065335838 0.5 1.0 -0.00195297446146 0.5 1.0 -0.0239765360288 0.5 1.0 1.0 3854.0313498
-0.354756449361 1.65783301376 1.20854271357 0.878018737866 2.9 3.26 1.966 1.0 -0.0281788713021 0.797520746619 24.0936281868 0.115318836378 -0.666666666667 300.0 4.0 4.0 3.68604068449 0.97076 -0.789562119744 4.0 4.0 0.53 0.289 4.70195979676 0.62840519504 0.0 inf 300.0 -0.0034861376812 0.5 1.0 -0.00338079196229 0.5 1.0 -0.00302254215175 0.5 1.0 -0.00197476811314 0.5 1.0 -0.0240277829702 0.5 1.0 1.0 3855.28457698
-0.354756116631 1.65787629426 1.2135678392 0.877170363527 2.9 3.26 1.966 1.0 -0.0282029034489 0.797710585275 24.0981691916 0.115647397532 -0.666666666667 300.0 4.0 4.0 3.68523304002 0.97076 -0.789502101952 4.0 4.0 0.53 0.289 4.70227402929 0.627383725257 0.0 inf 300.0 -0.00348130474085 0.5 1.0 -0.00337703776983 0.5 1.0 -0.00302436534672 0.5 1.0 -0.0019954479746 0.5 1.0 -0.0240797620035 0.5 1.0 1.0 3856.54659642
-0.35475603499 1.6579205682 1.21859296482 0.876362953356 2.9 3.26 1.966 1.0 -0.0282265910512 0.797896258117 24.1025534393 0.115979809338 -0.666666666667 300.0 4.0 4.0 3.68442564845 0.97076 -0.789452446183 4.0 4.0 0.53 0.289 4.70256368632 0.626363068528 0.0 inf 300.0 -0.00347656128376 0.5 1.0 -0.00337302231328 0.5 1.0 -0.00302611898183 0.5 1.0 -0.00201502062141 0.5 1.0 -0.024132398985 0.5 1.0 1.0 3857.81519858
-0.35475622358 1.65796492999 1.22361809045 0.875600769956 2.9 3.26 1.966 1.0 -0.0282498974842 0.79807714589 24.1067753795 0.11631594155 -0.666666666667 300.0 4.0 4.0 3.68362019992 0.97076 -0.789412826853 4.0 4.0 0.53 0.289 4.70282706041 0.625345553382 0.0 inf 300.0 -0.00347191537627 0.5 1.0 -0.00336874326003 0.5 1.0 -0.00302779931603 0.5 1.0 -0.0020334959423 0.5 1.0 -0.024185625499 0.5 1.0 1.0 3859.08823184
-0.354756698549 1.65800854408 1.22864321608 0.87488687079 2.9 3.26 1.966 1.0 -0.0282727758083 0.798252500558 24.1108263132 0.116655531232 -0.666666666667 300.0 4.0 4.0 3.68281831236 0.97076 -0.789384418548 4.0 4.0 0.53 0.289 4.70306278278 0.624333353274 0.0 inf 300.0 -0.00346737880769 0.5 1.0 -0.00336419842078 0.5 1.0 -0.00302940213349 0.5 1.0 -0.00205088700491 0.5 1.0 -0.0242393689408 0.5 1.0 1.0 3860.36343021
-0.354757467328 1.65805078073 1.23366834171 0.874217003883 2.9 3.26 1.966 1.0 -0.0282951635111 0.798421656756 24.1146943613 0.116998042631 -0.666666666667 300.0 4.0 4.0 3.68202153552 0.97076 -0.789369006307 4.0 4.0 0.53 0.289 4.70327015171 0.623328491011 0.0 inf 300.0 -0.00346296722967 0.5 1.0 -0.00335938564754 0.5 1.0 -0.00303092280416 0.5 1.0 -0.00206720724193 0.5 1.0 -0.0242935233233 0.5 1.0 1.0 3861.63856904
-0.354758532976 1.65809147209 1.23869346734 0.873587058155 2.9 3.26 1.966 1.0 -0.0283170096914 0.798583714994 24.1183666189 0.117342918701 -0.666666666667 300.0 4.0 4.0 3.68123118195 0.97076 -0.789368669692 4.0 4.0 0.53 0.289 4.70344885855 0.62233259773 0.0 inf 300.0 -0.00345869575752 0.5 1.0 -0.00335430349775 0.5 1.0 -0.00303235713833 0.5 1.0 -0.00208247210147 0.5 1.0 -0.0243479904531 0.5 1.0 1.0 3862.9116237
-0.354759895288 1.65812991997 1.24371859296 0.872993392933 2.9 3.26 1.966 1.0 -0.0283382586959 0.798738245917 24.1218329151 0.117689650041 -0.666666666667 300.0 4.0 4.0 3.68044862543 0.97076 -0.789383953933 4.0 4.0 0.53 0.289 4.70359840744 0.621347498263 0.0 inf 300.0 -0.00345457698023 0.5 1.0 -0.00334895124532 0.5 1.0 -0.0030337009245 0.5 1.0 -0.0020966991429 0.5 1.0 -0.0244026715989 0.5 1.0 1.0 3864.1808077
-0.354761555499 1.6581657967 1.24874371859 0.872435027677 2.9 3.26 1.966 1.0 -0.0283588723705 0.798884616455 24.125084857 0.118037833697 -0.666666666667 300.0 4.0 4.0 3.67967507046 0.97076 -0.789414686037 4.0 4.0 0.53 0.289 4.70371880515 0.620374679479 0.0 inf 300.0 -0.00345062047213 0.5 1.0 -0.00334332878896 0.5 1.0 -0.00303495021502 0.5 1.0 -0.00210990836493 0.5 1.0 -0.0244574925521 0.5 1.0 1.0 3865.44447539
-0.354763515053 1.65819870752 1.25376884422 0.871911002857 2.9 3.26 1.966 1.0 -0.0283788143395 0.799022305722 24.1281153715 0.118387088567 -0.666666666667 300.0 4.0 4.0 3.67891168565 0.97076 -0.78946018485 4.0 4.0 0.53 0.289 4.70381006522 0.619415601734 0.0 inf 300.0 -0.00344683457782 0.5 1.0 -0.00333743655848 0.5 1.0 -0.00303610110793 0.5 1.0 -0.0021221219163 0.5 1.0 -0.0245123766195 0.5 1.0 1.0 3866.70100675
-0.354765798327 1.65822834765 1.25879396985 0.871423345474 2.9 3.26 1.966 1.0 -0.0283981264118 0.799151898537 24.1309677553 0.118738024115 -0.666666666667 300.0 4.0 4.0 3.67815910291 0.97076 -0.789520378486 4.0 4.0 0.53 0.289 4.7038735971 0.618470341762 0.0 inf 300.0 -0.00344319985754 0.5 1.0 -0.0033312766205 0.5 1.0 -0.00303715394284 0.5 1.0 -0.00213336170753 0.5 1.0 -0.02456728753 0.5 1.0 1.0 3867.94880033
-0.354768373848 1.65825413534 1.26381909548 0.870972644747 2.9 3.26 1.966 1.0 -0.0284166260923 0.799270414401 24.1335341439 0.11908846316 -0.666666666667 300.0 4.0 4.0 3.67741890274 0.97076 -0.789597843872 4.0 4.0 0.53 0.289 4.70390730884 0.61754230801 0.0 inf 300.0 -0.00343978182881 0.5 1.0 -0.00332484734656 0.5 1.0 -0.00303809716914 0.5 1.0 -0.00214365542584 0.5 1.0 -0.024622089294 0.5 1.0 1.0 3869.18632682
-0.3547712553 1.65827577205 1.26884422111 0.87055797903 2.9 3.26 1.966 1.0 -0.0284343411745 0.799378586276 24.1358539228 0.119438832687 -0.666666666667 300.0 4.0 4.0 3.67669169461 0.97076 -0.789693702591 4.0 4.0 0.53 0.289 4.70391289312 0.616631511095 0.0 inf 300.0 -0.00343656513236 0.5 1.0 -0.00331815170157 0.5 1.0 -0.00303893095132 0.5 1.0 -0.00215302596524 0.5 1.0 -0.0246767483996 0.5 1.0 1.0 3870.41223519
-0.354774438691 1.65829305607 1.27386934673 0.870176945446 2.9 3.26 1.966 1.0 -0.0284512392334 0.79947606466 24.1379203228 0.119788711272 -0.666666666667 300.0 4.0 4.0 3.67597827556 0.97076 -0.789808428652 4.0 4.0 0.53 0.289 4.7038911121 0.615738881905 0.0 inf 300.0 -0.00343355799769 0.5 1.0 -0.0033111917688 0.5 1.0 -0.00303965162957 0.5 1.0 -0.00216149885415 0.5 1.0 -0.0247311859639 0.5 1.0 1.0 3871.62529708
-0.354777923021 1.65830576364 1.27889447236 0.869829413846 2.9 3.26 1.966 1.0 -0.0284672991284 0.799562521391 24.139728736 0.120137799616 -0.666666666667 300.0 4.0 4.0 3.67527940361 0.97076 -0.789940269799 4.0 4.0 0.53 0.289 4.70384271114 0.614865338626 0.0 inf 300.0 -0.00343076487712 0.5 1.0 -0.00330397043805 0.5 1.0 -0.00304025574029 0.5 1.0 -0.00216910112055 0.5 1.0 -0.0247853340863 0.5 1.0 1.0 3872.82433433
-0.35478170141 1.65831383258 1.28391959799 0.869511756899 2.9 3.26 1.966 1.0 -0.0284824919288 0.799637666167 24.1412721767 0.120485656424 -0.666666666667 300.0 4.0 4.0 3.67459570626 0.97076 -0.790088815487 4.0 4.0 0.53 0.289 4.70376891139 0.614011568239 0.0 inf 300.0 -0.0034281931503 0.5 1.0 -0.00329649058076 0.5 1.0 -0.00304073983252 0.5 1.0 -0.00217585954481 0.5 1.0 -0.0248391171325 0.5 1.0 1.0 3874.0082614
-0.354785766527 1.6583171755 1.28894472362 0.869222217906 2.9 3.26 1.966 1.0 -0.0284967861151 0.799701124683 24.1425416544 0.120831847375 -0.666666666667 300.0 4.0 4.0 3.67392761387 0.97076 -0.790256758252 4.0 4.0 0.53 0.289 4.70367095586 0.613177985517 0.0 inf 300.0 -0.00342585318387 0.5 1.0 -0.0032887553697 0.5 1.0 -0.00304110070017 0.5 1.0 -0.00218180154887 0.5 1.0 -0.0248924705858 0.5 1.0 1.0 3875.17614274
-0.354790113227 1.65831573561 1.29396984925 0.868959166837 2.9 3.26 1.966 1.0 -0.0285101594287 0.799752707296 24.1435317725 0.121176022042 -0.666666666667 300.0 4.0 4.0 3.67327550852 0.97076 -0.790444839315 4.0 4.0 0.53 0.289 4.70355024401 0.612364959767 0.0 inf 300.0 -0.00342375130731 0.5 1.0 -0.00328076867183 0.5 1.0 -0.00304133528796 0.5 1.0 -0.00218695473774 0.5 1.0 -0.0249453300392 0.5 1.0 1.0 3876.32714919
-0.354794737742 1.65830947034 1.29899497487 0.868722980078 2.9 3.26 1.966 1.0 -0.0285226009638 0.799792269996 24.1442396688 0.121517929369 -0.666666666667 300.0 4.0 4.0 3.67263972027 0.97076 -0.790651755351 4.0 4.0 0.53 0.289 4.70340824547 0.611572820419 0.0 inf 300.0 -0.00342188988739 0.5 1.0 -0.00327253485991 0.5 1.0 -0.00304144071525 0.5 1.0 -0.0021913474954 0.5 1.0 -0.0249976424916 0.5 1.0 1.0 3877.46053697
-0.354799645675 1.65829824597 1.3040201005 0.868515235234 2.9 3.26 1.966 1.0 -0.0285341012006 0.799819695043 24.1446625333 0.121857368045 -0.666666666667 300.0 4.0 4.0 3.67202048408 0.97076 -0.790877274627 4.0 4.0 0.53 0.289 4.70324619363 0.610801909083 0.0 inf 300.0 -0.00342027168164 0.5 1.0 -0.00326405863395 0.5 1.0 -0.00304141429481 0.5 1.0 -0.00219500854994 0.5 1.0 -0.0250492846747 0.5 1.0 1.0 3878.57558601
-0.354804814817 1.65828212945 1.30904522613 0.86833564397 2.9 3.26 1.966 1.0 -0.0285446567872 0.799835023284 24.1447991763 0.122194142121 -0.666666666667 300.0 4.0 4.0 3.67141830154 0.97076 -0.791119323836 4.0 4.0 0.53 0.289 4.7030653436 0.610052518357 0.0 inf 300.0 -0.00341889701977 0.5 1.0 -0.00325534527238 0.5 1.0 -0.0030412536789 0.5 1.0 -0.0021979663785 0.5 1.0 -0.0251003603613 0.5 1.0 1.0 3879.6716475
-0.354810247765 1.65826107098 1.31407035176 0.868184384316 2.9 3.26 1.966 1.0 -0.0285542596094 0.799838233615 24.1446472047 0.122528023738 -0.666666666667 300.0 4.0 4.0 3.67083320153 0.97076 -0.791377975241 4.0 4.0 0.53 0.289 4.70286721423 0.609324713143 0.0 inf 300.0 -0.00341776846714 0.5 1.0 -0.00324640016374 0.5 1.0 -0.00304095661085 0.5 1.0 -0.00220024943977 0.5 1.0 -0.0251507457645 0.5 1.0 1.0 3880.74822022
-0.354816165604 1.65823520145 1.31909547739 0.86805880677 2.9 3.26 1.966 1.0 -0.0285630870154 0.799830883604 24.1442655308 0.122860741905 -0.666666666667 300.0 4.0 4.0 3.6702629825 0.97076 -0.791653943342 4.0 4.0 0.53 0.289 4.70265321514 0.608617651143 0.0 inf 300.0 -0.00341684027134 0.5 1.0 -0.00323723098254 0.5 1.0 -0.00304053085286 0.5 1.0 -0.00220187852049 0.5 1.0 -0.0251996307208 0.5 1.0 1.0 3881.80485797
-0.354822108703 1.65820461652 1.32412060302 0.867956721111 2.9 3.26 1.966 1.0 -0.0285707491011 0.799809827218 24.1435233513 0.123187952114 -0.666666666667 300.0 4.0 4.0 3.66971201254 0.97076 -0.791950705677 4.0 4.0 0.53 0.289 4.70242571376 0.607932643199 0.0 inf 300.0 -0.00341621886008 0.5 1.0 -0.00322783940268 0.5 1.0 -0.00303995327006 0.5 1.0 -0.00220289505737 0.5 1.0 -0.0252484241611 0.5 1.0 1.0 3882.84118389
-0.354828289391 1.65816952245 1.32914572864 0.867875703312 2.9 3.26 1.966 1.0 -0.0285774347171 0.79977680087 24.142483703 0.123511456712 -0.666666666667 300.0 4.0 4.0 3.66917815248 0.97076 -0.792265391452 4.0 4.0 0.53 0.289 4.70218627498 0.607268831197 0.0 inf 300.0 -0.00341585298433 0.5 1.0 -0.0032182342358 0.5 1.0 -0.0030392317489 0.5 1.0 -0.00220331983758 0.5 1.0 -0.0252963763226 0.5 1.0 1.0 3883.85682762
-0.354834703606 1.65813011638 1.33417085427 0.867814139245 2.9 3.26 1.966 1.0 -0.0285831510894 0.799732051551 24.1411474776 0.123831133503 -0.666666666667 300.0 4.0 4.0 3.66866125728 0.97076 -0.792598067776 4.0 4.0 0.53 0.289 4.70193664777 0.606625933312 0.0 inf 300.0 -0.00341574194943 0.5 1.0 -0.00320842239557 0.5 1.0 -0.00303836468137 0.5 1.0 -0.00220317991359 0.5 1.0 -0.0253434415194 0.5 1.0 1.0 3884.85154189
-0.354841354292 1.65808658706 1.3391959799 0.86777212996 2.9 3.26 1.966 1.0 -0.0285879202551 0.799675990748 24.1395196862 0.124147018766 -0.666666666667 300.0 4.0 4.0 3.66816115018 0.97076 -0.792947186874 4.0 4.0 0.53 0.289 4.70167828724 0.606003728304 0.0 inf 300.0 -0.00341588032408 0.5 1.0 -0.0031984112699 0.5 1.0 -0.00303735100745 0.5 1.0 -0.0022025022093 0.5 1.0 -0.0253895950249 0.5 1.0 1.0 3885.8251667
-0.354848238231 1.65803972013 1.34422110553 0.86775060551 2.9 3.26 1.966 1.0 -0.028591806414 0.799607122951 24.137593203 0.124459401172 -0.666666666667 300.0 4.0 4.0 3.66767758628 0.97076 -0.79331231107 4.0 4.0 0.53 0.289 4.70141255113 0.605401622992 0.0 inf 300.0 -0.00341626434748 0.5 1.0 -0.00318820943366 0.5 1.0 -0.00303619168396 0.5 1.0 -0.00220131313624 0.5 1.0 -0.0254345528559 0.5 1.0 1.0 3886.77768047
-0.354855180487 1.6579876461 1.34924623116 0.867751909131 2.9 3.26 1.966 1.0 -0.0285945408121 0.799529012259 24.1353557564 0.124765753541 -0.666666666667 300.0 4.0 4.0 3.66721171404 0.97076 -0.79369399814 4.0 4.0 0.53 0.289 4.70114259885 0.604819802437 0.0 inf 300.0 -0.00341692934549 0.5 1.0 -0.00317782096837 0.5 1.0 -0.00303487311132 0.5 1.0 -0.00219964181323 0.5 1.0 -0.0254792262708 0.5 1.0 1.0 3887.70899961
-0.354862438798 1.65793257553 1.35427135678 0.867772820665 2.9 3.26 1.966 1.0 -0.0285964888754 0.799439892695 24.1328483849 0.125069354558 -0.666666666667 300.0 4.0 4.0 3.66676099815 0.97076 -0.79408966894 4.0 4.0 0.53 0.289 4.70086792789 0.60425715249 0.0 inf 300.0 -0.00341781559539 0.5 1.0 -0.00316725846738 0.5 1.0 -0.00303340900628 0.5 1.0 -0.00219750866691 0.5 1.0 -0.0255225730958 0.5 1.0 1.0 3888.61897867
-0.354869904909 1.6578740661 1.35929648241 0.867811781114 2.9 3.26 1.966 1.0 -0.0285975253706 0.799340252628 24.1300519524 0.125368758515 -0.666666666667 300.0 4.0 4.0 3.66632607614 0.97076 -0.794499891649 4.0 4.0 0.53 0.289 4.70059102973 0.603713545116 0.0 inf 300.0 -0.00341894637711 0.5 1.0 -0.00315652869553 0.5 1.0 -0.00303179209331 0.5 1.0 -0.00219494062323 0.5 1.0 -0.025564813485 0.5 1.0 1.0 3889.50751203
-0.354877561203 1.65781246066 1.36432160804 0.867864696592 2.9 3.26 1.966 1.0 -0.0285976653139 0.799230585696 24.1269706935 0.125663879954 -0.666666666667 300.0 4.0 4.0 3.66590671807 0.97076 -0.794924839814 4.0 4.0 0.53 0.289 4.70031370909 0.60318840635 0.0 inf 300.0 -0.00342031875476 0.5 1.0 -0.00314564046919 0.5 1.0 -0.00303002149582 0.5 1.0 -0.00219196180916 0.5 1.0 -0.0256059999243 0.5 1.0 1.0 3890.37461165
-0.354885397419 1.65774808684 1.36934673367 0.867927618808 2.9 3.26 1.966 1.0 -0.028596930318 0.799111434478 24.1236100899 0.125954677657 -0.666666666667 300.0 4.0 4.0 3.66550258951 0.97076 -0.795363525328 4.0 4.0 0.53 0.289 4.7000377018 0.602681184637 0.0 inf 300.0 -0.00342192754978 0.5 1.0 -0.00313460297139 0.5 1.0 -0.00302809653626 0.5 1.0 -0.00218859592188 0.5 1.0 -0.0256461084683 0.5 1.0 1.0 3891.22042686
-0.354893404012 1.65768123722 1.3743718593 0.867999798962 2.9 3.26 1.966 1.0 -0.0285953446377 0.798983274135 24.1199752404 0.126241172762 -0.666666666667 300.0 4.0 4.0 3.66511326517 0.97076 -0.795815463985 4.0 4.0 0.53 0.289 4.69976449045 0.602191226427 0.0 inf 300.0 -0.00342376748279 0.5 1.0 -0.00312342557033 0.5 1.0 -0.00302601641247 0.5 1.0 -0.00218486616167 0.5 1.0 -0.0256851315375 0.5 1.0 1.0 3892.04522159
-0.35490157429 1.65761213135 1.37939698492 0.868082224328 2.9 3.26 1.966 1.0 -0.0285929322911 0.798846514413 24.1160713386 0.126523415291 -0.666666666667 300.0 4.0 4.0 3.66473829663 0.97076 -0.796279493212 4.0 4.0 0.53 0.289 4.69949535954 0.601717903702 0.0 inf 300.0 -0.00342583289011 0.5 1.0 -0.00311211810979 0.5 1.0 -0.00302378000468 0.5 1.0 -0.00218079510942 0.5 1.0 -0.0257230667296 0.5 1.0 1.0 3892.84919108
-0.354909909557 1.65754094136 1.38442211055 0.868176895979 2.9 3.26 1.966 1.0 -0.0285897242205 0.798701579052 24.1119058306 0.126801543256 -0.666666666667 300.0 4.0 4.0 3.66437720207 0.97076 -0.79675376736 4.0 4.0 0.53 0.289 4.69923137455 0.601260640212 0.0 inf 300.0 -0.00342811607806 0.5 1.0 -0.00310069093206 0.5 1.0 -0.00302138666381 0.5 1.0 -0.00217640451763 0.5 1.0 -0.0257598992053 0.5 1.0 1.0 3893.63243268
-0.354918408901 1.6574678539 1.38944723618 0.868284408739 2.9 3.26 1.966 1.0 -0.0285857452672 0.798548902841 24.1074845885 0.127075637951 -0.666666666667 300.0 4.0 4.0 3.66402950171 0.97076 -0.797238884993 4.0 4.0 0.53 0.289 4.6989735171 0.600818828857 0.0 inf 300.0 -0.0034306124036 0.5 1.0 -0.00308915429802 0.5 1.0 -0.00301883590352 0.5 1.0 -0.00217171530199 0.5 1.0 -0.0257956152592 0.5 1.0 1.0 3894.39503884
-0.354927063374 1.65739313202 1.39447236181 0.868402005134 2.9 3.26 1.966 1.0 -0.0285810153522 0.79838897216 24.1028128082 0.127345688817 -0.666666666667 300.0 4.0 4.0 3.66369481139 0.97076 -0.79773506504 4.0 4.0 0.53 0.289 4.69872309846 0.600391879477 0.0 inf 300.0 -0.0034333179439 0.5 1.0 -0.00307751856131 0.5 1.0 -0.00301612705605 0.5 1.0 -0.00216674764411 0.5 1.0 -0.0258302125454 0.5 1.0 1.0 3895.1371268
-0.354935865863 1.65731710396 1.39949748744 0.868526046752 2.9 3.26 1.966 1.0 -0.0285755660774 0.798222363301 24.0978992394 0.127611758176 -0.666666666667 300.0 4.0 4.0 3.66337270565 0.97076 -0.79824083068 4.0 4.0 0.53 0.289 4.69848149513 0.599979176874 0.0 inf 300.0 -0.00343622462812 0.5 1.0 -0.00306579452584 0.5 1.0 -0.00301325985672 0.5 1.0 -0.00216152119942 0.5 1.0 -0.0258636797229 0.5 1.0 1.0 3895.85895203
-0.354944815733 1.65724001717 1.40452261307 0.868656908935 2.9 3.26 1.966 1.0 -0.0285694347153 0.7980496014 24.0927535528 0.127874025554 -0.666666666667 300.0 4.0 4.0 3.66306262542 0.97076 -0.798755495937 4.0 4.0 0.53 0.289 4.6982496577 0.59958001482 0.0 inf 300.0 -0.00343932360737 0.5 1.0 -0.00305399341254 0.5 1.0 -0.00301023413445 0.5 1.0 -0.00215605507938 0.5 1.0 -0.0258960099849 0.5 1.0 1.0 3896.56085342
-0.354953910803 1.65716208152 1.40954773869 0.868795116472 2.9 3.26 1.966 1.0 -0.0285626583453 0.797871225982 24.0873860324 0.128132662913 -0.666666666667 300.0 4.0 4.0 3.66276405585 0.97076 -0.799276788612 4.0 4.0 0.53 0.289 4.69802837568 0.599193772458 0.0 inf 300.0 -0.00344260491134 0.5 1.0 -0.00304212704953 0.5 1.0 -0.00300704952077 0.5 1.0 -0.00215036762095 0.5 1.0 -0.0259272057384 0.5 1.0 1.0 3897.24310995
-0.354963150711 1.6570834753 1.41457286432 0.868941500712 2.9 3.26 1.966 1.0 -0.0285552689211 0.797687719671 24.0818054614 0.128387818824 -0.666666666667 300.0 4.0 4.0 3.66247643848 0.97076 -0.799804361197 4.0 4.0 0.53 0.289 4.69781831663 0.598819784533 0.0 inf 300.0 -0.00344606120936 0.5 1.0 -0.00303020728033 0.5 1.0 -0.00300370573226 0.5 1.0 -0.00214447627233 0.5 1.0 -0.0259572675917 0.5 1.0 1.0 3897.90594693
-0.354972533884 1.6570044023 1.41959798995 0.869095809738 2.9 3.26 1.966 1.0 -0.0285472978322 0.797499578325 24.0760204568 0.128639622888 -0.666666666667 300.0 4.0 4.0 3.66219926027 0.97076 -0.800338083869 4.0 4.0 0.53 0.289 4.69762016862 0.598457424701 0.0 inf 300.0 -0.00344968544178 0.5 1.0 -0.00301824611549 0.5 1.0 -0.00300020247225 0.5 1.0 -0.00213839790824 0.5 1.0 -0.0259861947194 0.5 1.0 1.0 3898.54959904
-0.354982059988 1.65692506683 1.42462311558 0.869256508461 2.9 3.26 1.966 1.0 -0.0285387798747 0.797307388485 24.0700427663 0.12888822653 -0.666666666667 300.0 4.0 4.0 3.66193207549 0.97076 -0.800877160334 4.0 4.0 0.53 0.289 4.69743469403 0.598106135466 0.0 inf 300.0 -0.00345346832119 0.5 1.0 -0.00300625570372 0.5 1.0 -0.00299653962791 0.5 1.0 -0.00213214871794 0.5 1.0 -0.0260139886085 0.5 1.0 1.0 3899.17426679
-0.354991722261 1.65684574548 1.42964824121 0.869418296838 2.9 3.26 1.966 1.0 -0.0285297447626 0.797111701549 24.0638819639 0.129133684356 -0.666666666667 300.0 4.0 4.0 3.6616744909 0.97076 -0.801421736023 4.0 4.0 0.53 0.289 4.69726279536 0.597765370142 0.0 inf 300.0 -0.0034574027673 0.5 1.0 -0.00299424816869 0.5 1.0 -0.00299271702541 0.5 1.0 -0.00212574434792 0.5 1.0 -0.0260406460427 0.5 1.0 1.0 3899.7801985
-0.355001514667 1.65676670099 1.43467336683 0.869578093301 2.9 3.26 1.966 1.0 -0.0285202276962 0.796913026766 24.0575478939 0.129376116608 -0.666666666667 300.0 4.0 4.0 3.66142606046 0.97076 -0.80197105184 4.0 4.0 0.53 0.289 4.69710508498 0.597434560081 0.0 inf 300.0 -0.00346148030812 0.5 1.0 -0.00298223633032 0.5 1.0 -0.00298873442894 0.5 1.0 -0.00211919987754 0.5 1.0 -0.0260661716273 0.5 1.0 1.0 3900.36771288
-0.355011435586 1.65668815148 1.43969849246 0.869733361232 2.9 3.26 1.966 1.0 -0.02851027696 0.796712021575 24.0510565268 0.129615755642 -0.666666666667 300.0 4.0 4.0 3.66118638687 0.97076 -0.802521494714 4.0 4.0 0.53 0.289 4.69696198352 0.597113270124 0.0 inf 300.0 -0.00346568633992 0.5 1.0 -0.00297023388328 0.5 1.0 -0.00298459204711 0.5 1.0 -0.00211252958194 0.5 1.0 -0.0260905694402 0.5 1.0 1.0 3900.93715199
-0.355021484317 1.65661024499 1.44472361809 0.869884123551 2.9 3.26 1.966 1.0 -0.0284999298427 0.796509190367 24.0444198739 0.129852786031 -0.666666666667 300.0 4.0 4.0 3.66095496645 0.97076 -0.80307246461 4.0 4.0 0.53 0.289 4.69683366998 0.596800937306 0.0 inf 300.0 -0.0034700111974 0.5 1.0 -0.00295825428438 0.5 1.0 -0.00298028973613 0.5 1.0 -0.00210574693115 0.5 1.0 -0.0261138496619 0.5 1.0 1.0 3901.48886577
-0.355031664692 1.65653303086 1.44974874372 0.87003500264 2.9 3.26 1.966 1.0 -0.0284892198248 0.796304934292 24.0376486381 0.130087424468 -0.666666666667 300.0 4.0 4.0 3.66073123283 0.97076 -0.803624072048 4.0 4.0 0.53 0.289 4.69672000894 0.59649696697 0.0 inf 300.0 -0.00347444664849 0.5 1.0 -0.00294631097599 0.5 1.0 -0.00297582691533 0.5 1.0 -0.00209886478364 0.5 1.0 -0.0261360309652 0.5 1.0 1.0 3902.02316394
-0.355041975712 1.65645664794 1.45477386935 0.87018489996 2.9 3.26 1.966 1.0 -0.0284781793321 0.796099721519 24.0307546441 0.130319808542 -0.666666666667 300.0 4.0 4.0 3.66051473739 0.97076 -0.804175607636 4.0 4.0 0.53 0.289 4.6966213799 0.596200831662 0.0 inf 300.0 -0.00347898364702 0.5 1.0 -0.00293441736051 0.5 1.0 -0.00297120324018 0.5 1.0 -0.00209189551766 0.5 1.0 -0.0261571256369 0.5 1.0 1.0 3902.54029758
-0.355052414042 1.65638124689 1.45979899497 0.870330661437 2.9 3.26 1.966 1.0 -0.0284668377759 0.795893989741 24.0237483525 0.130550023263 -0.666666666667 300.0 4.0 4.0 3.66030507696 0.97076 -0.804726769261 4.0 4.0 0.53 0.289 4.69653819952 0.595912058107 0.0 inf 300.0 -0.00348361444114 0.5 1.0 -0.00292258689597 0.5 1.0 -0.00296641842392 0.5 1.0 -0.00208485118205 0.5 1.0 -0.0261771391453 0.5 1.0 1.0 3903.04052115
-0.35506297708 1.65630696455 1.4648241206 0.870469480165 2.9 3.26 1.966 1.0 -0.028455226663 0.79568817019 24.016640963 0.130778182176 -0.666666666667 300.0 4.0 4.0 3.66010185414 0.97076 -0.805277997302 4.0 4.0 0.53 0.289 4.69647057642 0.595630199316 0.0 inf 300.0 -0.00348833118361 0.5 1.0 -0.00291083347796 0.5 1.0 -0.0029614723285 0.5 1.0 -0.0020777431325 0.5 1.0 -0.0261960808283 0.5 1.0 1.0 3903.52411139
-0.355073664618 1.65623390985 1.46984924623 0.870600685548 2.9 3.26 1.966 1.0 -0.0284433855978 0.795482741246 24.0094465471 0.131004483487 -0.666666666667 300.0 4.0 4.0 3.65990466708 0.97076 -0.805827762499 4.0 4.0 0.53 0.289 4.69641839091 0.595354852839 0.0 inf 300.0 -0.00349312245997 0.5 1.0 -0.00289917148801 0.5 1.0 -0.00295636496482 0.5 1.0 -0.00207058199285 0.5 1.0 -0.0262139653394 0.5 1.0 1.0 3903.99138606
-0.355084476505 1.65616216141 1.47487437186 0.870724976488 2.9 3.26 1.966 1.0 -0.0284313534511 0.795278159966 24.002179272 0.13122913382 -0.666666666667 300.0 4.0 4.0 3.65971312607 0.97076 -0.806374827526 4.0 4.0 0.53 0.289 4.6963813571 0.595085625841 0.0 inf 300.0 -0.00349797697513 0.5 1.0 -0.00288761563999 0.5 1.0 -0.00295109611862 0.5 1.0 -0.00206337789509 0.5 1.0 -0.0262308142196 0.5 1.0 1.0 3904.4427026
-0.355095411216 1.65609176745 1.47989949749 0.870843577427 2.9 3.26 1.966 1.0 -0.0284191625595 0.795074821536 23.9948513604 0.131452295428 -0.666666666667 300.0 4.0 4.0 3.65952686667 0.97076 -0.806918832752 4.0 4.0 0.53 0.289 4.69635917058 0.594822134527 0.0 inf 300.0 -0.00350288552234 0.5 1.0 -0.0028761805718 0.5 1.0 -0.00294566511705 0.5 1.0 -0.00205614038903 0.5 1.0 -0.0262466530337 0.5 1.0 1.0 3904.87842045
-0.355106466751 1.65602277396 1.48492462312 0.870956431171 2.9 3.26 1.966 1.0 -0.0284068425588 0.794873086531 23.9874745065 0.131674088121 -0.666666666667 300.0 4.0 4.0 3.65934555094 0.97076 -0.807458772611 4.0 4.0 0.53 0.289 4.6963516602 0.5945640362 0.0 inf 300.0 -0.00350783910675 0.5 1.0 -0.002864880671 0.5 1.0 -0.00294007133129 0.5 1.0 -0.00204887876772 0.5 1.0 -0.0262615010814 0.5 1.0 1.0 3905.29883664
-0.355117641131 1.65595522822 1.48994974874 0.871062878918 2.9 3.26 1.966 1.0 -0.0283944243588 0.794673298449 23.9800608471 0.131894630632 -0.666666666667 300.0 4.0 4.0 3.65916885502 0.97076 -0.807992997151 4.0 4.0 0.53 0.289 4.69635865226 0.59431102109 0.0 inf 300.0 -0.00351282809265 0.5 1.0 -0.00285373046041 0.5 1.0 -0.00293431438094 0.5 1.0 -0.00204160212571 0.5 1.0 -0.0262753770133 0.5 1.0 1.0 3905.70421024
-0.355128930938 1.65588918677 1.49497487437 0.87116003371 2.9 3.26 1.966 1.0 -0.0283819380512 0.794475811847 23.9726224615 0.132114019083 -0.666666666667 300.0 4.0 4.0 3.65899648813 0.97076 -0.808520498669 4.0 4.0 0.53 0.289 4.69637999086 0.594062809678 0.0 inf 300.0 -0.00351784340867 0.5 1.0 -0.00284274461426 0.5 1.0 -0.00292839416676 0.5 1.0 -0.00203431893495 0.5 1.0 -0.0262882955926 0.5 1.0 1.0 3906.09481092
-0.355140330724 1.65582477142 1.5 0.871245915926 2.9 3.26 1.966 1.0 -0.0283694169517 0.794280926169 23.9651716699 0.132332394705 -0.666666666667 300.0 4.0 4.0 3.65882816775 0.97076 -0.809041313901 4.0 4.0 0.53 0.289 4.69641533914 0.593819061981 0.0 inf 300.0 -0.00352287604534 0.5 1.0 -0.00283193773034 0.5 1.0 -0.00292231074082 0.5 1.0 -0.00202703669471 0.5 1.0 -0.0263002988632 0.5 1.0 1.0 3906.47095608
