## ap at Dchi2
0.85000002384200002 0.77999997138999999 43.9893590096 
0.85000002384200002 0.79250001907300005 42.520364869 
0.85000002384200002 0.80500000715300002 41.2134801033 
0.85000002384200002 0.81749999523200001 40.0264683846 
0.85000002384200002 0.829999983311 38.9170933846 
0.85000002384200002 0.83999997377400004 38.063333619 
0.85000002384200002 0.85041666030899998 37.1910191658 
0.85000002384200002 0.86083334684400004 36.3287144783 
0.85000002384200002 0.87124997377400004 35.473489869 
0.85000002384200002 0.88166666030899998 34.627786744 
0.85000002384200002 0.89208334684400004 33.7974644783 
0.85000002384200002 0.90249997377400004 32.9913121346 
0.85000002384200002 0.91291666030899998 32.2173863533 
0.85000002384200002 0.92333334684400004 31.4856969002 
0.85000002384200002 0.93374997377400004 30.8030797127 
0.85000002384200002 0.94416666030899998 30.1771031502 
0.85000002384200002 0.95458334684400004 29.6111851815 
0.85000002384200002 0.96499997377400004 29.1080113533 
0.85000002384200002 0.97541666030899998 28.6700230721 
0.85000002384200002 0.98583334684400004 28.2950230721 
0.85000002384200002 0.99624997377400004 27.9830113533 
0.85000002384200002 1.0066666603100001 27.7303258065 
0.85000002384200002 1.01708328724 27.5352574471 
0.85000002384200002 1.02750003338 27.393411744 
0.85000002384200002 1.0379166603100001 27.3011265877 
0.85000002384200002 1.04833328724 27.2537633065 
0.85000002384200002 1.05875003338 27.2466832283 
0.85000002384200002 1.0691666603100001 27.2750035408 
0.85000002384200002 1.07958328724 27.3333531502 
0.85000002384200002 1.09000003338 27.4163609627 
0.85000002384200002 1.1000000238400001 27.5140172127 
0.85000002384200002 1.11111116409 27.637552369 
0.85000002384200002 1.12222218513 27.7698765877 
0.85000002384200002 1.13333332539 27.9056187752 
0.85000002384200002 1.1444444656399999 28.0381871346 
0.85000002384200002 1.1555556058900001 28.162942994 
0.85000002384200002 1.1666666269299999 28.2740269783 
0.85000002384200002 1.17777776718 28.3685094002 
0.85000002384200002 1.18888890743 28.4432164315 
0.85000002384200002 1.2000000476799999 28.494974244 
0.861428558826 0.77999997138999999 41.561380494 
0.861428558826 0.79250001907300005 40.131692994 
0.861428558826 0.80500000715300002 38.8499547127 
0.861428558826 0.81749999523200001 37.6749058846 
0.861428558826 0.829999983311 36.5650426033 
0.861428558826 0.83999997377400004 35.7024937752 
0.861428558826 0.85041666030899998 34.8147984627 
0.861428558826 0.86083334684400004 33.932474244 
0.861428558826 0.87124997377400004 33.053567994 
0.861428558826 0.88166666030899998 32.1829625252 
0.861428558826 0.89208334684400004 31.3277379158 
0.861428558826 0.90249997377400004 30.4971715096 
0.861428558826 0.91291666030899998 29.7010289315 
0.861428558826 0.92333334684400004 28.9498082283 
0.861428558826 0.93374997377400004 28.2513219002 
0.861428558826 0.94416666030899998 27.6124058846 
0.861428558826 0.95458334684400004 27.0376988533 
0.861428558826 0.96499997377400004 26.530130494 
0.861428558826 0.97541666030899998 26.0911656502 
0.861428558826 0.98583334684400004 25.7188511971 
0.861428558826 0.99624997377400004 25.4136754158 
0.861428558826 1.0066666603100001 25.1712437752 
0.861428558826 1.01708328724 24.9898472908 
0.861428558826 1.02750003338 24.8646031502 
0.861428558826 1.0379166603100001 24.7923375252 
0.861428558826 1.04833328724 24.7676793221 
0.861428558826 1.05875003338 24.7862340096 
0.861428558826 1.0691666603100001 24.8423863533 
0.861428558826 1.07958328724 24.9310094002 
0.861428558826 1.09000003338 25.045755494 
0.861428558826 1.1000000238400001 25.1758824471 
0.861428558826 1.11111116409 25.3362828377 
0.861428558826 1.12222218513 25.5071812752 
0.861428558826 1.13333332539 25.6819859627 
0.861428558826 1.1444444656399999 25.854349244 
0.861428558826 1.1555556058900001 26.0191441658 
0.861428558826 1.1666666269299999 26.1709996346 
0.861428558826 1.17777776718 26.3060094002 
0.861428558826 1.18888890743 26.420755494 
0.861428558826 1.2000000476799999 26.512552369 
0.87285715341600001 0.77999997138999999 39.125833619 
0.87285715341600001 0.79250001907300005 37.7259312752 
0.87285715341600001 0.80500000715300002 36.4612828377 
0.87285715341600001 0.81749999523200001 35.2894078377 
0.87285715341600001 0.829999983311 34.1712437752 
0.87285715341600001 0.83999997377400004 33.2947789315 
0.87285715341600001 0.85041666030899998 32.3880406502 
0.87285715341600001 0.86083334684400004 31.4822789315 
0.87285715341600001 0.87124997377400004 30.5779820565 
0.87285715341600001 0.88166666030899998 29.6814976815 
0.87285715341600001 0.89208334684400004 28.8001500252 
0.87285715341600001 0.90249997377400004 27.9456578377 
0.87285715341600001 0.91291666030899998 27.1290074471 
0.87285715341600001 0.92333334684400004 26.3599644783 
0.87285715341600001 0.93374997377400004 25.6478062752 
0.87285715341600001 0.94416666030899998 24.9998570565 
0.87285715341600001 0.95458334684400004 24.4205113533 
0.87285715341600001 0.96499997377400004 23.9126988533 
0.87285715341600001 0.97541666030899998 23.477396119 
0.87285715341600001 0.98583334684400004 23.1133824471 
0.87285715341600001 0.99624997377400004 22.8204136971 
0.87285715341600001 1.0066666603100001 22.5936070565 
0.87285715341600001 1.01708328724 22.4317418221 
0.87285715341600001 1.02750003338 22.3294469002 
0.87285715341600001 1.0379166603100001 22.2828160408 
0.87285715341600001 1.04833328724 22.2869664315 
0.87285715341600001 1.05875003338 22.3365269783 
0.87285715341600001 1.0691666603100001 22.4261265877 
0.87285715341600001 1.07958328724 22.549661744 
0.87285715341600001 1.09000003338 22.7015172127 
0.87285715341600001 1.1000000238400001 22.8682652596 
0.87285715341600001 1.11111116409 23.0706578377 
0.87285715341600001 1.12222218513 23.2845250252 
0.87285715341600001 1.13333332539 23.502786744 
0.87285715341600001 1.1444444656399999 23.7188511971 
0.87285715341600001 1.1555556058900001 23.9273472908 
0.87285715341600001 1.1666666269299999 24.1229039315 
0.87285715341600001 1.17777776718 24.3013707283 
0.87285715341600001 1.18888890743 24.4593297127 
0.87285715341600001 1.2000000476799999 24.5940953377 
0.88428568839999999 0.77999997138999999 36.702005494 
0.88428568839999999 0.79250001907300005 35.3221226815 
0.88428568839999999 0.80500000715300002 34.0647984627 
0.88428568839999999 0.81749999523200001 32.8877965096 
0.88428568839999999 0.829999983311 31.754739869 
0.88428568839999999 0.83999997377400004 30.8599644783 
0.88428568839999999 0.85041666030899998 29.9295445565 
0.88428568839999999 0.86083334684400004 28.9974156502 
0.88428568839999999 0.87124997377400004 28.0657750252 
0.88428568839999999 0.88166666030899998 27.1419469002 
0.88428568839999999 0.89208334684400004 26.2356969002 
0.88428568839999999 0.90249997377400004 25.3587437752 
0.88428568839999999 0.91291666030899998 24.5230504158 
0.88428568839999999 0.92333334684400004 23.7393590096 
0.88428568839999999 0.93374997377400004 23.0176793221 
0.88428568839999999 0.94416666030899998 22.3646031502 
0.88428568839999999 0.95458334684400004 21.7847691658 
0.88428568839999999 0.96499997377400004 21.2815953377 
0.88428568839999999 0.97541666030899998 20.8553258065 
0.88428568839999999 0.98583334684400004 20.5054722908 
0.88428568839999999 0.99624997377400004 20.2298375252 
0.88428568839999999 1.0066666603100001 20.0247594002 
0.88428568839999999 1.01708328724 19.8882847908 
0.88428568839999999 1.02750003338 19.8143101815 
0.88428568839999999 1.0379166603100001 19.7994176033 
0.88428568839999999 1.04833328724 19.8377476815 
0.88428568839999999 1.05875003338 19.9239293221 
0.88428568839999999 1.0691666603100001 20.0523472908 
0.88428568839999999 1.07958328724 20.2164097908 
0.88428568839999999 1.09000003338 20.4100133065 
0.88428568839999999 1.1000000238400001 20.6177769783 
0.88428568839999999 1.11111116409 20.8668004158 
0.88428568839999999 1.12222218513 21.127786744 
0.88428568839999999 1.13333332539 21.3931676033 
0.88428568839999999 1.1444444656399999 21.6565953377 
0.88428568839999999 1.1555556058900001 21.9122105721 
0.88428568839999999 1.1666666269299999 22.1546422127 
0.88428568839999999 1.17777776718 22.3794957283 
0.88428568839999999 1.18888890743 22.5833531502 
0.88428568839999999 1.2000000476799999 22.7632847908 
0.89571428299 0.77999997138999999 34.3086949471 
0.89571428299 0.79250001907300005 32.9390660408 
0.89571428299 0.80500000715300002 31.6795445565 
0.89571428299 0.81749999523200001 30.4900914315 
0.89571428299 0.829999983311 29.3345738533 
0.89571428299 0.83999997377400004 28.4173375252 
0.89571428299 0.85041666030899998 27.4603062752 
0.89571428299 0.86083334684400004 26.4998570565 
0.89571428299 0.87124997377400004 25.5401402596 
0.89571428299 0.88166666030899998 24.5892125252 
0.89571428299 0.89208334684400004 23.6585484627 
0.89571428299 0.90249997377400004 22.760599244 
0.89571428299 0.91291666030899998 21.9087926033 
0.89571428299 0.92333334684400004 21.1138707283 
0.89571428299 0.93374997377400004 20.3863316658 
0.89571428299 0.94416666030899998 19.7325230721 
0.89571428299 0.95458334684400004 19.1580601815 
0.89571428299 0.96499997377400004 18.6651402596 
0.89571428299 0.97541666030899998 18.2537633065 
0.89571428299 0.98583334684400004 17.9234410408 
0.89571428299 0.99624997377400004 17.6714879158 
0.89571428299 1.0066666603100001 17.4944859627 
0.89571428299 1.01708328724 17.3892613533 
0.89571428299 1.02750003338 17.3497105721 
0.89571428299 1.0379166603100001 17.3724156502 
0.89571428299 1.04833328724 17.4505406502 
0.89571428299 1.05875003338 17.5787144783 
0.89571428299 1.0691666603100001 17.750833619 
0.89571428299 1.07958328724 17.9603062752 
0.89571428299 1.09000003338 18.2002965096 
0.89571428299 1.1000000238400001 18.4532261971 
0.89571428299 1.11111116409 18.7530308846 
0.89571428299 1.12222218513 19.0647984627 
0.89571428299 1.13333332539 19.3812047127 
0.89571428299 1.1444444656399999 19.6954136971 
0.89571428299 1.1555556058900001 20.0013219002 
0.89571428299 1.1666666269299999 20.2933140877 
0.89571428299 1.17777776718 20.567239869 
0.89571428299 1.18888890743 20.8189488533 
0.89571428299 1.2000000476799999 21.0467320565 
0.90714287757900003 0.77999997138999999 31.9625035408 
0.90714287757900003 0.79250001907300005 30.5928746346 
0.90714287757900003 0.80500000715300002 29.3233433846 
0.90714287757900003 0.81749999523200001 28.114114869 
0.90714287757900003 0.829999983311 26.9312535408 
0.90714287757900003 0.83999997377400004 25.9883824471 
0.90714287757900003 0.85041666030899998 25.0025426033 
0.90714287757900003 0.86083334684400004 24.012552369 
0.90714287757900003 0.87124997377400004 23.024271119 
0.90714287757900003 0.88166666030899998 22.0472203377 
0.90714287757900003 0.89208334684400004 21.0943394783 
0.90714287757900003 0.90249997377400004 20.1790562752 
0.90714287757900003 0.91291666030899998 19.3147984627 
0.90714287757900003 0.92333334684400004 18.5132847908 
0.90714287757900003 0.93374997377400004 17.7845250252 
0.90714287757900003 0.94416666030899998 17.135599244 
0.90714287757900003 0.95458334684400004 16.5713902596 
0.90714287757900003 0.96499997377400004 16.0943394783 
0.90714287757900003 0.97541666030899998 15.7037144783 
0.90714287757900003 0.98583334684400004 15.399271119 
0.90714287757900003 0.99624997377400004 15.1771031502 
0.90714287757900003 1.0066666603100001 15.0342808846 
0.90714287757900003 1.01708328724 14.9664097908 
0.90714287757900003 1.02750003338 14.9673863533 
0.90714287757900003 1.0379166603100001 15.0333043221 
0.90714287757900003 1.04833328724 15.1568394783 
0.90714287757900003 1.05875003338 15.3323765877 
0.90714287757900003 1.0691666603100001 15.553567994 
0.90714287757900003 1.07958328724 15.8126011971 
0.90714287757900003 1.09000003338 16.1036168221 
0.90714287757900003 1.1000000238400001 16.4056187752 
0.90714287757900003 1.11111116409 16.7601109627 
0.90714287757900003 1.12222218513 17.1263219002 
0.90714287757900003 1.13333332539 17.4966832283 
0.90714287757900003 1.1444444656399999 17.8643590096 
0.90714287757900003 1.1555556058900001 18.2230015877 
0.90714287757900003 1.1666666269299999 18.5669957283 
0.90714287757900003 1.17777776718 18.8921910408 
0.90714287757900003 1.18888890743 19.1944371346 
0.90714287757900003 1.2000000476799999 19.471536744 
0.91857141256300001 0.77999997138999999 29.6822301033 
0.91857141256300001 0.79250001907300005 28.3045445565 
0.91857141256300001 0.80500000715300002 27.0169469002 
0.91857141256300001 0.81749999523200001 25.7815953377 
0.91857141256300001 0.829999983311 24.567239869 
0.91857141256300001 0.83999997377400004 23.5960484627 
0.91857141256300001 0.85041666030899998 22.5799351815 
0.91857141256300001 0.86083334684400004 21.5606480721 
0.91857141256300001 0.87124997377400004 20.5452672127 
0.91857141256300001 0.88166666030899998 19.5445347908 
0.91857141256300001 0.89208334684400004 18.5726109627 
0.91857141256300001 0.90249997377400004 17.6431676033 
0.91857141256300001 0.91291666030899998 16.7706090096 
0.91857141256300001 0.92333334684400004 15.9671422127 
0.91857141256300001 0.93374997377400004 15.2427769783 
0.91857141256300001 0.94416666030899998 14.6048375252 
0.91857141256300001 0.95458334684400004 14.057474244 
0.91857141256300001 0.96499997377400004 13.6026402596 
0.91857141256300001 0.97541666030899998 13.2396031502 
0.91857141256300001 0.98583334684400004 12.9671422127 
0.91857141256300001 0.99624997377400004 12.7815953377 
0.91857141256300001 1.0066666603100001 12.6790562752 
0.91857141256300001 1.01708328724 12.6543980721 
0.91857141256300001 1.02750003338 12.702005494 
0.91857141256300001 1.0379166603100001 12.8165074471 
0.91857141256300001 1.04833328724 12.9905797127 
0.91857141256300001 1.05875003338 13.2188511971 
0.91857141256300001 1.0691666603100001 13.493021119 
0.91857141256300001 1.07958328724 13.8062535408 
0.91857141256300001 1.09000003338 14.1519566658 
0.91857141256300001 1.1000000238400001 14.5062047127 
0.91857141256300001 1.11111116409 14.918802369 
0.91857141256300001 1.12222218513 15.3423863533 
0.91857141256300001 1.13333332539 15.7701207283 
0.91857141256300001 1.1444444656399999 16.1939488533 
0.91857141256300001 1.1555556058900001 16.6075230721 
0.91857141256300001 1.1666666269299999 17.0057164315 
0.91857141256300001 1.17777776718 17.3838902596 
0.91857141256300001 1.18888890743 17.7378941658 
0.91857141256300001 1.2000000476799999 18.0660191658 
0.93000000715300002 0.77999997138999999 27.4864293221 
0.93000000715300002 0.79250001907300005 26.092630494 
0.93000000715300002 0.80500000715300002 24.7813511971 
0.93000000715300002 0.81749999523200001 23.5159703377 
0.93000000715300002 0.829999983311 22.2669469002 
0.93000000715300002 0.83999997377400004 21.2667027596 
0.93000000715300002 0.85041666030899998 20.2208043221 
0.93000000715300002 0.86083334684400004 19.1734410408 
0.93000000715300002 0.87124997377400004 18.1329136971 
0.93000000715300002 0.88166666030899998 17.1114293221 
0.93000000715300002 0.89208334684400004 16.1241246346 
0.93000000715300002 0.90249997377400004 15.1851597908 
0.93000000715300002 0.91291666030899998 14.3104039315 
0.93000000715300002 0.92333334684400004 13.5110875252 
0.93000000715300002 0.93374997377400004 12.7974644783 
0.93000000715300002 0.94416666030899998 12.1763707283 
0.93000000715300002 0.95458334684400004 11.6519566658 
0.93000000715300002 0.96499997377400004 11.2256871346 
0.93000000715300002 0.97541666030899998 10.8963414315 
0.93000000715300002 0.98583334684400004 10.6626988533 
0.93000000715300002 0.99624997377400004 10.5198765877 
0.93000000715300002 1.0066666603100001 10.463724244 
0.93000000715300002 1.01708328724 10.4881383065 
0.93000000715300002 1.02750003338 10.5879918221 
0.93000000715300002 1.0379166603100001 10.7564488533 
0.93000000715300002 1.04833328724 10.9864293221 
0.93000000715300002 1.05875003338 11.2713414315 
0.93000000715300002 1.0691666603100001 11.6031285408 
0.93000000715300002 1.07958328724 11.9747105721 
0.93000000715300002 1.09000003338 12.3780308846 
0.93000000715300002 1.1000000238400001 12.7874547127 
0.93000000715300002 1.11111116409 13.2610875252 
0.93000000715300002 1.12222218513 13.7452183846 
0.93000000715300002 1.13333332539 14.2317906502 
0.93000000715300002 1.1444444656399999 14.7132359627 
0.93000000715300002 1.1555556058900001 15.1836949471 
0.93000000715300002 1.1666666269299999 15.6373082283 
0.93000000715300002 1.17777776718 16.0696812752 
0.93000000715300002 1.18888890743 16.4771519783 
0.93000000715300002 1.2000000476799999 16.8572789315 
0.93999999761599995 0.77999997138999999 25.6500035408 
0.93999999761599995 0.79250001907300005 24.2374058846 
0.93999999761599995 0.80500000715300002 22.9014683846 
0.93999999761599995 0.81749999523200001 21.6075230721 
0.93999999761599995 0.829999983311 20.327005494 
0.93999999761599995 0.83999997377400004 19.3018590096 
0.93999999761599995 0.85041666030899998 18.2308140877 
0.93999999761599995 0.86083334684400004 17.1602574471 
0.93999999761599995 0.87124997377400004 16.1006871346 
0.93999999761599995 0.88166666030899998 15.0645543221 
0.93999999761599995 0.89208334684400004 14.0679722908 
0.93999999761599995 0.90249997377400004 13.1255894783 
0.93999999761599995 0.91291666030899998 12.2532750252 
0.93999999761599995 0.92333334684400004 11.4620152596 
0.93999999761599995 0.93374997377400004 10.7627965096 
0.93999999761599995 0.94416666030899998 10.1622105721 
0.93999999761599995 0.95458334684400004 9.66343127521 
0.93999999761599995 0.96499997377400004 9.26816760333 
0.93999999761599995 0.97541666030899998 8.97446643146 
0.93999999761599995 0.98583334684400004 8.77964221271 
0.93999999761599995 0.99624997377400004 8.67905627521 
0.93999999761599995 1.0066666603100001 8.66806994708 
0.93999999761599995 1.01708328724 8.74057971271 
0.93999999761599995 1.02750003338 8.88999377521 
0.93999999761599995 1.0379166603100001 9.10972033771 
0.93999999761599995 1.04833328724 9.39194690021 
0.93999999761599995 1.05875003338 9.72983752521 
0.93999999761599995 1.0691666603100001 10.1150914315 
0.93999999761599995 1.07958328724 10.539896119 
0.93999999761599995 1.09000003338 10.9959508065 
0.93999999761599995 1.1000000238400001 11.4561558846 
0.93999999761599995 1.11111116409 11.985208619 
0.93999999761599995 1.12222218513 12.5230504158 
0.93999999761599995 1.13333332539 13.0628453377 
0.93999999761599995 1.1444444656399999 13.5962926033 
0.93999999761599995 1.1555556058900001 14.1175328377 
0.93999999761599995 1.1666666269299999 14.6202183846 
0.93999999761599995 1.17777776718 15.1006871346 
0.93999999761599995 1.18888890743 15.5550328377 
0.93999999761599995 1.2000000476799999 15.9810582283 
0.95052629709199998 0.77999997138999999 23.8189488533 
0.95052629709199998 0.79250001907300005 22.3831578377 
0.95052629709199998 0.80500000715300002 21.0186558846 
0.95052629709199998 0.81749999523200001 19.6932164315 
0.95052629709199998 0.829999983311 18.3799840096 
0.95052629709199998 0.83999997377400004 17.3294469002 
0.95052629709199998 0.85041666030899998 16.2334996346 
0.95052629709199998 0.86083334684400004 15.1421910408 
0.95052629709199998 0.87124997377400004 14.0660191658 
0.95052629709199998 0.88166666030899998 13.0186558846 
0.95052629709199998 0.89208334684400004 12.016458619 
0.95052629709199998 0.90249997377400004 11.0752965096 
0.95052629709199998 0.91291666030899998 10.2103062752 
0.95052629709199998 0.92333334684400004 9.43393908771 
0.95052629709199998 0.93374997377400004 8.75596057208 
0.95052629709199998 0.94416666030899998 8.18223010333 
0.95052629709199998 0.95458334684400004 7.71616565021 
0.95052629709199998 0.96499997377400004 7.35849963458 
0.95052629709199998 0.97541666030899998 7.10654650958 
0.95052629709199998 0.98583334684400004 6.95786486896 
0.95052629709199998 0.99624997377400004 6.90683947833 
0.95052629709199998 1.0066666603100001 6.94834338458 
0.95052629709199998 1.01708328724 7.07529650958 
0.95052629709199998 1.02750003338 7.28086291583 
0.95052629709199998 1.0379166603100001 7.55820666583 
0.95052629709199998 1.04833328724 7.89878283771 
0.95052629709199998 1.05875003338 8.29551135333 
0.95052629709199998 1.0691666603100001 8.73911486896 
0.95052629709199998 1.07958328724 9.22226916583 
0.95052629709199998 1.09000003338 9.73618518146 
0.95052629709199998 1.1000000238400001 10.250833619 
0.95052629709199998 1.11111116409 10.8392125252 
0.95052629709199998 1.12222218513 11.4349156502 
0.95052629709199998 1.13333332539 12.0313511971 
0.95052629709199998 1.1444444656399999 12.619974244 
0.95052629709199998 1.1555556058900001 13.1946812752 
0.95052629709199998 1.1666666269299999 13.7498570565 
0.95052629709199998 1.17777776718 14.2808629158 
0.95052629709199998 1.18888890743 14.7847691658 
0.95052629709199998 1.2000000476799999 15.2591344002 
0.96105265617400004 0.77999997138999999 22.1089879158 
0.96105265617400004 0.79250001907300005 20.6470738533 
0.96105265617400004 0.80500000715300002 19.252786744 
0.96105265617400004 0.81749999523200001 17.8958531502 
0.96105265617400004 0.829999983311 16.551614869 
0.96105265617400004 0.83999997377400004 15.477396119 
0.96105265617400004 0.85041666030899998 14.3599644783 
0.96105265617400004 0.86083334684400004 13.2510777596 
0.96105265617400004 0.87124997377400004 12.1622105721 
0.96105265617400004 0.88166666030899998 11.1080113533 
0.96105265617400004 0.89208334684400004 10.1055699471 
0.96105265617400004 0.90249997377400004 9.17124377521 
0.96105265617400004 0.91291666030899998 8.31992541583 
0.96105265617400004 0.92333334684400004 7.56382190021 
0.96105265617400004 0.93374997377400004 6.91245471271 
0.96105265617400004 0.94416666030899998 6.37095080646 
0.96105265617400004 0.95458334684400004 5.94321643146 
0.96105265617400004 0.96499997377400004 5.62851916583 
0.96105265617400004 0.97541666030899998 5.42417346271 
0.96105265617400004 0.98583334684400004 5.32651721271 
0.96105265617400004 0.99624997377400004 5.32993518146 
0.96105265617400004 1.0066666603100001 5.42783557208 
0.96105265617400004 1.01708328724 5.61289416583 
0.96105265617400004 1.02750003338 5.87851916583 
0.96105265617400004 1.0379166603100001 6.21640979083 
0.96105265617400004 1.04833328724 6.61802111896 
0.96105265617400004 1.05875003338 7.07554065021 
0.96105265617400004 1.0691666603100001 7.57969104083 
0.96105265617400004 1.07958328724 8.12265979083 
0.96105265617400004 1.09000003338 8.69541369708 
0.96105265617400004 1.1000000238400001 9.26572619708 
0.96105265617400004 1.11111116409 9.91391955646 
0.96105265617400004 1.12222218513 10.5684605721 
0.96105265617400004 1.13333332539 11.2217808846 
0.96105265617400004 1.1444444656399999 11.8655797127 
0.96105265617400004 1.1555556058900001 12.4937535408 
0.96105265617400004 1.1666666269299999 13.1006871346 
0.96105265617400004 1.17777776718 13.6822301033 
0.96105265617400004 1.18888890743 14.2349644783 
0.96105265617400004 1.2000000476799999 14.7571812752 
0.97157895564999996 0.77999997138999999 20.5369664315 
0.97157895564999996 0.79250001907300005 19.0469761971 
0.97157895564999996 0.80500000715300002 17.6231480721 
0.97157895564999996 0.81749999523200001 16.2359410408 
0.97157895564999996 0.829999983311 14.8628941658 
0.97157895564999996 0.83999997377400004 13.7676793221 
0.97157895564999996 0.85041666030899998 12.6324254158 
0.97157895564999996 0.86083334684400004 11.5098668221 
0.97157895564999996 0.87124997377400004 10.4131871346 
0.97157895564999996 0.88166666030899998 9.35776721271 
0.97157895564999996 0.89208334684400004 8.36045275958 
0.97157895564999996 0.90249997377400004 7.43833361896 
0.97157895564999996 0.91291666030899998 6.60605822833 
0.97157895564999996 0.92333334684400004 5.87583361896 
0.97157895564999996 0.93374997377400004 5.25644885333 
0.97157895564999996 0.94416666030899998 4.75376330646 
0.97157895564999996 0.95458334684400004 4.36948596271 
0.97157895564999996 0.96499997377400004 4.10288440021 
0.97157895564999996 0.97541666030899998 3.95078479083 
0.97157895564999996 0.98583334684400004 3.90879260333 
0.97157895564999996 0.99624997377400004 3.96982775958 
0.97157895564999996 1.0066666603100001 4.12778674396 
0.97157895564999996 1.01708328724 4.37510119708 
0.97157895564999996 1.02750003338 4.70347033771 
0.97157895564999996 1.0379166603100001 5.10386096271 
0.97157895564999996 1.04833328724 5.56870471271 
0.97157895564999996 1.05875003338 6.08872424396 
0.97157895564999996 1.0691666603100001 6.65513049396 
0.97157895564999996 1.07958328724 7.25889025958 
0.97157895564999996 1.09000003338 7.89097033771 
0.97157895564999996 1.1000000238400001 8.51694690021 
0.97157895564999996 1.11111116409 9.22544299396 
0.97157895564999996 1.12222218513 9.93857775958 
0.97157895564999996 1.13333332539 10.6480504158 
0.97157895564999996 1.1444444656399999 11.3462926033 
0.97157895564999996 1.1555556058900001 12.0272008065 
0.97157895564999996 1.1666666269299999 12.6851597908 
0.97157895564999996 1.17777776718 13.3162633065 
0.97157895564999996 1.18888890743 13.9170933846 
0.97157895564999996 1.2000000476799999 14.4859410408 
0.98210525512699998 0.77999997138999999 19.1175328377 
0.98210525512699998 0.79250001907300005 17.6001988533 
0.98210525512699998 0.80500000715300002 16.1482945565 
0.98210525512699998 0.81749999523200001 14.7325230721 
0.98210525512699998 0.829999983311 13.3338414315 
0.98210525512699998 0.83999997377400004 12.221536744 
0.98210525512699998 0.85041666030899998 11.0726109627 
0.98210525512699998 0.86083334684400004 9.94126330646 
0.98210525512699998 0.87124997377400004 8.84165393146 
0.98210525512699998 0.88166666030899998 7.78965197833 
0.98210525512699998 0.89208334684400004 6.80307971271 
0.98210525512699998 0.90249997377400004 5.89878283771 
0.98210525512699998 0.91291666030899998 5.09092150958 
0.98210525512699998 0.92333334684400004 4.39243518146 
0.98210525512699998 0.93374997377400004 3.81089221271 
0.98210525512699998 0.94416666030899998 3.35166369708 
0.98210525512699998 0.95458334684400004 3.01572619708 
0.98210525512699998 0.96499997377400004 2.80185900958 
0.98210525512699998 0.97541666030899998 2.70615588458 
0.98210525512699998 0.98583334684400004 2.72324572833 
0.98210525512699998 0.99624997377400004 2.84604846271 
0.98210525512699998 1.0066666603100001 3.06772815021 
0.98210525512699998 1.01708328724 3.37900744708 
0.98210525512699998 1.02750003338 3.77207385333 
0.98210525512699998 1.0379166603100001 4.23765002521 
0.98210525512699998 1.04833328724 4.76694690021 
0.98210525512699998 1.05875003338 5.35044299396 
0.98210525512699998 1.0691666603100001 5.97886096271 
0.98210525512699998 1.07958328724 6.64390002521 
0.98210525512699998 1.09000003338 7.33530627521 
0.98210525512699998 1.1000000238400001 8.01670275958 
0.98210525512699998 1.11111116409 8.78501330646 
0.98210525512699998 1.12222218513 9.55527697833 
0.98210525512699998 1.13333332539 10.3201695565 
0.98210525512699998 1.1444444656399999 11.0721226815 
0.98210525512699998 1.1555556058900001 11.8045445565 
0.98210525512699998 1.1666666269299999 12.5123082283 
0.98210525512699998 1.17777776718 13.1912633065 
0.98210525512699998 1.18888890743 13.8384801033 
0.98210525512699998 1.2000000476799999 14.4522496346 
0.99263155460399999 0.77999997138999999 17.8670445565 
0.99263155460399999 0.79250001907300005 16.323099244 
0.99263155460399999 0.80500000715300002 14.8443394783 
0.99263155460399999 0.81749999523200001 13.4036656502 
0.99263155460399999 0.829999983311 11.9837437752 
0.99263155460399999 0.83999997377400004 10.8577672127 
0.99263155460399999 0.85041666030899998 9.69907580646 
0.99263155460399999 0.86083334684400004 8.56357775958 
0.99263155460399999 0.87124997377400004 7.46616565021 
0.99263155460399999 0.88166666030899998 6.42344104083 
0.99263155460399999 0.89208334684400004 5.45322619708 
0.99263155460399999 0.90249997377400004 4.57212268146 
0.99263155460399999 0.91291666030899998 3.79453479083 
0.99263155460399999 0.92333334684400004 3.13291369708 
0.99263155460399999 0.93374997377400004 2.59385119708 
0.99263155460399999 0.94416666030899998 2.18247424396 
0.99263155460399999 0.95458334684400004 1.89951525958 
0.99263155460399999 0.96499997377400004 1.74253283771 
0.99263155460399999 0.97541666030899998 1.70688830646 
0.99263155460399999 0.98583334684400004 1.78647815021 
0.99263155460399999 0.99624997377400004 1.97397815021 
0.99263155460399999 1.0066666603100001 2.26084338458 
0.99263155460399999 1.01708328724 2.63828479083 
0.99263155460399999 1.02750003338 3.09726916583 
0.99263155460399999 1.0379166603100001 3.62900744708 
0.99263155460399999 1.04833328724 4.22300158771 
0.99263155460399999 1.05875003338 4.87021838458 
0.99263155460399999 1.0691666603100001 5.56113635333 
0.99263155460399999 1.07958328724 6.28672229083 
0.99263155460399999 1.09000003338 7.03721057208 
0.99263155460399999 1.1000000238400001 7.77305041583 
0.99263155460399999 1.11111116409 8.59946643146 
0.99263155460399999 1.12222218513 9.42588244708 
0.99263155460399999 1.13333332539 10.244974244 
0.99263155460399999 1.1444444656399999 11.0484410408 
0.99263155460399999 1.1555556058900001 11.8301793221 
0.99263155460399999 1.1666666269299999 12.5855504158 
0.99263155460399999 1.17777776718 13.3106480721 
0.99263155460399999 1.18888890743 14.0025426033 
0.99263155460399999 1.2000000476799999 14.6595250252 
1.0031578540799999 0.77999997138999999 16.7979527596 
1.0031578540799999 0.79250001907300005 15.2291051033 
1.0031578540799999 0.80500000715300002 13.7264195565 
1.0031578540799999 0.81749999523200001 12.2649937752 
1.0031578540799999 0.829999983311 10.8279820565 
1.0031578540799999 0.83999997377400004 9.69223986896 
1.0031578540799999 0.85041666030899998 8.52866565021 
1.0031578540799999 0.86083334684400004 7.39414416583 
1.0031578540799999 0.87124997377400004 6.30454455646 
1.0031578540799999 0.88166666030899998 5.27573596271 
1.0031578540799999 0.89208334684400004 4.32676135333 
1.0031578540799999 0.90249997377400004 3.47397815021 
1.0031578540799999 0.91291666030899998 2.73179065021 
1.0031578540799999 0.92333334684400004 2.11118518146 
1.0031578540799999 0.93374997377400004 1.61948596271 
1.0031578540799999 0.94416666030899998 1.26059924396 
1.0031578540799999 0.95458334684400004 1.03403674396 
1.0031578540799999 0.96499997377400004 0.937112915832 
1.0031578540799999 0.97541666030899998 0.964212525207 
1.0031578540799999 0.98583334684400004 1.10874377521 
1.0031578540799999 0.99624997377400004 1.36240588458 
1.0031578540799999 1.0066666603100001 1.71616565021 
1.0031578540799999 1.01708328724 2.16123400958 
1.0031578540799999 1.02750003338 2.68735705646 
1.0031578540799999 1.0379166603100001 3.28525744708 
1.0031578540799999 1.04833328724 3.94394885333 
1.0031578540799999 1.05875003338 4.65488635333 
1.0031578540799999 1.0691666603100001 5.40732775958 
1.0031578540799999 1.07958328724 6.19223986896 
1.0031578540799999 1.09000003338 6.99985705646 
1.0031578540799999 1.1000000238400001 7.78867541583 
1.0031578540799999 1.11111116409 8.67148791583 
1.0031578540799999 1.12222218513 9.55210315021 
1.0031578540799999 1.13333332539 10.422708619 
1.0031578540799999 1.1444444656399999 11.2752476815 
1.0031578540799999 1.1555556058900001 12.104349244 
1.0031578540799999 1.1666666269299999 12.9053746346 
1.0031578540799999 1.17777776718 13.6739293221 
1.0031578540799999 1.18888890743 14.4075719002 
1.0031578540799999 1.2000000476799999 15.1053258065 
1.0136841535600001 0.77999997138999999 15.9212437752 
1.0136841535600001 0.79250001907300005 14.3306676033 
1.0136841535600001 0.80500000715300002 12.8079625252 
1.0136841535600001 0.81749999523200001 11.3292027596 
1.0136841535600001 0.829999983311 9.87949572833 
1.0136841535600001 0.83999997377400004 8.73862658771 
1.0136841535600001 0.85041666030899998 7.57480822833 
1.0136841535600001 0.86083334684400004 6.44590197833 
1.0136841535600001 0.87124997377400004 5.36826525958 
1.0136841535600001 0.88166666030899998 4.35874377521 
1.0136841535600001 0.89208334684400004 3.43613635333 
1.0136841535600001 0.90249997377400004 2.61655627521 
1.0136841535600001 0.91291666030899998 1.91391955646 
1.0136841535600001 0.92333334684400004 1.33896838458 
1.0136841535600001 0.93374997377400004 0.898294556457 
1.0136841535600001 0.94416666030899998 0.595071900207 
1.0136841535600001 0.95458334684400004 0.427835572082 
1.0136841535600001 0.96499997377400004 0.393655884582 
1.0136841535600001 0.97541666030899998 0.485941040832 
1.0136841535600001 0.98583334684400004 0.697122681457 
1.0136841535600001 0.99624997377400004 1.01865588458 
1.0136841535600001 1.0066666603100001 1.44053088458 
1.0136841535600001 1.01708328724 1.95298205646 
1.0136841535600001 1.02750003338 2.54575549396 
1.0136841535600001 1.0379166603100001 3.20884143146 
1.0136841535600001 1.04833328724 3.93174182208 
1.0136841535600001 1.05875003338 4.70469104083 
1.0136841535600001 1.0691666603100001 5.51694690021 
1.0136841535600001 1.07958328724 6.35947619708 
1.0136841535600001 1.09000003338 7.22251330646 
1.0136841535600001 1.1000000238400001 8.06235705646 
1.0136841535600001 1.11111116409 8.99912463458 
1.0136841535600001 1.12222218513 9.93125354083 
1.0136841535600001 1.13333332539 10.850442994 
1.0136841535600001 1.1444444656399999 11.7496129158 
1.0136841535600001 1.1555556058900001 12.6233922127 
1.0136841535600001 1.1666666269299999 13.4666539315 
1.0136841535600001 1.17777776718 14.2757359627 
1.0136841535600001 1.18888890743 15.0486851815 
1.0136841535600001 1.2000000476799999 15.7837926033 
1.0242105722399999 0.77999997138999999 15.2471715096 
1.0242105722399999 0.79250001907300005 13.6370640877 
1.0242105722399999 0.80500000715300002 12.0975133065 
1.0242105722399999 0.81749999523200001 10.6055699471 
1.0242105722399999 0.829999983311 9.14878283771 
1.0242105722399999 0.83999997377400004 8.00669299396 
1.0242105722399999 0.85041666030899998 6.84653674396 
1.0242105722399999 0.86083334684400004 5.72812854083 
1.0242105722399999 0.87124997377400004 4.66758166583 
1.0242105722399999 0.88166666030899998 3.68198596271 
1.0242105722399999 0.89208334684400004 2.78989611896 
1.0242105722399999 0.90249997377400004 2.00742541583 
1.0242105722399999 0.91291666030899998 1.34800158771 
1.0242105722399999 0.92333334684400004 0.822122681457 
1.0242105722399999 0.93374997377400004 0.435648072082 
1.0242105722399999 0.94416666030899998 0.190530884582 
1.0242105722399999 0.95458334684400004 0.0853062752071 
1.0242105722399999 0.96499997377400004 0.115579712707 
1.0242105722399999 0.97541666030899998 0.274271118957 
1.0242105722399999 0.98583334684400004 0.553079712707 
1.0242105722399999 0.99624997377400004 0.942484009582 
1.0242105722399999 1.0066666603100001 1.43174182208 
1.0242105722399999 1.01708328724 2.01133166583 
1.0242105722399999 1.02750003338 2.67002307208 
1.0242105722399999 1.0379166603100001 3.39756213458 
1.0242105722399999 1.04833328724 4.18296252521 
1.0242105722399999 1.05875003338 5.01597033771 
1.0242105722399999 1.0691666603100001 5.88608752521 
1.0242105722399999 1.07958328724 6.78403674396 
1.0242105722399999 1.09000003338 7.69980822833 
1.0242105722399999 1.1000000238400001 8.58774768146 
1.0242105722399999 1.11111116409 9.57529650958 
1.0242105722399999 1.12222218513 10.555521119 
1.0242105722399999 1.13333332539 11.520364869 
1.0242105722399999 1.1444444656399999 12.4632359627 
1.0242105722399999 1.1555556058900001 13.3782750252 
1.0242105722399999 1.1666666269299999 14.2603551033 
1.0242105722399999 1.17777776718 15.1072789315 
1.0242105722399999 1.18888890743 15.9161168221 
1.0242105722399999 1.2000000476799999 16.6856480721 
1.0347368717200001 0.77999997138999999 14.7806187752 
1.0347368717200001 0.79250001907300005 13.1543980721 
1.0347368717200001 0.80500000715300002 11.602396119 
1.0347368717200001 0.81749999523200001 10.1021519783 
1.0347368717200001 0.829999983311 8.64219104083 
1.0347368717200001 0.83999997377400004 7.50254260333 
1.0347368717200001 0.85041666030899998 6.35093127521 
1.0347368717200001 0.86083334684400004 5.24692736896 
1.0347368717200001 0.87124997377400004 4.20737658771 
1.0347368717200001 0.88166666030899998 3.24936877521 
1.0347368717200001 0.89208334684400004 2.39145861896 
1.0347368717200001 0.90249997377400004 1.64951525958 
1.0347368717200001 0.91291666030899998 1.03696643146 
1.0347368717200001 0.92333334684400004 0.563089478332 
1.0347368717200001 0.93374997377400004 0.232767212707 
1.0347368717200001 0.94416666030899998 0.0479527595821 
1.0347368717200001 0.95458334684400004 0.00596057208213 
1.0347368717200001 0.96499997377400004 0.101907837707 
1.0347368717200001 0.97541666030899998 0.327249634582 
1.0347368717200001 0.98583334684400004 0.673685181457 
1.0347368717200001 0.99624997377400004 1.13047229083 
1.0347368717200001 1.0066666603100001 1.68711291583 
1.0347368717200001 1.01708328724 2.33262072833 
1.0347368717200001 1.02750003338 3.05576525958 
1.0347368717200001 1.0379166603100001 3.84556018146 
1.0347368717200001 1.04833328724 4.69077502521 
1.0347368717200001 1.05875003338 5.58140002521 
1.0347368717200001 1.0691666603100001 6.50644885333 
1.0347368717200001 1.07958328724 7.45688830646 
1.0347368717200001 1.09000003338 8.42197619708 
1.0347368717200001 1.1000000238400001 9.35508166583 
1.0347368717200001 1.11111116409 10.3902379158 
1.0347368717200001 1.12222218513 11.4151402596 
1.0347368717200001 1.13333332539 12.4222203377 
1.0347368717200001 1.1444444656399999 13.4046422127 
1.0347368717200001 1.1555556058900001 14.3570347908 
1.0347368717200001 1.1666666269299999 15.2750035408 
1.0347368717200001 1.17777776718 16.1561070565 
1.0347368717200001 1.18888890743 16.9971715096 
1.0347368717200001 1.2000000476799999 17.797708619 
1.0452631712 0.77999997138999999 14.5257359627 
1.0452631712 0.79250001907300005 12.8873082283 
1.0452631712 0.80500000715300002 11.3262730721 
1.0452631712 0.81749999523200001 9.82139025958 
1.0452631712 0.829999983311 8.36240588458 
1.0452631712 0.83999997377400004 7.22910510333 
1.0452631712 0.85041666030899998 6.08970080646 
1.0452631712 0.86083334684400004 5.00376330646 
1.0452631712 0.87124997377400004 3.98838244708 
1.0452631712 0.88166666030899998 3.06162463458 
1.0452631712 0.89208334684400004 2.24106799396 
1.0452631712 0.90249997377400004 1.54258166583 
1.0452631712 0.91291666030899998 0.978860962707 
1.0452631712 0.92333334684400004 0.558694947082 
1.0452631712 0.93374997377400004 0.286478150207 
1.0452631712 0.94416666030899998 0.163187134582 
1.0452631712 0.95458334684400004 0.185159790832 
1.0452631712 0.96499997377400004 0.346292603332 
1.0452631712 0.97541666030899998 0.638528931457 
1.0452631712 0.98583334684400004 1.05161486896 
1.0452631712 0.99624997377400004 1.57505236896 
1.0452631712 1.0066666603100001 2.19687854083 
1.0452631712 1.01708328724 2.90659533771 
1.0452631712 1.02750003338 3.69175158771 
1.0452631712 1.0379166603100001 4.54111682208 
1.0452631712 1.04833328724 5.44370471271 
1.0452631712 1.05875003338 6.38877307208 
1.0452631712 1.0691666603100001 7.36582385333 
1.0452631712 1.07958328724 8.36509143146 
1.0452631712 1.09000003338 9.37632190021 
1.0452631712 1.1000000238400001 10.3514195565 
1.0452631712 1.11111116409 11.4300328377 
1.0452631712 1.12222218513 12.4957066658 
1.0452631712 1.13333332539 13.5408726815 
1.0452631712 1.1444444656399999 14.5591832283 
1.0452631712 1.1555556058900001 15.5452672127 
1.0452631712 1.1666666269299999 16.4954625252 
1.0452631712 1.17777776718 17.4063511971 
1.0452631712 1.18888890743 18.276224244 
1.0452631712 1.2000000476799999 19.104349244 
1.05578947067 0.77999997138999999 14.4827672127 
1.05578947067 0.79250001907300005 12.8353062752 
1.05578947067 0.80500000715300002 11.268411744 
1.05578947067 0.81749999523200001 9.76279650958 
1.05578947067 0.829999983311 8.30918322833 
1.05578947067 0.83999997377400004 7.18564807208 
1.05578947067 0.85041666030899998 6.06138049396 
1.05578947067 0.86083334684400004 4.99643908771 
1.05578947067 0.87124997377400004 4.00840197833 
1.05578947067 0.88166666030899998 3.11533557208 
1.05578947067 0.89208334684400004 2.33432971271 
1.05578947067 0.90249997377400004 1.68149768146 
1.05578947067 0.91291666030899998 1.16806994708 
1.05578947067 0.92333334684400004 0.802835572082 
1.05578947067 0.93374997377400004 0.589700806457 
1.05578947067 0.94416666030899998 0.528177368957 
1.05578947067 0.95458334684400004 0.613870728332 
1.05578947067 0.96499997377400004 0.840189087707 
1.05578947067 0.97541666030899998 1.19785510333 
1.05578947067 0.98583334684400004 1.67661486896 
1.05578947067 0.99624997377400004 2.26450549396 
1.05578947067 1.0066666603100001 2.94980822833 
1.05578947067 1.01708328724 3.72080432208 
1.05578947067 1.02750003338 4.56479846271 
1.05578947067 1.0379166603100001 5.47104846271 
1.05578947067 1.04833328724 6.42807971271 
1.05578947067 1.05875003338 7.42417346271 
1.05578947067 1.0691666603100001 8.44907580646 
1.05578947067 1.07958328724 9.49326525958 
1.05578947067 1.09000003338 10.5469761971 
1.05578947067 1.1000000238400001 11.5599156502 
1.05578947067 1.11111116409 12.6778355721 
1.05578947067 1.12222218513 13.780130494 
1.05578947067 1.13333332539 14.8594761971 
1.05578947067 1.1444444656399999 15.9095250252 
1.05578947067 1.1555556058900001 16.9253941658 
1.05578947067 1.1666666269299999 17.9034215096 
1.05578947067 1.17777776718 18.840677369 
1.05578947067 1.18888890743 19.7356969002 
1.05578947067 1.2000000476799999 20.5875035408 
1.0663157701499999 0.77999997138999999 14.6500035408 
1.0663157701499999 0.79250001907300005 12.9964390877 
1.0663157701499999 0.80500000715300002 11.4271031502 
1.0663157701499999 0.81749999523200001 9.92417346271 
1.0663157701499999 0.829999983311 8.47886096271 
1.0663157701499999 0.83999997377400004 7.36728869708 
1.0663157701499999 0.85041666030899998 6.26035510333 
1.0663157701499999 0.86083334684400004 5.21909533771 
1.0663157701499999 0.87124997377400004 4.26059924396 
1.0663157701499999 0.88166666030899998 3.40342150958 
1.0663157701499999 0.89208334684400004 2.66367541583 
1.0663157701499999 0.90249997377400004 2.05747424396 
1.0663157701499999 0.91291666030899998 1.59556018146 
1.0663157701499999 0.92333334684400004 1.28623400958 
1.0663157701499999 0.93374997377400004 1.13193713458 
1.0663157701499999 0.94416666030899998 1.13169299396 
1.0663157701499999 0.95458334684400004 1.27988635333 
1.0663157701499999 0.96499997377400004 1.57041369708 
1.0663157701499999 0.97541666030899998 1.99204455646 
1.0663157701499999 0.98583334684400004 2.53403674396 
1.0663157701499999 0.99624997377400004 3.18393908771 
1.0663157701499999 1.0066666603100001 3.92954455646 
1.0663157701499999 1.01708328724 4.75889025958 
1.0663157701499999 1.02750003338 5.65879260333 
1.0663157701499999 1.0379166603100001 6.61875354083 
1.0663157701499999 1.04833328724 7.62534533771 
1.0663157701499999 1.05875003338 8.66855822833 
1.0663157701499999 1.0691666603100001 9.73765002521 
1.0663157701499999 1.07958328724 10.823099244 
1.0663157701499999 1.09000003338 11.914896119 
1.0663157701499999 1.1000000238400001 12.961771119 
1.0663157701499999 1.11111116409 14.1148472908 
1.0663157701499999 1.12222218513 15.2496129158 
1.0663157701499999 1.13333332539 16.3587437752 
1.0663157701499999 1.1444444656399999 17.436380494 
1.0663157701499999 1.1555556058900001 18.4778844002 
1.0663157701499999 1.1666666269299999 19.4798375252 
1.0663157701499999 1.17777776718 20.4397984627 
1.0663157701499999 1.18888890743 21.3555699471 
1.0663157701499999 1.2000000476799999 22.2271519783 
1.0768420696300001 0.77999997138999999 15.0218297127 
1.0768420696300001 0.79250001907300005 13.3646031502 
1.0768420696300001 0.80500000715300002 11.7955113533 
1.0768420696300001 0.81749999523200001 10.297708619 
1.0768420696300001 0.829999983311 8.86387072833 
1.0768420696300001 0.83999997377400004 7.76597033771 
1.0768420696300001 0.85041666030899998 6.67881213458 
1.0768420696300001 0.86083334684400004 5.66318713458 
1.0768420696300001 0.87124997377400004 4.73594104083 
1.0768420696300001 0.88166666030899998 3.91538440021 
1.0768420696300001 0.89208334684400004 3.21811877521 
1.0768420696300001 0.90249997377400004 2.65928088458 
1.0768420696300001 0.91291666030899998 2.24912463458 
1.0768420696300001 0.92333334684400004 1.99497424396 
1.0768420696300001 0.93374997377400004 1.89853869708 
1.0768420696300001 0.94416666030899998 1.95835315021 
1.0768420696300001 0.95458334684400004 2.16855822833 
1.0768420696300001 0.96499997377400004 2.52085315021 
1.0768420696300001 0.97541666030899998 3.00400744708 
1.0768420696300001 0.98583334684400004 3.60654650958 
1.0768420696300001 0.99624997377400004 4.31577502521 
1.0768420696300001 1.0066666603100001 5.11875354083 
1.0768420696300001 1.01708328724 6.00278674396 
1.0768420696300001 1.02750003338 6.95517932208 
1.0768420696300001 1.0379166603100001 7.96396838458 
1.0768420696300001 1.04833328724 9.01670275958 
1.0768420696300001 1.05875003338 10.1031285408 
1.0768420696300001 1.0691666603100001 11.2125035408 
1.0768420696300001 1.07958328724 12.3345738533 
1.0768420696300001 1.09000003338 13.4605504158 
1.0768420696300001 1.1000000238400001 14.5374547127 
1.0768420696300001 1.11111116409 15.7210484627 
1.0768420696300001 1.12222218513 16.883646119 
1.0768420696300001 1.13333332539 18.0181676033 
1.0768420696300001 1.1444444656399999 19.1194859627 
1.0768420696300001 1.1555556058900001 20.182474244 
1.0768420696300001 1.1666666269299999 21.2044469002 
1.0768420696300001 1.17777776718 22.1827183846 
1.0768420696300001 1.18888890743 23.1155797127 
1.0768420696300001 1.2000000476799999 24.0032750252 
1.0873683691 0.77999997138999999 15.590677369 
1.0873683691 0.79250001907300005 13.9319859627 
1.0873683691 0.80500000715300002 12.3653355721 
1.0873683691 0.81749999523200001 10.8748570565 
1.0873683691 0.829999983311 9.45420275958 
1.0873683691 0.83999997377400004 8.37168322833 
1.0873683691 0.85041666030899998 7.30552111896 
1.0873683691 0.86083334684400004 6.31650744708 
1.0873683691 0.87124997377400004 5.42099963458 
1.0873683691 0.88166666030899998 4.63804065021 
1.0873683691 0.89208334684400004 3.98325549396 
1.0873683691 0.90249997377400004 3.47202502521 
1.0873683691 0.91291666030899998 3.11289416583 
1.0873683691 0.92333334684400004 2.91294299396 
1.0873683691 0.93374997377400004 2.87339221271 
1.0873683691 0.94416666030899998 2.99204455646 
1.0873683691 0.95458334684400004 3.26157580646 
1.0873683691 0.96499997377400004 3.67319690021 
1.0873683691 0.97541666030899998 4.21543322833 
1.0873683691 0.98583334684400004 4.87583361896 
1.0873683691 0.99624997377400004 5.64072619708 
1.0873683691 1.0066666603100001 6.49741565021 
1.0873683691 1.01708328724 7.43247424396 
1.0873683691 1.02750003338 8.43271838458 
1.0873683691 1.0379166603100001 9.48642932208 
1.0873683691 1.04833328724 10.5814000252 
1.0873683691 1.05875003338 11.7066441658 
1.0873683691 1.0691666603100001 12.8514195565 
1.0873683691 1.07958328724 14.0059605721 
1.0873683691 1.09000003338 15.1614781502 
1.0873683691 1.1000000238400001 16.2642613533 
1.0873683691 1.11111116409 17.4739781502 
1.0873683691 1.12222218513 18.6602574471 
1.0873683691 1.13333332539 19.8162633065 
1.0873683691 1.1444444656399999 20.9368687752 
1.0873683691 1.1555556058900001 22.0174351815 
1.0873683691 1.1666666269299999 23.055521119 
1.0873683691 1.17777776718 24.0481969002 
1.0873683691 1.18888890743 24.9944859627 
1.0873683691 1.2000000476799999 25.8943883065 
1.09789478779 0.77999997138999999 16.3455601815 
1.09789478779 0.79250001907300005 14.6871129158 
1.09789478779 0.80500000715300002 13.1248570565 
1.09789478779 0.81749999523200001 11.6431676033 
1.09789478779 0.829999983311 10.2366734627 
1.09789478779 0.83999997377400004 9.17051135333 
1.09789478779 0.85041666030899998 8.12607775958 
1.09789478779 0.86083334684400004 7.16416369708 
1.09789478779 0.87124997377400004 6.30112658771 
1.09789478779 0.88166666030899998 5.55576525958 
1.09789478779 0.89208334684400004 4.94321643146 
1.09789478779 0.90249997377400004 4.47812854083 
1.09789478779 0.91291666030899998 4.16880236896 
1.09789478779 0.92333334684400004 4.02231799396 
1.09789478779 0.93374997377400004 4.03794299396 
1.09789478779 0.94416666030899998 4.21299182208 
1.09789478779 0.95458334684400004 4.53916369708 
1.09789478779 0.96499997377400004 5.00742541583 
1.09789478779 0.97541666030899998 5.60556994708 
1.09789478779 0.98583334684400004 6.32016955646 
1.09789478779 0.99624997377400004 7.13730822833 
1.09789478779 1.0066666603100001 8.04355822833 
1.09789478779 1.01708328724 9.02549182208 
1.09789478779 1.02750003338 10.0696812752 
1.09789478779 1.0379166603100001 11.1644078377 
1.09789478779 1.04833328724 12.2967320565 
1.09789478779 1.05875003338 13.4564000252 
1.09789478779 1.0691666603100001 14.6321812752 
1.09789478779 1.07958328724 15.8150426033 
1.09789478779 1.09000003338 16.9961949471 
1.09789478779 1.1000000238400001 18.1209508065 
1.09789478779 1.11111116409 19.3526402596 
1.09789478779 1.12222218513 20.5582066658 
1.09789478779 1.13333332539 21.731302369 
1.09789478779 1.1444444656399999 22.8670445565 
1.09789478779 1.1555556058900001 23.9612828377 
1.09789478779 1.1666666269299999 25.0113316658 
1.09789478779 1.17777776718 26.0147496346 
1.09789478779 1.18888890743 26.9708043221 
1.09789478779 1.2000000476799999 27.8794957283 
1.10842108727 0.77999997138999999 17.274271119 
1.10842108727 0.79250001907300005 15.6170445565 
1.10842108727 0.80500000715300002 14.0599156502 
1.10842108727 0.81749999523200001 12.5872594002 
1.10842108727 0.829999983311 11.1963902596 
1.10842108727 0.83999997377400004 10.1468297127 
1.10842108727 0.85041666030899998 9.12436877521 
1.10842108727 0.86083334684400004 8.18955432208 
1.10842108727 0.87124997377400004 7.35874377521 
1.10842108727 0.88166666030899998 6.65000354083 
1.10842108727 0.89208334684400004 6.07895861896 
1.10842108727 0.90249997377400004 5.65854846271 
1.10842108727 0.91291666030899998 5.39829455646 
1.10842108727 0.92333334684400004 5.30283557208 
1.10842108727 0.93374997377400004 5.37143908771 
1.10842108727 0.94416666030899998 5.59995471271 
1.10842108727 0.95458334684400004 5.98056994708 
1.10842108727 0.96499997377400004 6.50229846271 
1.10842108727 0.97541666030899998 7.15268908771 
1.10842108727 0.98583334684400004 7.91782580646 
1.10842108727 0.99624997377400004 8.78330432208 
1.10842108727 1.0066666603100001 9.73520861896 
1.10842108727 1.01708328724 10.7598668221 
1.10842108727 1.02750003338 11.8438511971 
1.10842108727 1.0379166603100001 12.9749547127 
1.10842108727 1.04833328724 14.1404820565 
1.10842108727 1.05875003338 15.3299351815 
1.10842108727 1.0691666603100001 16.5328160408 
1.10842108727 1.07958328724 17.7400914315 
1.10842108727 1.09000003338 18.942239869 
1.10842108727 1.1000000238400001 20.0850621346 
1.10842108727 1.11111116409 21.3340855721 
1.10842108727 1.12222218513 22.5547886971 
1.10842108727 1.13333332539 23.7408238533 
1.10842108727 1.1444444656399999 24.8877965096 
1.10842108727 1.1555556058900001 25.9920445565 
1.10842108727 1.1666666269299999 27.0506383065 
1.10842108727 1.17777776718 28.0611363533 
1.10842108727 1.18888890743 29.0235386971 
1.10842108727 1.2000000476799999 29.9373570565 
1.1189473867399999 0.77999997138999999 18.3614293221 
1.1189473867399999 0.79250001907300005 16.7064000252 
1.1189473867399999 0.80500000715300002 15.1543980721 
1.1189473867399999 0.81749999523200001 13.6917515877 
1.1189473867399999 0.829999983311 12.3160191658 
1.1189473867399999 0.83999997377400004 11.2825719002 
1.1189473867399999 0.85041666030899998 10.282083619 
1.1189473867399999 0.86083334684400004 9.37388049396 
1.1189473867399999 0.87124997377400004 8.57431994708 
1.1189473867399999 0.88166666030899998 7.90122424396 
1.1189473867399999 0.89208334684400004 7.37021838458 
1.1189473867399999 0.90249997377400004 6.99375354083 
1.1189473867399999 0.91291666030899998 6.78013049396 
1.1189473867399999 0.92333334684400004 6.73349963458 
1.1189473867399999 0.93374997377400004 6.85215197833 
1.1189473867399999 0.94416666030899998 7.13218127521 
1.1189473867399999 0.95458334684400004 7.56357775958 
1.1189473867399999 0.96499997377400004 8.13559924396 
1.1189473867399999 0.97541666030899998 8.83432971271 
1.1189473867399999 0.98583334684400004 9.64609729083 
1.1189473867399999 0.99624997377400004 10.5557652596 
1.1189473867399999 1.0066666603100001 11.5494176033 
1.1189473867399999 1.01708328724 12.6126500252 
1.1189473867399999 1.02750003338 13.7320347908 
1.1189473867399999 1.0379166603100001 14.8951207283 
1.1189473867399999 1.04833328724 16.0897008065 
1.1189473867399999 1.05875003338 17.3050328377 
1.1189473867399999 1.0691666603100001 18.5306187752 
1.1189473867399999 1.07958328724 19.7574254158 
1.1189473867399999 1.09000003338 20.9769078377 
1.1189473867399999 1.1000000238400001 22.133646119 
1.1189473867399999 1.11111116409 23.3963414315 
1.1189473867399999 1.12222218513 24.6282750252 
1.1189473867399999 1.13333332539 25.8240758065 
1.1189473867399999 1.1444444656399999 26.9788609627 
1.1189473867399999 1.1555556058900001 28.0894566658 
1.1189473867399999 1.1666666269299999 29.1526890877 
1.1189473867399999 1.17777776718 30.1670933846 
1.1189473867399999 1.18888890743 31.1324254158 
1.1189473867399999 1.2000000476799999 32.0479527596 
1.1294736862200001 0.77999997138999999 19.5911656502 
1.1294736862200001 0.79250001907300005 17.9378453377 
1.1294736862200001 0.80500000715300002 16.3909703377 
1.1294736862200001 0.81749999523200001 14.9380894783 
1.1294736862200001 0.829999983311 13.5767613533 
1.1294736862200001 0.83999997377400004 12.5591832283 
1.1294736862200001 0.85041666030899998 11.5801793221 
1.1294736862200001 0.86083334684400004 10.6973668221 
1.1294736862200001 0.87124997377400004 9.92759143146 
1.1294736862200001 0.88166666030899998 9.28940783771 
1.1294736862200001 0.89208334684400004 8.79673205646 
1.1294736862200001 0.90249997377400004 8.46177111896 
1.1294736862200001 0.91291666030899998 8.29282580646 
1.1294736862200001 0.92333334684400004 8.29233752521 
1.1294736862200001 0.93374997377400004 8.45884143146 
1.1294736862200001 0.94416666030899998 8.78672229083 
1.1294736862200001 0.95458334684400004 9.26548205646 
1.1294736862200001 0.96499997377400004 9.88389025958 
1.1294736862200001 0.97541666030899998 10.6275426033 
1.1294736862200001 0.98583334684400004 11.4822789315 
1.1294736862200001 0.99624997377400004 12.4322301033 
1.1294736862200001 1.0066666603100001 13.4632359627 
1.1294736862200001 1.01708328724 14.5608922127 
1.1294736862200001 1.02750003338 15.711771119 
1.1294736862200001 1.0379166603100001 16.9026890877 
1.1294736862200001 1.04833328724 18.121927369 
1.1294736862200001 1.05875003338 19.3592320565 
1.1294736862200001 1.0691666603100001 20.6036168221 
1.1294736862200001 1.07958328724 21.8462926033 
1.1294736862200001 1.09000003338 23.078958619 
1.1294736862200001 1.1000000238400001 24.2466832283 
1.1294736862200001 1.11111116409 25.5191441658 
1.1294736862200001 1.12222218513 26.7588902596 
1.1294736862200001 1.13333332539 27.9603062752 
1.1294736862200001 1.1444444656399999 29.1192418221 
1.1294736862200001 1.1555556058900001 30.2322789315 
1.1294736862200001 1.1666666269299999 31.2972203377 
1.1294736862200001 1.17777776718 32.3126011971 
1.1294736862200001 1.18888890743 33.2772008065 
1.1294736862200001 1.2000000476799999 34.1917515877 
1.1399999856900001 0.77999997138999999 20.9451695565 
1.1399999856900001 0.79250001907300005 19.2933140877 
1.1399999856900001 0.80500000715300002 17.7513219002 
1.1399999856900001 0.81749999523200001 16.3069859627 
1.1399999856900001 0.829999983311 14.9593297127 
1.1399999856900001 0.83999997377400004 13.9573765877 
1.1399999856900001 0.85041666030899998 12.9981480721 
1.1399999856900001 0.86083334684400004 12.1392613533 
1.1399999856900001 0.87124997377400004 11.3985386971 
1.1399999856900001 0.88166666030899998 10.7930699471 
1.1399999856900001 0.89208334684400004 10.3362828377 
1.1399999856900001 0.90249997377400004 10.0413609627 
1.1399999856900001 0.91291666030899998 9.91391955646 
1.1399999856900001 0.92333334684400004 9.95713244708 
1.1399999856900001 0.93374997377400004 10.1683140877 
1.1399999856900001 0.94416666030899998 10.5406285408 
1.1399999856900001 0.95458334684400004 11.0635777596 
1.1399999856900001 0.96499997377400004 11.7251988533 
1.1399999856900001 0.97541666030899998 12.5101109627 
1.1399999856900001 0.98583334684400004 13.4039097908 
1.1399999856900001 0.99624997377400004 14.3902379158 
1.1399999856900001 1.0066666603100001 15.4546910408 
1.1399999856900001 1.01708328724 16.5826207283 
1.1399999856900001 1.02750003338 17.760599244 
1.1399999856900001 1.0379166603100001 18.9756871346 
1.1399999856900001 1.04833328724 20.2159215096 
1.1399999856900001 1.05875003338 21.4710484627 
1.1399999856900001 1.0691666603100001 22.7303258065 
1.1399999856900001 1.07958328724 23.985208619 
1.1399999856900001 1.09000003338 25.2278844002 
1.1399999856900001 1.1000000238400001 26.403177369 
1.1399999856900001 1.11111116409 27.6814976815 
1.1399999856900001 1.12222218513 28.9251500252 
1.1399999856900001 1.13333332539 30.1290074471 
1.1399999856900001 1.1444444656399999 31.2889195565 
1.1399999856900001 1.1555556058900001 32.4019566658 
1.1399999856900001 1.1666666269299999 33.465677369 
1.1399999856900001 1.17777776718 34.4786168221 
1.1399999856900001 1.18888890743 35.440286744 
1.1399999856900001 1.2000000476799999 36.3501988533 
1.1499999761599999 0.77999997138999999 22.3296910408 
1.1499999761599999 0.79250001907300005 20.6783238533 
1.1499999761599999 0.80500000715300002 19.1402379158 
1.1499999761599999 0.81749999523200001 17.7027379158 
1.1499999761599999 0.829999983311 16.3670445565 
1.1499999761599999 0.83999997377400004 15.3785191658 
1.1499999761599999 0.85041666030899998 14.436380494 
1.1499999761599999 0.86083334684400004 13.5992222908 
1.1499999761599999 0.87124997377400004 12.8848668221 
1.1499999761599999 0.88166666030899998 12.3079625252 
1.1499999761599999 0.89208334684400004 11.8841344002 
1.1499999761599999 0.90249997377400004 11.6246129158 
1.1499999761599999 0.91291666030899998 11.5347691658 
1.1499999761599999 0.92333334684400004 11.6170445565 
1.1499999761599999 0.93374997377400004 11.8677769783 
1.1499999761599999 0.94416666030899998 12.2796422127 
1.1499999761599999 0.95458334684400004 12.8414097908 
1.1499999761599999 0.96499997377400004 13.5408726815 
1.1499999761599999 0.97541666030899998 14.3614293221 
1.1499999761599999 0.98583334684400004 15.2884312752 
1.1499999761599999 0.99624997377400004 16.3060094002 
1.1499999761599999 1.0066666603100001 17.3987828377 
1.1499999761599999 1.01708328724 18.5521031502 
1.1499999761599999 1.02750003338 19.7525426033 
1.1499999761599999 1.0379166603100001 20.9866734627 
1.1499999761599999 1.04833328724 22.2435094002 
1.1499999761599999 1.05875003338 23.5118199471 
1.1499999761599999 1.0691666603100001 24.782083619 
1.1499999761599999 1.07958328724 26.045755494 
1.1499999761599999 1.09000003338 27.2947789315 
1.1499999761599999 1.1000000238400001 28.4742222908 
1.1499999761599999 1.11111116409 29.7552281502 
1.1499999761599999 1.12222218513 30.9998570565 
1.1499999761599999 1.13333332539 32.2034703377 
1.1499999761599999 1.1444444656399999 33.3619176033 
1.1499999761599999 1.1555556058900001 34.4720250252 
1.1499999761599999 1.1666666269299999 35.5315953377 
1.1499999761599999 1.17777776718 36.5394078377 
1.1499999761599999 1.18888890743 37.4952183846 
1.1499999761599999 1.2000000476799999 38.399271119 
1.1699999570799999 0.77999997138999999 25.319192994 
1.1699999570799999 0.79250001907300005 23.6661168221 
1.1699999570799999 0.80500000715300002 22.1312047127 
1.1699999570799999 0.81749999523200001 20.7046910408 
1.1699999570799999 0.829999983311 19.3880406502 
1.1699999570799999 0.83999997377400004 18.4222203377 
1.1699999570799999 0.85041666030899998 17.5110875252 
1.1699999570799999 0.86083334684400004 16.7134801033 
1.1699999570799999 0.87124997377400004 16.0440465096 
1.1699999570799999 0.88166666030899998 15.5208531502 
1.1699999570799999 0.89208334684400004 15.1568394783 
1.1699999570799999 0.90249997377400004 14.9610386971 
1.1699999570799999 0.91291666030899998 14.9395543221 
1.1699999570799999 0.92333334684400004 15.0921422127 
1.1699999570799999 0.93374997377400004 15.4136754158 
1.1699999570799999 0.94416666030899998 15.8963414315 
1.1699999570799999 0.95458334684400004 16.5274449471 
1.1699999570799999 0.96499997377400004 17.2925816658 
1.1699999570799999 0.97541666030899998 18.1756383065 
1.1699999570799999 0.98583334684400004 19.1605015877 
1.1699999570799999 0.99624997377400004 20.2305699471 
1.1699999570799999 1.0066666603100001 21.3702183846 
1.1699999570799999 1.01708328724 22.5645543221 
1.1699999570799999 1.02750003338 23.8001500252 
1.1699999570799999 1.0379166603100001 25.0638219002 
1.1699999570799999 1.04833328724 26.3440953377 
1.1699999570799999 1.05875003338 27.6309605721 
1.1699999570799999 1.0691666603100001 28.9146519783 
1.1699999570799999 1.07958328724 30.1873570565 
1.1699999570799999 1.09000003338 31.4407750252 
1.1699999570799999 1.1000000238400001 32.6209508065 
1.1699999570799999 1.11111116409 33.8997594002 
1.1699999570799999 1.12222218513 35.1387730721 
1.1699999570799999 1.13333332539 36.3338414315 
1.1699999570799999 1.1444444656399999 37.481302369 
1.1699999570799999 1.1555556058900001 38.5787144783 
1.1699999570799999 1.1666666269299999 39.623880494 
1.1699999570799999 1.17777776718 40.6158238533 
1.1699999570799999 1.18888890743 41.5543004158 
1.1699999570799999 1.2000000476799999 42.4388219002 
