0 0.277213466734
1 0.158571995723
2 0.0901928480097
3 0.0547296866783
4 0.0372551300526
5 0.0238228353381
6 0.0166953699459
7 0.0119634371663
8 0.00851550216187
9 0.00633387956057
10 0.00473712273395
11 0.00357690397061
12 0.00271807477908
13 0.00203855663685
14 0.00157683947015
15 0.00121294090332
16 0.000913399516321
17 0.000690139317306
18 0.00050651988529
19 0.000360280878504
20 0.000270704919622
21 0.000264659473115
22 0.000375650632907
23 0.000545777183229
24 0.000641974458969
25 0.000587489776031
26 0.000430149782787
27 0.000256217088406
28 0.000115131965242
29 1.32863132458e-05
30 -5.2229050888e-05
31 -9.11151119887e-05
32 -0.000113300224678
33 -0.000123367395989
34 -0.000126104253322
35 -0.000124432354347
36 -0.000121095918239
37 -0.000116190468831
38 -0.000111327991075
39 -0.000105768449007
40 -0.000100106658578
41 -9.46219475821e-05
42 -8.88091331954e-05
43 -8.28200615165e-05
44 -7.71366319933e-05
45 -7.14198807521e-05
46 -6.63516413467e-05
47 -6.16617612901e-05
48 -5.77917702956e-05
49 -5.43796736212e-05
50 0.446248628552
51 0.170162136896
52 0.0820100586117
53 0.0522399599107
54 0.0327115180488
55 0.0220944908718
56 0.0153808237381
57 0.0111482489153
58 0.00809211071084
59 0.00595542682094
60 0.00449551236676
61 0.00336231319558
62 0.00258781278976
63 0.00194739659942
64 0.0014980482212
65 0.00115190796095
66 0.000875509113382
67 0.000665027700431
68 0.00048313632287
69 0.00034515866916
70 0.000261640972149
71 0.000262409491449
72 0.000375059509523
73 0.000538977872657
74 0.000626291942413
75 0.000566906624973
76 0.000412296525334
77 0.000244154675927
78 0.000107953387948
79 1.01961700842e-05
80 -5.2629763555e-05
81 -9.00959696568e-05
82 -0.000111220606035
83 -0.000120469147525
84 -0.000122988218129
85 -0.00012143000285
86 -0.000118158053062
87 -0.000113292655216
88 -0.000108323441271
89 -0.00010286148595
90 -9.74449941042e-05
91 -9.20264848655e-05
92 -8.62298823726e-05
93 -8.03928796159e-05
94 -7.48327153981e-05
95 -6.92827360267e-05
96 -6.43793332153e-05
97 -5.98446060979e-05
98 -5.60475001037e-05
99 -5.2715018255e-05
100 0.274385332534
101 0.1395411426
102 0.0709079419352
103 0.0461200645368
104 0.0294420714704
105 0.0201870789359
106 0.0142399844737
107 0.0104283194361
108 0.00763454365262
109 0.00565654305681
110 0.00429479866906
111 0.00322634499538
112 0.00249174720992
113 0.00188083745069
114 0.00145039121263
115 0.00111698262595
116 0.000849373056297
117 0.000644896624357
118 0.000467885585971
119 0.00033487464979
120 0.000258622138061
121 0.00026965384468
122 0.000389644385004
123 0.000549746582863
124 0.000625426533359
125 0.000556787383461
126 0.000399780002595
127 0.000233541956777
128 0.000100327578391
129 5.30497151283e-06
130 -5.54658512e-05
131 -9.1645997689e-05
132 -0.00011195853035
133 -0.000120695248046
134 -0.000122934309594
135 -0.000121214789309
136 -0.000117866766739
137 -0.000112969383672
138 -0.000107954600723
139 -0.000102505617469
140 -9.70905896542e-05
141 -9.17045212676e-05
142 -8.59397696575e-05
143 -8.01053770991e-05
144 -7.45604225175e-05
145 -6.90197874559e-05
146 -6.41447963661e-05
147 -5.96429944731e-05
148 -5.58751644245e-05
149 -5.25662458534e-05
150 0.124315963298
151 0.0883843074637
152 0.0537026648647
153 0.0375709315157
154 0.0250730573045
155 0.0176679906077
156 0.012732935715
157 0.00946834569305
158 0.00701777861095
159 0.00524930549931
160 0.00401847766778
161 0.00304078316979
162 0.00235957297821
163 0.00178791968098
164 0.00138332433273
165 0.00106766197761
166 0.000812118174275
167 0.000616269417427
168 0.000446143651717
169 0.000320713120363
170 0.000255865856219
171 0.000282195355573
172 0.000411692404042
173 0.000564601583977
174 0.000623215620763
175 0.000542077002641
176 0.000382112333109
177 0.000218649621904
178 8.96154508554e-05
179 -1.56730521587e-06
180 -5.95545594807e-05
181 -9.39538368596e-05
182 -0.000113190509874
183 -0.000121222266474
184 -0.000123079525994
185 -0.000121088061736
186 -0.000117648336787
187 -0.000112701503444
188 -0.000107778604815
189 -0.00010236786259
190 -9.69241241343e-05
191 -9.14847129558e-05
192 -8.57392139533e-05
193 -7.98891320743e-05
194 -7.43540920864e-05
195 -6.88157847408e-05
196 -6.39581199173e-05
197 -5.94901929956e-05
198 -5.57576179353e-05
199 -5.24831724248e-05
200 0.0668570224526
201 0.0545990892591
202 0.0380698503654
203 0.0289882199119
204 0.0204213526855
205 0.0149256907929
206 0.0110543888374
207 0.00839451666416
208 0.00632240566605
209 0.00478218254756
210 0.00370360385534
211 0.00281963651751
212 0.00220094923077
213 0.00167831580304
214 0.0013042573226
215 0.00100942760599
216 0.000768443504411
217 0.000582045226621
218 0.000420498140115
219 0.000305098206905
220 0.000256016668219
221 0.000302247191744
222 0.000441103170636
223 0.000582080419346
224 0.000618650444527
225 0.000522365637193
226 0.000359332597341
227 0.000199917990973
228 7.62747855651e-05
229 -1.02128340854e-05
230 -6.48128914757e-05
231 -9.70942572607e-05
232 -0.000114971763808
233 -0.000122203421972
234 -0.000123459019562
235 -0.000121178724907
236 -0.000117651915403
237 -0.000112596912187
238 -0.000107650766348
239 -0.000102241935328
240 -9.66885152238e-05
241 -9.13147030269e-05
242 -8.55314376778e-05
243 -7.9753584164e-05
244 -7.42052255831e-05
245 -6.85856865387e-05
246 -6.37556327283e-05
247 -5.93640269812e-05
248 -5.56868135953e-05
249 -5.24699882771e-05
250 0.0402619397736
251 0.0346222405675
252 0.0266002372572
253 0.0216244768464
254 0.0161295474666
255 0.0122376181579
256 0.00934450778582
257 0.00725786257468
258 0.0055558223229
259 0.00426749983942
260 0.0033409558435
261 0.00257030026593
262 0.00202388268887
263 0.00155189430356
264 0.00121037739855
265 0.000938828467446
266 0.000714312132409
267 0.000540124760783
268 0.00039004345378
269 0.000289045943888
270 0.000261240732542
271 0.000330692586999
272 0.000475665457062
273 0.000598708296987
274 0.000608190572392
275 0.00049558121332
276 0.000331108646153
277 0.000177078407479
278 6.02571489695e-05
279 -2.03937901809e-05
280 -7.08346957037e-05
281 -0.000100615721562
282 -0.000116805649108
283 -0.000122984401543
284 -0.000123610160357
285 -0.00012107403744
286 -0.000117351677267
287 -0.00011222576305
288 -0.000107332188485
289 -0.000101834487519
290 -9.63750772532e-05
291 -9.09663425169e-05
292 -8.51588649579e-05
293 -7.94003342823e-05
294 -7.37894386707e-05
295 -6.82570054364e-05
296 -6.35111714549e-05
297 -5.91328610428e-05
298 -5.55343418973e-05
299 -5.23330866756e-05
300 0.0259686459927
301 0.0228474086863
302 0.0186880252676
303 0.0159320907758
304 0.0124546359592
305 0.00981371254755
306 0.00772203523048
307 0.00612860448359
308 0.00478396858727
309 0.00373032811115
310 0.00295697505149
311 0.00229911136251
312 0.00182685775445
313 0.00140817921099
314 0.0011034525964
315 0.000857114297615
316 0.000652135535173
317 0.000491808932834
318 0.000356623183072
319 0.00027508383527
320 0.000274361373506
321 0.000367176199105
322 0.000512574224831
323 0.000608973129944
324 0.000588144629273
325 0.000460999409357
326 0.000296905585874
327 0.000150677855213
328 4.21883089972e-05
329 -3.16387520608e-05
330 -7.73085012298e-05
331 -0.000104087190784
332 -0.000118420613666
333 -0.000123349210978
334 -0.000123424123102
335 -0.000120522627809
336 -0.000116586540491
337 -0.000111437831678
338 -0.000106486087281
339 -0.000101045985516
340 -9.55945823533e-05
341 -9.01540976894e-05
342 -8.44189185628e-05
343 -7.86435697602e-05
344 -7.30990755769e-05
345 -6.76665039317e-05
346 -6.29784746345e-05
347 -5.87406251896e-05
348 -5.51638272453e-05
349 -5.20025556434e-05
350 0.0173930103879
351 0.0156673430219
352 0.0133345537346
353 0.0117437900965
354 0.00955923386827
355 0.0077593679778
356 0.0062832178828
357 0.00508969477341
358 0.00405332580947
359 0.00321031261068
360 0.0025781534923
361 0.00202550010439
362 0.00162076206073
363 0.00125812953782
364 0.000990063266451
365 0.000770322209481
366 0.000584789857679
367 0.000440447399067
368 0.000324149486451
369 0.000268125452923
370 0.000298762483765
371 0.000411967711552
372 0.000547898717933
373 0.000610326778464
374 0.000558271967427
375 0.000418914496538
376 0.000258624632028
377 0.00012189783232
378 2.28773232956e-05
379 -4.34686686348e-05
380 -8.40132354945e-05
381 -0.000107532257764
382 -0.000119901822772
383 -0.000123580158277
384 -0.000123149245552
385 -0.000119862308698
386 -0.000115702389516
387 -0.000110483766088
388 -0.000105590055604
389 -0.000100179050406
390 -9.46945113047e-05
391 -8.92225450817e-05
392 -8.35513092057e-05
393 -7.77728876832e-05
394 -7.23188243541e-05
395 -6.69149742872e-05
396 -6.23294082597e-05
397 -5.81493894868e-05
398 -5.46367667645e-05
399 -5.15738110867e-05
400 0.0120699841678
401 0.0110951993249
402 0.0096625217065
403 0.00874101476659
404 0.00731322989789
405 0.0061053576324
406 0.00505980263692
407 0.00418956450022
408 0.00339403917052
409 0.00272698241094
410 0.00221855676157
411 0.00175899224976
412 0.00141933641475
413 0.00110924462705
414 0.00087590807683
415 0.00068179022764
416 0.000516410293609
417 0.000390161849432
418 0.000297709562284
419 0.000273158874685
420 0.00033619596782
421 0.00046201767332
422 0.000577116427994
423 0.000600675225476
424 0.000519722714553
425 0.00037141469173
426 0.000217575152248
427 9.21961770917e-05
428 3.18268222562e-06
429 -5.54858858812e-05
430 -9.07894763359e-05
431 -0.000111102099467
432 -0.000121414189338
433 -0.000123957894964
434 -0.000122619622306
435 -0.000119023758193
436 -0.000114712869057
437 -0.000109460387165
438 -0.000104572003012
439 -9.91715658482e-05
440 -9.36438566739e-05
441 -8.82074946771e-05
442 -8.25349048924e-05
443 -7.68873560418e-05
444 -7.14697103258e-05
445 -6.61264634976e-05
446 -6.15947741423e-05
447 -5.75243188717e-05
448 -5.4129685759e-05
449 -5.1170616371e-05
450 0.00864535390307
451 0.00802189795865
452 0.00710832914134
453 0.00655387713286
454 0.00561287892395
455 0.00479101326931
456 0.00405037776602
457 0.00341921909111
458 0.00281266699104
459 0.00229363145138
460 0.00188803036103
461 0.00151078072207
462 0.00122888279754
463 0.000965423885255
464 0.000763903714188
465 0.000593692379415
466 0.000449936488683
467 0.000345128181372
468 0.000283320008622
469 0.000294715956478
470 0.000386106116905
471 0.000511579481203
472 0.000594284095384
473 0.000577574441443
474 0.000471750942719
475 0.000319509651603
476 0.000175295790283
477 6.21610802711e-05
478 -1.63279806797e-05
479 -6.71737807035e-05
480 -9.72610802081e-05
481 -0.000114328061319
482 -0.000122578506995
483 -0.000123897062169
484 -0.000122004072264
485 -0.00011798926642
486 -0.000113581275015
487 -0.000108346407785
488 -0.000103504970218
489 -9.80390772618e-05
490 -9.25644923319e-05
491 -8.71694570105e-05
492 -8.15095504819e-05
493 -7.59211124206e-05
494 -7.05061223931e-05
495 -6.52158907496e-05
496 -6.08366831885e-05
497 -5.68772595391e-05
498 -5.3627366481e-05
499 -5.0719016316e-05
500 0.0063275262816
501 0.00590156171322
502 0.00529806292758
503 0.00495766400409
504 0.00432215023182
505 0.00375425205237
506 0.00323029960601
507 0.00277186912887
508 0.00231183434913
509 0.00191134411549
510 0.0015889741695
511 0.00128396924388
512 0.00105077296636
513 0.000828164463031
514 0.000655242189809
515 0.000508623390896
516 0.000388334928039
517 0.000311791494168
518 0.000286955815304
519 0.000334157177596
520 0.00044298484388
521 0.000553279784419
522 0.00059541421683
523 0.000539986596416
524 0.000415196728861
525 0.000265004692023
526 0.00013270514681
527 3.28340993907e-05
528 -3.50894912633e-05
529 -7.83196390897e-05
530 -0.000103325044146
531 -0.00011730390815
532 -0.000123571418756
533 -0.000123691226123
534 -0.000121125072685
535 -0.000116785559202
536 -0.00011225541026
537 -0.000106985319137
538 -0.000102166676824
539 -9.66700300383e-05
540 -9.12227047653e-05
541 -8.58242163802e-05
542 -8.02437776775e-05
543 -7.47316609185e-05
544 -6.94011622789e-05
545 -6.42605699099e-05
546 -6.00117695861e-05
547 -5.62071564033e-05
548 -5.30710919535e-05
549 -5.02161980627e-05
550 0.00471040180721
551 0.00440167599878
552 0.00398743727176
553 0.00377932109377
554 0.00333833262222
555 0.00294292233895
556 0.00257036162213
557 0.00223468361048
558 0.00188736943103
559 0.00157799952005
560 0.00132365516295
561 0.00107799978383
562 0.000886097082658
563 0.00069920192206
564 0.000552536641728
565 0.000431053842821
566 0.000339194489517
567 0.000297954255201
568 0.000312796121645
569 0.000387866298278
570 0.000498576063982
571 0.000579106645499
572 0.000577315003169
573 0.000488107986904
574 0.000352423879972
575 0.000209578429576
576 9.12280233111e-05
577 4.94930317838e-06
578 -5.25999972693e-05
579 -8.85646455778e-05
580 -0.00010868314412
581 -0.000119709885671
582 -0.000124201464199
583 -0.000123204756916
584 -0.000119988212269
585 -0.000115435653515
586 -0.000110795200556
587 -0.000105639620356
588 -0.000100808401979
589 -9.53617780271e-05
590 -8.99420151079e-05
591 -8.45053492996e-05
592 -7.90572016378e-05
593 -7.35544008543e-05
594 -6.82466609671e-05
595 -6.32946899539e-05
596 -5.91363897068e-05
597 -5.54891734488e-05
598 -5.24470327885e-05
599 -4.96823398919e-05
600 0.00354985421795
601 0.00332383426553
602 0.00302759682462
603 0.00289733514767
604 0.00258654832375
605 0.00230771619515
606 0.00204105636429
607 0.00179385525117
608 0.00153202939558
609 0.00129210892406
610 0.00109203062917
611 0.000893414587914
612 0.000735913568078
613 0.000580545365842
614 0.000460787899776
615 0.000367588195218
616 0.000311374083738
617 0.000310260368533
618 0.000359578578796
619 0.000447525229039
620 0.000542455173835
621 0.00058351665827
622 0.00053883109566
623 0.000424553361168
624 0.000286329814478
625 0.000155106996031
626 5.21929856648e-05
627 -2.07147867582e-05
628 -6.8435504429e-05
629 -9.7652583771e-05
630 -0.000113258249402
631 -0.000121551105074
632 -0.000124380077614
633 -0.000122477526501
634 -0.000118735905274
635 -0.000113985588185
636 -0.000109292709817
637 -0.000104129793235
638 -9.9276636401e-05
639 -9.38397614565e-05
640 -8.83703201595e-05
641 -8.29995271721e-05
642 -7.76244805579e-05
643 -7.22075647904e-05
644 -6.70199488618e-05
645 -6.22118207369e-05
646 -5.81988500704e-05
647 -5.47431829525e-05
648 -5.17836030458e-05
649 -4.91372544257e-05
650 0.00269463801645
651 0.00252935981821
652 0.00231438939725
653 0.00222928431691
654 0.00200918043959
655 0.00180837028484
656 0.00161643022674
657 0.0014320290782
658 0.00123402738434
659 0.00104756578017
660 0.000890157414691
661 0.000729643008253
662 0.000601254814734
663 0.000476694446859
664 0.000386207505994
665 0.000327795071028
666 0.000312983565893
667 0.000348819251591
668 0.000417970318008
669 0.00050069392983
670 0.000565873117247
671 0.000562990360676
672 0.000481545633485
673 0.00035326527628
674 0.000219959609325
675 0.000103580555903
676 1.65104308048e-05
677 -4.36406258418e-05
678 -8.23594778928e-05
679 -0.000105403403062
680 -0.000117063087821
681 -0.000122922730971
682 -0.000124218832947
683 -0.000121426278043
684 -0.000117302455067
685 -0.000112372356371
686 -0.000107611767594
687 -0.000102484682393
688 -9.76549199879e-05
689 -9.21812602928e-05
690 -8.67233928753e-05
691 -8.14332314046e-05
692 -7.6128520009e-05
693 -7.07565246259e-05
694 -6.5710930555e-05
695 -6.10496133997e-05
696 -5.72344429702e-05
697 -5.39169075079e-05
698 -5.10606390881e-05
699 -4.85279413733e-05
700 0.00205373770392
701 0.00193322713245
702 0.00177734761373
703 0.00172103501415
704 0.00156329502285
705 0.001416109894
706 0.00127519904392
707 0.00113677106146
708 0.000985088948276
709 0.000840152912556
710 0.000715547293911
711 0.000587485295554
712 0.000487112900231
713 0.000394871793394
714 0.000339544951981
715 0.000321937699817
716 0.000345313405211
717 0.000404449658005
718 0.000475091750764
719 0.000536767711098
720 0.000562931148199
721 0.000517719048082
722 0.000410116959936
723 0.000278487963679
724 0.000156346710863
725 5.65958702879e-05
726 -1.5116223776e-05
727 -6.34871840946e-05
728 -9.41150652457e-05
729 -0.000111680200782
730 -0.000119778658631
731 -0.000123453485651
732 -0.000123492959348
733 -0.000119983974301
734 -0.000115566052981
735 -0.000110523009098
736 -0.000105761463766
737 -0.000100667132701
738 -9.58408391929e-05
739 -9.03550328822e-05
740 -8.49860156976e-05
741 -7.97584913395e-05
742 -7.45624648225e-05
743 -6.92654256883e-05
744 -6.43653421019e-05
745 -5.98811366075e-05
746 -5.62685491827e-05
747 -5.31045562973e-05
748 -5.03654484083e-05
749 -4.79279088402e-05
750 0.00157252108716
751 0.00148319364736
752 0.00136607247403
753 0.00132928807786
754 0.00121237791542
755 0.00110433350174
756 0.000999514047217
757 0.000895053238356
758 0.00077772754593
759 0.000664933256727
760 0.000568008288453
761 0.0004711224375
762 0.000401103634706
763 0.000346385128237
764 0.000331327400973
765 0.000350922079548
766 0.000397974536091
767 0.000462226312776
768 0.000517848780473
769 0.000547549989712
770 0.000531304393717
771 0.000451566072062
772 0.000330438392888
773 0.000204799918944
774 9.79069098438e-05
775 1.51127362656e-05
776 -4.23205445164e-05
777 -8.02529747508e-05
778 -0.000103778531825
779 -0.000116562336362
780 -0.000121639124903
781 -0.000123483878353
782 -0.000122444733958
783 -0.000118351615709
784 -0.000113629583989
785 -0.000108523860351
786 -0.000103792297456
787 -9.86945937961e-05
788 -9.39206058074e-05
789 -8.84187040008e-05
790 -8.31379433834e-05
791 -7.7990390191e-05
792 -7.28768634643e-05
793 -6.77060157426e-05
794 -6.29655379204e-05
795 -5.86943373482e-05
796 -5.52778706616e-05
797 -5.22489099994e-05
798 -4.96391551275e-05
799 -4.73039066304e-05
800 0.00120149933002
801 0.00113439212903
802 0.00104741292518
803 0.00102268528409
804 0.000934863831212
805 0.000854925706747
806 0.00077599803888
807 0.000696656106977
808 0.000607152805012
809 0.000522308260172
810 0.000453057515368
811 0.000389565255175
812 0.00035587399254
813 0.00034119928053
814 0.000360719320936
815 0.000401635160015
816 0.000453250606525
817 0.000507325688946
818 0.00053673930004
819 0.000528220429255
820 0.000472748228303
821 0.000370572787063
822 0.000248367208278
823 0.000135840550213
824 4.61729936132e-05
825 -2.03618868993e-05
826 -6.50260611681e-05
827 -9.38642344704e-05
828 -0.000111324547632
829 -0.000120115609232
830 -0.000122574774222
831 -0.000122969333522
832 -0.000121015155921
833 -0.000116475979472
834 -0.000111507576033
835 -0.000106511557876
836 -0.00010178223863
837 -9.67302909712e-05
838 -9.18941510905e-05
839 -8.64555340798e-05
840 -8.12157270095e-05
841 -7.61277713649e-05
842 -7.10818115342e-05
843 -6.60891204732e-05
844 -6.15432430237e-05
845 -5.74960547928e-05
846 -5.42634302793e-05
847 -5.13860720238e-05
848 -4.88934307562e-05
849 -4.66754718237e-05
850 0.00091329380869
851 0.000863308418532
852 0.000797626553204
853 0.000779790809476
854 0.000714587099521
855 0.000655005167922
856 0.000596828021473
857 0.000539174177857
858 0.000475875821792
859 0.000420163477869
860 0.000382785529493
861 0.000356337413582
862 0.000359041248089
863 0.00037410034047
864 0.000410018657533
865 0.000453631753796
866 0.000496206079401
867 0.000529845960145
868 0.000524976222275
869 0.000477986221066
870 0.000393656846993
871 0.00028283573301
872 0.000169719858572
873 7.44888415198e-05
874 2.07841358856e-06
875 -4.96770146132e-05
876 -8.33113364255e-05
877 -0.000104474107329
878 -0.000116879241687
879 -0.000122310258592
880 -0.000122648750147
881 -0.000121843201905
882 -0.000119211590551
883 -0.000114397936042
884 -0.000109330784707
885 -0.000104346933036
886 -9.95959249252e-05
887 -9.45758842632e-05
888 -8.97080451871e-05
889 -8.43210419457e-05
890 -7.92068306606e-05
891 -7.41924340481e-05
892 -6.92729255981e-05
893 -6.44677016421e-05
894 -6.01238874462e-05
895 -5.63144624608e-05
896 -5.32435755114e-05
897 -5.05265547492e-05
898 -4.81495845165e-05
899 -4.60277203123e-05
900 0.000690214980526
901 0.000651421121045
902 0.000603450845873
903 0.000591642182459
904 0.000544816995526
905 0.000503006123974
906 0.000464814636703
907 0.000430244639159
908 0.000395621402449
909 0.00037210405884
910 0.000368166559225
911 0.000372528397315
912 0.000397555412721
913 0.000421474897411
914 0.000456750022034
915 0.000492013517563
916 0.000517644480749
917 0.000521933187785
918 0.000479959515299
919 0.000402302549238
920 0.000303252612728
921 0.000196509152443
922 9.91110067338e-05
923 2.22028980547e-05
924 -3.41637365168e-05
925 -7.31236501606e-05
926 -9.75162096482e-05
927 -0.000112381380462
928 -0.000120649047222
929 -0.000123414056052
930 -0.000122093144083
931 -0.000120290426091
932 -0.000117160541933
933 -0.000112133384964
934 -0.000107095463518
935 -0.000102114406475
936 -9.73708353279e-05
937 -9.23609315948e-05
938 -8.74953841879e-05
939 -8.21623185325e-05
940 -7.70992409358e-05
941 -7.22028158225e-05
942 -6.74060902619e-05
943 -6.28061456046e-05
944 -5.8693657972e-05
945 -5.50955506364e-05
946 -5.22267511156e-05
947 -4.96413023652e-05
948 -4.73946165403e-05
949 -4.53617070711e-05
950 0.000526123989016
951 0.000499074804739
952 0.000465403236997
953 0.000460377717365
954 0.000431370437358
955 0.000408978177615
956 0.000393184562122
957 0.000383649051333
958 0.000377084328294
959 0.000380448901401
960 0.000398095868587
961 0.000414018909604
962 0.00044213540329
963 0.000461087107567
964 0.000489051270323
965 0.000509895477416
966 0.000509767095265
967 0.000479356581223
968 0.000405750182635
969 0.000311369436514
970 0.000211979798891
971 0.000118042882071
972 3.89189625492e-05
973 -2.05110685022e-05
974 -6.28785966618e-05
975 -9.11595707695e-05
976 -0.000108044084489
977 -0.000117811633987
978 -0.000122755474246
979 -0.000123357852355
980 -0.000120736904913
981 -0.000118211335269
982 -0.000114762057717
983 -0.000109598910965
984 -0.0001045717729
985 -9.9632005234e-05
986 -9.48885197353e-05
987 -8.98955712483e-05
988 -8.50646842973e-05
989 -7.98073148556e-05
990 -7.49033843509e-05
991 -7.0137976083e-05
992 -6.5530110798e-05
993 -6.11513722673e-05
994 -5.72960179532e-05
995 -5.39173768304e-05
996 -5.12287446908e-05
997 -4.87971190782e-05
998 -4.66501377487e-05
999 -4.47192273949e-05
1000 0.000435798286405
1001 0.000417121873077
1002 0.000395642273916
1003 0.000399628105865
1004 0.000387476108402
1005 0.000382989937902
1006 0.000386992167811
1007 0.000396026664949
1008 0.000404964906661
1009 0.000417434715677
1010 0.000437861727384
1011 0.00045014676666
1012 0.000473518372668
1013 0.000485181850866
1014 0.000500935149481
1015 0.00049862367583
1016 0.00046551110443
1017 0.000404025553661
1018 0.000312628719292
1019 0.000217019247747
1020 0.000127861568202
1021 5.10675751581e-05
1022 -1.0006088254e-05
1023 -5.40706979902e-05
1024 -8.47041792073e-05
1025 -0.000104430477967
1026 -0.00011536717892
1027 -0.000121144300531
1028 -0.000123519203673
1029 -0.000122535492872
1030 -0.000118921914
1031 -0.000115911236249
1032 -0.000112244230985
1033 -0.000107019764787
1034 -0.000101978134159
1035 -9.70542442647e-05
1036 -9.23010817897e-05
1037 -8.73599173131e-05
1038 -8.2654294539e-05
1039 -7.74813990526e-05
1040 -7.26754001915e-05
1041 -6.80459359354e-05
1042 -6.36448551107e-05
1043 -5.95247686921e-05
1044 -5.59159051823e-05
1045 -5.27338262242e-05
1046 -5.02132657687e-05
1047 -4.79141605574e-05
1048 -4.58735869323e-05
1049 -4.4009391162e-05
1050 0.000424130994552
1051 0.000408882984646
1052 0.000394616445259
1053 0.000405869717729
1054 0.000403110958113
1055 0.000406958611452
1056 0.000418205612311
1057 0.000430709668979
1058 0.00043880735012
1059 0.000447422523064
1060 0.00046401603171
1061 0.000471999696393
1062 0.000490528568905
1063 0.000490147236889
1064 0.000482991382266
1065 0.000449902036392
1066 0.000387426266283
1067 0.000307753656926
1068 0.000215065577929
1069 0.000129698105141
1070 5.63145524395e-05
1071 -3.05133662389e-06
1072 -4.80730337124e-05
1073 -7.94247284912e-05
1074 -0.000100646525396
1075 -0.00011372182685
1076 -0.000120014398561
1077 -0.000122739121626
1078 -0.000123150571458
1079 -0.000120935941377
1080 -0.000116654311731
1081 -0.000113351685506
1082 -0.000109503965685
1083 -0.000104267908752
1084 -9.93165021142e-05
1085 -9.44655756093e-05
1086 -8.97087378716e-05
1087 -8.48381879559e-05
1088 -8.01268619882e-05
1089 -7.50776846198e-05
1090 -7.03957395156e-05
1091 -6.59441684097e-05
1092 -6.17876493637e-05
1093 -5.79475815205e-05
1094 -5.45703049556e-05
1095 -5.16020873013e-05
1096 -4.92332549892e-05
1097 -4.70811764811e-05
1098 -4.51371418749e-05
1099 -4.33300803855e-05
1100 0.000453698071841
1101 0.000437870617647
1102 0.000422838981947
1103 0.000435815473325
1104 0.000431752968324
1105 0.000433537642196
1106 0.000441820248217
1107 0.000451211344053
1108 0.000455873293748
1109 0.000462557330644
1110 0.000477879800433
1111 0.000480342235562
1112 0.000485603092584
1113 0.00046196014098
1114 0.000425454935715
1115 0.000365730956247
1116 0.000288017145368
1117 0.000206344749347
1118 0.00012469557902
1119 5.54550869347e-05
1120 -1.11771666687e-06
1121 -4.47671183703e-05
1122 -7.64353383663e-05
1123 -9.76646142521e-05
1124 -0.000111654422306
1125 -0.000119628179307
1126 -0.000122396205779
1127 -0.000122851206281
1128 -0.000121822932863
1129 -0.00011874040823
1130 -0.00011406074076
1131 -0.000110587272836
1132 -0.000106714968601
1133 -0.000101571518727
1134 -9.65995868575e-05
1135 -9.17624064295e-05
1136 -8.70032529191e-05
1137 -8.21955925072e-05
1138 -7.75794757095e-05
1139 -7.26253463357e-05
1140 -6.81220226601e-05
1141 -6.38673233795e-05
1142 -5.99859784664e-05
1143 -5.64056096583e-05
1144 -5.32354393612e-05
1145 -5.04751865581e-05
1146 -4.82425424145e-05
1147 -4.62179252486e-05
1148 -4.43645803536e-05
1149 -4.26143747696e-05
1150 0.000472485805412
1151 0.000453970526888
1152 0.000435611113417
1153 0.000448003692273
1154 0.000441219276509
1155 0.000441159250549
1156 0.000449244757198
1157 0.000459404071913
1158 0.000464308889932
1159 0.000468915528589
1160 0.000475985914403
1161 0.000461736072446
1162 0.000442214243117
1163 0.000392387508881
1164 0.000333543180023
1165 0.000262004843776
1166 0.000185381991355
1167 0.000113784172382
1168 4.89058534107e-05
1169 -3.31032516724e-06
1170 -4.47425781122e-05
1171 -7.53268532602e-05
1172 -9.65338019088e-05
1173 -0.000110001535292
1174 -0.000118583587871
1175 -0.000122712850255
1176 -0.000122971927868
1177 -0.000121765223633
1178 -0.00011966806717
1179 -0.000116081820248
1180 -0.000111151741907
1181 -0.000107568913364
1182 -0.000103674959822
1183 -9.85477416517e-05
1184 -9.36129307126e-05
1185 -8.87931737054e-05
1186 -8.41169464083e-05
1187 -7.93894423787e-05
1188 -7.4867596676e-05
1189 -7.01343748088e-05
1190 -6.58120358997e-05
1191 -6.18024115744e-05
1192 -5.82164201477e-05
1193 -5.49044316364e-05
1194 -5.19680651036e-05
1195 -4.93777872526e-05
1196 -4.72971055064e-05
1197 -4.53918902011e-05
1198 -4.36238713599e-05
1199 -4.18811754887e-05
1200 0.000473739653257
1201 0.000454646151649
1202 0.000435410487991
1203 0.000449239033551
1204 0.000443579536676
1205 0.000444828567076
1206 0.000453839636934
1207 0.000462158605097
1208 0.000459824707177
1209 0.000451128384614
1210 0.000437504676238
1211 0.000399741349225
1212 0.000356762838138
1213 0.000291928940163
1214 0.000226502045258
1215 0.000158684941429
1216 9.38482111739e-05
1217 3.75243100379e-05
1218 -1.01919562237e-05
1219 -4.73030533073e-05
1220 -7.6207718651e-05
1221 -9.66654823138e-05
1222 -0.000109949642891
1223 -0.000117754291812
1224 -0.000122306298623
1225 -0.000123713427128
1226 -0.000122142698448
1227 -0.000119762938432
1228 -0.000117025138713
1229 -0.00011312395749
1230 -0.000108052489818
1231 -0.000104446886264
1232 -0.000100574839679
1233 -9.54725459062e-05
1234 -9.05438923669e-05
1235 -8.58043620942e-05
1236 -8.11938261502e-05
1237 -7.65569544455e-05
1238 -7.22337121537e-05
1239 -6.76840003769e-05
1240 -6.35758577472e-05
1241 -5.98448870978e-05
1242 -5.65238973289e-05
1243 -5.34609649457e-05
1244 -5.07287159331e-05
1245 -4.83094013027e-05
1246 -4.63634089457e-05
1247 -4.4537303505e-05
1248 -4.28225451146e-05
1249 -4.11092801315e-05
1250 0.000476580506425
1251 0.000457176488802
1252 0.000437446480819
1253 0.000450707728695
1254 0.000442857597002
1255 0.000439869996918
1256 0.000440396584299
1257 0.000435737766869
1258 0.000416158507581
1259 0.000387939635956
1260 0.000353053475874
1261 0.000300356228105
1262 0.000247236923651
1263 0.000183646029684
1264 0.000124839759035
1265 6.95153549217e-05
1266 2.01982925633e-05
1267 -2.06883139421e-05
1268 -5.35596942504e-05
1269 -7.84261656397e-05
1270 -9.77046582699e-05
1271 -0.000110591266957
1272 -0.000118188356724
1273 -0.000121896890527
1274 -0.000123579440149
1275 -0.000123034358017
1276 -0.000120197666045
1277 -0.00011707766176
1278 -0.000114007848019
1279 -0.00010988743273
1280 -0.000104799542143
1281 -0.000101205879525
1282 -9.73250573138e-05
1283 -9.22495374283e-05
1284 -8.73918176082e-05
1285 -8.27619763944e-05
1286 -7.82295041462e-05
1287 -7.37400870781e-05
1288 -6.95542147887e-05
1289 -6.51879730571e-05
1290 -6.13589794132e-05
1291 -5.79279848608e-05
1292 -5.48679494072e-05
1293 -5.20527531453e-05
1294 -4.95153264943e-05
1295 -4.72623639179e-05
1296 -4.54395391517e-05
1297 -4.37124819086e-05
1298 -4.20245166792e-05
1299 -4.03180731521e-05
1300 0.000459168782404
1301 0.000439289231039
1302 0.000417350030704
1303 0.000424024505802
1304 0.000408379784649
1305 0.000394605167503
1306 0.000380235221523
1307 0.000359962962445
1308 0.000325566489952
1309 0.000285451728672
1310 0.000241554325029
1311 0.000188804226892
1312 0.000139135752342
1313 8.70394849782e-05
1314 4.10603658989e-05
1315 2.87319805359e-07
1316 -3.44507114348e-05
1317 -6.23300511917e-05
1318 -8.35079096257e-05
1319 -9.92363133705e-05
1320 -0.000111466733136
1321 -0.000119049307623
1322 -0.000122555825162
1323 -0.000123449398183
1324 -0.000123076693665
1325 -0.000121205161009
1326 -0.000117615882854
1327 -0.000114058525837
1328 -0.000110753243949
1329 -0.0001065139287
1330 -0.000101462990516
1331 -9.78992429275e-05
1332 -9.40172225479e-05
1333 -8.90006463071e-05
1334 -8.42520991885e-05
1335 -7.96684263965e-05
1336 -7.5228414571e-05
1337 -7.09221355285e-05
1338 -6.69451571877e-05
1339 -6.28374715879e-05
1340 -5.93005479058e-05
1341 -5.61499829759e-05
1342 -5.33302275815e-05
1343 -5.07298307306e-05
1344 -4.83542724395e-05
1345 -4.62362484677e-05
1346 -4.45066842823e-05
1347 -4.28322683849e-05
1348 -4.11611736988e-05
1349 -3.94387753558e-05
1350 0.000388298772166
1351 0.000369789310527
1352 0.000347247510003
1353 0.000345281539984
1354 0.000323402774537
1355 0.000301468776394
1356 0.000277540720952
1357 0.000249394727119
1358 0.000211785490957
1359 0.000172076871994
1360 0.000131326618185
1361 8.81218253232e-05
1362 4.87241265673e-05
1363 1.10275375982e-05
1364 -2.17302325295e-05
1365 -4.96106485177e-05
1366 -7.2386863745e-05
1367 -9.03070458514e-05
1368 -0.000102910643901
1369 -0.000112074107489
1370 -0.00011934943562
1371 -0.000123135994501
1372 -0.000123841131009
1373 -0.000122771887207
1374 -0.000121082414145
1375 -0.000118385170386
1376 -0.000114386432793
1377 -0.00011060742032
1378 -0.000107205829325
1379 -0.000102969646797
1380 -9.79735895688e-05
1381 -9.44190711387e-05
1382 -9.05619768761e-05
1383 -8.5627435975e-05
1384 -8.09726540749e-05
1385 -7.65151969403e-05
1386 -7.22330669282e-05
1387 -6.81184193889e-05
1388 -6.4331926022e-05
1389 -6.05196854226e-05
1390 -5.7280216767e-05
1391 -5.44043402871e-05
1392 -5.1836655276e-05
1393 -4.94460145601e-05
1394 -4.72380280651e-05
1395 -4.52506533105e-05
1396 -4.36183747199e-05
1397 -4.19844182175e-05
1398 -4.03071088493e-05
1399 -3.85571043279e-05
1400 0.000271909484071
1401 0.000257455291864
1402 0.000238089127913
1403 0.000230974117065
1404 0.000209470122835
1405 0.000187008373245
1406 0.000162459093026
1407 0.000135636711257
1408 0.000103864624104
1409 7.19405083869e-05
1410 4.01165058839e-05
1411 9.28676884463e-06
1412 -1.8967871627e-05
1413 -4.37190525024e-05
1414 -6.53681946425e-05
1415 -8.31305773475e-05
1416 -9.70609916459e-05
1417 -0.000107823192254
1418 -0.000114479189002
1419 -0.000119171968209
1420 -0.000123045934207
1421 -0.000124307393593
1422 -0.000123127397402
1423 -0.000120797096593
1424 -0.00011827269968
1425 -0.000115156430286
1426 -0.00011094364475
1427 -0.000106986908948
1428 -0.000103502981236
1429 -9.93346151891e-05
1430 -9.44029857329e-05
1431 -9.08422199156e-05
1432 -8.70603818231e-05
1433 -8.21790889418e-05
1434 -7.76304397771e-05
1435 -7.33437718703e-05
1436 -6.92578963649e-05
1437 -6.53577207812e-05
1438 -6.18625048194e-05
1439 -5.83817931658e-05
1440 -5.54109763676e-05
1441 -5.27775663054e-05
1442 -5.04407185564e-05
1443 -4.82343462973e-05
1444 -4.61500498805e-05
1445 -4.42595842203e-05
1446 -4.26750389962e-05
1447 -4.10760340793e-05
1448 -3.93853131475e-05
1449 -3.76236416026e-05
1450 0.00014801773428
1451 0.000138872464704
1452 0.000125522600483
1453 0.000117209198569
1454 0.000100354046234
1455 8.23980668682e-05
1456 6.24113008498e-05
1457 4.13781273097e-05
1458 1.83135826609e-05
1459 -4.17177712263e-06
1460 -2.65957746907e-05
1461 -4.65458628145e-05
1462 -6.53714230719e-05
1463 -8.00861135374e-05
1464 -9.35021840222e-05
1465 -0.000104076332018
1466 -0.000111941008855
1467 -0.000117814698537
1468 -0.000120491472638
1469 -0.00012215753457
1470 -0.000123722528367
1471 -0.000123280985875
1472 -0.000120895637152
1473 -0.000117832520667
1474 -0.000114892570774
1475 -0.00011152711159
1476 -0.00010718017275
1477 -0.000103208666765
1478 -9.97461719041e-05
1479 -9.56005821136e-05
1480 -9.0715141664e-05
1481 -8.71945627568e-05
1482 -8.34748037824e-05
1483 -7.86599367608e-05
1484 -7.42679567072e-05
1485 -7.02145211733e-05
1486 -6.63042959543e-05
1487 -6.26977029496e-05
1488 -5.95060480588e-05
1489 -5.63236092283e-05
1490 -5.3610832362e-05
1491 -5.12221259115e-05
1492 -4.90803109519e-05
1493 -4.70386622527e-05
1494 -4.50722916812e-05
1495 -4.32891426729e-05
1496 -4.17480727837e-05
1497 -4.01447687951e-05
1498 -3.84366861819e-05
1499 -3.6649204826e-05
1500 4.45379147508e-05
1501 4.03077920746e-05
1502 3.31413820473e-05
1503 2.55434687078e-05
1504 1.43570437141e-05
1505 2.10036222417e-06
1506 -1.22956176976e-05
1507 -2.71677499588e-05
1508 -4.21808015893e-05
1509 -5.66233840843e-05
1510 -7.13105055142e-05
1511 -8.29884681358e-05
1512 -9.48660770494e-05
1513 -0.000102506500423
1514 -0.000110314949613
1515 -0.000116037870411
1516 -0.000119813358443
1517 -0.000122406139111
1518 -0.000122492723231
1519 -0.000122156033169
1520 -0.000122248235808
1521 -0.00012074010503
1522 -0.000117721686655
1523 -0.000114274570202
1524 -0.000111085040556
1525 -0.000107550837199
1526 -0.000103214889942
1527 -9.93135668619e-05
1528 -9.58732448616e-05
1529 -9.17716678901e-05
1530 -8.69880325112e-05
1531 -8.35447005116e-05
1532 -7.98481897916e-05
1533 -7.5199287704e-05
1534 -7.10213290364e-05
1535 -6.71445777122e-05
1536 -6.35139155866e-05
1537 -6.01792758902e-05
1538 -5.72880759676e-05
1539 -5.43763507455e-05
1540 -5.19346391983e-05
1541 -4.97717007009e-05
1542 -4.77984440343e-05
1543 -4.58889226263e-05
1544 -4.40361508441e-05
1545 -4.23036748623e-05
1546 -4.07514320132e-05
1547 -3.91410578532e-05
1548 -3.74204021887e-05
1549 -3.56136794392e-05
1550 -2.99894031794e-05
1551 -3.04119955997e-05
1552 -3.28925390118e-05
1553 -3.92369361101e-05
1554 -4.55330823376e-05
1555 -5.30436968089e-05
1556 -6.26355500399e-05
1557 -7.24625447001e-05
1558 -8.13039189744e-05
1559 -8.98407685678e-05
1560 -9.89646963836e-05
1561 -0.000104941784494
1562 -0.00011208778817
1563 -0.000115063575066
1564 -0.000119189841676
1565 -0.000121717817474
1566 -0.000122837178012
1567 -0.00012330033468
1568 -0.000121767736698
1569 -0.000120233397289
1570 -0.000119379472569
1571 -0.000117331112504
1572 -0.000113985054587
1573 -0.000110355927659
1574 -0.000107036460587
1575 -0.000103467773182
1576 -9.92202399791e-05
1577 -9.53100543818e-05
1578 -9.19046597933e-05
1579 -8.78555350363e-05
1580 -8.31771861486e-05
1581 -7.97444109554e-05
1582 -7.61741104225e-05
1583 -7.17573341686e-05
1584 -6.78668409273e-05
1585 -6.42435735664e-05
1586 -6.08636910174e-05
1587 -5.78446742894e-05
1588 -5.52377620005e-05
1589 -5.26035114182e-05
1590 -5.03776531798e-05
1591 -4.83878502751e-05
1592 -4.65475883126e-05
1593 -4.47626803122e-05
1594 -4.29932219405e-05
1595 -4.12849826079e-05
1596 -3.97254267364e-05
1597 -3.80935298688e-05
1598 -3.63661197411e-05
1599 -3.4564331724e-05
1600 -7.83442599902e-05
1601 -7.6312518677e-05
1602 -7.54781419924e-05
1603 -8.06637656286e-05
1604 -8.34074889142e-05
1605 -8.75418009524e-05
1606 -9.36243616508e-05
1607 -9.98633365108e-05
1608 -0.000104541137798
1609 -0.000109098330629
1610 -0.000114518644078
1611 -0.00011688509741
1612 -0.000120961674451
1613 -0.000121000042444
1614 -0.00012273287761
1615 -0.000123214502381
1616 -0.000122639131068
1617 -0.00012182639704
1618 -0.000119310150372
1619 -0.000117088818127
1620 -0.000115764112143
1621 -0.000113382991599
1622 -0.000109857456605
1623 -0.000106089114635
1624 -0.000102767198292
1625 -9.92532732841e-05
1626 -9.50703471187e-05
1627 -9.12109150902e-05
1628 -8.78753915135e-05
1629 -8.39047456983e-05
1630 -7.92967371777e-05
1631 -7.59767741502e-05
1632 -7.25988545748e-05
1633 -6.8417991479e-05
1634 -6.47313984787e-05
1635 -6.14028462123e-05
1636 -5.83434555422e-05
1637 -5.56123070122e-05
1638 -5.32752791198e-05
1639 -5.08937418655e-05
1640 -4.88745057629e-05
1641 -4.70488620313e-05
1642 -4.53447087663e-05
1643 -4.36682416094e-05
1644 -4.19449237823e-05
1645 -4.0238954567e-05
1646 -3.86813239288e-05
1647 -3.70591834967e-05
1648 -3.52924191744e-05
1649 -3.34639583026e-05
1650 -0.000107117241641
1651 -0.000103518797345
1652 -0.000100527562431
1653 -0.000104851386041
1654 -0.000105282705714
1655 -0.000107150513202
1656 -0.000110936696289
1657 -0.000114814702426
1658 -0.000116832687777
1659 -0.000118980603374
1660 -0.000121973948673
1661 -0.000122069234034
1662 -0.000124142824693
1663 -0.000122395736385
1664 -0.000122616562958
1665 -0.000121860879741
1666 -0.00012033731608
1667 -0.000118788255884
1668 -0.000115825878499
1669 -0.000113277132869
1670 -0.000111665111389
1671 -0.000109087767845
1672 -0.000105492804819
1673 -0.000101793945788
1674 -9.84908361736e-05
1675 -9.50168477181e-05
1676 -9.09133889959e-05
1677 -8.7111131806e-05
1678 -8.3840597033e-05
1679 -7.99327457029e-05
1680 -7.54746539336e-05
1681 -7.23190812774e-05
1682 -6.91385322858e-05
1683 -6.51949472678e-05
1684 -6.18097602835e-05
1685 -5.88072221261e-05
1686 -5.60311205519e-05
1687 -5.35886601395e-05
1688 -5.15045021909e-05
1689 -4.93650834479e-05
1690 -4.75102239996e-05
1691 -4.58140129033e-05
1692 -4.4212979538e-05
1693 -4.25970301328e-05
1694 -4.0856830108e-05
1695 -3.91536642135e-05
1696 -3.75848039832e-05
1697 -3.59312258777e-05
1698 -3.41555738797e-05
1699 -3.23360641934e-05
1700 -0.000122355380648
1701 -0.000117939843502
1702 -0.000113751154417
1703 -0.000117469905288
1704 -0.000116513328012
1705 -0.000116953217062
1706 -0.000119303585478
1707 -0.000121674881417
1708 -0.000122044982585
1709 -0.000122648185512
1710 -0.000124131982456
1711 -0.000122828189966
1712 -0.000123681815559
1713 -0.000120897208759
1714 -0.000120232664332
1715 -0.000118812525683
1716 -0.000116794682884
1717 -0.000114851734959
1718 -0.000111663542314
1719 -0.000108906669852
1720 -0.000107084406121
1721 -0.000104449565747
1722 -0.000100901780029
1723 -9.72752022179e-05
1724 -9.40211770367e-05
1725 -9.05955201084e-05
1726 -8.66302207187e-05
1727 -8.28797591463e-05
1728 -7.96475036508e-05
1729 -7.58835887615e-05
1730 -7.16842317166e-05
1731 -6.87442091158e-05
1732 -6.57966226936e-05
1733 -6.21704922124e-05
1734 -5.90939189721e-05
1735 -5.63611703014e-05
1736 -5.38903356999e-05
1737 -5.173994909e-05
1738 -4.98821474409e-05
1739 -4.79125880394e-05
1740 -4.61882184664e-05
1741 -4.46149448761e-05
1742 -4.3083512376e-05
1743 -4.14913556132e-05
1744 -3.97500255346e-05
1745 -3.80504303928e-05
1746 -3.64433649092e-05
1747 -3.47628791516e-05
1748 -3.29678913481e-05
1749 -3.11584489944e-05
1750 -0.000128888022104
1751 -0.000124018923675
1752 -0.000119311253366
1753 -0.000122588691641
1754 -0.00012081696803
1755 -0.000120409342045
1756 -0.000121805088308
1757 -0.000123263031375
1758 -0.000122638459308
1759 -0.000122311511618
1760 -0.000122895651987
1761 -0.000120803654164
1762 -0.000120974773962
1763 -0.000117686646962
1764 -0.000116576220712
1765 -0.000114839916797
1766 -0.000112546904292
1767 -0.000110410921589
1768 -0.000107122959371
1769 -0.00010432006128
1770 -0.000102426587726
1771 -9.98860350417e-05
1772 -9.63942300063e-05
1773 -9.28467173164e-05
1774 -8.96303187901e-05
1775 -8.62880051823e-05
1776 -8.23917917788e-05
1777 -7.869112784e-05
1778 -7.5584757662e-05
1779 -7.20646953807e-05
1780 -6.81177630901e-05
1781 -6.536748008e-05
1782 -6.2665179815e-05
1783 -5.9352289889e-05
1784 -5.6575851521e-05
1785 -5.41417077694e-05
1786 -5.19211743728e-05
1787 -4.99949301113e-05
1788 -4.83089935854e-05
1789 -4.64770333892e-05
1790 -4.48846167901e-05
1791 -4.33957845868e-05
1792 -4.18888618822e-05
1793 -4.02947600162e-05
1794 -3.8563032925e-05
1795 -3.68622340376e-05
1796 -3.52358527076e-05
1797 -3.35631332883e-05
1798 -3.17945592263e-05
1799 -3.00135132916e-05
1800 -0.000129979074237
1801 -0.000125066578305
1802 -0.000120089026854
1803 -0.000123055091466
1804 -0.000120850039884
1805 -0.000119972272121
1806 -0.000120779699384
1807 -0.000121679879107
1808 -0.000120531637659
1809 -0.000119710065854
1810 -0.000119779710543
1811 -0.000117349668717
1812 -0.000117124399926
1813 -0.000113606147119
1814 -0.000112270530721
1815 -0.000110300103565
1816 -0.000107848711845
1817 -0.000105611167911
1818 -0.000102369146302
1819 -9.96105070901e-05
1820 -9.76851273885e-05
1821 -9.51522265748e-05
1822 -9.17444266256e-05
1823 -8.82789227467e-05
1824 -8.51365499905e-05
1825 -8.18404116632e-05
1826 -7.8057708636e-05
1827 -7.45406122812e-05
1828 -7.16449371176e-05
1829 -6.8340231294e-05
1830 -6.46288789055e-05
1831 -6.21381058986e-05
1832 -5.97204258845e-05
1833 -5.67235598654e-05
1834 -5.42738538978e-05
1835 -5.21513809211e-05
1836 -5.01501151469e-05
1837 -4.84029168361e-05
1838 -4.68505415528e-05
1839 -4.51622969332e-05
1840 -4.36496334151e-05
1841 -4.21960570433e-05
1842 -4.06849458254e-05
1843 -3.91130262596e-05
1844 -3.73743562291e-05
1845 -3.56475593102e-05
1846 -3.39997553496e-05
1847 -3.23253261635e-05
1848 -3.05778439961e-05
1849 -2.88315940658e-05
1850 -0.000127723415297
1851 -0.000123005870943
1852 -0.000117857231832
1853 -0.00012060511546
1854 -0.000118176903249
1855 -0.000117085029204
1856 -0.000117546378133
1857 -0.000118149205578
1858 -0.00011674197992
1859 -0.000115696365244
1860 -0.000115463360566
1861 -0.000112936671826
1862 -0.000112462960548
1863 -0.000108905929624
1864 -0.000107436373325
1865 -0.000105398969625
1866 -0.000102955211584
1867 -0.000100706504561
1868 -9.75467509035e-05
1869 -9.48668573491e-05
1870 -9.29308140235e-05
1871 -9.04102804765e-05
1872 -8.71167327723e-05
1873 -8.37083889082e-05
1874 -8.0607528557e-05
1875 -7.74006768509e-05
1876 -7.38425314871e-05
1877 -7.05419442363e-05
1878 -6.78435029694e-05
1879 -6.4763845504e-05
1880 -6.13769419653e-05
1881 -5.9166238336e-05
1882 -5.70222836584e-05
1883 -5.43393350777e-05
1884 -5.21665232445e-05
1885 -5.02779609657e-05
1886 -4.84479300594e-05
1887 -4.6872924797e-05
1888 -4.54545038616e-05
1889 -4.38728510114e-05
1890 -4.24035913223e-05
1891 -4.09605066954e-05
1892 -3.94521327507e-05
1893 -3.7878970302e-05
1894 -3.61124725668e-05
1895 -3.43737513989e-05
1896 -3.27353957578e-05
1897 -3.10819280429e-05
1898 -2.93724292599e-05
1899 -2.76850615965e-05
1900 -0.000123723795502
1901 -0.000119091013436
1902 -0.000114123952229
1903 -0.000116631682305
1904 -0.000114223870607
1905 -0.000113012536569
1906 -0.000113301732433
1907 -0.000113709322173
1908 -0.000112166532546
1909 -0.000111027187849
1910 -0.000110574759925
1911 -0.000107993996046
1912 -0.00010735591318
1913 -0.000103815536197
1914 -0.000102323617344
1915 -0.000100296608952
1916 -9.78990646056e-05
1917 -9.56754842267e-05
1918 -9.26120167792e-05
1919 -9.00047261165e-05
1920 -8.80742212542e-05
1921 -8.55933268955e-05
1922 -8.23595125417e-05
1923 -7.90257199367e-05
1924 -7.6099594842e-05
1925 -7.31181729309e-05
1926 -6.98476235109e-05
1927 -6.67632455899e-05
1928 -6.42798476287e-05
1929 -6.14890341302e-05
1930 -5.84259854009e-05
1931 -5.64641535548e-05
1932 -5.45894385941e-05
1933 -5.22013019112e-05
1934 -5.02739808387e-05
1935 -4.85509949891e-05
1936 -4.68654660705e-05
1937 -4.54189427714e-05
1938 -4.41059175656e-05
1939 -4.25747095072e-05
1940 -4.11124098165e-05
1941 -3.96791607629e-05
1942 -3.81732771454e-05
1943 -3.65803563735e-05
1944 -3.47899933163e-05
1945 -3.30646703841e-05
1946 -3.14444575591e-05
1947 -2.98301574574e-05
1948 -2.81601651461e-05
1949 -2.65835742169e-05
1950 -0.000118721303908
1951 -0.000114185158345
1952 -0.000109486970259
1953 -0.000111795964572
1954 -0.000109410245035
1955 -0.000108183233289
1956 -0.000108319512315
1957 -0.000108554537467
1958 -0.00010696349287
1959 -0.00010581074469
1960 -0.000105235307742
1961 -0.000102710192648
1962 -0.000102033165095
1963 -9.8588760228e-05
1964 -9.71225699797e-05
1965 -9.51526469793e-05
1966 -9.28250693157e-05
1967 -9.06463758527e-05
1968 -8.77274900564e-05
1969 -8.51750023759e-05
1970 -8.32314863308e-05
1971 -8.07923566586e-05
1972 -7.76715003705e-05
1973 -7.45464213327e-05
1974 -7.18231315614e-05
1975 -6.90345932947e-05
1976 -6.5994556832e-05
1977 -6.31350686291e-05
1978 -6.09263788852e-05
1979 -5.84346824329e-05
1980 -5.56757304047e-05
1981 -5.39775286234e-05
1982 -5.23602785794e-05
1983 -5.0226164029e-05
1984 -4.84815622109e-05
1985 -4.69512156992e-05
1986 -4.54049555363e-05
1987 -4.40596913043e-05
1988 -4.27874027433e-05
1989 -4.12631049566e-05
1990 -3.9804401323e-05
1991 -3.8385898367e-05
1992 -3.68597865383e-05
1993 -3.52275269569e-05
1994 -3.34329042144e-05
1995 -3.17314207076e-05
1996 -3.0134875921e-05
1997 -2.85631741515e-05
1998 -2.69879518803e-05
1999 -2.55333664214e-05
2000 -0.000113045887076
2001 -0.000108763717153
2002 -0.000104272140221
2003 -0.000106419341175
2004 -0.000104104764713
2005 -0.000102911854038
2006 -0.00010293879287
2007 -0.000103119311144
2008 -0.000101548006417
2009 -0.000100442704113
2010 -9.98489529303e-05
2011 -9.74026790144e-05
2012 -9.67283993324e-05
2013 -9.34533290738e-05
2014 -9.20189381392e-05
2015 -9.00663168594e-05
2016 -8.77919773409e-05
2017 -8.56300245337e-05
2018 -8.27767636494e-05
2019 -8.02755897784e-05
2020 -7.83695407805e-05
2021 -7.60867088144e-05
2022 -7.31727227395e-05
2023 -7.02725125473e-05
2024 -6.77711400723e-05
2025 -6.51920061957e-05
2026 -6.2425018519e-05
2027 -5.98510925643e-05
2028 -5.79069439368e-05
2029 -5.56997407455e-05
2030 -5.32403056649e-05
2031 -5.17868581043e-05
2032 -5.03886010044e-05
2033 -4.84464413824e-05
2034 -4.68811656857e-05
2035 -4.54595198915e-05
2036 -4.39894516582e-05
2037 -4.27107885134e-05
2038 -4.14555131252e-05
2039 -3.99432594865e-05
2040 -3.85013557623e-05
2041 -3.70604408193e-05
2042 -3.54913746419e-05
2043 -3.38415722003e-05
2044 -3.20806283048e-05
2045 -3.04181164532e-05
2046 -2.88549259723e-05
2047 -2.73521173858e-05
2048 -2.58929172437e-05
2049 -2.45609977373e-05
2050 -0.000107256030104
2051 -0.000103210488622
2052 -9.89570430845e-05
2053 -0.000101013590527
2054 -9.87949496561e-05
2055 -9.76452322973e-05
2056 -9.75969927074e-05
2057 -9.77477804006e-05
2058 -9.62320788681e-05
2059 -9.51703894244e-05
2060 -9.45359726565e-05
2061 -9.21780082476e-05
2062 -9.14812205327e-05
2063 -8.83086126476e-05
2064 -8.68864199293e-05
2065 -8.49601952378e-05
2066 -8.27079557932e-05
2067 -8.0584592735e-05
2068 -7.78453799506e-05
2069 -7.54955502049e-05
2070 -7.37112003474e-05
2071 -7.16154484132e-05
2072 -6.89162861005e-05
2073 -6.62382908532e-05
2074 -6.39449206733e-05
2075 -6.16371271834e-05
2076 -5.91616062822e-05
2077 -5.68367715144e-05
2078 -5.51429408445e-05
2079 -5.32153253842e-05
2080 -5.102730699e-05
2081 -4.97772258412e-05
2082 -4.85314555412e-05
2083 -4.67479619403e-05
2084 -4.53010379457e-05
2085 -4.39774105104e-05
2086 -4.25662408872e-05
2087 -4.13025671989e-05
2088 -4.00417017421e-05
2089 -3.85664295809e-05
2090 -3.71031006863e-05
2091 -3.56333606684e-05
2092 -3.40400490735e-05
2093 -3.24366543778e-05
2094 -3.07014473328e-05
2095 -2.90873921893e-05
2096 -2.75973211871e-05
2097 -2.6206133272e-05
2098 -2.4886823831e-05
2099 -2.36876778069e-05
2100 -0.000101431605078
2101 -9.76436716935e-05
2102 -9.35773949078e-05
2103 -9.55089291458e-05
2104 -9.33962014247e-05
2105 -9.23244752593e-05
2106 -9.21954157406e-05
2107 -9.23184388911e-05
2108 -9.08628347033e-05
2109 -8.98264023861e-05
2110 -8.91469271335e-05
2111 -8.68920999385e-05
2112 -8.61614265205e-05
2113 -8.31183377877e-05
2114 -8.16959198555e-05
2115 -7.98317990057e-05
2116 -7.76841559048e-05
2117 -7.56869296581e-05
2118 -7.31695540078e-05
2119 -7.10173816008e-05
2120 -6.93680349135e-05
2121 -6.74107135425e-05
2122 -6.49408169262e-05
2123 -6.25107116478e-05
2124 -6.04763114935e-05
2125 -5.84161274309e-05
2126 -5.62138009388e-05
2127 -5.4152383423e-05
2128 -5.27206393131e-05
2129 -5.10300871581e-05
2130 -4.90602049161e-05
2131 -4.79546543613e-05
2132 -4.68323809575e-05
2133 -4.51944493537e-05
2134 -4.38410500645e-05
2135 -4.25684016666e-05
2136 -4.11490033447e-05
2137 -3.98971045576e-05
2138 -3.86396117959e-05
2139 -3.71393330348e-05
2140 -3.56319533607e-05
2141 -3.41413634536e-05
2142 -3.25782803208e-05
2143 -3.10092498698e-05
2144 -2.93252703933e-05
2145 -2.77797267583e-05
2146 -2.63998419274e-05
2147 -2.51395871714e-05
2148 -2.3953854876e-05
2149 -2.28745494478e-05
2150 -9.55416021522e-05
2151 -9.1969683011e-05
2152 -8.81651906244e-05
2153 -8.99845418192e-05
2154 -8.79703196302e-05
2155 -8.69576256033e-05
2156 -8.67835135641e-05
2157 -8.68617473266e-05
2158 -8.54311954812e-05
2159 -8.44602792694e-05
2160 -8.37391961082e-05
2161 -8.15385141415e-05
2162 -8.07981397658e-05
2163 -7.79296643002e-05
2164 -7.65947643426e-05
2165 -7.48545890863e-05
2166 -7.287360382e-05
2167 -7.10395958185e-05
2168 -6.87377165006e-05
2169 -6.67680668376e-05
2170 -6.52535614915e-05
2171 -6.34957113407e-05
2172 -6.12874686532e-05
2173 -5.91075053208e-05
2174 -5.73036344878e-05
2175 -5.54919066309e-05
2176 -5.35634733566e-05
2177 -5.1760309543e-05
2178 -5.05513095871e-05
2179 -4.90380756475e-05
2180 -4.72377519523e-05
2181 -4.62516898968e-05
2182 -4.5231774455e-05
2183 -4.36947533089e-05
2184 -4.23723331821e-05
2185 -4.11055139737e-05
2186 -3.96996614746e-05
2187 -3.84623474571e-05
2188 -3.71889382538e-05
2189 -3.56602991887e-05
2190 -3.41311393068e-05
2191 -3.26589895081e-05
2192 -3.112846584e-05
2193 -2.9590431142e-05
2194 -2.79706820117e-05
2195 -2.65388805866e-05
2196 -2.5280583751e-05
2197 -2.41575551542e-05
2198 -2.3091183373e-05
2199 -2.21077320151e-05
2200 -8.97078965985e-05
2201 -8.63540551663e-05
2202 -8.27661249302e-05
2203 -8.44603603778e-05
2204 -8.25685902121e-05
2205 -8.16032801248e-05
2206 -8.13633157737e-05
2207 -8.13823558928e-05
2208 -7.99909076905e-05
2209 -7.90852320445e-05
2210 -7.84114606015e-05
2211 -7.63420592552e-05
2212 -7.56630885647e-05
2213 -7.29922752522e-05
2214 -7.18026574067e-05
2215 -7.02001649026e-05
2216 -6.83896276567e-05
2217 -6.66928134623e-05
2218 -6.45983685245e-05
2219 -6.28253214622e-05
2220 -6.14805656532e-05
2221 -5.99401593132e-05
2222 -5.7959191871e-05
2223 -5.60289540631e-05
2224 -5.44746581629e-05
2225 -5.29018021917e-05
2226 -5.12351153632e-05
2227 -4.96194331658e-05
2228 -4.85567641157e-05
2229 -4.71885962058e-05
2230 -4.55388461393e-05
2231 -4.46436107221e-05
2232 -4.36710867014e-05
2233 -4.2164648229e-05
2234 -4.08560574975e-05
2235 -3.9613219125e-05
2236 -3.82251667886e-05
2237 -3.69667748196e-05
2238 -3.56461677008e-05
2239 -3.41078010934e-05
2240 -3.25986084493e-05
2241 -3.11616653851e-05
2242 -2.96815554287e-05
2243 -2.82005528246e-05
2244 -2.66876987392e-05
2245 -2.53843426475e-05
2246 -2.42589972847e-05
2247 -2.32612809593e-05
2248 -2.23079326496e-05
2249 -2.14132212829e-05
2250 -8.39485759815e-05
2251 -8.07146363373e-05
2252 -7.74185889563e-05
2253 -7.90005735224e-05
2254 -7.72138447792e-05
2255 -7.63352227311e-05
2256 -7.60837786213e-05
2257 -7.60897228306e-05
2258 -7.47978595772e-05
2259 -7.39859265253e-05
2260 -7.33739501275e-05
2261 -7.14559566668e-05
2262 -7.08387764778e-05
2263 -6.83847602855e-05
2264 -6.73047130357e-05
2265 -6.58353209273e-05
2266 -6.41705439736e-05
2267 -6.26480938381e-05
2268 -6.07728006156e-05
2269 -5.92127408248e-05
2270 -5.80404662941e-05
2271 -5.6718178405e-05
2272 -5.49794294899e-05
2273 -5.33039633546e-05
2274 -5.20101286552e-05
2275 -5.06381753903e-05
2276 -4.91566800393e-05
2277 -4.76674447386e-05
2278 -4.67097917495e-05
2279 -4.54510401652e-05
2280 -4.39123968649e-05
2281 -4.30500575506e-05
2282 -4.20883766794e-05
2283 -4.06194090811e-05
2284 -3.93304106973e-05
2285 -3.81009887471e-05
2286 -3.66857512284e-05
2287 -3.53826651368e-05
2288 -3.40396936715e-05
2289 -3.25316064088e-05
2290 -3.10691198693e-05
2291 -2.96831375497e-05
2292 -2.82598063949e-05
2293 -2.6879725256e-05
2294 -2.55037587503e-05
2295 -2.43397569052e-05
2296 -2.33409069902e-05
2297 -2.24443615161e-05
2298 -2.15707955743e-05
2299 -2.07318679078e-05
2300 -7.84022396782e-05
2301 -7.53530642895e-05
2302 -7.23303751518e-05
2303 -7.37876895882e-05
2304 -7.21683515797e-05
2305 -7.13702842992e-05
2306 -7.111311203e-05
2307 -7.11370901052e-05
2308 -6.99410097564e-05
2309 -6.92294334834e-05
2310 -6.86494488253e-05
2311 -6.68766033351e-05
2312 -6.63258697843e-05
2313 -6.40800773804e-05
2314 -6.31232217583e-05
2315 -6.18124567643e-05
2316 -6.03501249213e-05
2317 -5.90026035984e-05
2318 -5.73646961925e-05
2319 -5.60002734434e-05
2320 -5.50220778575e-05
2321 -5.39074164844e-05
2322 -5.23986267796e-05
2323 -5.0926369407e-05
2324 -4.97886927345e-05
2325 -4.85578258351e-05
2326 -4.72134011616e-05
2327 -4.58562409997e-05
2328 -4.49902726384e-05
2329 -4.38212156051e-05
2330 -4.23391957686e-05
2331 -4.14707504977e-05
2332 -4.05222491469e-05
2333 -3.90892926764e-05
2334 -3.77945023836e-05
2335 -3.65310859106e-05
2336 -3.50598536374e-05
2337 -3.37572936053e-05
2338 -3.24521759672e-05
2339 -3.10175150408e-05
2340 -2.95802759903e-05
2341 -2.82485766916e-05
2342 -2.69208605502e-05
2343 -2.56654662527e-05
2344 -2.44239714965e-05
2345 -2.3388720556e-05
2346 -2.24877204746e-05
2347 -2.167147597e-05
2348 -2.08714303226e-05
2349 -2.00691351867e-05
2350 -7.32748000002e-05
2351 -7.03825131379e-05
2352 -6.75610768427e-05
2353 -6.89489460954e-05
2354 -6.74359231195e-05
2355 -6.67129837281e-05
2356 -6.64638651293e-05
2357 -6.65067275673e-05
2358 -6.54014264268e-05
2359 -6.47877074955e-05
2360 -6.42892636855e-05
2361 -6.2666984046e-05
2362 -6.22089144347e-05
2363 -6.0176761597e-05
2364 -5.93578459139e-05
2365 -5.82150837579e-05
2366 -5.69400238654e-05
2367 -5.57734762797e-05
2368 -5.43496180658e-05
2369 -5.31982179075e-05
2370 -5.24009413498e-05
2371 -5.14542723837e-05
2372 -5.01219874222e-05
2373 -4.87929413445e-05
2374 -4.77714445748e-05
2375 -4.66578581364e-05
2376 -4.54382588757e-05
2377 -4.4155841902e-05
2378 -4.33289654636e-05
2379 -4.21928377657e-05
2380 -4.07293989949e-05
2381 -3.98758233183e-05
2382 -3.89375668153e-05
2383 -3.75169783851e-05
2384 -3.6189196202e-05
2385 -3.48954262713e-05
2386 -3.34491076171e-05
2387 -3.21714112368e-05
2388 -3.08894502838e-05
2389 -2.94805598561e-05
2390 -2.80948528548e-05
2391 -2.68564228792e-05
2392 -2.56609700365e-05
2393 -2.45460277138e-05
2394 -2.34363124386e-05
2395 -2.25086386577e-05
2396 -2.16879028347e-05
2397 -2.09386304713e-05
2398 -2.01882162837e-05
2399 -1.94028790324e-05
2400 -6.85747080342e-05
2401 -6.5860487002e-05
2402 -6.3210833549e-05
2403 -6.45335407014e-05
2404 -6.31536663739e-05
2405 -6.24970237101e-05
2406 -6.22627706179e-05
2407 -6.23269435903e-05
2408 -6.13206806447e-05
2409 -6.0796070098e-05
2410 -6.03857355519e-05
2411 -5.89077520187e-05
2412 -5.85464767867e-05
2413 -5.67087875177e-05
2414 -5.60222667812e-05
2415 -5.50452661495e-05
2416 -5.39237128448e-05
2417 -5.29351164103e-05
2418 -5.17219119641e-05
2419 -5.07110486759e-05
2420 -5.00183078985e-05
2421 -4.91824335445e-05
2422 -4.79862164035e-05
2423 -4.67711030078e-05
2424 -4.5856812573e-05
2425 -4.48221647106e-05
2426 -4.36781979011e-05
2427 -4.24330478652e-05
2428 -4.1613750288e-05
2429 -4.05099750474e-05
2430 -3.91071137781e-05
2431 -3.82517613615e-05
2432 -3.72738312359e-05
2433 -3.5822427149e-05
2434 -3.44581801594e-05
2435 -3.31971408763e-05
2436 -3.17942022659e-05
2437 -3.05550890302e-05
2438 -2.93110542137e-05
2439 -2.79821440499e-05
2440 -2.67061654052e-05
2441 -2.56040809368e-05
2442 -2.45414545135e-05
2443 -2.35503833554e-05
2444 -2.25484434935e-05
2445 -2.17107406996e-05
2446 -2.09617953789e-05
2447 -2.0253272682e-05
2448 -1.95182229023e-05
2449 -1.87518908545e-05
2450 -6.42299509572e-05
2451 -6.16646866504e-05
2452 -5.92254650934e-05
2453 -6.04692984233e-05
2454 -5.92049333247e-05
2455 -5.86248310097e-05
2456 -5.84231186044e-05
2457 -5.85256579412e-05
2458 -5.76136372676e-05
2459 -5.7207531731e-05
2460 -5.68642997141e-05
2461 -5.55536138979e-05
2462 -5.52909545402e-05
2463 -5.36587211153e-05
2464 -5.31216417142e-05
2465 -5.23045664689e-05
2466 -5.13429392792e-05
2467 -5.04863223384e-05
2468 -4.94163672478e-05
2469 -4.85405236556e-05
2470 -4.79439483747e-05
2471 -4.72063310843e-05
2472 -4.61073747635e-05
2473 -4.49829396634e-05
2474 -4.41313388007e-05
2475 -4.31289955107e-05
2476 -4.2008162401e-05
2477 -4.07694524769e-05
2478 -3.99585462212e-05
2479 -3.88621216454e-05
2480 -3.74546326056e-05
2481 -3.654923465e-05
2482 -3.55308924708e-05
2483 -3.40867688119e-05
2484 -3.27450485342e-05
2485 -3.15306638598e-05
2486 -3.0169564697e-05
2487 -2.89716371174e-05
2488 -2.77926453752e-05
2489 -2.65829248306e-05
2490 -2.54378291261e-05
2491 -2.44593777181e-05
2492 -2.35118318955e-05
2493 -2.26158641042e-05
2494 -2.17004333532e-05
2495 -2.09377796799e-05
2496 -2.02356199118e-05
2497 -1.95680386147e-05
2498 -1.88597990977e-05
2499 -1.81182111474e-05
