0 -0.141539285536
1 -0.0345975305064
2 0.00407554760901
3 0.0129875788281
4 0.0153106950687
5 0.0133101618741
6 0.0117169816374
7 0.0100512361446
8 0.00839733313561
9 0.0071886677882
10 0.00615113043255
11 0.00528036020003
12 0.00453919783863
13 0.00385436103201
14 0.00338328136102
15 0.00296007056727
16 0.00256641106758
17 0.00227083183361
18 0.00200959393394
19 0.00177916408905
20 0.00159810829402
21 0.00139354718763
22 0.00116227726933
23 0.00093844398778
24 0.000790867358162
25 0.000729171980207
26 0.000718650924089
27 0.000721682537781
28 0.000719306246028
29 0.000696712863011
30 0.000657689268815
31 0.000617584927143
32 0.000576942996935
33 0.000531125132505
34 0.000486987998805
35 0.000445156173201
36 0.000409248338967
37 0.000375479140508
38 0.000346596254517
39 0.000318353137592
40 0.000292581075069
41 0.000269976738814
42 0.000248772596822
43 0.000228888715627
44 0.000211046641077
45 0.000194328094272
46 0.000180057525862
47 0.00016677177828
48 0.000155342780589
49 0.000144644835697
50 -0.00353457960921
51 0.0125653103881
52 0.012226167744
53 0.0130489183129
54 0.0123731678246
55 0.0112369036683
56 0.00997879431607
57 0.00876594295058
58 0.00754170037498
59 0.00645252205072
60 0.00561725221778
61 0.004802435186
62 0.00420363972165
63 0.00359760991478
64 0.00315007973859
65 0.00276687794523
66 0.00242862860324
67 0.0021645601824
68 0.00190492697534
69 0.00169487571038
70 0.00152524320754
71 0.00133469933708
72 0.00111177274367
73 0.000899256278545
74 0.000760004935335
75 0.000702839930639
76 0.000694418580955
77 0.0006985514133
78 0.000695771176455
79 0.000673911815607
80 0.000636725680342
81 0.00059913349383
82 0.000558971081934
83 0.000513538575443
84 0.000471066887049
85 0.000431397079643
86 0.000396860830402
87 0.000364030649106
88 0.000335451989163
89 0.000308062602579
90 0.000283488250653
91 0.000261452914113
92 0.000240599688266
93 0.000221367128497
94 0.000204043979848
95 0.00018792102141
96 0.000174180801059
97 0.000161382078476
98 0.000150212610165
99 0.000139806832518
100 -0.0751390046759
101 -0.00742851332761
102 0.00456907416161
103 0.00735242922327
104 0.00821890078497
105 0.00817344588588
106 0.00775648108532
107 0.00714276878974
108 0.0063715309667
109 0.00559980680201
110 0.00498386128034
111 0.00433377962911
112 0.00384375235732
113 0.00332761156508
114 0.00294132505488
115 0.00260356379533
116 0.00230006905102
117 0.00206133403768
118 0.00182283617372
119 0.00162787163226
120 0.00146833120061
121 0.00128448743253
122 0.00106951244995
123 0.000867696324979
124 0.000739444801397
125 0.000689364667415
126 0.000683484469172
127 0.000687905321372
128 0.000684807460707
129 0.000662913066111
130 0.000626161165352
131 0.000589340465415
132 0.000550094869551
133 0.000505633490106
134 0.000464117591494
135 0.00042527966362
136 0.000391477432132
137 0.000359304525381
138 0.000331140509716
139 0.000304271126567
140 0.000280126837628
141 0.000258550550548
142 0.000238099594901
143 0.00021912281106
144 0.000202052632941
145 0.000186140814426
146 0.000172600061477
147 0.000159984282449
148 0.000148962626743
149 0.000138686846042
150 -0.0861740872276
151 -0.0392466975456
152 -0.011511281032
153 -0.00223588073151
154 0.00231878893836
155 0.00413955294944
156 0.00490319261107
157 0.00505847901688
158 0.00485444306752
159 0.0044814170632
160 0.00414242621648
161 0.00370705588891
162 0.00335864280096
163 0.00295894445066
164 0.00265381503878
165 0.00237742187319
166 0.00212058940327
167 0.00191704658165
168 0.00170685144632
169 0.00153245227858
170 0.00138733222563
171 0.00121448847825
172 0.00101151969263
173 0.00082480250343
174 0.00071161225032
175 0.000671170306626
176 0.000668555283336
177 0.000673249354322
178 0.000669682449414
179 0.000647893604607
180 0.000611898397953
181 0.000576017542072
182 0.000538294175134
183 0.000495149572538
184 0.000454972066232
185 0.000417109235855
186 0.000384380415361
187 0.000353109676844
188 0.000326004146603
189 0.000299905983908
190 0.000276264955754
191 0.00025504343709
192 0.000235088429007
193 0.000216418560334
194 0.000199677625756
195 0.000184036067809
196 0.000170717680496
197 0.000158327444127
198 0.00014749804045
199 0.000137408638004
200 -0.065253583969
201 -0.0433497865308
202 -0.0208883840285
203 -0.010237745931
204 -0.00332919105534
205 5.90897239256e-05
206 0.00191919316326
207 0.00282428414446
208 0.00319203160259
209 0.00323332020372
210 0.00319127756308
211 0.00298015261821
212 0.00278999151553
213 0.00252544563841
214 0.00231386504988
215 0.00210880192513
216 0.00190804915495
217 0.00174430715861
218 0.00156763118106
219 0.00141705616732
220 0.00128807773369
221 0.00112887136369
222 0.000940498486819
223 0.000773249730884
224 0.000678553058805
225 0.000648862237859
226 0.000649743446537
227 0.00065473332464
228 0.000651241742234
229 0.000629826744509
230 0.000594941109303
231 0.000560417070289
232 0.000524223148185
233 0.000482967758749
234 0.000443935900749
235 0.000407465944503
236 0.000376149899148
237 0.000345851186496
238 0.000319646018502
239 0.000294399250232
240 0.00027120465441
241 0.000250816425845
242 0.000231319902821
243 0.0002132922918
244 0.000196908240378
245 0.000181391053539
246 0.000168372442619
247 0.000156357134976
248 0.000145798807329
249 0.000135982102174
250 -0.0490593152742
251 -0.0376619189799
252 -0.0231052231693
253 -0.0144401930477
254 -0.00736361453732
255 -0.00328821326734
256 -0.000751383705942
257 0.000701970812235
258 0.00154403710162
259 0.00196153337964
260 0.0021847409317
261 0.00220314818538
262 0.00217562226193
263 0.00204585262849
264 0.00192986268441
265 0.00179991835818
266 0.00165892401994
267 0.00154115494245
268 0.00140267348569
269 0.00128050186188
270 0.00116987943884
271 0.0010259350858
272 0.000855908867073
273 0.000713750995989
274 0.000639659449027
275 0.000621350973857
276 0.000625900234162
277 0.000630853229855
278 0.000626447629224
279 0.000605916228417
280 0.000572564982785
281 0.00054036802213
282 0.000505858736869
283 0.000466621711355
284 0.000429469994645
285 0.000395023159599
286 0.000365140756237
287 0.000336232014009
288 0.000311371464382
289 0.000286916809616
290 0.000264928747336
291 0.00024524318125
292 0.000226370833829
293 0.000208940696305
294 0.000192886415502
295 0.000178012878726
296 0.00016548857746
297 0.000153715209885
298 0.00014351612051
299 0.00013389562058
300 -0.0377611515251
301 -0.0309508783393
302 -0.0218149754544
303 -0.0156131973569
304 -0.0095252436672
305 -0.00556188204608
306 -0.00282247264106
307 -0.00108341904479
308 7.73691959333e-05
309 0.000774541199685
310 0.00121505965941
311 0.00142915266816
312 0.00154459569077
313 0.00154309870156
314 0.00152119354318
315 0.00146553254111
316 0.00138746922041
317 0.00131592736848
318 0.00121815513127
319 0.00112518957053
320 0.00103411511177
321 0.000907118393907
322 0.000762274569108
323 0.000647074068867
324 0.000594791726049
325 0.000588253425979
326 0.000595614530567
327 0.000600503665571
328 0.000595941788624
329 0.000576855485661
330 0.000544846512023
331 0.000514835482055
332 0.000482864269966
333 0.000445890624821
334 0.000411524847388
335 0.000379207178452
336 0.00035106150206
337 0.000323952198028
338 0.000300317102976
339 0.000277301677452
340 0.000256451833466
341 0.000237629542947
342 0.000219759449168
343 0.000202937872098
344 0.000187648800141
345 0.000173502025478
346 0.000161442750988
347 0.000150274762762
348 0.000140316606228
349 0.000130994312055
350 -0.0294919599445
351 -0.0252899576068
352 -0.0193944513929
353 -0.0150954925147
354 -0.0103065189115
355 -0.00682124967086
356 -0.00422475776425
357 -0.0024203455496
358 -0.00111365777983
359 -0.00024379737046
360 0.000347282263456
361 0.00071176825474
362 0.000941193775213
363 0.00105354138233
364 0.00111536630995
365 0.00112968547309
366 0.00110942943893
367 0.00108190645094
368 0.00102397090111
369 0.000959891180823
370 0.000887883932304
371 0.000782102010438
372 0.000664641238418
373 0.000578057366739
374 0.000546769009521
375 0.000550259201719
376 0.000560509294412
377 0.000565180819296
378 0.000560881396545
379 0.000542619243793
380 0.000513225874729
381 0.000485498879324
382 0.000456599161812
383 0.000422530382658
384 0.000391484190278
385 0.000361497727625
386 0.000335302914156
387 0.000310021311776
388 0.00028809728902
389 0.000266580253211
390 0.000246885286314
391 0.000229053046261
392 0.00021223652128
393 0.000196148739986
394 0.000181751070238
395 0.00016818609003
396 0.000156737425885
397 0.000145987556419
398 0.000136409352289
399 0.000127559982388
400 -0.0234931053609
401 -0.0208321599762
402 -0.0168157507664
403 -0.0138946519732
404 -0.0102073115171
405 -0.00733733991005
406 -0.00504240113924
407 -0.00333615721118
408 -0.00200989424264
409 -0.00105853519022
410 -0.000384226788977
411 8.43746047658e-05
412 0.000399680552577
413 0.000601768196563
414 0.000732571667051
415 0.000806498884603
416 0.000838283080281
417 0.000850551741026
418 0.000828741150609
419 0.00079134036951
420 0.00073887307565
421 0.000657190053307
422 0.00056856190929
423 0.000510204138669
424 0.000498133225162
425 0.000509192659945
426 0.000521123481846
427 0.000526379365253
428 0.000522718254027
429 0.000505827927784
430 0.000479408205578
431 0.000454668611979
432 0.000428663687911
433 0.000398121682601
434 0.000369210516053
435 0.000342040737404
436 0.00031817564056
437 0.000294929535554
438 0.000274686767936
439 0.00025474276556
440 0.000236293557364
441 0.000219711286867
442 0.000203846889361
443 0.000188899394036
444 0.000175304113496
445 0.000162432951603
446 0.00015149601919
447 0.000141312375362
448 0.000132272732979
449 0.000123925389499
450 -0.019121289164
451 -0.0172713809139
452 -0.0144567078997
453 -0.01244978873
454 -0.00965831759113
455 -0.0073603807669
456 -0.00541607908275
457 -0.00389162454841
458 -0.00262896940077
459 -0.00167181399806
460 -0.000968296102546
461 -0.000437080544701
462 -6.70255702191e-05
463 0.000200128469562
464 0.000383908280032
465 0.00050558708577
466 0.000581293330378
467 0.000628153512397
468 0.000638891049732
469 0.000626191837248
470 0.000594183189112
471 0.000536522851342
472 0.000476417703171
473 0.000444585097442
474 0.000448182421581
475 0.000464771493078
476 0.000478325438525
477 0.000483526410447
478 0.000480519938547
479 0.0004658083545
480 0.0004428051758
481 0.000421328444277
482 0.000398389661577
483 0.000371252379366
484 0.000345739874233
485 0.000321142526237
486 0.000299808017185
487 0.000278803425188
488 0.000260446491399
489 0.000241987510295
490 0.000225111184765
491 0.000209844768717
492 0.000195021769834
493 0.000181084776262
494 0.000168248374692
495 0.000156073142892
496 0.000145904749269
497 0.000136305714062
498 0.000127882457784
499 0.000119926183063
500 -0.0158007530325
501 -0.0144412847933
502 -0.0124104192971
503 -0.011019773213
504 -0.00890236965267
505 -0.00708471502254
506 -0.00548109886146
507 -0.00416725985887
508 -0.0030147310466
509 -0.00210315186339
510 -0.00140912081203
511 -0.000853813598011
512 -0.000455381784833
513 -0.000145475103893
514 7.54909328458e-05
515 0.000233538494489
516 0.000344104781729
517 0.000420478552795
518 0.000459294069772
519 0.000469510203574
520 0.000457333074996
521 0.00042374773093
522 0.00039082707799
523 0.000381409035179
524 0.000396822480506
525 0.000417791904862
526 0.000432069793497
527 0.000437888266343
528 0.000436212009213
529 0.000424227696403
530 0.000404638057377
531 0.000386698508742
532 0.000367036370946
533 0.000343316276396
534 0.000320882378177
535 0.000299188875548
536 0.000280309402869
537 0.000261432023046
538 0.000244985854434
539 0.000228194714218
540 0.000212877224426
541 0.000198861196409
542 0.000185283568231
543 0.000172441618447
544 0.000160582540388
545 0.000149346661725
546 0.000139893024373
547 0.000130988357186
548 0.000123119900358
549 0.000115584679335
550 -0.0132304092805
551 -0.0121760138885
552 -0.0106643709035
553 -0.00970467066588
554 -0.00807717753815
555 -0.0066506227977
556 -0.00534787533269
557 -0.00423905446006
558 -0.00321713909853
559 -0.00237929682508
560 -0.00172192977087
561 -0.00117184029274
562 -0.000766648003522
563 -0.000433003916103
564 -0.000188817491916
565 -5.08658805231e-06
566 0.000132968105375
567 0.000232620873885
568 0.00029560251125
569 0.000326042222788
570 0.000332375301398
571 0.000320932594411
572 0.000312106946252
573 0.000320173593857
574 0.000344105848826
575 0.000368067568234
576 0.000382986597308
577 0.000389886144246
578 0.000389859728019
579 0.000381024055285
580 0.00036500100623
581 0.000350652254048
582 0.000334642851985
583 0.000314390692453
584 0.000295035156541
585 0.000276484071033
586 0.000260044331573
587 0.000243677110791
588 0.000229110843625
589 0.000214212947817
590 0.000200480465984
591 0.000187664871058
592 0.000175462860497
593 0.000163599028365
594 0.00015258357517
595 0.000142362985951
596 0.000133537305508
597 0.000125332344256
598 0.00011798944466
599 0.000110976691271
600 -0.0111993579533
601 -0.0103639983614
602 -0.00919616831468
603 -0.00852626146278
604 -0.00726413065725
605 -0.00614595042809
606 -0.00509656074311
607 -0.00417291154141
608 -0.00328650577243
609 -0.00253390469049
610 -0.0019301554862
611 -0.0014020038983
612 -0.00100631350224
613 -0.000663829639156
614 -0.000408057396487
615 -0.000207197810315
616 -4.85574589094e-05
617 6.95415818436e-05
618 0.000152222797161
619 0.000198966418346
620 0.000220867009034
621 0.000228905937004
622 0.000239485748542
623 0.000260639575808
624 0.000290134602373
625 0.000315786452442
626 0.000331759394052
627 0.000340222344611
628 0.000342479116131
629 0.000336994886467
630 0.000324777441945
631 0.00031402125604
632 0.000301550993773
633 0.000285061674712
634 0.000268967350693
635 0.000253428849002
636 0.000239485671935
637 0.000225334852539
638 0.00021266275065
639 0.00019957098797
640 0.000187274313531
641 0.000175890149279
642 0.000164932690103
643 0.000154232587431
644 0.000144260266388
645 0.000134926584726
646 0.000126853159791
647 0.000119419927244
648 0.000112597694842
649 0.000106173613722
650 -0.00955084704484
651 -0.0088828513849
652 -0.00796390386703
653 -0.00748549959281
654 -0.00650516344523
655 -0.0056205860655
656 -0.00478100654165
657 -0.0040151853322
658 -0.00325865776229
659 -0.00259453142551
660 -0.002052346667
661 -0.00155771406934
662 -0.00118108177436
663 -0.000841297800964
664 -0.000581861364764
665 -0.000369956600868
666 -0.000196771543145
667 -6.55090050093e-05
668 3.06500940832e-05
669 8.88683697625e-05
670 0.000123210889069
671 0.000146826526511
672 0.00017191578078
673 0.000202203242893
674 0.000235002003703
675 0.000261889348446
676 0.000279504024279
677 0.000289860323308
678 0.000294889773676
679 0.000292871043234
680 0.000284927903171
681 0.000277747514941
682 0.000268608888064
683 0.000255612524638
684 0.000242861657439
685 0.000230170595772
686 0.000218593493712
687 0.000206718051771
688 0.000196028199709
689 0.000184633434291
690 0.00017388364317
691 0.00016392502153
692 0.000154208589279
693 0.000144571505306
694 0.000135649344366
695 0.000127188232265
696 0.000119962045492
697 0.000113183595866
698 0.00010694282414
699 0.000101092423982
700 -0.00819277108037
701 -0.00765741241623
702 -0.00693122854848
703 -0.00658731640929
704 -0.00582093291308
705 -0.00511404228247
706 -0.00444039797426
707 -0.00380981968278
708 -0.00316614593613
709 -0.00258789765322
710 -0.00210782995557
711 -0.00165227625707
712 -0.00129982102279
713 -0.00096867254493
714 -0.00070981032855
715 -0.000491722131587
716 -0.000310159383836
717 -0.000172678717138
718 -7.03752569822e-05
719 -5.33233967873e-06
720 3.80337242746e-05
721 7.31786595208e-05
722 0.000108364166687
723 0.000144369095047
724 0.000179364425348
725 0.000207457386933
726 0.000227066496199
727 0.000239862374644
728 0.000247730508841
729 0.000249226809147
730 0.000245323400626
731 0.000241538808806
732 0.000235807881176
733 0.000226269471448
734 0.000216713051962
735 0.000206797390335
736 0.000197619068895
737 0.000187959459939
738 0.000179162636142
739 0.000169482565768
740 0.000160378183188
741 0.000151768891741
742 0.000143352181212
743 0.000134813385918
744 0.000126900864163
745 0.000119350585168
746 0.000112953553774
747 0.000106867573167
748 0.000101242948518
749 9.59209071042e-05
750 -0.00709004402109
751 -0.0066526235589
752 -0.00605843219845
753 -0.00581621187834
754 -0.00520304335812
755 -0.00463977900456
756 -0.00409816074255
757 -0.00358113851901
758 -0.00303429303329
759 -0.00253389472612
760 -0.00211116727686
761 -0.00169656443488
762 -0.00136755797933
763 -0.00104741696619
764 -0.000791907404447
765 -0.000573414127107
766 -0.000392049822967
767 -0.000256683039639
768 -0.000154383101386
769 -8.62293295284e-05
770 -3.69591145828e-05
771 5.91739447533e-06
772 4.75909183339e-05
773 8.72685221591e-05
774 0.00012389537746
775 0.000153555831904
776 0.000175442603551
777 0.000191134876158
778 0.000201978598711
779 0.000206892655082
780 0.000206924984782
781 0.000206470236743
782 0.000203938308325
783 0.000197682533123
784 0.0001909724796
785 0.000183699467697
786 0.000176839816794
787 0.000169265865306
788 0.000162373829214
789 0.000154347941657
790 0.000146821713114
791 0.000139558160372
792 0.000132349796734
793 0.000124956590541
794 0.000118028527057
795 0.000111423137155
796 0.000105820319714
797 0.000100390891919
798 9.5400958877e-05
799 9.06191947213e-05
800 -0.00617123879143
801 -0.00580696526836
802 -0.00532242519536
803 -0.00515323920864
804 -0.00465543331257
805 -0.00420546868909
806 -0.00376807075667
807 -0.00334294299359
808 -0.00287837046283
809 -0.00244419385552
810 -0.00207182146539
811 -0.0016921717632
812 -0.00138611275528
813 -0.00107839345719
814 -0.00083155193271
815 -0.000622179661874
816 -0.000450507171833
817 -0.000323502944923
818 -0.00022519811149
819 -0.000156615533007
820 -0.000104266639773
821 -5.68989506476e-05
822 -1.11514260549e-05
823 3.12813148707e-05
824 6.94591953683e-05
825 0.000101163869344
826 0.000125503774742
827 0.000144131434296
828 0.000157918043028
829 0.0001663257873
830 0.00016994509543
831 0.000172674047641
832 0.00017310373368
833 0.000169932201582
834 0.00016589348569
835 0.000161305363769
836 0.000156595503337
837 0.000151097824836
838 0.000145827135667
839 0.000139497282604
840 0.000133391928511
841 0.000127394549754
842 0.000121309320262
843 0.000115079947719
844 0.000109143747576
845 0.000103458635011
846 9.86105132621e-05
847 9.38688762488e-05
848 8.94745604751e-05
849 8.52573447636e-05
850 -0.00540684276145
851 -0.00510342173225
852 -0.00469806167775
853 -0.00457699264211
854 -0.00417319822133
855 -0.00380766836648
856 -0.00345245251334
857 -0.00310025213612
858 -0.00270338172143
859 -0.00232305399777
860 -0.00199065668185
861 -0.00164168618635
862 -0.00135692825661
863 -0.00106843755523
864 -0.000840058730831
865 -0.000649537822786
866 -0.000493796684031
867 -0.00037840729156
868 -0.000286244907875
869 -0.000219340121932
870 -0.000166199873673
871 -0.000116211794526
872 -6.75291890894e-05
873 -2.27096354136e-05
874 1.71838788835e-05
875 5.10539565412e-05
876 7.80864425368e-05
877 9.96221217224e-05
878 0.000116223631443
879 0.000127814582659
880 0.000134816501146
881 0.000140382430268
882 0.000143588642041
883 0.000143318235611
884 0.000141866943443
885 0.000139579318863
886 0.000136849719166
887 0.000133272558104
888 0.00012957924152
889 0.000124802994934
890 0.000120160518919
891 0.000115394297643
892 0.000110459016031
893 0.000105321652614
894 0.000100330300278
895 9.55454802672e-05
896 9.14004534067e-05
897 8.73524759806e-05
898 8.3534342269e-05
899 7.98384520259e-05
900 -0.00476969732329
901 -0.00449915084177
902 -0.00416185492373
903 -0.00407692038365
904 -0.00374361567224
905 -0.00344046801429
906 -0.00314686041302
907 -0.00285056126398
908 -0.00250456736746
909 -0.00216815432786
910 -0.00186938534226
911 -0.00155002548415
912 -0.00129364597554
913 -0.0010343330952
914 -0.000833307917173
915 -0.000665439623557
916 -0.000528126339542
917 -0.000425517680796
918 -0.000341070659077
919 -0.000277033210239
920 -0.000223958226605
921 -0.000172004968294
922 -0.000120794329915
923 -7.3588682118e-05
924 -3.18682713085e-05
925 4.23076866287e-06
926 3.39141196275e-05
927 5.81149276719e-05
928 7.73312267235e-05
929 9.1833163647e-05
930 0.00010192167892
931 0.000109997447228
932 0.000115683313636
933 0.000118006081463
934 0.000118997387825
935 0.000118789790309
936 0.000117934324877
937 0.000116105918903
938 0.000113913461168
939 0.000110586175915
940 0.000107196278245
941 0.000103637966226
942 9.97668661804e-05
943 9.56573572368e-05
944 9.15981639629e-05
945 8.76338826285e-05
946 8.42398792148e-05
947 8.08209570585e-05
948 7.75873322727e-05
949 7.43994629698e-05
950 -0.00420480164097
951 -0.00397823896791
952 -0.00368859441525
953 -0.003625002558
954 -0.00334322878169
955 -0.00308905787909
956 -0.00283892073655
957 -0.00258393759561
958 -0.0022792640817
959 -0.00198254730215
960 -0.0017185703011
961 -0.0014392814725
962 -0.00121894204439
963 -0.000994648520194
964 -0.000822030354495
965 -0.000676699223373
966 -0.000558190559303
967 -0.000469513545018
968 -0.000392741903042
969 -0.0003311371947
970 -0.000277682093585
971 -0.000223637382565
972 -0.000169880348001
973 -0.000120376341561
974 -7.68511037622e-05
975 -3.86603421677e-05
976 -6.59156610351e-06
977 1.99796714935e-05
978 4.14574218571e-05
979 5.84413762358e-05
980 7.12258423714e-05
981 8.15281083041e-05
982 8.93764354643e-05
983 9.40140008297e-05
984 9.71216846453e-05
985 9.88390164566e-05
986 9.96800247537e-05
987 9.94427796999e-05
988 9.86297437964e-05
989 9.66719075619e-05
990 9.45886319495e-05
991 9.21457006963e-05
992 8.93430484455e-05
993 8.61992048317e-05
994 8.304832675e-05
995 7.98898775105e-05
996 7.7182570713e-05
997 7.44063152219e-05
998 7.1695789424e-05
999 6.90321526328e-05
1000 -0.00368883036589
1001 -0.00349694720298
1002 -0.00324342781063
1003 -0.00319305447015
1004 -0.00295170017191
1005 -0.00273485036631
1006 -0.00252119385124
1007 -0.00230235466115
1008 -0.00204077702272
1009 -0.00178882559081
1010 -0.00156799827871
1011 -0.0013327583894
1012 -0.00114800865621
1013 -0.000956248013635
1014 -0.000810193796839
1015 -0.000688108570736
1016 -0.000588558015781
1017 -0.000513072723878
1018 -0.000441812839806
1019 -0.000380955817612
1020 -0.000325996286417
1021 -0.000269877523122
1022 -0.00021375230876
1023 -0.000162223969327
1024 -0.000117074859412
1025 -7.71861838691e-05
1026 -4.30841845811e-05
1027 -1.45292450543e-05
1028 8.82279811441e-06
1029 2.79475375667e-05
1030 4.305752193e-05
1031 5.52792665045e-05
1032 6.49703417837e-05
1033 7.16620379602e-05
1034 7.65840624162e-05
1035 7.99969595094e-05
1036 8.23548630052e-05
1037 8.35633593124e-05
1038 8.4109105315e-05
1039 8.34280247586e-05
1040 8.24587288038e-05
1041 8.10399354647e-05
1042 7.92184796994e-05
1043 7.70079656513e-05
1044 7.46944272901e-05
1045 7.22767493198e-05
1046 7.02126140355e-05
1047 6.80182798011e-05
1048 6.58311485972e-05
1049 6.36301085001e-05
1050 -0.00320147936299
1051 -0.00303385566889
1052 -0.00281910813258
1053 -0.00277895017009
1054 -0.00257610550164
1055 -0.00239352925814
1056 -0.00221815172675
1057 -0.0020392414859
1058 -0.00182452960855
1059 -0.00161801175839
1060 -0.0014378340487
1061 -0.00124015550962
1062 -0.00108603886612
1063 -0.00092410537994
1064 -0.00080427005116
1065 -0.000705876511774
1066 -0.000623108963506
1067 -0.000556712357754
1068 -0.000487462816413
1069 -0.00042533511206
1070 -0.000368305401114
1071 -0.000310042818432
1072 -0.000251833074961
1073 -0.000198791065779
1074 -0.000152340665428
1075 -0.000111216262993
1076 -7.54695612617e-05
1077 -4.53715351157e-05
1078 -2.0541887527e-05
1079 3.05539781264e-07
1080 1.73589027155e-05
1081 3.11625004263e-05
1082 4.23976274778e-05
1083 5.08549496712e-05
1084 5.7416484208e-05
1085 6.23886920679e-05
1086 6.60993788963e-05
1087 6.86039278449e-05
1088 7.02759973336e-05
1089 7.07819456492e-05
1090 7.08320601033e-05
1091 7.03786544149e-05
1092 6.94722971502e-05
1093 6.81416260842e-05
1094 6.65997869929e-05
1095 6.49098988017e-05
1096 6.34390160645e-05
1097 6.18216749995e-05
1098 6.01306759928e-05
1099 5.83736911854e-05
1100 -0.0027563894697
1101 -0.00261579625039
1102 -0.00243758953747
1103 -0.00241056894579
1104 -0.0022450079964
1105 -0.00209831894811
1106 -0.00195970947971
1107 -0.00181860201304
1108 -0.00164360761096
1109 -0.00147370640109
1110 -0.00132518243481
1111 -0.00115937125707
1112 -0.00103522735216
1113 -0.000903799858014
1114 -0.000810464142575
1115 -0.000731532976716
1116 -0.00065979921825
1117 -0.000596717400771
1118 -0.000526518607469
1119 -0.000461957124068
1120 -0.000403062259482
1121 -0.000343138990182
1122 -0.000283664178135
1123 -0.000229632915321
1124 -0.00018253560764
1125 -0.000140603163166
1126 -0.000103700440663
1127 -7.25385482351e-05
1128 -4.66180194025e-05
1129 -2.44427425706e-05
1130 -5.83351351481e-06
1131 9.23691774332e-06
1132 2.17758620433e-05
1133 3.17784969004e-05
1134 3.97182671421e-05
1135 4.60006345202e-05
1136 5.08866320636e-05
1137 5.45250173455e-05
1138 5.72597387326e-05
1139 5.87780704316e-05
1140 5.97866858932e-05
1141 6.02028742204e-05
1142 6.0143302049e-05
1143 5.96009483803e-05
1144 5.87559032351e-05
1145 5.77422208641e-05
1146 5.68164351249e-05
1147 5.5724106886e-05
1148 5.45064994019e-05
1149 5.31857359418e-05
1150 -0.00239933110751
1151 -0.00227757306034
1152 -0.00213054780176
1153 -0.00211340498545
1154 -0.00197928699797
1155 -0.00186045378157
1156 -0.00174990521876
1157 -0.00163519061074
1158 -0.00148969754757
1159 -0.00134962934477
1160 -0.00123082675559
1161 -0.00109844122207
1162 -0.00100573891964
1163 -0.000902124697777
1164 -0.000828939449587
1165 -0.000761030260499
1166 -0.000693143210667
1167 -0.000629359821731
1168 -0.00055677690811
1169 -0.000490030643328
1170 -0.000429787536216
1171 -0.000369004911405
1172 -0.000309091168761
1173 -0.000254711260745
1174 -0.000207552637184
1175 -0.00016536680213
1176 -0.000127893139379
1177 -9.60847462695e-05
1178 -6.94348141234e-05
1179 -4.63414246324e-05
1180 -2.65327096445e-05
1181 -1.04989651114e-05
1182 3.05905925873e-06
1183 1.43035700572e-05
1184 2.34087731517e-05
1185 3.0771694031e-05
1186 3.66929858354e-05
1187 4.13253806946e-05
1188 4.4957463368e-05
1189 4.74456545299e-05
1190 4.92988427036e-05
1191 5.0510598917e-05
1192 5.12218882778e-05
1193 5.14172063107e-05
1194 5.12508904445e-05
1195 5.08314092732e-05
1196 5.04402973988e-05
1197 4.98375138547e-05
1198 4.90717928689e-05
1199 4.81259859159e-05
1200 -0.00211158446067
1201 -0.00200735487238
1202 -0.0018827757079
1203 -0.00187047631793
1204 -0.00175900912661
1205 -0.00166050049994
1206 -0.00157121104557
1207 -0.00147980112132
1208 -0.00136316775519
1209 -0.00125483456061
1210 -0.00116876764846
1211 -0.00106791724254
1212 -0.00100116596095
1213 -0.000915214198574
1214 -0.000852230974331
1215 -0.000787320693445
1216 -0.00071870414093
1217 -0.000652527648786
1218 -0.000577676675892
1219 -0.000509395826274
1220 -0.000448668210656
1221 -0.000388162299617
1222 -0.000328521851827
1223 -0.000274521706555
1224 -0.000227786229012
1225 -0.000185889755067
1226 -0.000148271884006
1227 -0.000116231030123
1228 -8.92311292684e-05
1229 -6.55489512344e-05
1230 -4.48592230146e-05
1231 -2.81351409908e-05
1232 -1.38038129498e-05
1233 -1.54687303297e-06
1234 8.50887061033e-06
1235 1.67809897813e-05
1236 2.3567507416e-05
1237 2.90671615192e-05
1238 3.35233746639e-05
1239 3.68455817249e-05
1240 3.94489690246e-05
1241 4.13819136448e-05
1242 4.2767570605e-05
1243 4.36184214796e-05
1244 4.40541061741e-05
1245 4.41906565307e-05
1246 4.42858980868e-05
1247 4.41083513613e-05
1248 4.37428261105e-05
1249 4.31910974546e-05
1250 -0.00186715759151
1251 -0.00177726881841
1252 -0.0016711712635
1253 -0.00166474864298
1254 -0.0015734372354
1255 -0.00149637421578
1256 -0.00143102361349
1257 -0.00136607064413
1258 -0.00128062874432
1259 -0.00120269214728
1260 -0.00114325265966
1261 -0.00106378274511
1262 -0.0010108872596
1263 -0.000931347827044
1264 -0.000870002025581
1265 -0.000804006704783
1266 -0.000732983499824
1267 -0.000664621831969
1268 -0.000588756920279
1269 -0.000520410155818
1270 -0.000460351683253
1271 -0.000400802929984
1272 -0.000342356013582
1273 -0.000289461042046
1274 -0.00024363225189
1275 -0.000202405921393
1276 -0.000165052875197
1277 -0.00013314729728
1278 -0.000106170495335
1279 -8.21657487277e-05
1280 -6.09182050588e-05
1281 -4.37452935077e-05
1282 -2.88509753979e-05
1283 -1.58124209603e-05
1284 -5.00336698294e-06
1285 4.01727621953e-06
1286 1.15316409726e-05
1287 1.776990927e-05
1288 2.29055740046e-05
1289 2.69309762867e-05
1290 3.02035069831e-05
1291 3.27798535839e-05
1292 3.4770325021e-05
1293 3.6205932208e-05
1294 3.71870042909e-05
1295 3.78336801217e-05
1296 3.83722202807e-05
1297 3.86193762494e-05
1298 3.86191312433e-05
1299 3.84217853348e-05
1300 -0.0016789433499
1301 -0.00160157523614
1302 -0.00151177544174
1303 -0.00151540074403
1304 -0.00144493960845
1305 -0.00138935140261
1306 -0.00134718591607
1307 -0.00130637690704
1308 -0.0012437876802
1309 -0.00118508740001
1310 -0.00113953450131
1311 -0.00106854053646
1312 -0.00101900250097
1313 -0.000939335413377
1314 -0.000876226642738
1315 -0.000807893698269
1316 -0.00073567627252
1317 -0.00066695109478
1318 -0.000591598411573
1319 -0.000524412817026
1320 -0.000465933462304
1321 -0.000408364251415
1322 -0.000351582458346
1323 -0.000300331233865
1324 -0.000255657858565
1325 -0.000215448791828
1326 -0.000178751293791
1327 -0.000147218788299
1328 -0.000120493321581
1329 -9.64088746369e-05
1330 -7.48550134372e-05
1331 -5.74445896279e-05
1332 -4.21744406103e-05
1333 -2.85603503008e-05
1334 -1.71557414851e-05
1335 -7.53605975828e-06
1336 5.76537743479e-07
1337 7.41728736072e-06
1338 1.31227655448e-05
1339 1.77716159673e-05
1340 2.16243903957e-05
1341 2.47583400561e-05
1342 2.72795421144e-05
1343 2.92265812399e-05
1344 3.06845396942e-05
1345 3.17798700316e-05
1346 3.27064043858e-05
1347 3.33176737148e-05
1348 3.36621833427e-05
1349 3.37769571824e-05
1350 -0.00157197120885
1351 -0.00150281159442
1352 -0.00142488377249
1353 -0.00143744107076
1354 -0.00138179511207
1355 -0.00134050839475
1356 -0.00131321735747
1357 -0.00128487741637
1358 -0.00123218529633
1359 -0.00118013486137
1360 -0.00113769828341
1361 -0.00106684256388
1362 -0.00101609072332
1363 -0.000934372795635
1364 -0.000869532985909
1365 -0.000800469162547
1366 -0.000728061280192
1367 -0.000660441175962
1368 -0.000586918245089
1369 -0.000521928208377
1370 -0.000465788559436
1371 -0.000410598728801
1372 -0.000356075742723
1373 -0.000306827055325
1374 -0.000263872153527
1375 -0.000225001881739
1376 -0.000189271352703
1377 -0.000158449718721
1378 -0.000132274962358
1379 -0.00010837251888
1380 -8.67251133799e-05
1381 -6.9279719997e-05
1382 -5.38343160538e-05
1383 -3.98247183403e-05
1384 -2.79859447063e-05
1385 -1.7922987368e-05
1386 -9.33831636667e-06
1387 -2.02450602259e-06
1388 4.14179623024e-06
1389 9.30674161314e-06
1390 1.36418984122e-05
1391 1.72498074126e-05
1392 2.02385405897e-05
1393 2.26412776506e-05
1394 2.45367360914e-05
1395 2.60406027575e-05
1396 2.73304038766e-05
1397 2.82837438001e-05
1398 2.89425595717e-05
1399 2.93433358849e-05
1400 -0.00152414713727
1401 -0.00145864684461
1402 -0.00138534449418
1403 -0.00140204868372
1404 -0.00135349241926
1405 -0.0013172089534
1406 -0.00129451619594
1407 -0.00126889276266
1408 -0.00121840434461
1409 -0.00116622185623
1410 -0.001122070596
1411 -0.00105016813675
1412 -0.000997807995524
1413 -0.000915553245963
1414 -0.000850721747271
1415 -0.000782502445234
1416 -0.000711912862221
1417 -0.000646801385824
1418 -0.000576453663571
1419 -0.000514628550655
1420 -0.000461580421877
1421 -0.000409304478233
1422 -0.000357368460734
1423 -0.00031038242415
1424 -0.000269241826045
1425 -0.000231974182773
1426 -0.000197415817226
1427 -0.000167380807003
1428 -0.000141800542668
1429 -0.000118300638817
1430 -9.67661449731e-05
1431 -7.94163764074e-05
1432 -6.39560016109e-05
1433 -4.96788552612e-05
1434 -3.75605402802e-05
1435 -2.71818030516e-05
1436 -1.82490446582e-05
1437 -1.05799964667e-05
1438 -4.03441161925e-06
1439 1.55577068242e-06
1440 6.29396513174e-06
1441 1.02981873672e-05
1442 1.36813263796e-05
1443 1.64774169423e-05
1444 1.8749032093e-05
1445 2.06074033057e-05
1446 2.22007481923e-05
1447 2.34660081538e-05
1448 2.44126255432e-05
1449 2.50874320202e-05
1450 -0.0014928802517
1451 -0.00142887427355
1452 -0.00135711492266
1453 -0.00137441555827
1454 -0.00132750239958
1455 -0.00129088452314
1456 -0.00126802219363
1457 -0.00124150617426
1458 -0.00118941181556
1459 -0.00113654734867
1460 -0.00109083762176
1461 -0.00101898671256
1462 -0.000966223310749
1463 -0.000885528558437
1464 -0.000822585115744
1465 -0.000757130916614
1466 -0.000690262373997
1467 -0.00062834916137
1468 -0.000562013985767
1469 -0.000503759140958
1470 -0.000453937997043
1471 -0.000404725058539
1472 -0.000355573424739
1473 -0.000311033007715
1474 -0.00027198343506
1475 -0.000236428680641
1476 -0.000203161685943
1477 -0.000174161544951
1478 -0.00014935574023
1479 -0.000126364573627
1480 -0.000105082890396
1481 -8.79665629418e-05
1482 -7.26060227908e-05
1483 -5.81951017113e-05
1484 -4.59275215043e-05
1485 -3.5376522901e-05
1486 -2.62063923524e-05
1487 -1.827908382e-05
1488 -1.1450916767e-05
1489 -5.52433146031e-06
1490 -4.56758721964e-07
1491 3.87914268162e-06
1492 7.58628056436e-06
1493 1.07167052263e-05
1494 1.3322116791e-05
1495 1.55025780546e-05
1496 1.73766089395e-05
1497 1.89068671288e-05
1498 2.01131438398e-05
1499 2.1031835691e-05
1500 -0.00144966278487
1501 -0.00138676150505
1502 -0.00131727300297
1503 -0.00133307158502
1504 -0.00128592318225
1505 -0.00124922555296
1506 -0.00122493166507
1507 -0.00119744175972
1508 -0.0011448826924
1509 -0.00109235127511
1510 -0.00104661871458
1511 -0.000976515064724
1512 -0.000925523930877
1513 -0.00084790649043
1514 -0.000788685205358
1515 -0.000726917958588
1516 -0.000664069459644
1517 -0.000606099042377
1518 -0.000544202863222
1519 -0.000489751913769
1520 -0.000443478901671
1521 -0.000397449237648
1522 -0.000351333772069
1523 -0.000309328493997
1524 -0.000272429644593
1525 -0.000238603633199
1526 -0.00020679065231
1527 -0.000178982615809
1528 -0.000155051850944
1529 -0.000132709777844
1530 -0.000111842453456
1531 -9.51019550321e-05
1532 -7.99205397725e-05
1533 -6.55293533827e-05
1534 -5.32257124441e-05
1535 -4.25710383477e-05
1536 -3.32811642005e-05
1537 -2.5160612397e-05
1538 -1.81376768818e-05
1539 -1.19488773531e-05
1540 -6.62611205481e-06
1541 -2.02646217871e-06
1542 1.95008446568e-06
1543 5.36160949104e-06
1544 8.25899978726e-06
1545 1.07105073738e-05
1546 1.28237012598e-05
1547 1.45895963631e-05
1548 1.60287490479e-05
1549 1.71737456898e-05
1550 -0.0013870311288
1551 -0.00132649570786
1552 -0.00126062840117
1553 -0.00127444805489
1554 -0.00122807154336
1555 -0.00119198093159
1556 -0.00116716752714
1557 -0.00113954147408
1558 -0.00108811857225
1559 -0.00103747808267
1560 -0.000993393071862
1561 -0.000926670342753
1562 -0.000878831915124
1563 -0.000805853309078
1564 -0.000750829309579
1565 -0.000693439062254
1566 -0.000635208922607
1567 -0.000581483605908
1568 -0.000524271390401
1569 -0.000473921374899
1570 -0.000430969976298
1571 -0.000388288905517
1572 -0.00034520613009
1573 -0.000305851651965
1574 -0.000271126991522
1575 -0.000239083520559
1576 -0.000208802647718
1577 -0.000182082723445
1578 -0.000159141643088
1579 -0.00013748399568
1580 -0.000117133485022
1581 -0.000100797310976
1582 -8.59456218775e-05
1583 -7.1689447641e-05
1584 -5.95139561754e-05
1585 -4.88773631963e-05
1586 -3.94991348928e-05
1587 -3.12838609283e-05
1588 -2.41420695811e-05
1589 -1.77600662369e-05
1590 -1.22426161238e-05
1591 -7.4360640491e-06
1592 -3.24014543382e-06
1593 4.06027062309e-07
1594 3.54735991631e-06
1595 6.23685770298e-06
1596 8.56364996071e-06
1597 1.05317986622e-05
1598 1.21788396561e-05
1599 1.35365068532e-05
1600 -0.00130912604793
1601 -0.00125334857413
1602 -0.0011897787951
1603 -0.00120221874254
1604 -0.00115777806225
1605 -0.00112342617
1606 -0.00109918564662
1607 -0.00107260334992
1608 -0.00102432040001
1609 -0.000976657684545
1610 -0.000935554290615
1611 -0.000873854995243
1612 -0.000829740061792
1613 -0.000762258574328
1614 -0.000711674265661
1615 -0.000658861688741
1616 -0.000605271063034
1617 -0.000556053916095
1618 -0.000503213882653
1619 -0.00045672962593
1620 -0.000417265244741
1621 -0.000377716339646
1622 -0.000337604400655
1623 -0.000300637685297
1624 -0.000268090350681
1625 -0.000237904385691
1626 -0.000209139207826
1627 -0.000183678471893
1628 -0.000161789719627
1629 -0.000140918364632
1630 -0.000121136088414
1631 -0.000105332143262
1632 -9.08758560294e-05
1633 -7.68394478296e-05
1634 -6.47901436412e-05
1635 -5.42452398359e-05
1636 -4.489855615e-05
1637 -3.66659489068e-05
1638 -2.94696406402e-05
1639 -2.29635021464e-05
1640 -1.7314905069e-05
1641 -1.23564152886e-05
1642 -7.98847563237e-06
1643 -4.15342339707e-06
1644 -8.1183602117e-07
1645 2.07866534876e-06
1646 4.58899052434e-06
1647 6.74326946482e-06
1648 8.56793586224e-06
1649 1.01051244699e-05
1650 -0.00122357904144
1651 -0.00117099549269
1652 -0.00111135094877
1653 -0.00112283217457
1654 -0.00108131003441
1655 -0.0010488637169
1656 -0.00102654578958
1657 -0.00100193463108
1658 -0.00095733351183
1659 -0.000914252822194
1660 -0.00087629163029
1661 -0.000819838860754
1662 -0.000779576726509
1663 -0.000717844448194
1664 -0.000671783111545
1665 -0.000623664207332
1666 -0.00057487269019
1667 -0.00052991338097
1668 -0.000481542391986
1669 -0.000438910903813
1670 -0.000402754821069
1671 -0.000366213686447
1672 -0.000328896349714
1673 -0.00029448491689
1674 -0.000263955064359
1675 -0.000235558968387
1676 -0.000208312963381
1677 -0.000184066776173
1678 -0.000163247250345
1679 -0.000143208650996
1680 -0.000124076797137
1681 -0.000108818054641
1682 -9.48140488314e-05
1683 -8.10734997797e-05
1684 -6.92591747251e-05
1685 -5.88901968539e-05
1686 -4.96223947954e-05
1687 -4.14304879109e-05
1688 -3.42265990766e-05
1689 -2.76631820068e-05
1690 -2.19169927863e-05
1691 -1.68371620872e-05
1692 -1.23333653877e-05
1693 -8.34532345081e-06
1694 -4.83029752676e-06
1695 -1.77057017806e-06
1696 8.90868205293e-07
1697 3.20215672954e-06
1698 5.19194118394e-06
1699 6.89358347242e-06
1700 -0.00113463596678
1701 -0.00108638072379
1702 -0.00103162778202
1703 -0.00104244459833
1704 -0.00100426549593
1705 -0.000974203223635
1706 -0.000954138543855
1707 -0.000931862081851
1708 -0.000891272394952
1709 -0.000852259602115
1710 -0.000818014449801
1711 -0.000766580579192
1712 -0.000730413682565
1713 -0.000674140479408
1714 -0.000632459316303
1715 -0.000588933481468
1716 -0.000544612200405
1717 -0.000503626528641
1718 -0.000459456825853
1719 -0.000420366986036
1720 -0.000387186152089
1721 -0.000353533782105
1722 -0.000318941410621
1723 -0.000286930997828
1724 -0.000258461823374
1725 -0.00023181346189
1726 -0.000206177091856
1727 -0.000183157114754
1728 -0.000163401550025
1729 -0.000144271443416
1730 -0.000125901690214
1731 -0.00011130498459
1732 -9.78624983517e-05
1733 -8.45131544629e-05
1734 -7.29726261812e-05
1735 -6.27945198808e-05
1736 -5.36852355006e-05
1737 -4.56000201378e-05
1738 -3.84386496789e-05
1739 -3.1843037899e-05
1740 -2.60373117029e-05
1741 -2.08846818662e-05
1742 -1.62839852933e-05
1743 -1.21769080264e-05
1744 -8.51782753205e-06
1745 -5.31585041345e-06
1746 -2.52237667003e-06
1747 -7.46634030455e-08
1748 2.05757514003e-06
1749 3.89834961913e-06
1750 -0.00104749839864
1751 -0.00100281745677
1752 -0.000953449118679
1753 -0.000963756615625
1754 -0.000928906538341
1755 -0.000901701580677
1756 -0.000883583545574
1757 -0.000863987281909
1758 -0.000827311476635
1759 -0.000792266218058
1760 -0.000761730056402
1761 -0.000715134534631
1762 -0.000682966110852
1763 -0.000631935565672
1764 -0.000594508291619
1765 -0.000555319213389
1766 -0.000515096985951
1767 -0.00047799948037
1768 -0.000437704518958
1769 -0.000402013629568
1770 -0.000371606584961
1771 -0.000340920843944
1772 -0.00030883275668
1773 -0.000279083974753
1774 -0.000252466024613
1775 -0.000227530600677
1776 -0.000203318899937
1777 -0.000181491544715
1778 -0.000162796610779
1779 -0.000144633096962
1780 -0.000127035106999
1781 -0.000113082172656
1782 -0.000100166588895
1783 -8.72082957979e-05
1784 -7.60078382756e-05
1785 -6.60966793773e-05
1786 -5.71331373343e-05
1787 -4.9164308256e-05
1788 -4.20798621206e-05
1789 -3.54913101138e-05
1790 -2.96802840035e-05
1791 -2.44918456115e-05
1792 -1.982780983e-05
1793 -1.5635129745e-05
1794 -1.18702610522e-05
1795 -8.55839954648e-06
1796 -5.6587675587e-06
1797 -3.10081521969e-06
1798 -8.46484588458e-07
1799 1.11694756648e-06
1800 -0.000965007155271
1801 -0.000924757397944
1802 -0.00087947265877
1803 -0.000889435033522
1804 -0.000857815268227
1805 -0.000833440964865
1806 -0.000817291844567
1807 -0.000800095421528
1808 -0.000767285702385
1809 -0.000736041248436
1810 -0.000708865192641
1811 -0.000667068456953
1812 -0.000638355703076
1813 -0.000592068655727
1814 -0.000558632754066
1815 -0.000523130647176
1816 -0.000486635804822
1817 -0.000452964423927
1818 -0.000416294672803
1819 -0.000383728546658
1820 -0.000355881204174
1821 -0.000327641389672
1822 -0.000297982872411
1823 -0.00027034363377
1824 -0.000245593369056
1825 -0.000222272876514
1826 -0.000199521713836
1827 -0.000178965247291
1828 -0.000161373444558
1829 -0.000144132727146
1830 -0.000127306476387
1831 -0.000114048235636
1832 -0.000101705595998
1833 -8.92178392267e-05
1834 -7.84381051309e-05
1835 -6.88527773987e-05
1836 -6.00742328324e-05
1837 -5.22566976952e-05
1838 -4.52645482837e-05
1839 -3.8728074627e-05
1840 -3.29237226068e-05
1841 -2.77203576522e-05
1842 -2.30110679413e-05
1843 -1.87687075883e-05
1844 -1.49165340989e-05
1845 -1.15151588378e-05
1846 -8.53141678894e-06
1847 -5.88193742195e-06
1848 -3.52947015322e-06
1849 -1.46224392349e-06
1850 -0.000887806968179
1851 -0.000851985029509
1852 -0.000809711478419
1853 -0.000819406292382
1854 -0.000790596080457
1855 -0.000768940787549
1856 -0.00075466145795
1857 -0.000739801671809
1858 -0.00071048727686
1859 -0.000682829891522
1860 -0.000658665439087
1861 -0.000621469915851
1862 -0.000595946695122
1863 -0.000554297454675
1864 -0.000524372465499
1865 -0.000492418293468
1866 -0.000459463401476
1867 -0.000428849113527
1868 -0.000395439702416
1869 -0.00036580717692
1870 -0.000340335027626
1871 -0.000314314082975
1872 -0.000286989703973
1873 -0.000261283148446
1874 -0.00023824509505
1875 -0.00021644023606
1876 -0.000195141186073
1877 -0.000175796904963
1878 -0.000159277903895
1879 -0.000142970966335
1880 -0.000126996910423
1881 -0.000114434168186
1882 -0.000102692617719
1883 -9.07027348237e-05
1884 -8.02992113233e-05
1885 -7.10175670533e-05
1886 -6.24577615066e-05
1887 -5.48475412852e-05
1888 -4.79928993533e-05
1889 -4.15322813611e-05
1890 -3.57652757777e-05
1891 -3.05744620515e-05
1892 -2.58485342923e-05
1893 -2.15685898389e-05
1894 -1.76515343433e-05
1895 -1.41876580455e-05
1896 -1.11431778072e-05
1897 -8.42205352413e-06
1898 -5.99242695813e-06
1899 -3.83823121157e-06
1900 -0.000817003338476
1901 -0.000783859414911
1902 -0.000745861289707
1903 -0.000754825209548
1904 -0.000729232066307
1905 -0.000709778192202
1906 -0.000697432356335
1907 -0.000684534914536
1908 -0.000658320756311
1909 -0.000633990719379
1910 -0.000612418635617
1911 -0.000579028699757
1912 -0.000556251387946
1913 -0.000518463646645
1914 -0.000491694185711
1915 -0.000462890335792
1916 -0.000433105559363
1917 -0.000405319634491
1918 -0.000374912196743
1919 -0.000347921418644
1920 -0.000324663086075
1921 -0.000300799093918
1922 -0.000275549587231
1923 -0.000251679566922
1924 -0.000230423249727
1925 -0.000210202332466
1926 -0.000190417749842
1927 -0.000172270064151
1928 -0.0001568016385
1929 -0.000141422645724
1930 -0.000126274814169
1931 -0.000114376031956
1932 -0.000103229786265
1933 -9.1723977844e-05
1934 -8.17207415429e-05
1935 -7.27310618491e-05
1936 -6.44065055937e-05
1937 -5.69881527402e-05
1938 -5.02926692055e-05
1939 -4.39219744654e-05
1940 -3.82101068178e-05
1941 -3.30571438027e-05
1942 -2.83413129581e-05
1943 -2.40492368717e-05
1944 -2.00938957422e-05
1945 -1.65917316982e-05
1946 -1.35007874403e-05
1947 -1.07333046723e-05
1948 -8.24081598318e-06
1949 -6.02450666171e-06
1950 -0.000752037146924
1951 -0.000721200332962
1952 -0.000687176329944
1953 -0.000695595052159
1954 -0.000672511532944
1955 -0.000655304735527
1956 -0.000644425723992
1957 -0.000633048869923
1958 -0.000609645153149
1959 -0.000588253817917
1960 -0.000568991498521
1961 -0.000539063662275
1962 -0.000518906995686
1963 -0.000484655144941
1964 -0.000460757540318
1965 -0.000434902246681
1966 -0.000408018599715
1967 -0.000382848797286
1968 -0.000355335966854
1969 -0.000330696921529
1970 -0.000309441152549
1971 -0.000287575256959
1972 -0.000264236579346
1973 -0.000242197494375
1974 -0.000222521831086
1975 -0.000203686609314
1976 -0.000185243764219
1977 -0.000168203060232
1978 -0.000153778260725
1979 -0.000139342594932
1980 -0.000125022050587
1981 -0.000113812152171
1982 -0.000103247591139
1983 -9.22412542212e-05
1984 -8.26385422834e-05
1985 -7.40442986005e-05
1986 -6.59785421761e-05
1987 -5.87653981714e-05
1988 -5.22202626061e-05
1989 -4.59433004533e-05
1990 -4.03038130759e-05
1991 -3.52135026381e-05
1992 -3.0523503426e-05
1993 -2.62279827781e-05
1994 -2.22538117904e-05
1995 -1.87286063046e-05
1996 -1.56123856167e-05
1997 -1.28173299965e-05
1998 -1.02872437787e-05
1999 -8.02556909567e-06
2000 -0.000692279619114
2001 -0.000664318928246
2002 -0.000633246336759
2003 -0.000641220773649
2004 -0.000620392678279
2005 -0.000605170004561
2006 -0.000595478694925
2007 -0.000585731408336
2008 -0.000564809357816
2009 -0.000546016821531
2010 -0.000529046320343
2011 -0.000502121489418
2012 -0.000484372958004
2013 -0.00045354097675
2014 -0.000432169756361
2015 -0.000408738450056
2016 -0.000384380877877
2017 -0.000361459383229
2018 -0.000336347578803
2019 -0.000313857881257
2020 -0.000294462062724
2021 -0.000274534482813
2022 -0.000253017556878
2023 -0.000232668126445
2024 -0.000214567133822
2025 -0.000197101549656
2026 -0.000179939956936
2027 -0.000164022728653
2028 -0.000150597349503
2029 -0.000137072411687
2030 -0.000123544162187
2031 -0.00011297351412
2032 -0.000102985091995
2033 -9.24600700415e-05
2034 -8.33036373092e-05
2035 -7.49924726955e-05
2036 -6.71474932765e-05
2037 -6.01710608929e-05
2038 -5.38004094019e-05
2039 -4.76405234229e-05
2040 -4.21012487966e-05
2041 -3.70717781982e-05
2042 -3.24142970068e-05
2043 -2.81346416356e-05
2044 -2.4168816745e-05
2045 -2.06450590112e-05
2046 -1.75190000545e-05
2047 -1.47055340859e-05
2048 -1.21479493408e-05
2049 -9.84911421214e-06
2050 -0.000638413629987
2051 -0.000612868187663
2052 -0.00058453340019
2053 -0.00059237764989
2054 -0.000573534309021
2055 -0.000559953225113
2056 -0.000551293901781
2057 -0.00054294091045
2058 -0.000524269602918
2059 -0.000507658383869
2060 -0.000492491480417
2061 -0.00046823096652
2062 -0.000452455550987
2063 -0.000424394266807
2064 -0.000405208573189
2065 -0.000384024972985
2066 -0.000361860772602
2067 -0.000341045261924
2068 -0.000318139483106
2069 -0.000297683505338
2070 -0.000279986503341
2071 -0.00026182317574
2072 -0.000242031407723
2073 -0.000223300306542
2074 -0.000206585431568
2075 -0.000190463286048
2076 -0.000174532599018
2077 -0.000159629947466
2078 -0.000147138103749
2079 -0.000134479558051
2080 -0.000121696092536
2081 -0.000111766915185
2082 -0.000102314330452
2083 -9.22651472148e-05
2084 -8.34790575038e-05
2085 -7.55017251032e-05
2086 -6.79329032676e-05
2087 -6.11780865761e-05
2088 -5.49684828397e-05
2089 -4.89768616208e-05
2090 -4.35359159301e-05
2091 -3.85986553087e-05
2092 -3.3991509967e-05
2093 -2.97783836503e-05
2094 -2.58243555153e-05
2095 -2.23254023617e-05
2096 -1.92133353577e-05
2097 -1.64037921693e-05
2098 -1.38400304953e-05
2099 -1.15212464021e-05
2100 -0.000589257875543
2101 -0.000566008600616
2102 -0.000539829956851
2103 -0.000547315372975
2104 -0.000530249818468
2105 -0.000518277718116
2106 -0.000510418254101
2107 -0.000503263582276
2108 -0.000486599016093
2109 -0.000471829538329
2110 -0.000458242829326
2111 -0.000436473118426
2112 -0.000422422978745
2113 -0.000397022440022
2114 -0.000379750239152
2115 -0.000360667356378
2116 -0.000340606192976
2117 -0.000321742118499
2118 -0.000300982840144
2119 -0.000282412526292
2120 -0.000266284851231
2121 -0.000249606483834
2122 -0.000231468325248
2123 -0.000214211968553
2124 -0.000198841164105
2125 -0.000183919226189
2126 -0.000169138476332
2127 -0.000155234212822
2128 -0.000143651485931
2129 -0.00013176924373
2130 -0.000119713548214
2131 -0.000110372095861
2132 -0.000101424676907
2133 -9.18510567388e-05
2134 -8.34414937566e-05
2135 -7.57896997689e-05
2136 -6.84366655738e-05
2137 -6.19048430403e-05
2138 -5.58699252742e-05
2139 -5.00033848813e-05
2140 -4.4668108852e-05
2141 -3.98271515258e-05
2142 -3.5306809768e-05
2143 -3.11552374777e-05
2144 -2.7251933259e-05
2145 -2.37870396782e-05
2146 -2.07087054527e-05
2147 -1.79237375022e-05
2148 -1.5365464012e-05
2149 -1.30384700329e-05
2150 -0.000543904848418
2151 -0.000522517191584
2152 -0.000498694934623
2153 -0.000505900148797
2154 -0.000490394453307
2155 -0.000479774289396
2156 -0.000472803308772
2157 -0.000466622946884
2158 -0.000451593183489
2159 -0.000438711264789
2160 -0.000426527835887
2161 -0.000406742065477
2162 -0.000394255979584
2163 -0.000371286270886
2164 -0.000355847071148
2165 -0.000338621935926
2166 -0.000320482216698
2167 -0.000303410833896
2168 -0.000284600592098
2169 -0.00026775283591
2170 -0.000253067453048
2171 -0.000237874231331
2172 -0.0002212591865
2173 -0.000205355601753
2174 -0.000191186134625
2175 -0.000177405594219
2176 -0.000163709019078
2177 -0.000150754130049
2178 -0.000140031901018
2179 -0.000128891436302
2180 -0.000117522505528
2181 -0.000108735184353
2182 -0.000100268033535
2183 -9.11499585378e-05
2184 -8.30865787403e-05
2185 -7.57266277257e-05
2186 -6.86249425467e-05
2187 -6.232607027e-05
2188 -5.64795582322e-05
2189 -5.07708143233e-05
2190 -4.55558573216e-05
2191 -4.0824678682e-05
2192 -3.63911195134e-05
2193 -3.2311989318e-05
2194 -2.84644168795e-05
2195 -2.5060345289e-05
2196 -2.20219072242e-05
2197 -1.9273921889e-05
2198 -1.67292104599e-05
2199 -1.44025688528e-05
2200 -0.000502783392474
2201 -0.000483102216011
2202 -0.0004611863202
2203 -0.000468049534379
2204 -0.00045407594697
2205 -0.00044460507593
2206 -0.000438272539182
2207 -0.000432829076284
2208 -0.000419239446517
2209 -0.000407917829144
2210 -0.000397224444046
2211 -0.000379320459012
2212 -0.000368273650355
2213 -0.000347374680026
2214 -0.000333674870431
2215 -0.000318110678215
2216 -0.000301740503385
2217 -0.000286231197783
2218 -0.00026918510055
2219 -0.000253888106303
2220 -0.000240509396594
2221 -0.000226695820493
2222 -0.000211395746317
2223 -0.000196776187025
2224 -0.000183781457144
2225 -0.000171028807536
2226 -0.000158381866331
2227 -0.000146273165224
2228 -0.00013630414888
2229 -0.00012587195513
2230 -0.000115164150077
2231 -0.000106889560895
2232 -9.88533560055e-05
2233 -9.01305618673e-05
2234 -8.24106377316e-05
2235 -7.53673823861e-05
2236 -6.85311085609e-05
2237 -6.24559562111e-05
2238 -5.67891458256e-05
2239 -5.12470830891e-05
2240 -4.61707223812e-05
2241 -4.15659851804e-05
2242 -3.72598262393e-05
2243 -3.32660602664e-05
2244 -2.94930372961e-05
2245 -2.6157906871e-05
2246 -2.31760035714e-05
2247 -2.04714649923e-05
2248 -1.79578107412e-05
2249 -1.56443432606e-05
2250 -0.000465397228446
2251 -0.000446719664748
2252 -0.000426911445423
2253 -0.000433450186191
2254 -0.000420675343973
2255 -0.000412327279266
2256 -0.000406656167876
2257 -0.000401897060634
2258 -0.000389694753105
2259 -0.00037971386963
2260 -0.00037022508129
2261 -0.00035400322265
2262 -0.000344165061189
2263 -0.000325246317851
2264 -0.000312986886219
2265 -0.000298933710505
2266 -0.000284049776552
2267 -0.000270022602088
2268 -0.000254535567105
2269 -0.00024067780534
2270 -0.00022850885807
2271 -0.000215986695819
2272 -0.000201954476443
2273 -0.000188535738776
2274 -0.000176704352007
2275 -0.000164917550892
2276 -0.000153204940285
2277 -0.000141838893577
2278 -0.000132526860041
2279 -0.000122713949006
2280 -0.00011261322455
2281 -0.000104798884047
2282 -9.71840510874e-05
2283 -8.88856811004e-05
2284 -8.15021826961e-05
2285 -7.47653875712e-05
2286 -6.81695059538e-05
2287 -6.23093986067e-05
2288 -5.68283669829e-05
2289 -5.14651012377e-05
2290 -4.65575316476e-05
2291 -4.21127249577e-05
2292 -3.7923813521e-05
2293 -3.4036717119e-05
2294 -3.03603073643e-05
2295 -2.71099743742e-05
2296 -2.41951094668e-05
2297 -2.15359477562e-05
2298 -1.90458797513e-05
2299 -1.67413488468e-05
2300 -0.000430993310828
2301 -0.000413577863926
2302 -0.000395610819489
2303 -0.000401679375914
2304 -0.000390260654529
2305 -0.000382822260672
2306 -0.000377657989938
2307 -0.000373572689972
2308 -0.000362555466528
2309 -0.000353800164589
2310 -0.000345239872679
2311 -0.000330545379813
2312 -0.00032182281716
2313 -0.000304683570665
2314 -0.000293717809052
2315 -0.000281045367709
2316 -0.00026766487776
2317 -0.000254952693469
2318 -0.000240985195833
2319 -0.000228377739015
2320 -0.000217373083724
2321 -0.00020597531782
2322 -0.000193089276064
2323 -0.00018071931271
2324 -0.00016980882097
2325 -0.0001588977595
2326 -0.000148008530156
2327 -0.000137411190328
2328 -0.000128725187403
2329 -0.000119542386269
2330 -0.000110002249482
2331 -0.000102599776491
2332 -9.53941450227e-05
2333 -8.74889974107e-05
2334 -8.04101675953e-05
2335 -7.39470244272e-05
2336 -6.75605545575e-05
2337 -6.19471633473e-05
2338 -5.66927994867e-05
2339 -5.15663926382e-05
2340 -4.67999308785e-05
2341 -4.24984067371e-05
2342 -3.84356039007e-05
2343 -3.46658618573e-05
2344 -3.10854814453e-05
2345 -2.79239257039e-05
2346 -2.50700425429e-05
2347 -2.24572827643e-05
2348 -2.00066735901e-05
2349 -1.77174861012e-05
2350 -0.000399824432664
2351 -0.000383463674907
2352 -0.000366867451707
2353 -0.000372742195632
2354 -0.000362273406132
2355 -0.000355644232728
2356 -0.000350994041936
2357 -0.000347514248911
2358 -0.000337557976858
2359 -0.00032989907199
2360 -0.000322363026518
2361 -0.000309024227615
2362 -0.000301319806621
2363 -0.000285765334544
2364 -0.00027597674815
2365 -0.000264582219486
2366 -0.000252515805725
2367 -0.000241016442838
2368 -0.000228333497401
2369 -0.000216926410263
2370 -0.00020694954637
2371 -0.000196537883401
2372 -0.000184715173209
2373 -0.000173292151079
2374 -0.000163211045344
2375 -0.000153097163217
2376 -0.000142992076286
2377 -0.000133022330502
2378 -0.000124898573868
2379 -0.000116275346536
2380 -0.000107215102612
2381 -0.000100241291704
2382 -9.34236701596e-05
2383 -8.59066251894e-05
2384 -7.91364540685e-05
2385 -7.2956562712e-05
2386 -6.6856062942e-05
2387 -6.14595759612e-05
2388 -5.63924725308e-05
2389 -5.14317793344e-05
2390 -4.68183533085e-05
2391 -4.26748147485e-05
2392 -3.87700249828e-05
2393 -3.51407307909e-05
2394 -3.16703812694e-05
2395 -2.85985413792e-05
2396 -2.58074606331e-05
2397 -2.32477591728e-05
2398 -2.08396115269e-05
2399 -1.8567432669e-05
2400 -0.000371711018764
2401 -0.000356476003522
2402 -0.000341035286254
2403 -0.000346703660695
2404 -0.000337247748242
2405 -0.000331286523396
2406 -0.000327066247605
2407 -0.000324062586934
2408 -0.000315041825012
2409 -0.00030825595642
2410 -0.00030159920625
2411 -0.00028943366377
2412 -0.000282629225454
2413 -0.000268452477819
2414 -0.000259680772819
2415 -0.000249419605531
2416 -0.000238381696617
2417 -0.000227970553249
2418 -0.000216507200934
2419 -0.000206040598134
2420 -0.000196898304872
2421 -0.000187368701658
2422 -0.0001765175474
2423 -0.000165945003792
2424 -0.000156661285531
2425 -0.000147244485485
2426 -0.000137847448521
2427 -0.000128498195567
2428 -0.000120898308098
2429 -0.000112815084093
2430 -0.000104308482474
2431 -9.77283273756e-05
2432 -9.12421787746e-05
2433 -8.40688137346e-05
2434 -7.75711381453e-05
2435 -7.17121951365e-05
2436 -6.58745309392e-05
2437 -6.07231048185e-05
2438 -5.58769837798e-05
2439 -5.11382666551e-05
2440 -4.67182459489e-05
2441 -4.27681874098e-05
2442 -3.90188000143e-05
2443 -3.55217564225e-05
2444 -3.21564905974e-05
2445 -2.91743672004e-05
2446 -2.64545383031e-05
2447 -2.39416373532e-05
2448 -2.15643778441e-05
2449 -1.93197904649e-05
2450 -0.000345718843079
2451 -0.000331433949598
2452 -0.000317320701802
2453 -0.000322649232587
2454 -0.000314039795938
2455 -0.000308718988327
2456 -0.000304928517139
2457 -0.000302392475244
2458 -0.000294185339064
2459 -0.000288321977584
2460 -0.00028232933726
2461 -0.000271343352757
2462 -0.000265320737664
2463 -0.000252459040149
2464 -0.000244670415716
2465 -0.000235439411468
2466 -0.000225452449888
2467 -0.000215995582708
2468 -0.000205577405606
2469 -0.000196113237425
2470 -0.000187796047302
2471 -0.000179077880055
2472 -0.000169027985793
2473 -0.000159223275816
2474 -0.000150631440631
2475 -0.000141837970971
2476 -0.00013303361877
2477 -0.000124191653493
2478 -0.000117054058044
2479 -0.000109404158499
2480 -0.000101310089885
2481 -9.50727213814e-05
2482 -8.89377312689e-05
2483 -8.21231970868e-05
2484 -7.59200426034e-05
2485 -7.035894615e-05
2486 -6.4785224572e-05
2487 -5.98760036739e-05
2488 -5.52474446984e-05
2489 -5.07421343015e-05
2490 -4.65225879508e-05
2491 -4.27403896475e-05
2492 -3.91371730092e-05
2493 -3.57576589463e-05
2494 -3.2492242854e-05
2495 -2.96020993525e-05
2496 -2.69510384119e-05
2497 -2.45148167787e-05
2498 -2.2189999048e-05
2499 -1.9976621635e-05
