0 -0.000102783377881
1 -9.52654842941e-05
2 -9.27796211673e-05
3 -8.93233375216e-05
4 -9.59143839581e-05
5 -9.02495671237e-05
6 -9.12976357916e-05
7 -9.1093512671e-05
8 -8.88969821371e-05
9 -8.85423275289e-05
10 -8.80362552853e-05
11 -8.71615167779e-05
12 -8.55175271416e-05
13 -8.2106935539e-05
14 -8.15915403208e-05
15 -7.99160994089e-05
16 -7.68867516211e-05
17 -7.51713931059e-05
18 -7.29420070054e-05
19 -7.03620846854e-05
20 -6.9288666737e-05
21 -6.7084153383e-05
22 -6.44830907985e-05
23 -6.18336459529e-05
24 -5.98950146733e-05
25 -5.77544776298e-05
26 -5.51605583285e-05
27 -5.28505001998e-05
28 -5.125839432e-05
29 -4.94401597562e-05
30 -4.7383689339e-05
31 -4.59310989575e-05
32 -4.48141319756e-05
33 -4.33365697765e-05
34 -4.19125717486e-05
35 -4.05195517229e-05
36 -3.9459222712e-05
37 -3.83209457826e-05
38 -3.74009380358e-05
39 -3.61904197787e-05
40 -3.4894924331e-05
41 -3.36935897084e-05
42 -3.23748931406e-05
43 -3.09386780678e-05
44 -2.95032606113e-05
45 -2.79676065526e-05
46 -2.66040117683e-05
47 -2.52057083828e-05
48 -2.3977891294e-05
49 -2.27658209252e-05
50 -9.75131155762e-05
51 -9.24669753298e-05
52 -8.77122693139e-05
53 -9.02338860683e-05
54 -8.78506441556e-05
55 -8.67351392154e-05
56 -8.72733846818e-05
57 -8.75804391445e-05
58 -8.66293901133e-05
59 -8.50196834497e-05
60 -8.5162507123e-05
61 -8.28865289114e-05
62 -8.25332165379e-05
63 -7.94234807001e-05
64 -7.81283107205e-05
65 -7.65907463334e-05
66 -7.45256893516e-05
67 -7.322809074e-05
68 -7.03935903659e-05
69 -6.81364851656e-05
70 -6.72234523357e-05
71 -6.54422174849e-05
72 -6.28761705506e-05
73 -6.03291583521e-05
74 -5.84188010355e-05
75 -5.62801992451e-05
76 -5.38125426728e-05
77 -5.16769299044e-05
78 -5.00962045276e-05
79 -4.83104434795e-05
80 -4.63384603592e-05
81 -4.50192753011e-05
82 -4.38437741848e-05
83 -4.22578202749e-05
84 -4.08458974047e-05
85 -3.95227048876e-05
86 -3.84697683822e-05
87 -3.73021701203e-05
88 -3.62832174593e-05
89 -3.50633125711e-05
90 -3.38435855369e-05
91 -3.26545758569e-05
92 -3.13137851449e-05
93 -2.99019255587e-05
94 -2.84955056674e-05
95 -2.70330001695e-05
96 -2.57513082106e-05
97 -2.44331185835e-05
98 -2.32449895492e-05
99 -2.20793073587e-05
100 -9.72005956626e-05
101 -9.21596580942e-05
102 -8.75487764904e-05
103 -9.00176231789e-05
104 -8.77056482227e-05
105 -8.66101028377e-05
106 -8.71635970123e-05
107 -8.74679362537e-05
108 -8.65429885547e-05
109 -8.49711804535e-05
110 -8.51299100158e-05
111 -8.28717682941e-05
112 -8.25249020021e-05
113 -7.94457683619e-05
114 -7.81803650684e-05
115 -7.66741403565e-05
116 -7.46463616374e-05
117 -7.33896259071e-05
118 -7.06159939841e-05
119 -6.84191138306e-05
120 -6.75678608943e-05
121 -6.58134631044e-05
122 -6.33195246833e-05
123 -6.08403393123e-05
124 -5.89930229069e-05
125 -5.68890790486e-05
126 -5.443385318e-05
127 -5.22910775703e-05
128 -5.06741506855e-05
129 -4.88214366331e-05
130 -4.67719498692e-05
131 -4.53938745959e-05
132 -4.41570453029e-05
133 -4.25022089545e-05
134 -4.10287500507e-05
135 -3.96337443336e-05
136 -3.85103328327e-05
137 -3.72768703058e-05
138 -3.61935279015e-05
139 -3.49510434051e-05
140 -3.37247039324e-05
141 -3.25488293346e-05
142 -3.12246695835e-05
143 -2.98180103105e-05
144 -2.84354715327e-05
145 -2.70112396027e-05
146 -2.57818913403e-05
147 -2.45158640319e-05
148 -2.33652696639e-05
149 -2.22210953301e-05
150 -9.64246787636e-05
151 -9.1557017452e-05
152 -8.71268844452e-05
153 -8.95591543962e-05
154 -8.73550847211e-05
155 -8.63243671938e-05
156 -8.69137610849e-05
157 -8.7223076071e-05
158 -8.63578620098e-05
159 -8.48493612241e-05
160 -8.5027370929e-05
161 -8.29016401496e-05
162 -8.25595290729e-05
163 -7.94911950115e-05
164 -7.82768206441e-05
165 -7.68379347392e-05
166 -7.48415726824e-05
167 -7.36805292701e-05
168 -7.09614226309e-05
169 -6.88363585676e-05
170 -6.81058556683e-05
171 -6.64745344195e-05
172 -6.41012474791e-05
173 -6.16575732712e-05
174 -5.98542648033e-05
175 -5.78034398095e-05
176 -5.53651760121e-05
177 -5.32209956184e-05
178 -5.15690245585e-05
179 -4.96443760171e-05
180 -4.74993939506e-05
181 -4.60160381724e-05
182 -4.47106172504e-05
183 -4.29461160559e-05
184 -4.13805334691e-05
185 -3.98600614873e-05
186 -3.86509754153e-05
187 -3.73390209765e-05
188 -3.62371331259e-05
189 -3.49677541039e-05
190 -3.3702960971e-05
191 -3.24956156813e-05
192 -3.11953978544e-05
193 -2.98079316437e-05
194 -2.84634324018e-05
195 -2.70811423392e-05
196 -2.59035578158e-05
197 -2.4701123871e-05
198 -2.35992070819e-05
199 -2.2478489444e-05
200 -9.5134150664e-05
201 -9.09618277944e-05
202 -8.6344648173e-05
203 -8.89076687901e-05
204 -8.67076244635e-05
205 -8.58466171315e-05
206 -8.64988574333e-05
207 -8.70140837108e-05
208 -8.6301224754e-05
209 -8.48597627539e-05
210 -8.52834762391e-05
211 -8.3060941501e-05
212 -8.27619439245e-05
213 -7.98893776739e-05
214 -7.88041469436e-05
215 -7.74759304192e-05
216 -7.55896859528e-05
217 -7.44504687881e-05
218 -7.1773688431e-05
219 -6.96884235641e-05
220 -6.90472965903e-05
221 -6.75639142113e-05
222 -6.52221949269e-05
223 -6.28042116933e-05
224 -6.10591880186e-05
225 -5.90130728328e-05
226 -5.65727007711e-05
227 -5.44420353535e-05
228 -5.28138216137e-05
229 -5.0828021562e-05
230 -4.85879801873e-05
231 -4.69960006367e-05
232 -4.55639842575e-05
233 -4.36747266275e-05
234 -4.1919784286e-05
235 -4.02668590362e-05
236 -3.89803624756e-05
237 -3.75617397461e-05
238 -3.63775265226e-05
239 -3.50430876881e-05
240 -3.36921280456e-05
241 -3.25024805149e-05
242 -3.12046917578e-05
243 -2.98868667647e-05
244 -2.85873471213e-05
245 -2.72169834193e-05
246 -2.60936652364e-05
247 -2.49715254293e-05
248 -2.39256849704e-05
249 -2.28347103618e-05
250 -9.2405223923e-05
251 -8.78997103897e-05
252 -8.46460842385e-05
253 -8.67986896731e-05
254 -8.52215720279e-05
255 -8.44783470005e-05
256 -8.52871254117e-05
257 -8.599161087e-05
258 -8.53793532454e-05
259 -8.43733639472e-05
260 -8.48341358691e-05
261 -8.2987373059e-05
262 -8.30184298888e-05
263 -8.03146152405e-05
264 -7.93064748127e-05
265 -7.80777294159e-05
266 -7.62426130564e-05
267 -7.52351669418e-05
268 -7.26211562337e-05
269 -7.06605176158e-05
270 -7.01177466865e-05
271 -6.87212787045e-05
272 -6.63421196351e-05
273 -6.40865928675e-05
274 -6.23703727288e-05
275 -6.03175721066e-05
276 -5.78987047914e-05
277 -5.57434482378e-05
278 -5.40315931424e-05
279 -5.20289269674e-05
280 -4.97086492111e-05
281 -4.80712125209e-05
282 -4.64711034466e-05
283 -4.44036607562e-05
284 -4.24747122793e-05
285 -4.07113206767e-05
286 -3.93034919854e-05
287 -3.77779478642e-05
288 -3.65198677956e-05
289 -3.5068861811e-05
290 -3.37160203278e-05
291 -3.25003650162e-05
292 -3.12048902706e-05
293 -2.99279707323e-05
294 -2.86584025441e-05
295 -2.73889256526e-05
296 -2.63426054003e-05
297 -2.52504048657e-05
298 -2.4252716076e-05
299 -2.31626333752e-05
300 -8.7060699442e-05
301 -8.22494851455e-05
302 -8.10314877615e-05
303 -8.24802991886e-05
304 -8.16964070051e-05
305 -8.15048834803e-05
306 -8.25393042313e-05
307 -8.33455203921e-05
308 -8.32511782877e-05
309 -8.2767400769e-05
310 -8.3504256471e-05
311 -8.21594421321e-05
312 -8.25610671778e-05
313 -8.01670332895e-05
314 -7.9404158266e-05
315 -7.83260133216e-05
316 -7.67475981534e-05
317 -7.58716225778e-05
318 -7.33967042961e-05
319 -7.15403800042e-05
320 -7.10986754157e-05
321 -6.96466527816e-05
322 -6.74407979887e-05
323 -6.52003551605e-05
324 -6.35275681706e-05
325 -6.15722777739e-05
326 -5.91152277368e-05
327 -5.69463975075e-05
328 -5.52119573631e-05
329 -5.32304317122e-05
330 -5.07618363453e-05
331 -4.90293050363e-05
332 -4.73192023453e-05
333 -4.50592261541e-05
334 -4.30269408041e-05
335 -4.11084377734e-05
336 -3.95546671698e-05
337 -3.79247649773e-05
338 -3.65411574626e-05
339 -3.50347029664e-05
340 -3.36393538385e-05
341 -3.23944987611e-05
342 -3.11359044941e-05
343 -2.9872477416e-05
344 -2.86854001691e-05
345 -2.75165842302e-05
346 -2.65237849685e-05
347 -2.54980797541e-05
348 -2.44936060088e-05
349 -2.34096142619e-05
350 -7.67585221096e-05
351 -7.29473925608e-05
352 -7.45900174014e-05
353 -7.49292303196e-05
354 -7.55890968753e-05
355 -7.59855854444e-05
356 -7.74447589433e-05
357 -7.85597123354e-05
358 -7.92921898809e-05
359 -7.96163364112e-05
360 -8.0844628816e-05
361 -8.02149962321e-05
362 -8.10142531739e-05
363 -7.93251729131e-05
364 -7.8992097863e-05
365 -7.83188604394e-05
366 -7.70356046437e-05
367 -7.6366837878e-05
368 -7.41296196337e-05
369 -7.2444558308e-05
370 -7.20438991284e-05
371 -7.06485556097e-05
372 -6.85220433324e-05
373 -6.62735504066e-05
374 -6.46256854273e-05
375 -6.27291629943e-05
376 -6.03315936184e-05
377 -5.81318470441e-05
378 -5.63946874229e-05
379 -5.43083740466e-05
380 -5.1780114872e-05
381 -4.99408733664e-05
382 -4.81812303948e-05
383 -4.5782633721e-05
384 -4.36947392519e-05
385 -4.16045162422e-05
386 -3.98857305954e-05
387 -3.81190530816e-05
388 -3.66602368126e-05
389 -3.50922511658e-05
390 -3.36373726434e-05
391 -3.23592852273e-05
392 -3.11271796593e-05
393 -2.98733169674e-05
394 -2.87620794368e-05
395 -2.76377963491e-05
396 -2.67020003582e-05
397 -2.56819505193e-05
398 -2.46715816419e-05
399 -2.36127187289e-05
400 -6.0128179569e-05
401 -5.75737796376e-05
402 -6.35200203359e-05
403 -6.24312292234e-05
404 -6.51075295674e-05
405 -6.65859950178e-05
406 -6.857691355e-05
407 -7.04301264425e-05
408 -7.22341380519e-05
409 -7.3890900836e-05
410 -7.58790611814e-05
411 -7.63712433642e-05
412 -7.80411077849e-05
413 -7.7416690225e-05
414 -7.77708577623e-05
415 -7.77046791253e-05
416 -7.6980142329e-05
417 -7.66469701721e-05
418 -7.47479917017e-05
419 -7.32837299845e-05
420 -7.29531962927e-05
421 -7.17492104356e-05
422 -6.96789081256e-05
423 -6.74290416256e-05
424 -6.58658536597e-05
425 -6.39239195306e-05
426 -6.15086338052e-05
427 -5.93764068914e-05
428 -5.76451236008e-05
429 -5.54601712344e-05
430 -5.28756439213e-05
431 -5.09923895498e-05
432 -4.91596357313e-05
433 -4.67042924745e-05
434 -4.43885547098e-05
435 -4.21783423884e-05
436 -4.03280923687e-05
437 -3.84295343094e-05
438 -3.68690687356e-05
439 -3.52376758987e-05
440 -3.3721181712e-05
441 -3.2435119681e-05
442 -3.11849359167e-05
443 -2.99836889495e-05
444 -2.88983944122e-05
445 -2.77949208836e-05
446 -2.68674206625e-05
447 -2.58688682769e-05
448 -2.48728150648e-05
449 -2.38362206545e-05
450 -3.41974119118e-05
451 -3.37694021158e-05
452 -4.54174687422e-05
453 -4.26337492798e-05
454 -4.8039431257e-05
455 -5.10994318775e-05
456 -5.39571333967e-05
457 -5.68972247218e-05
458 -6.03720015645e-05
459 -6.41491334463e-05
460 -6.72405612088e-05
461 -6.96718684609e-05
462 -7.2671620864e-05
463 -7.36661949467e-05
464 -7.50979720547e-05
465 -7.59439178819e-05
466 -7.61052388562e-05
467 -7.63188169634e-05
468 -7.50161331256e-05
469 -7.39173062125e-05
470 -7.38338406393e-05
471 -7.27805394249e-05
472 -7.07489127116e-05
473 -6.86119874854e-05
474 -6.70860452491e-05
475 -6.50411357801e-05
476 -6.26773716991e-05
477 -6.04964234968e-05
478 -5.87283955639e-05
479 -5.65056837659e-05
480 -5.39006658869e-05
481 -5.19724488136e-05
482 -5.00642553324e-05
483 -4.75354003684e-05
484 -4.51787513186e-05
485 -4.28211248514e-05
486 -4.08792041136e-05
487 -3.88731212039e-05
488 -3.72264754973e-05
489 -3.54944039715e-05
490 -3.39585849481e-05
491 -3.26618684129e-05
492 -3.13783654522e-05
493 -3.01706660397e-05
494 -2.90632369577e-05
495 -2.79369209614e-05
496 -2.70365543748e-05
497 -2.60496456611e-05
498 -2.50889107103e-05
499 -2.40459547898e-05
500 4.29109337656e-06
501 9.64895964375e-07
502 -1.70218145108e-05
503 -1.24035464563e-05
504 -2.13175303499e-05
505 -2.66746543e-05
506 -3.08928723131e-05
507 -3.53092959609e-05
508 -4.14321869688e-05
509 -4.8197233714e-05
510 -5.30503113233e-05
511 -5.84042468043e-05
512 -6.33745615238e-05
513 -6.68421395855e-05
514 -6.99432699957e-05
515 -7.22235369425e-05
516 -7.36766134586e-05
517 -7.4892458276e-05
518 -7.44758891768e-05
519 -7.40122366646e-05
520 -7.42984430025e-05
521 -7.35634539505e-05
522 -7.17235856269e-05
523 -6.97384983873e-05
524 -6.82103055506e-05
525 -6.61701810219e-05
526 -6.37647651857e-05
527 -6.15899154458e-05
528 -5.98233753796e-05
529 -5.75910563577e-05
530 -5.4938920295e-05
531 -5.29914591791e-05
532 -5.1013402768e-05
533 -4.841170336e-05
534 -4.59828308826e-05
535 -4.3548491847e-05
536 -4.15217146359e-05
537 -3.93991508878e-05
538 -3.76606839908e-05
539 -3.58344573972e-05
540 -3.4259304812e-05
541 -3.29139295316e-05
542 -3.15982306266e-05
543 -3.03590996452e-05
544 -2.92291058996e-05
545 -2.80975190462e-05
546 -2.71887575212e-05
547 -2.62210822503e-05
548 -2.52854931014e-05
549 -2.42462709841e-05
550 5.76018404816e-05
551 4.75818106577e-05
552 2.44052589189e-05
553 3.08065618879e-05
554 1.76695815977e-05
555 9.71597032466e-06
556 3.56670414307e-06
557 -2.76649177772e-06
558 -1.26455253728e-05
559 -2.33763636932e-05
560 -3.10194487452e-05
561 -4.03411592849e-05
562 -4.82272325636e-05
563 -5.53519546518e-05
564 -6.09891581416e-05
565 -6.54321309708e-05
566 -6.89641503231e-05
567 -7.16170778118e-05
568 -7.26080204209e-05
569 -7.31404878135e-05
570 -7.40716923008e-05
571 -7.37918581075e-05
572 -7.23990435898e-05
573 -7.06040739124e-05
574 -6.9193281103e-05
575 -6.72480057776e-05
576 -6.47843956246e-05
577 -6.26200598466e-05
578 -6.081697382e-05
579 -5.85938021238e-05
580 -5.58818777034e-05
581 -5.3936576788e-05
582 -5.19600893343e-05
583 -4.92965948522e-05
584 -4.68046312979e-05
585 -4.43708383916e-05
586 -4.22824242849e-05
587 -4.01296908606e-05
588 -3.82955480442e-05
589 -3.64031649544e-05
590 -3.4764895218e-05
591 -3.33225781383e-05
592 -3.19726076726e-05
593 -3.06461853657e-05
594 -2.9433433815e-05
595 -2.82916047733e-05
596 -2.73367522918e-05
597 -2.63759592615e-05
598 -2.54558145386e-05
599 -2.44528203691e-05
600 0.000123243534748
601 0.000103744058657
602 7.96221723054e-05
603 8.60943049408e-05
604 6.97046039914e-05
605 5.93083515807e-05
606 5.12049443127e-05
607 4.26459859341e-05
608 2.85166153803e-05
609 1.29419223206e-05
610 1.77097760264e-06
611 -1.32077115629e-05
612 -2.48722800996e-05
613 -3.72570001737e-05
614 -4.65120144892e-05
615 -5.4162498921e-05
616 -6.07758939031e-05
617 -6.55790065217e-05
618 -6.87533336402e-05
619 -7.079403992e-05
620 -7.26737698606e-05
621 -7.32251023247e-05
622 -7.24921400084e-05
623 -7.11026590629e-05
624 -6.99569694874e-05
625 -6.81565009673e-05
626 -6.57112883409e-05
627 -6.35639320935e-05
628 -6.17450757297e-05
629 -5.95366848884e-05
630 -5.67753867048e-05
631 -5.48510895952e-05
632 -5.28906825552e-05
633 -5.02388550631e-05
634 -4.77208100321e-05
635 -4.52963878984e-05
636 -4.31916842506e-05
637 -4.09739762767e-05
638 -3.90528574454e-05
639 -3.70717214747e-05
640 -3.53013690178e-05
641 -3.37699003115e-05
642 -3.23339090279e-05
643 -3.09396746714e-05
644 -2.96647022014e-05
645 -2.8469978778e-05
646 -2.74818407387e-05
647 -2.6537948426e-05
648 -2.56229125815e-05
649 -2.46779287675e-05
650 0.000187730391845
651 0.000160409329433
652 0.000143403170534
653 0.000146667143693
654 0.000130944524144
655 0.000118830545363
656 0.000109925447456
657 9.91948370733e-05
658 8.17508018643e-05
659 6.17738648752e-05
660 4.69459950079e-05
661 2.52599653943e-05
662 8.97437188928e-06
663 -1.02706909777e-05
664 -2.44119005901e-05
665 -3.66590867115e-05
666 -4.75578003901e-05
667 -5.55680139396e-05
668 -6.19385987388e-05
669 -6.62211736761e-05
670 -6.96133802045e-05
671 -7.14401839944e-05
672 -7.16973495345e-05
673 -7.10514692835e-05
674 -7.03171338243e-05
675 -6.87999786406e-05
676 -6.6537572177e-05
677 -6.44109035739e-05
678 -6.26340628404e-05
679 -6.04311606958e-05
680 -5.77120784509e-05
681 -5.58241330508e-05
682 -5.38691406963e-05
683 -5.12107111558e-05
684 -4.87168742986e-05
685 -4.6284621205e-05
686 -4.41579446646e-05
687 -4.19193484328e-05
688 -3.99418008712e-05
689 -3.78411942933e-05
690 -3.5944660664e-05
691 -3.42991465931e-05
692 -3.2756684805e-05
693 -3.12597839932e-05
694 -2.99174214293e-05
695 -2.86538444927e-05
696 -2.76491508198e-05
697 -2.66916534816e-05
698 -2.57869398102e-05
699 -2.48890725261e-05
700 0.000231170180701
701 0.00020513434395
702 0.000201252469729
703 0.000200303268995
704 0.000190012825557
705 0.000178926266048
706 0.000171099553693
707 0.000160313453168
708 0.000141997535963
709 0.000120508325392
710 0.000102998190673
711 7.53363885136e-05
712 5.46658321691e-05
713 2.74785461227e-05
714 7.3179108938e-06
715 -1.09478654816e-05
716 -2.76647579674e-05
717 -4.02323447254e-05
718 -5.10785096946e-05
719 -5.86498597618e-05
720 -6.42412233684e-05
721 -6.79374826705e-05
722 -6.97101677255e-05
723 -7.01480605984e-05
724 -7.01250375062e-05
725 -6.90640790753e-05
726 -6.71411693173e-05
727 -6.51584442495e-05
728 -6.34488454539e-05
729 -6.12558649206e-05
730 -5.85508039616e-05
731 -5.66832169581e-05
732 -5.47856193492e-05
733 -5.21718828893e-05
734 -4.97303976324e-05
735 -4.72950996943e-05
736 -4.51560102758e-05
737 -4.29034940017e-05
738 -4.08718952455e-05
739 -3.86626228686e-05
740 -3.66672019197e-05
741 -3.48828333392e-05
742 -3.32392063407e-05
743 -3.16362526068e-05
744 -3.02175999878e-05
745 -2.88916454362e-05
746 -2.78642014263e-05
747 -2.68991405405e-05
748 -2.6003440806e-05
749 -2.51229419999e-05
750 0.00023931190546
751 0.000225748044392
752 0.000232189241088
753 0.000230159427951
754 0.00022783742339
755 0.000222588612359
756 0.000218958480848
757 0.000211936539004
758 0.000197958004288
759 0.000180202529996
760 0.000163207936991
761 0.000133687965676
762 0.000110619973574
763 7.64395592707e-05
764 5.00467109004e-05
765 2.47568681094e-05
766 7.69389346995e-07
767 -1.77378804927e-05
768 -3.47743992396e-05
769 -4.69063196472e-05
770 -5.5687174241e-05
771 -6.21014447572e-05
772 -6.60947780067e-05
773 -6.81273847662e-05
774 -6.91945504285e-05
775 -6.8844158939e-05
776 -6.74492406033e-05
777 -6.58141398001e-05
778 -6.42739518758e-05
779 -6.21105992063e-05
780 -5.94598752917e-05
781 -5.76297607314e-05
782 -5.57782899254e-05
783 -5.3212415331e-05
784 -5.07806960177e-05
785 -4.83475719603e-05
786 -4.61885605487e-05
787 -4.38910109148e-05
788 -4.18475357276e-05
789 -3.95343364132e-05
790 -3.74376895332e-05
791 -3.55249714699e-05
792 -3.37586440515e-05
793 -3.2055099556e-05
794 -3.0556477284e-05
795 -2.91836441476e-05
796 -2.81233649767e-05
797 -2.71305214852e-05
798 -2.62344658521e-05
799 -2.53538616641e-05
800 0.000211868050505
801 0.000214792873472
802 0.000221891915213
803 0.000223495750121
804 0.000228729042114
805 0.000232180255367
806 0.000235801592957
807 0.000236554576023
808 0.000233055369022
809 0.000225291108103
810 0.000214543764705
811 0.000190139762689
812 0.00017008102614
813 0.00013329977935
814 0.000102598212397
815 7.09863242715e-05
816 3.92522613803e-05
817 1.3465516231e-05
818 -1.13721864036e-05
819 -2.96352436668e-05
820 -4.28899645339e-05
821 -5.3063573865e-05
822 -6.01974433985e-05
823 -6.45520971096e-05
824 -6.72038957897e-05
825 -6.80023224224e-05
826 -6.73392168731e-05
827 -6.62111258399e-05
828 -6.49716834524e-05
829 -6.2999268554e-05
830 -6.03942570601e-05
831 -5.86393949494e-05
832 -5.68095900822e-05
833 -5.4279074532e-05
834 -5.18271651842e-05
835 -4.94685764045e-05
836 -4.72723637076e-05
837 -4.49431892755e-05
838 -4.28323768198e-05
839 -4.04706799572e-05
840 -3.82597922937e-05
841 -3.62202780805e-05
842 -3.43192680478e-05
843 -3.25267314093e-05
844 -3.09527564168e-05
845 -2.9533282419e-05
846 -2.84259141369e-05
847 -2.73979130534e-05
848 -2.64760019862e-05
849 -2.55888876538e-05
850 0.00016844809143
851 0.000179513740076
852 0.00017855989647
853 0.000185698732448
854 0.000193768192842
855 0.00020373841046
856 0.000214375571541
857 0.000224169237397
858 0.000233587695865
859 0.000239800807694
860 0.000241062089352
861 0.000230670320658
862 0.000219994073941
863 0.000189315877884
864 0.000159611482612
865 0.000125183997418
866 8.74238598195e-05
867 5.42607073355e-05
868 2.04159300328e-05
869 -5.5421294218e-06
870 -2.4611207301e-05
871 -3.99196540339e-05
872 -5.13712124716e-05
873 -5.8944756522e-05
874 -6.38156881785e-05
875 -6.61958261543e-05
876 -6.66487645943e-05
877 -6.62768293213e-05
878 -6.54879841817e-05
879 -6.37971471006e-05
880 -6.13285551608e-05
881 -5.96473498461e-05
882 -5.78435981942e-05
883 -5.53428590797e-05
884 -5.28966487118e-05
885 -5.05432664808e-05
886 -4.83083181332e-05
887 -4.59498367704e-05
888 -4.37770550312e-05
889 -4.13678239497e-05
890 -3.91155916578e-05
891 -3.69749151099e-05
892 -3.4974461118e-05
893 -3.30855439585e-05
894 -3.14186463605e-05
895 -2.99469147612e-05
896 -2.87705766875e-05
897 -2.7697047192e-05
898 -2.67316323365e-05
899 -2.58172945687e-05
900 0.000138742571217
901 0.000144992432617
902 0.000133271682261
903 0.000143448661445
904 0.000147207314864
905 0.000156735807631
906 0.00016907214197
907 0.000183465230182
908 0.000200831609598
909 0.000217968271264
910 0.00023277108656
911 0.000241349471188
912 0.000245620850586
913 0.000231276705928
914 0.000211001523373
915 0.000180351856922
916 0.000141936100761
917 0.000103399584852
918 6.1093395915e-05
919 2.65353953088e-05
920 2.8672923566e-07
921 -2.16872915545e-05
922 -3.88144606877e-05
923 -5.07359602897e-05
924 -5.86269871645e-05
925 -6.31943964556e-05
926 -6.52377880699e-05
927 -6.58987714903e-05
928 -6.57633201078e-05
929 -6.45085700108e-05
930 -6.22765295607e-05
931 -6.0684255354e-05
932 -5.89021693505e-05
933 -5.63746716501e-05
934 -5.39608992875e-05
935 -5.15977792657e-05
936 -4.93549999542e-05
937 -4.6980513415e-05
938 -4.4754737293e-05
939 -4.22976904653e-05
940 -3.99910148139e-05
941 -3.77925802375e-05
942 -3.56922147661e-05
943 -3.37024472159e-05
944 -3.19335322667e-05
945 -3.03758061718e-05
946 -2.91466167151e-05
947 -2.80014232992e-05
948 -2.6988437682e-05
949 -2.6036316961e-05
950 0.000143512020919
951 0.000139886546616
952 0.000117726610919
953 0.000127450970231
954 0.000121723426756
955 0.000124013715342
956 0.000130587885345
957 0.000141230279595
958 0.000155401701853
959 0.000173423931262
960 0.000195363284777
961 0.000218510704443
962 0.000237655274856
963 0.000246092243016
964 0.00024336031774
965 0.000226046338022
966 0.000195238490132
967 0.00015719153069
968 0.000109560517367
969 6.70355302724e-05
970 3.27331975715e-05
971 2.70400817187e-06
972 -2.1676382742e-05
973 -3.92588602336e-05
974 -5.11616657026e-05
975 -5.86554917241e-05
976 -6.28155772634e-05
977 -6.48562236806e-05
978 -6.56150845587e-05
979 -6.49022437502e-05
980 -6.30072796636e-05
981 -6.15893886278e-05
982 -5.98720400816e-05
983 -5.73094383216e-05
984 -5.48819725477e-05
985 -5.25255771533e-05
986 -5.02846413618e-05
987 -4.7916086903e-05
988 -4.56608041182e-05
989 -4.31644776662e-05
990 -4.08815349894e-05
991 -3.86444745976e-05
992 -3.64791294915e-05
993 -3.43798750913e-05
994 -3.25067566194e-05
995 -3.08520498928e-05
996 -2.95522709277e-05
997 -2.83452901838e-05
998 -2.72576517395e-05
999 -2.6268713891e-05
1000 0.000185559231279
1001 0.000173364104168
1002 0.000140681888047
1003 0.000149343739338
1004 0.000133519020808
1005 0.000126486284396
1006 0.000123746035191
1007 0.000124722117034
1008 0.000126373152008
1009 0.000134030485988
1010 0.000151180194982
1011 0.00017514898067
1012 0.000201279994097
1013 0.00022831800807
1014 0.000245979092311
1015 0.00024978574799
1016 0.000236192309229
1017 0.000207491601045
1018 0.00016146454564
1019 0.000114322669149
1020 7.24338592998e-05
1021 3.38448313309e-05
1022 8.59716834712e-07
1023 -2.37955629148e-05
1024 -4.08804350375e-05
1025 -5.21732679762e-05
1026 -5.908392375e-05
1027 -6.29794239654e-05
1028 -6.49332088002e-05
1029 -6.50115785636e-05
1030 -6.35785536186e-05
1031 -6.24252649556e-05
1032 -6.08248806883e-05
1033 -5.82604237863e-05
1034 -5.5791126644e-05
1035 -5.34241704266e-05
1036 -5.11944263898e-05
1037 -4.88543400921e-05
1038 -4.66396958171e-05
1039 -4.4113831141e-05
1040 -4.18001576561e-05
1041 -3.95300496703e-05
1042 -3.72972283409e-05
1043 -3.50988167672e-05
1044 -3.31126828368e-05
1045 -3.13356627111e-05
1046 -2.9953275692e-05
1047 -2.86670746715e-05
1048 -2.75063798215e-05
1049 -2.64534982011e-05
1050 0.000256694076072
1051 0.000237194166984
1052 0.000194037906082
1053 0.000202925029004
1054 0.000178575034713
1055 0.000163410559209
1056 0.00015251116466
1057 0.000143421704788
1058 0.000130560426565
1059 0.000122599467646
1060 0.000125788934293
1061 0.000136202606287
1062 0.000156434380931
1063 0.000187426020847
1064 0.000219043297749
1065 0.000244247777737
1066 0.000254406436876
1067 0.000244347995204
1068 0.000210079814291
1069 0.000164875016073
1070 0.000118534429306
1071 7.1879409935e-05
1072 2.94174038315e-05
1073 -3.56450024074e-06
1074 -2.71894824041e-05
1075 -4.32901744482e-05
1076 -5.37496719651e-05
1077 -6.00363898463e-05
1078 -6.35401263952e-05
1079 -6.46485805148e-05
1080 -6.38594726748e-05
1081 -6.30811709438e-05
1082 -6.16501185981e-05
1083 -5.91428308841e-05
1084 -5.67045669422e-05
1085 -5.43696056207e-05
1086 -5.21520017677e-05
1087 -4.98436654911e-05
1088 -4.75941447657e-05
1089 -4.50651537413e-05
1090 -4.27067625518e-05
1091 -4.04157473208e-05
1092 -3.81292663795e-05
1093 -3.584485643e-05
1094 -3.37443489287e-05
1095 -3.18553035842e-05
1096 -3.03706422533e-05
1097 -2.90125698947e-05
1098 -2.77760793639e-05
1099 -2.66558160481e-05
1100 0.000350011227838
1101 0.000324678440197
1102 0.000268634940876
1103 0.000279531826694
1104 0.000246558390418
1105 0.000224640165126
1106 0.000207188465319
1107 0.000190614908224
1108 0.0001658618063
1109 0.000143814894611
1110 0.000131726381214
1111 0.000122266390819
1112 0.000126798692647
1113 0.000144879089585
1114 0.000175770003997
1115 0.000212314334927
1116 0.000243773850142
1117 0.000257817417686
1118 0.000245459745268
1119 0.000211641479997
1120 0.000167161150513
1121 0.000115326647387
1122 6.40736939697e-05
1123 2.18815884406e-05
1124 -9.42493486212e-06
1125 -3.1531417325e-05
1126 -4.64612702699e-05
1127 -5.57629159579e-05
1128 -6.12662064437e-05
1129 -6.37142944301e-05
1130 -6.37935457317e-05
1131 -6.35204097957e-05
1132 -6.24032751402e-05
1133 -6.00781282513e-05
1134 -5.76418660447e-05
1135 -5.5311622156e-05
1136 -5.30780628142e-05
1137 -5.07878570872e-05
1138 -4.85698636809e-05
1139 -4.60052356342e-05
1140 -4.36219911139e-05
1141 -4.12856504517e-05
1142 -3.89625891435e-05
1143 -3.65916441211e-05
1144 -3.4367146735e-05
1145 -3.23720688085e-05
1146 -3.07656115318e-05
1147 -2.93246066668e-05
1148 -2.80189019533e-05
1149 -2.6843345858e-05
1150 0.00047035032466
1151 0.000436179948298
1152 0.000363073717485
1153 0.000376502048735
1154 0.00033327828765
1155 0.000303844690582
1156 0.000280539430855
1157 0.000257417496586
1158 0.000222792646351
1159 0.000189673755098
1160 0.000165414688685
1161 0.000138096951694
1162 0.000125026965109
1163 0.000121208149706
1164 0.000137283767497
1165 0.000169165317304
1166 0.000209632927744
1167 0.000244700664091
1168 0.000259419855298
1169 0.000246564202674
1170 0.000212470889985
1171 0.000161190697982
1172 0.000103706167497
1173 5.24243343986e-05
1174 1.26099891504e-05
1175 -1.65771411859e-05
1176 -3.69429393919e-05
1177 -4.99829767872e-05
1178 -5.79574779769e-05
1179 -6.21026182458e-05
1180 -6.32868154285e-05
1181 -6.36626342051e-05
1182 -6.29266624262e-05
1183 -6.07983770253e-05
1184 -5.84682177471e-05
1185 -5.61427807727e-05
1186 -5.39171872861e-05
1187 -5.1645224802e-05
1188 -4.94348851653e-05
1189 -4.69026117878e-05
1190 -4.4489333422e-05
1191 -4.20994825288e-05
1192 -3.97516750388e-05
1193 -3.73234839103e-05
1194 -3.50034926679e-05
1195 -3.28881808161e-05
1196 -3.11742021798e-05
1197 -2.96511351407e-05
1198 -2.82881063038e-05
1199 -2.70386387773e-05
1200 0.000622385764575
1201 0.000578063148045
1202 0.00048116507093
1203 0.00049711948735
1204 0.000440763527185
1205 0.000401727387391
1206 0.000371176207218
1207 0.000340784973469
1208 0.00029559379898
1209 0.000252125581443
1210 0.000218254580215
1211 0.000176750620206
1212 0.000149370285486
1213 0.000124100920935
1214 0.000119522558747
1215 0.00013370214224
1216 0.000166914364625
1217 0.000210853004275
1218 0.000248837638829
1219 0.000262325339574
1220 0.0002476650539
1221 0.000205246196692
1222 0.00014635593671
1223 8.76335738885e-05
1224 3.90553267393e-05
1225 1.88416537355e-06
1226 -2.49398560698e-05
1227 -4.25109508342e-05
1228 -5.35360581712e-05
1229 -5.97626539823e-05
1230 -6.23359269004e-05
1231 -6.35555058851e-05
1232 -6.33241460737e-05
1233 -6.14810314921e-05
1234 -5.92897179523e-05
1235 -5.70076428219e-05
1236 -5.47683710668e-05
1237 -5.24944720284e-05
1238 -5.0327022984e-05
1239 -4.77905906377e-05
1240 -4.53495528009e-05
1241 -4.29065727457e-05
1242 -4.05097129338e-05
1243 -3.80303920038e-05
1244 -3.56138439825e-05
1245 -3.33949841968e-05
1246 -3.15788837402e-05
1247 -2.99531438468e-05
1248 -2.85264522563e-05
1249 -2.72336781947e-05
1250 0.0008186060943
1251 0.000760393439938
1252 0.000631487407668
1253 0.000650156708104
1254 0.000575107226892
1255 0.000523292050412
1256 0.000482423962618
1257 0.000441782739654
1258 0.000383393666544
1259 0.000328144031774
1260 0.000284300059124
1261 0.000230458216768
1262 0.000191883230889
1263 0.000149716905999
1264 0.000126283210556
1265 0.000118606827276
1266 0.000132563375349
1267 0.00016954278985
1268 0.00021812813913
1269 0.000255661145134
1270 0.000266456452742
1271 0.000241573014414
1272 0.000188582468867
1273 0.000126077099662
1274 6.95388942268e-05
1275 2.38407327364e-05
1276 -1.03247025953e-05
1277 -3.32284771061e-05
1278 -4.78982304852e-05
1279 -5.66230079284e-05
1280 -6.08996160315e-05
1281 -6.31383884144e-05
1282 -6.35140099152e-05
1283 -6.20360711993e-05
1284 -6.00464114699e-05
1285 -5.7852345863e-05
1286 -5.56082885685e-05
1287 -5.33256227976e-05
1288 -5.11268924875e-05
1289 -4.85683460558e-05
1290 -4.61164793735e-05
1291 -4.36367268196e-05
1292 -4.11901625833e-05
1293 -3.86765733825e-05
1294 -3.61894053063e-05
1295 -3.38867937896e-05
1296 -3.19828255877e-05
1297 -3.02814330094e-05
1298 -2.87830710079e-05
1299 -2.74432939628e-05
1300 0.00107553752721
1301 0.000998576676535
1302 0.00082539479509
1303 0.000847453956766
1304 0.000745778024374
1305 0.000675311150012
1306 0.000618621206386
1307 0.00056450959208
1308 0.000487871565121
1309 0.000417519652268
1310 0.000361774915377
1311 0.000294827005516
1312 0.000245930506687
1313 0.000190266506886
1314 0.000152365326308
1315 0.000125506785439
1316 0.000117085089017
1317 0.000135576512346
1318 0.000178769040855
1319 0.00022989146652
1320 0.00026569205713
1321 0.000265383821885
1322 0.000226550260467
1323 0.000165830364076
1324 0.000103283229516
1325 4.91789470391e-05
1326 7.03349172633e-06
1327 -2.20564284281e-05
1328 -4.09904713487e-05
1329 -5.26715229893e-05
1330 -5.8945490004e-05
1331 -6.23986621826e-05
1332 -6.35308399759e-05
1333 -6.24991537269e-05
1334 -6.07638715044e-05
1335 -5.86562901343e-05
1336 -5.64031865063e-05
1337 -5.4093302866e-05
1338 -5.19102955582e-05
1339 -4.93440919585e-05
1340 -4.68725453909e-05
1341 -4.4362859443e-05
1342 -4.18535835964e-05
1343 -3.92998190748e-05
1344 -3.67493608759e-05
1345 -3.43653589515e-05
1346 -3.23699232371e-05
1347 -3.05746514084e-05
1348 -2.90071453226e-05
1349 -2.76120708985e-05
1350 0.00142312734036
1351 0.00132110777042
1352 0.00108610619046
1353 0.00110950265451
1354 0.00096841021427
1355 0.000870133728769
1356 0.000791120944967
1357 0.000716503982513
1358 0.000614945604257
1359 0.000524323925683
1360 0.000452855114332
1361 0.000369349065403
1362 0.000309080274254
1363 0.000240441350832
1364 0.000190875210326
1365 0.000149376106866
1366 0.000121349912398
1367 0.000117868757879
1368 0.000143452852169
1369 0.00019378521232
1370 0.000246825131904
1371 0.000272611920995
1372 0.000255163879495
1373 0.000202949138581
1374 0.00013833459184
1375 7.6950775972e-05
1376 2.67256759387e-05
1377 -9.06438117382e-06
1378 -3.27895175549e-05
1379 -4.78570304284e-05
1380 -5.64090882016e-05
1381 -6.12537993312e-05
1382 -6.32738413325e-05
1383 -6.27590994512e-05
1384 -6.13127490779e-05
1385 -5.93717256829e-05
1386 -5.71329215403e-05
1387 -5.47975337221e-05
1388 -5.25751448815e-05
1389 -4.99891876036e-05
1390 -4.75117150469e-05
1391 -4.49931387581e-05
1392 -4.2447937856e-05
1393 -3.98708452051e-05
1394 -3.72940808969e-05
1395 -3.48483566183e-05
1396 -3.27841125911e-05
1397 -3.0905242477e-05
1398 -2.92600569165e-05
1399 -2.78042520949e-05
1400 0.00189631615915
1401 0.00175824836555
1402 0.00142893225778
1403 0.00145087997369
1404 0.00125626794386
1405 0.00111706471786
1406 0.00100568906473
1407 0.000901805076208
1408 0.000768228629562
1409 0.000650284014142
1410 0.000557776301439
1411 0.000454159165953
1412 0.000379969875426
1413 0.000297199363596
1414 0.000236831801462
1415 0.000183593970749
1416 0.000140506544539
1417 0.000117529160161
1418 0.000120748740853
1419 0.000158048708224
1420 0.000216283250954
1421 0.000263999490676
1422 0.000272117224552
1423 0.000235287122334
1424 0.000173282790943
1425 0.000106690178155
1426 4.86866582792e-05
1427 5.71239710555e-06
1428 -2.33332749474e-05
1429 -4.21895553185e-05
1430 -5.33124879179e-05
1431 -5.97340925464e-05
1432 -6.27680653181e-05
1433 -6.28376859096e-05
1434 -6.17347878909e-05
1435 -5.99637647261e-05
1436 -5.77775006909e-05
1437 -5.54343681646e-05
1438 -5.31955308003e-05
1439 -5.06176736509e-05
1440 -4.81318299011e-05
1441 -4.55906759186e-05
1442 -4.30263702464e-05
1443 -4.04203442172e-05
1444 -3.78025847996e-05
1445 -3.52887789553e-05
1446 -3.31430355732e-05
1447 -3.12053568609e-05
1448 -2.948697699e-05
1449 -2.79858781925e-05
1450 0.00255163949428
1451 0.00236031268254
1452 0.00189059205547
1453 0.00190848668693
1454 0.00163496384958
1455 0.00143403510004
1456 0.00127634852947
1457 0.00113155042096
1458 0.00095251300713
1459 0.000799389744268
1460 0.00067941801873
1461 0.000550454461573
1462 0.000458657225477
1463 0.000359458172199
1464 0.000287552008265
1465 0.000223844453163
1466 0.000169175715158
1467 0.000130846728637
1468 0.000113108605956
1469 0.00013078877427
1470 0.000182196921741
1471 0.0002426716983
1472 0.000275739795976
1473 0.00025959681457
1474 0.000205739422816
1475 0.000136930052689
1476 7.21296927788e-05
1477 2.2028119048e-05
1478 -1.27148353739e-05
1479 -3.57222892036e-05
1480 -4.96724650658e-05
1481 -5.78347790485e-05
1482 -6.19878534002e-05
1483 -6.27270969168e-05
1484 -6.19982243089e-05
1485 -6.04390722375e-05
1486 -5.83171304036e-05
1487 -5.60043709794e-05
1488 -5.37345979822e-05
1489 -5.11543127363e-05
1490 -4.86581342278e-05
1491 -4.61167603204e-05
1492 -4.35346705797e-05
1493 -4.09013019799e-05
1494 -3.8250078619e-05
1495 -3.57111498641e-05
1496 -3.35132895955e-05
1497 -3.15107209624e-05
1498 -2.97217104355e-05
1499 -2.81665996177e-05
1500 0.00347732559552
1501 0.00320544073833
1502 0.00252555163158
1503 0.00252826352261
1504 0.00213320240408
1505 0.00184497077399
1506 0.00161748190704
1507 0.00141480893755
1508 0.00117488132812
1509 0.000975291208257
1510 0.000819778552516
1511 0.00065900705716
1512 0.000545857620743
1513 0.000426939810042
1514 0.00034221283544
1515 0.000267619356241
1516 0.000202716968922
1517 0.000152663395839
1518 0.000118080422606
1519 0.000115456546224
1520 0.000151900816798
1521 0.000214362874319
1522 0.000267311391188
1523 0.000274291124915
1524 0.000233677056295
1525 0.00016623721874
1526 9.62771711636e-05
1527 3.94179496775e-05
1528 -1.18006118212e-06
1529 -2.85815670561e-05
1530 -4.55660035533e-05
1531 -5.56280521066e-05
1532 -6.09819438259e-05
1533 -6.24790539744e-05
1534 -6.21721816013e-05
1535 -6.08079413053e-05
1536 -5.8833169915e-05
1537 -5.65058407227e-05
1538 -5.42247608318e-05
1539 -5.16246411055e-05
1540 -4.91400939553e-05
1541 -4.66101908893e-05
1542 -4.40145015636e-05
1543 -4.13422484898e-05
1544 -3.86710292674e-05
1545 -3.61002457345e-05
1546 -3.38361555613e-05
1547 -3.17808412134e-05
1548 -2.99303528274e-05
1549 -2.83262940304e-05
1550 0.00482060561894
1551 0.00442305258238
1552 0.00341934584195
1553 0.00338003634626
1554 0.00279795760968
1555 0.00237817250007
1556 0.00204748116684
1557 0.0017612047856
1558 0.00143954268254
1559 0.00117967283734
1560 0.000979210262512
1561 0.000779697209674
1562 0.000640959719654
1563 0.000499274490622
1564 0.000399616605195
1565 0.000313202695334
1566 0.000238635938
1567 0.000179002353224
1568 0.000131609561202
1569 0.00011144658947
1570 0.000129643628892
1571 0.000185080264682
1572 0.000250092510113
1573 0.00027954698887
1574 0.000255922018972
1575 0.000193600596809
1576 0.000120494536468
1577 5.73864845171e-05
1578 1.10304907675e-05
1579 -2.09275663323e-05
1580 -4.10802238436e-05
1581 -5.30949183071e-05
1582 -5.97355955545e-05
1583 -6.2025466798e-05
1584 -6.22428308515e-05
1585 -6.11486960023e-05
1586 -5.92498282313e-05
1587 -5.69773914847e-05
1588 -5.46969040389e-05
1589 -5.20813353207e-05
1590 -4.95799392553e-05
1591 -4.70386661389e-05
1592 -4.44232967352e-05
1593 -4.1727607944e-05
1594 -3.90416981927e-05
1595 -3.64556875211e-05
1596 -3.41493444564e-05
1597 -3.20316447435e-05
1598 -3.01332290562e-05
1599 -2.84967803352e-05
1600 0.00683461884937
1601 0.00626800111334
1602 0.00469006078458
1603 0.00455810907727
1604 0.0036834923626
1605 0.00306534888037
1606 0.00258112217411
1607 0.00217690849828
1608 0.00175009327189
1609 0.00141322383915
1610 0.00115703689996
1611 0.000912699863361
1612 0.000743430168737
1613 0.000576088771794
1614 0.000459366888484
1615 0.00035998146894
1616 0.000275444190393
1617 0.000207492418658
1618 0.000150028645672
1619 0.000115915990282
1620 0.000116574217404
1621 0.000159294010714
1622 0.000228210093412
1623 0.000276299423001
1624 0.000271414664094
1625 0.000217612991192
1626 0.0001435877041
1627 7.53448530067e-05
1628 2.35320308552e-05
1629 -1.29730963939e-05
1630 -3.63435514867e-05
1631 -5.03874044861e-05
1632 -5.83433844309e-05
1633 -6.14610431813e-05
1634 -6.21390842834e-05
1635 -6.13060046327e-05
1636 -5.95496247212e-05
1637 -5.73400387668e-05
1638 -5.50513155725e-05
1639 -5.2413889204e-05
1640 -4.99211474173e-05
1641 -4.73902233469e-05
1642 -4.47820545913e-05
1643 -4.20845776664e-05
1644 -3.93879856278e-05
1645 -3.67913531333e-05
1646 -3.44559075859e-05
1647 -3.23095582802e-05
1648 -3.03413128041e-05
1649 -2.86386911096e-05
1650 0.010040394271
1651 0.00912050381454
1652 0.0065268022138
1653 0.00619481040623
1654 0.00485818302885
1655 0.00393406799635
1656 0.00323225038838
1657 0.00266578997072
1658 0.00210341138709
1659 0.00167495174112
1660 0.00134977352183
1661 0.0010538735917
1662 0.000849770950206
1663 0.000654687131438
1664 0.000519364922663
1665 0.000406347658578
1666 0.000311734231233
1667 0.000235923868634
1668 0.000170412226364
1669 0.000125729488946
1670 0.000111455056278
1671 0.000139434277716
1672 0.000205539802573
1673 0.000267255728986
1674 0.000280779577257
1675 0.000237874779039
1676 0.000165053453719
1677 9.27407988518e-05
1678 3.59245179423e-05
1679 -4.96488758536e-06
1680 -3.15339000005e-05
1681 -4.76033059454e-05
1682 -5.68749951034e-05
1683 -6.08247294607e-05
1684 -6.20007695282e-05
1685 -6.14499234286e-05
1686 -5.98268817472e-05
1687 -5.76932698012e-05
1688 -5.53990097387e-05
1689 -5.27741991775e-05
1690 -5.02795245518e-05
1691 -4.77454023967e-05
1692 -4.51360894281e-05
1693 -4.24344017216e-05
1694 -3.96907451491e-05
1695 -3.70856427443e-05
1696 -3.4715119418e-05
1697 -3.25156363853e-05
1698 -3.05063898838e-05
1699 -2.87623054889e-05
1700 0.0153488828615
1701 0.0137562232652
1702 0.00925248531183
1703 0.00847985362675
1704 0.0064088567024
1705 0.00502288923875
1706 0.00401166150442
1707 0.00322750126277
1708 0.00249693979965
1709 0.00195687762963
1710 0.00155305442744
1711 0.0011993984695
1712 0.000957719217536
1713 0.000733168288088
1714 0.000578159307603
1715 0.000451179723043
1716 0.000346364201431
1717 0.000262949127833
1718 0.000190723823372
1719 0.000137962148611
1720 0.000111860952695
1721 0.000125712212008
1722 0.000184774310634
1723 0.00025458988862
1724 0.000284501648892
1725 0.000253583146538
1726 0.000183874728849
1727 0.000108763635547
1728 4.76194514376e-05
1729 2.73927556119e-06
1730 -2.68188406227e-05
1731 -4.48423935016e-05
1732 -5.53974240061e-05
1733 -6.01633885972e-05
1734 -6.18021421007e-05
1735 -6.14974543793e-05
1736 -6.00341565996e-05
1737 -5.79914505893e-05
1738 -5.57172870982e-05
1739 -5.30745356427e-05
1740 -5.05677364491e-05
1741 -4.80451971239e-05
1742 -4.54403303931e-05
1743 -4.27363436708e-05
1744 -3.99672537613e-05
1745 -3.73487403289e-05
1746 -3.49336603763e-05
1747 -3.26939754199e-05
1748 -3.06287441579e-05
1749 -2.88402096266e-05
1750 0.0249620818864
1751 0.0215674327409
1752 0.0133351136013
1753 0.0115974068939
1754 0.0083920237471
1755 0.00634169454022
1756 0.00490289398115
1757 0.00384383815943
1758 0.00291446437598
1759 0.00224753928592
1760 0.00175757093528
1761 0.00134288931929
1762 0.00106246858506
1763 0.000808478841666
1764 0.000633819938651
1765 0.000493095159852
1766 0.000378365621898
1767 0.000287905575181
1768 0.000209917574715
1769 0.000150895872308
1770 0.000115723364033
1771 0.000117482489999
1772 0.000167745210914
1773 0.000241329953962
1774 0.000284720273442
1775 0.000265758995403
1776 0.000200103591223
1777 0.000123237601823
1778 5.83750775338e-05
1779 9.91257297297e-06
1780 -2.24212564331e-05
1781 -4.22743562808e-05
1782 -5.39907138927e-05
1783 -5.94784684536e-05
1784 -6.15655953512e-05
1785 -6.15322115408e-05
1786 -6.01657776701e-05
1787 -5.81818825763e-05
1788 -5.592393353e-05
1789 -5.32616859992e-05
1790 -5.07622662008e-05
1791 -4.82474065896e-05
1792 -4.56421876644e-05
1793 -4.29279946232e-05
1794 -4.01430619093e-05
1795 -3.75207147119e-05
1796 -3.50984888333e-05
1797 -3.28501883608e-05
1798 -3.07648847846e-05
1799 -2.89481185646e-05
1800 0.0448860279302
1801 0.0349641300218
1802 0.019434644783
1803 0.0157108217913
1804 0.0108373525641
1805 0.00787014244567
1806 0.00587827833582
1807 0.00448688791356
1808 0.00333769390956
1809 0.00253509744677
1810 0.00195426623187
1811 0.00147957005806
1812 0.00116013028807
1813 0.000878018349422
1814 0.000684702063842
1815 0.000530653485647
1816 0.000406744887787
1817 0.000309738266536
1818 0.000226869776526
1819 0.000162972812158
1820 0.000121035202524
1821 0.000113143771775
1822 0.000154706669081
1823 0.000228857946007
1824 0.000282443166128
1825 0.000274160366798
1826 0.00021309333716
1827 0.000135448690168
1828 6.76817669705e-05
1829 1.61923110921e-05
1830 -1.85005387665e-05
1831 -3.99447807789e-05
1832 -5.26731773814e-05
1833 -5.88161269557e-05
1834 -6.13342985958e-05
1835 -6.15638288085e-05
1836 -6.02938089562e-05
1837 -5.83709253444e-05
1838 -5.61197803185e-05
1839 -5.34637881657e-05
1840 -5.09444356012e-05
1841 -4.84305376756e-05
1842 -4.58150954423e-05
1843 -4.31142904123e-05
1844 -4.03074820447e-05
1845 -3.7676916988e-05
1846 -3.52453998798e-05
1847 -3.29645071242e-05
1848 -3.08506163272e-05
1849 -2.90031904507e-05
1850 0.0899717369249
1851 0.054140843886
1852 0.027873175753
1853 0.0205939327089
1854 0.0135405704285
1855 0.00945748259714
1856 0.00683132553222
1857 0.00508606222916
1858 0.0037203288112
1859 0.00278918309486
1860 0.00212311786899
1861 0.00159619903299
1862 0.00124214321313
1863 0.000936725099636
1864 0.000727150728311
1865 0.000561878772813
1866 0.00043028729966
1867 0.000327660822201
1868 0.000240784724122
1869 0.000173277600497
1870 0.000126443220632
1871 0.000111395825521
1872 0.000145608819391
1873 0.000218704285353
1874 0.000279393566067
1875 0.000279781017511
1876 0.00022303029143
1877 0.000145156430561
1878 7.52032845966e-05
1879 2.13381473279e-05
1880 -1.52424294368e-05
1881 -3.7997412296e-05
1882 -5.15742242209e-05
1883 -5.82665037507e-05
1884 -6.10996549116e-05
1885 -6.1506770257e-05
1886 -6.03175468106e-05
1887 -5.84751983647e-05
1888 -5.62469970115e-05
1889 -5.35890650546e-05
1890 -5.10634486333e-05
1891 -4.85555513926e-05
1892 -4.59357477685e-05
1893 -4.32291717987e-05
1894 -4.04069720136e-05
1895 -3.77847808093e-05
1896 -3.53539132627e-05
1897 -3.30512835024e-05
1898 -3.09238319237e-05
1899 -2.90442287028e-05
1900 0.162093838069
1901 0.0730186351765
1902 0.0381200653222
1903 0.0255547808028
1904 0.0161672203019
1905 0.0109126583522
1906 0.0076606285122
1907 0.00558346165346
1908 0.00403134328513
1909 0.00299317235786
1910 0.00225525622683
1911 0.00168647883323
1912 0.00130426928588
1913 0.000980630014725
1914 0.00075850306515
1915 0.000584606745025
1916 0.000447321104935
1917 0.000340544159294
1918 0.000250878632218
1919 0.000180887490894
1920 0.000130796448701
1921 0.0001110019292
1922 0.000139822415733
1923 0.000211343756902
1924 0.000276577771193
1925 0.000283295090078
1926 0.000230134398372
1927 0.000152310781331
1928 8.0805901384e-05
1929 2.51765202465e-05
1930 -1.28083259757e-05
1931 -3.65525730784e-05
1932 -5.07731563826e-05
1933 -5.78563242678e-05
1934 -6.09314325693e-05
1935 -6.1452279435e-05
1936 -6.03242644414e-05
1937 -5.85118045993e-05
1938 -5.63020997265e-05
1939 -5.36392007143e-05
1940 -5.11077756085e-05
1941 -4.8606798558e-05
1942 -4.59863402933e-05
1943 -4.3283919361e-05
1944 -4.04612518971e-05
1945 -3.78489028868e-05
1946 -3.54042489667e-05
1947 -3.30996157924e-05
1948 -3.09412118432e-05
1949 -2.90569593306e-05
1950 0.231189134364
1951 0.0886927952501
1952 0.0475356140344
1953 0.0293509369764
1954 0.0180938967997
1955 0.0119444518776
1956 0.00821321330168
1957 0.00589635125314
1958 0.0042249563119
1959 0.00311846290146
1960 0.00233367541474
1961 0.00174035349272
1962 0.00134080733
1963 0.00100709904204
1964 0.000777206828218
1965 0.000598291215199
1966 0.000457642394642
1967 0.00034840604775
1968 0.000257160919505
1969 0.000185677251491
1970 0.000133696079722
1971 0.000111314132235
1972 0.00013705886011
1973 0.000207468231102
1974 0.000275017405778
1975 0.000285243314345
1976 0.000234179139602
1977 0.000156410896387
1978 8.4052839484e-05
1979 2.74529676379e-05
1980 -1.13100805609e-05
1981 -3.56501425041e-05
1982 -5.02388051025e-05
1983 -5.75463104175e-05
1984 -6.07564459929e-05
1985 -6.14102268852e-05
1986 -6.03283514005e-05
1987 -5.85324937696e-05
1988 -5.63224568382e-05
1989 -5.36511985877e-05
1990 -5.11141897319e-05
1991 -4.86254581996e-05
1992 -4.60063774963e-05
1993 -4.32977548014e-05
1994 -4.04698229754e-05
1995 -3.78487951136e-05
1996 -3.53934623536e-05
1997 -3.30813747436e-05
1998 -3.09199572118e-05
1999 -2.90283525151e-05
2000 0.23276083714
2001 0.0991187889237
2002 0.0515311728312
2003 0.0305383938575
2004 0.01872587014
2005 0.0122856942885
2006 0.00837416779549
2007 0.005975513422
2008 0.00427624741681
2009 0.00315173469947
2010 0.00235263887015
2011 0.00175457724974
2012 0.0013500896919
2013 0.00101529819383
2014 0.000782933205821
2015 0.000602295885356
2016 0.000460726818732
2017 0.000350659762543
2018 0.000259036754212
2019 0.000187160864552
2020 0.000134648710681
2021 0.000111774771124
2022 0.000136916238562
2023 0.000207001771446
2024 0.000275139738964
2025 0.000286118114444
2026 0.000235516140887
2027 0.0001577201311
2028 8.50450423976e-05
2029 2.81513178758e-05
2030 -1.08309633924e-05
2031 -3.53659678739e-05
2032 -5.00730257355e-05
2033 -5.74422368867e-05
2034 -6.07301384222e-05
2035 -6.13797167369e-05
2036 -6.02686105073e-05
2037 -5.85030122055e-05
2038 -5.63099097137e-05
2039 -5.36407251202e-05
2040 -5.11119929751e-05
2041 -4.86179349353e-05
2042 -4.59914911764e-05
2043 -4.32741643666e-05
2044 -4.04496701133e-05
2045 -3.78324232271e-05
2046 -3.53698968534e-05
2047 -3.30435192252e-05
2048 -3.08766043703e-05
2049 -2.89712568828e-05
2050 0.169772382816
2051 0.0895732542308
2052 0.047064961651
2053 0.0283966015853
2054 0.017813555302
2055 0.0118391558897
2056 0.00811415719997
2057 0.00580843654076
2058 0.00418035916811
2059 0.0030913965525
2060 0.00231039562821
2061 0.00172845792425
2062 0.00133098271608
2063 0.0010035075643
2064 0.00077429735187
2065 0.000596032672225
2066 0.000456196053243
2067 0.000347192090592
2068 0.000256554220594
2069 0.000185356398244
2070 0.000133617031476
2071 0.000112283742316
2072 0.000139318375773
2073 0.000210058113556
2074 0.00027689546383
2075 0.000285861809716
2076 0.00023407302365
2077 0.000156038787594
2078 8.36335147204e-05
2079 2.71913708263e-05
2080 -1.13589594234e-05
2081 -3.56609164327e-05
2082 -5.02024031118e-05
2083 -5.74542218983e-05
2084 -6.06591434536e-05
2085 -6.12674681285e-05
2086 -6.01508209813e-05
2087 -5.83851714598e-05
2088 -5.61713484525e-05
2089 -5.35340796547e-05
2090 -5.09970332656e-05
2091 -4.85174647078e-05
2092 -4.58794016974e-05
2093 -4.31899900809e-05
2094 -4.03485506272e-05
2095 -3.77464560179e-05
2096 -3.5288340374e-05
2097 -3.29649477058e-05
2098 -3.08107962782e-05
2099 -2.89077620369e-05
2100 0.0852110844638
2101 0.0609641533912
2102 0.0366151845354
2103 0.023711228551
2104 0.0156231641415
2105 0.0107045347922
2106 0.00747350166183
2107 0.00541432103942
2108 0.00394334033755
2109 0.0029387229272
2110 0.0022082888843
2111 0.00166220330514
2112 0.00128393645574
2113 0.000972739492058
2114 0.000752037711255
2115 0.000579977923694
2116 0.000444440296396
2117 0.000338271160312
2118 0.000249912548479
2119 0.000180462893259
2120 0.000130881226005
2121 0.000113163888713
2122 0.000144535238284
2123 0.000216593701418
2124 0.000280258532962
2125 0.000284370323986
2126 0.000229851855446
2127 0.000151515648977
2128 7.99520134211e-05
2129 2.46425582435e-05
2130 -1.28926955818e-05
2131 -3.65732175502e-05
2132 -5.06928228132e-05
2133 -5.76753386791e-05
2134 -6.07171218206e-05
2135 -6.1246736718e-05
2136 -6.00489762838e-05
2137 -5.82587062113e-05
2138 -5.6021043513e-05
2139 -5.33671226013e-05
2140 -5.08245962948e-05
2141 -4.83432767507e-05
2142 -4.57126011005e-05
2143 -4.30198232575e-05
2144 -4.01987621213e-05
2145 -3.76019666905e-05
2146 -3.51507310858e-05
2147 -3.28400888577e-05
2148 -3.06941652249e-05
2149 -2.88001736159e-05
2150 0.0424966112213
2151 0.036740612159
2152 0.0258834110008
2153 0.0183195688378
2154 0.0128498193908
2155 0.00917377458262
2156 0.0065875033745
2157 0.00486270602425
2158 0.00360102533085
2159 0.00271653728595
2160 0.00205859406751
2161 0.00156246837755
2162 0.00121319485432
2163 0.00092494682476
2164 0.00071754766059
2165 0.000554806500968
2166 0.000425785968217
2167 0.000324017098719
2168 0.000239181528894
2169 0.000172620210368
2170 0.000126786865767
2171 0.000115035915698
2172 0.000152932171252
2173 0.000226312302924
2174 0.000284335690938
2175 0.000280988545235
2176 0.000222581004827
2177 0.000144096084418
2178 7.40527649248e-05
2179 2.06169168374e-05
2180 -1.53424647223e-05
2181 -3.80220866742e-05
2182 -5.14765176511e-05
2183 -5.80304146015e-05
2184 -6.08070829819e-05
2185 -6.11816340563e-05
2186 -5.98941488591e-05
2187 -5.80641397763e-05
2188 -5.58122489134e-05
2189 -5.31751183045e-05
2190 -5.06307766598e-05
2191 -4.81421085233e-05
2192 -4.55010614721e-05
2193 -4.2804040207e-05
2194 -3.99897658868e-05
2195 -3.74089422241e-05
2196 -3.49540867428e-05
2197 -3.26622310542e-05
2198 -3.05273868809e-05
2199 -2.86475840649e-05
2200 0.0242506528601
2201 0.0225165173055
2202 0.0177204598603
2203 0.0135626640163
2204 0.010117546613
2205 0.00755053061539
2206 0.00560345585985
2207 0.00423252176936
2208 0.00319667517167
2209 0.00244709705833
2210 0.0018763490755
2211 0.00143851718891
2212 0.00112469321451
2213 0.000863710502612
2214 0.000673120146138
2215 0.000522125839685
2216 0.000401371943323
2217 0.000305259912996
2218 0.000224932729061
2219 0.000162430863966
2220 0.00012216302983
2221 0.000118904264183
2222 0.000164920228763
2223 0.000238652774553
2224 0.000288295936363
2225 0.000275144675039
2226 0.000212234141808
2227 0.000133993454322
2228 6.61536705738e-05
2229 1.52803372072e-05
2230 -1.85947066809e-05
2231 -3.99295681017e-05
2232 -5.24841018093e-05
2233 -5.84570970517e-05
2234 -6.08937758073e-05
2235 -6.10732218411e-05
2236 -5.96811747075e-05
2237 -5.77974157419e-05
2238 -5.5522694286e-05
2239 -5.28990672186e-05
2240 -5.03495167393e-05
2241 -4.78546168621e-05
2242 -4.5236188218e-05
2243 -4.2536905675e-05
2244 -3.97319503741e-05
2245 -3.71579668956e-05
2246 -3.47105383335e-05
2247 -3.24412875088e-05
2248 -3.03444583805e-05
2249 -2.85005595329e-05
2250 0.0151210172041
2251 0.0144731468627
2252 0.0121874421693
2253 0.00989167395315
2254 0.00777710037836
2255 0.00604930004668
2256 0.00464175730737
2257 0.00359382656914
2258 0.00277249706321
2259 0.00215704828583
2260 0.00167546287198
2261 0.00129955575943
2262 0.00102419917018
2263 0.000793057991047
2264 0.0006212039398
2265 0.000483517040726
2266 0.000372151458422
2267 0.000282695389511
2268 0.000207742972593
2269 0.000150653322865
2270 0.000118173295099
2271 0.000125987504456
2272 0.000180873117402
2273 0.000252750246921
2274 0.000290891352078
2275 0.000266233017137
2276 0.000198735115514
2277 0.000121410219315
2278 5.65708887203e-05
2279 8.87051812772e-06
2280 -2.24793603153e-05
2281 -4.21727000257e-05
2282 -5.36608512206e-05
2283 -5.89613909858e-05
2284 -6.09807653069e-05
2285 -6.09309413112e-05
2286 -5.94063269055e-05
2287 -5.74591802119e-05
2288 -5.51558325995e-05
2289 -5.25384504896e-05
2290 -5.00009493584e-05
2291 -4.75285300445e-05
2292 -4.49062690246e-05
2293 -4.22085833618e-05
2294 -3.94253089694e-05
2295 -3.68673281088e-05
2296 -3.44371358019e-05
2297 -3.21942419314e-05
2298 -3.01239524901e-05
2299 -2.8306690906e-05
2300 0.00998090054923
2301 0.00969518856123
2302 0.0085161878619
2303 0.0072121559714
2304 0.0059120430797
2305 0.00476736509417
2306 0.00377336829157
2307 0.00299316027807
2308 0.00235856142658
2309 0.00186623331934
2310 0.00146950904231
2311 0.00115384280512
2312 0.000917381636149
2313 0.000716522858971
2314 0.000564272543863
2315 0.000440646082767
2316 0.000339432497475
2317 0.000257251925272
2318 0.000188611414005
2319 0.000138527124598
2320 0.000116606849295
2321 0.000137870463849
2322 0.000200903866064
2323 0.00026718440882
2324 0.00029033083381
2325 0.000253386378288
2326 0.000182024154663
2327 0.000106717658453
2328 4.56525009397e-05
2329 1.67208584918e-06
2330 -2.68396317073e-05
2331 -4.46807232974e-05
2332 -5.49783587214e-05
2333 -5.95196656397e-05
2334 -6.1067956428e-05
2335 -6.07578099636e-05
2336 -5.90703328546e-05
2337 -5.70696284167e-05
2338 -5.4760738139e-05
2339 -5.22021031201e-05
2340 -4.96479106231e-05
2341 -4.71673196092e-05
2342 -4.45330455221e-05
2343 -4.18372907401e-05
2344 -3.90679962607e-05
2345 -3.6526417366e-05
2346 -3.41093333381e-05
2347 -3.18988092637e-05
2348 -2.98824246605e-05
2349 -2.81095352077e-05
2350 0.0068602677233
2351 0.00671757554941
2352 0.00606614676653
2353 0.00529618838451
2354 0.00448463680484
2355 0.00372555010634
2356 0.00303077796387
2357 0.00245845363223
2358 0.00197665640689
2359 0.0015901448687
2360 0.0012696803757
2361 0.00100934617559
2362 0.000809717209874
2363 0.000637826613666
2364 0.000504904648192
2365 0.000395286184312
2366 0.000304360623636
2367 0.000229880835514
2368 0.000168593284447
2369 0.000127706375233
2370 0.000119515013686
2371 0.000155654397093
2372 0.00022404084517
2373 0.000279892374664
2374 0.000285296940848
2375 0.000236324912257
2376 0.000162477075816
2377 9.03534799175e-05
2378 3.38249363852e-05
2379 -6.03277091752e-06
2380 -3.14545488925e-05
2381 -4.73126238559e-05
2382 -5.63222321178e-05
2383 -6.00650549252e-05
2384 -6.1134928379e-05
2385 -6.05606704547e-05
2386 -5.87579725392e-05
2387 -5.66674311044e-05
2388 -5.43214484282e-05
2389 -5.17524087819e-05
2390 -4.91796876068e-05
2391 -4.66871086754e-05
2392 -4.40606963707e-05
2393 -4.13886493528e-05
2394 -3.86494350482e-05
2395 -3.61289643237e-05
2396 -3.37387486634e-05
2397 -3.15778832562e-05
2398 -2.96248261523e-05
2399 -2.78986845598e-05
2400 0.00485353492309
2401 0.00477337871296
2402 0.00439471131199
2403 0.00392378290295
2404 0.00340710865054
2405 0.00290054217124
2406 0.00241587822383
2407 0.00199986096995
2408 0.00163800778863
2409 0.00133832449407
2410 0.00108305692015
2411 0.00087136088197
2412 0.000705091700994
2413 0.000559962188574
2414 0.000445073603945
2415 0.000348865966836
2416 0.000268029203536
2417 0.000201704039553
2418 0.00014933471658
2419 0.000120399561191
2420 0.000128963600937
2421 0.000179345064691
2422 0.000247695856068
2423 0.00028772395844
2424 0.000274048841225
2425 0.000214743900093
2426 0.00014044721898
2427 7.2840900097e-05
2428 2.14968244506e-05
2429 -1.39243406608e-05
2430 -3.61400104147e-05
2431 -4.99417338827e-05
2432 -5.75961423788e-05
2433 -6.05049279025e-05
2434 -6.10547546319e-05
2435 -6.02307290331e-05
2436 -5.82741521575e-05
2437 -5.61187740936e-05
2438 -5.37730518616e-05
2439 -5.12379273596e-05
2440 -4.86689030267e-05
2441 -4.61933790118e-05
2442 -4.35712724741e-05
2443 -4.09228087366e-05
2444 -3.82183297105e-05
2445 -3.57281802861e-05
2446 -3.33851946359e-05
2447 -3.12718468834e-05
2448 -2.93665832983e-05
2449 -2.76948262566e-05
2450 0.00351288073525
2451 0.00346457336732
2452 0.00323333264661
2453 0.00293553076437
2454 0.00259889457522
2455 0.00225647614991
2456 0.00191701660657
2457 0.00161525487002
2458 0.00134484774105
2459 0.00111457645923
2460 0.000913238507316
2461 0.000743014134937
2462 0.000605923423115
2463 0.000484681240363
2464 0.000386279476964
2465 0.000302596043119
2466 0.000231719076099
2467 0.000174375119066
2468 0.000133210536051
2469 0.000119826081348
2470 0.000147395514503
2471 0.000208784771231
2472 0.000269621958251
2473 0.000289049015246
2474 0.000256486929809
2475 0.000189499341861
2476 0.000116813188106
2477 5.48028621218e-05
2478 9.07821758161e-06
2479 -2.17645007315e-05
2480 -4.07187009856e-05
2481 -5.24504648495e-05
2482 -5.87797626064e-05
2483 -6.08738043714e-05
2484 -6.09174974961e-05
2485 -5.98313250258e-05
2486 -5.77356989205e-05
2487 -5.55272916342e-05
2488 -5.3180398768e-05
2489 -5.06756004907e-05
2490 -4.81095831534e-05
2491 -4.56273152756e-05
2492 -4.301001082e-05
2493 -4.03860523943e-05
2494 -3.77158995711e-05
2495 -3.5258801096e-05
2496 -3.29648325057e-05
2497 -3.09357182886e-05
2498 -2.91042211576e-05
2499 -2.74816962946e-05
