0 0.0384853514931
1 0.0232004632795
2 0.00703046535539
3 -0.00323732691782
4 -0.00886147309593
5 -0.00927181182347
6 -0.00841817347968
7 -0.00681822001991
8 -0.00505811351769
9 -0.00365691842292
10 -0.00248742156744
11 -0.00158223534504
12 -0.000908025158671
13 -0.00040973207037
14 -4.36279565685e-05
15 0.000212969395574
16 0.000385932148809
17 0.000509211569056
18 0.000587736333329
19 0.000633230017044
20 0.000675155426521
21 0.00069957853499
22 0.000717821047561
23 0.000721784540042
24 0.000702637180802
25 0.000651131950527
26 0.000584002509677
27 0.000525256827223
28 0.000485547665756
29 0.000455406092155
30 0.000431894562964
31 0.000418226445767
32 0.000409225945967
33 0.000397732869047
34 0.000386250148414
35 0.000374207491603
36 0.000364062275308
37 0.000352605104222
38 0.000342566381696
39 0.00033002754533
40 0.000317113333021
41 0.000305391935859
42 0.000293184810266
43 0.000280584462705
44 0.000268609295352
45 0.000256439902957
46 0.000245982868589
47 0.000235253691436
48 0.000225610931097
49 0.000215572952758
50 0.037413936374
51 0.0195429030435
52 0.00247400533635
53 -0.00516337126878
54 -0.00762747010229
55 -0.00748826237113
56 -0.00643332337322
57 -0.00516516246818
58 -0.00387604961807
59 -0.00277193630049
60 -0.00189566168444
61 -0.00119222143297
62 -0.000663399123697
63 -0.000266692302307
64 2.76774789825e-05
65 0.000241506078822
66 0.000391487260755
67 0.000499031168118
68 0.000560826274443
69 0.000601159631999
70 0.000638774765128
71 0.000662614428344
72 0.000678240440442
73 0.000683105997308
74 0.000667058043474
75 0.000619413244035
76 0.000556746208441
77 0.000501688053488
78 0.0004633869421
79 0.000434716300556
80 0.000412839020269
81 0.000400867687041
82 0.000391988559882
83 0.000380381736281
84 0.000369775084596
85 0.000359101815145
86 0.000349753181782
87 0.000338840462174
88 0.000328739988435
89 0.000316763813427
90 0.000304875390396
91 0.000293542430209
92 0.000281516683717
93 0.000269495068284
94 0.000257981609758
95 0.000246412901642
96 0.000236500389069
97 0.000226305718511
98 0.000216906649673
99 0.00020720057936
100 0.0389732042621
101 0.0116809398775
102 -0.00352388899028
103 -0.00611326534691
104 -0.00534288126764
105 -0.0043408223767
106 -0.00346709252058
107 -0.00276709180776
108 -0.00210696328208
109 -0.00152267109324
110 -0.00103853576635
111 -0.000626531771821
112 -0.000292987257027
113 -3.79465564832e-05
114 0.00016376945204
115 0.000315891838288
116 0.000425089501694
117 0.000506254819615
118 0.00055134507169
119 0.00058082711658
120 0.00061015426082
121 0.000627970049682
122 0.000641531197534
123 0.000648890111338
124 0.000638398098219
125 0.000596241696797
126 0.000537075023095
127 0.000483869786143
128 0.000446469036845
129 0.000418619655447
130 0.00039762608552
131 0.000386477208387
132 0.000378462979032
133 0.000367798834046
134 0.000358099230705
135 0.000348258693943
136 0.000339663462162
137 0.000329487048249
138 0.00031990389442
139 0.000308601073523
140 0.000297320087647
141 0.000286636591199
142 0.00027524517448
143 0.000263676362964
144 0.000252617953857
145 0.000241460825345
146 0.000231921283723
147 0.00022208728132
148 0.000212998319306
149 0.00020358926858
150 0.0331417187791
151 -0.0038302710458
152 -0.00563960915971
153 -0.00181675107017
154 0.000111706776129
155 0.000454021822375
156 0.00030196290889
157 5.70374003596e-05
158 -9.48363767403e-05
159 -0.000124501891134
160 -8.4978000609e-05
161 1.39338642173e-06
162 0.00011398568462
163 0.000210706485452
164 0.000307410286159
165 0.00038902012669
166 0.000451184539765
167 0.000502125108993
168 0.000527723959744
169 0.000544276617167
170 0.000563877460812
171 0.000576226909955
172 0.000589644994611
173 0.000601630804853
174 0.000598522392174
175 0.000563446677108
176 0.000508827609788
177 0.000458198496332
178 0.000422210147509
179 0.000395767891712
180 0.000376224290235
181 0.000366221882906
182 0.000359636904878
183 0.000350316898493
184 0.000341936202775
185 0.000333152556201
186 0.000325688322065
187 0.000316562503137
188 0.000308215924989
189 0.000297957535843
190 0.000287475849609
191 0.000277441184235
192 0.000266878383896
193 0.000255918233104
194 0.000245495896489
195 0.000234908371483
196 0.000225840095246
197 0.000216490905393
198 0.000207834003499
199 0.000198864774323
200 -0.00456500987435
201 -0.00191555917824
202 0.00716463528516
203 0.00876457675566
204 0.00706794831185
205 0.00523330416279
206 0.00363385273645
207 0.00244700092482
208 0.00158376459698
209 0.00103582641681
210 0.000709638353744
211 0.000522340185334
212 0.000445440738398
213 0.000407844710706
214 0.000412732681272
215 0.000431718201016
216 0.000452359727786
217 0.000475318777679
218 0.00048335686258
219 0.000487669703185
220 0.000497961659531
221 0.000507493813799
222 0.000523771720835
223 0.000543236983217
224 0.000548801449598
225 0.000521021957908
226 0.00047155539325
227 0.000424454173943
228 0.000391012716548
229 0.000366756583556
230 0.000349324538132
231 0.000341039017549
232 0.000336055696416
233 0.000328669661087
234 0.000321615564976
235 0.000314363656996
236 0.000308413526355
237 0.000300516218674
238 0.000293351880087
239 0.000284293775292
240 0.000274650187212
241 0.000265862408784
242 0.000256162745575
243 0.000246292630778
244 0.000236622280786
245 0.000226503668376
246 0.000218071728193
247 0.000209462525082
248 0.00020140302068
249 0.000193048072357
250 0.0141975410548
251 0.0172853205527
252 0.0165969237816
253 0.0134478924943
254 0.00984211765737
255 0.00713434629428
256 0.00503899885739
257 0.00353429375752
258 0.00239983484461
259 0.0016295936908
260 0.00112583307005
261 0.000795033110518
262 0.000608216730117
263 0.000490168957844
264 0.000435858249628
265 0.000413342493379
266 0.000406067222641
267 0.000410103872461
268 0.000406615367579
269 0.000403048408391
270 0.000407907612681
271 0.000419364506196
272 0.000443379070351
273 0.000473504103627
274 0.000487649720129
275 0.000467101804878
276 0.000423809154779
277 0.000381124543111
278 0.000350707968995
279 0.000329721934852
280 0.000315173639686
281 0.000309463507739
282 0.000306354913101
283 0.000301084484648
284 0.000296015669257
285 0.000290837486704
286 0.000286440028094
287 0.000280192137558
288 0.000274626269206
289 0.000266794438155
290 0.000258837158057
291 0.000251193258926
292 0.000242612608531
293 0.000233823691757
294 0.000224941717842
295 0.000216003271652
296 0.000208498894338
297 0.000200497739839
298 0.000193186056221
299 0.000185384076208
300 0.01241432892
301 -0.0101246238438
302 0.000592124863213
303 0.00468820484084
304 0.0056317938101
305 0.00497668283046
306 0.00395663168925
307 0.00299349105845
308 0.00215864087876
309 0.00152135040518
310 0.00106796468006
311 0.000749588982483
312 0.000550759653202
313 0.000421850981704
314 0.000352860042457
315 0.000318040345545
316 0.000302695907803
317 0.000299239910045
318 0.000292745393024
319 0.000287634549194
320 0.0002940401065
321 0.000314288569244
322 0.000351914042074
323 0.00039262561324
324 0.000414553397131
325 0.00040136409868
326 0.00036467721897
327 0.000327918117281
328 0.000302154587418
329 0.000285483570318
330 0.000274288679578
331 0.000271259294189
332 0.000270698675909
333 0.000267828126471
334 0.000265411987126
335 0.000262376019446
336 0.000259795496382
337 0.000255551752095
338 0.000251494566884
339 0.000245514251261
340 0.00023915735014
341 0.000232869964961
342 0.00022583544485
343 0.00021817337907
344 0.000210637739524
345 0.000202976792391
346 0.000196387107889
347 0.000189493578942
348 0.000182808879853
349 0.000175750655676
350 0.0329194346396
351 -0.00073160062242
352 -0.00773794220335
353 -0.00422403897014
354 -0.000704856140908
355 0.000852459401988
356 0.00135037252068
357 0.00132748639915
358 0.00110352072113
359 0.000835044509033
360 0.000597531304837
361 0.000413693365569
362 0.000286123329071
363 0.000209272621443
364 0.000166658975322
365 0.000147762633602
366 0.000143060994847
367 0.000143769939521
368 0.000143597766629
369 0.000146205019654
370 0.000163294894682
371 0.000200149214964
372 0.000253122756691
373 0.000303769505182
374 0.000331875570143
375 0.000324969096445
376 0.000296265479381
377 0.000266687178223
378 0.000246814623912
379 0.000234830512115
380 0.000228198636733
381 0.000228198653406
382 0.000230558187727
383 0.000230640383171
384 0.000231156273187
385 0.000230525903124
386 0.000230002836162
387 0.000227827402468
388 0.000225743518476
389 0.00022170964369
390 0.000217039643969
391 0.000212287792799
392 0.000206873816188
393 0.00020056759844
394 0.00019453530505
395 0.00018801871893
396 0.000182549702836
397 0.000176551539415
398 0.000170727704424
399 0.000164663350099
400 0.0313300473275
401 0.0107616033174
402 -0.00337891470996
403 -0.005553602807
404 -0.00409134358897
405 -0.00237999204284
406 -0.00120774735971
407 -0.00057230699084
408 -0.000259298900572
409 -0.000134604650253
410 -0.000112761845194
411 -0.000108241610939
412 -0.000120492545169
413 -0.000109458847079
414 -9.93694989727e-05
415 -8.33705605654e-05
416 -6.37896749878e-05
417 -4.90206168982e-05
418 -3.28014901256e-05
419 -1.1665358127e-05
420 2.52033546137e-05
421 8.22815862623e-05
422 0.000149857362209
423 0.000208616980589
424 0.000241404821319
425 0.000240324837137
426 0.00022024265866
427 0.000199419859532
428 0.000186419811377
429 0.000180067475149
430 0.000178482505092
431 0.000182110652504
432 0.000187401011782
433 0.000190856895865
434 0.000193701375106
435 0.000195799474289
436 0.000197642475622
437 0.000197752546535
438 0.000197630057813
439 0.000195631483633
440 0.000192798087476
441 0.000189864058051
442 0.00018600162524
443 0.000181500564014
444 0.000176899335997
445 0.000171704730041
446 0.000167279360535
447 0.000162397525661
448 0.000157664804452
449 0.000152653236984
450 0.0266057688501
451 0.0147475234867
452 0.00234527983385
453 -0.00269741062452
454 -0.00408112501814
455 -0.00359057709185
456 -0.00272985785641
457 -0.00200003553348
458 -0.00144753357021
459 -0.00107591595059
460 -0.000857542524068
461 -0.000684010802145
462 -0.000583799695697
463 -0.000479973045713
464 -0.00040979187589
465 -0.000351908927789
466 -0.000302246442604
467 -0.000265248406999
468 -0.000222567250609
469 -0.00017330619186
470 -0.000111956188647
471 -3.57022416794e-05
472 4.33502323529e-05
473 0.000107486523344
474 0.000143482878918
475 0.000149051080956
476 0.000138775534485
477 0.000127367449021
478 0.000121929701056
479 0.000121979010065
480 0.000125749619585
481 0.000133175434517
482 0.000141529799988
483 0.000148242802354
484 0.000154141906603
485 0.00015886354307
486 0.000163180484332
487 0.000165710074781
488 0.00016772660087
489 0.00016774793048
490 0.000167027252522
491 0.00016597162199
492 0.00016382561382
493 0.000161008768663
494 0.000157821278792
495 0.000153981092975
496 0.000150898016716
497 0.00014719870962
498 0.00014365934772
499 0.000139587333937
500 0.0222934474003
501 0.0151184479071
502 0.00591346007952
503 0.000603656555174
504 -0.00239135814148
505 -0.00319694896686
506 -0.00309296502891
507 -0.00267882881597
508 -0.00219208874789
509 -0.00177350717135
510 -0.00147030540155
511 -0.0011992697041
512 -0.00102148575948
513 -0.000845271637169
514 -0.000724950365466
515 -0.000629639162784
516 -0.000548429349639
517 -0.000484534843372
518 -0.000407633516041
519 -0.000326713192477
520 -0.000242545146515
521 -0.000151968516647
522 -6.55730705743e-05
523 1.21582572235e-06
524 4.01956161933e-05
525 5.36697088662e-05
526 5.40045387681e-05
527 5.28034193228e-05
528 5.53658197499e-05
529 6.20885308803e-05
530 7.12437693406e-05
531 8.25214718771e-05
532 9.40449778733e-05
533 0.000104044607297
534 0.000112835284278
535 0.000120378153507
536 0.00012706807007
537 0.000131908613843
538 0.000136069927907
539 0.000138274187798
540 0.000139611984696
541 0.000140364516232
542 0.000140107797932
543 0.000139034148243
544 0.000137473837078
545 0.000135274052503
546 0.000133471331786
547 0.000131083455526
548 0.00012866173092
549 0.00012560405921
550 0.0187957510181
551 0.0141634996284
552 0.00758142493234
553 0.00304112973232
554 -0.000418843719132
555 -0.00203817174481
556 -0.00264878400251
557 -0.00268596258319
558 -0.00244994675153
559 -0.00213883502403
560 -0.00186269184027
561 -0.00157659259513
562 -0.00137125702984
563 -0.00115811339601
564 -0.00100822876821
565 -0.000886752445762
566 -0.000776790729353
567 -0.000683450012413
568 -0.000571547463218
569 -0.000463625498056
570 -0.000363977762525
571 -0.000265416254111
572 -0.000176277001022
573 -0.000107944618346
574 -6.52238319975e-05
575 -4.29644785522e-05
576 -3.11601108137e-05
577 -2.2088218284e-05
578 -1.15800217068e-05
579 1.58534802623e-06
580 1.60545358318e-05
581 3.09822023301e-05
582 4.56466076174e-05
583 5.88511858488e-05
584 7.05110049544e-05
585 8.08883335011e-05
586 8.99145385535e-05
587 9.72259033428e-05
588 0.00010351162781
589 0.000108008920771
590 0.000111422304529
591 0.000114007076602
592 0.00011571446213
593 0.000116313173473
594 0.000116311145468
595 0.00011578879641
596 0.000115221864768
597 0.000114144784963
598 0.000112818724505
599 0.000110911887345
600 0.0159990985002
601 0.0128391355731
602 0.00810264322366
603 0.00451607666719
604 0.00121699671572
605 -0.000730670150554
606 -0.00181622167857
607 -0.00225314033356
608 -0.00231910542825
609 -0.0021935301994
610 -0.00202232976479
611 -0.00178517816113
612 -0.00160035650337
613 -0.00138747373847
614 -0.00123231110001
615 -0.00109608991033
616 -0.00096336147686
617 -0.000843873030253
618 -0.000705926865997
619 -0.00058145116996
620 -0.000475093917147
621 -0.000375324360902
622 -0.000286503134775
623 -0.000216518975397
624 -0.000168867038219
625 -0.000137113161869
626 -0.00011378490859
627 -9.50133440532e-05
628 -7.71020083415e-05
629 -5.81275453532e-05
630 -3.8605894012e-05
631 -2.03288025889e-05
632 -2.80146654587e-06
633 1.3512921795e-05
634 2.80454828901e-05
635 4.10618907461e-05
636 5.23762479291e-05
637 6.20027345624e-05
638 7.03865625824e-05
639 7.70364705253e-05
640 8.2427670614e-05
641 8.69550870363e-05
642 9.04704460878e-05
643 9.28512568472e-05
644 9.45407749669e-05
645 9.5541849054e-05
646 9.63414670963e-05
647 9.66068622665e-05
648 9.63971190626e-05
649 9.56956870873e-05
650 0.0137298727527
651 0.0114826912875
652 0.00801628823049
653 0.00526217230756
654 0.00237739976843
655 0.000415319644857
656 -0.00089809809093
657 -0.0016093418556
658 -0.00193812579496
659 -0.0020106032212
660 -0.00197753488099
661 -0.00183070947142
662 -0.00169967814751
663 -0.00151845152795
664 -0.00137622248633
665 -0.00123674368969
666 -0.00109202617707
667 -0.000958150992985
668 -0.000808555873249
669 -0.000679891007927
670 -0.000575885588288
671 -0.00047985015232
672 -0.000392482706855
673 -0.000320293812876
674 -0.000266248226872
675 -0.000224932796495
676 -0.000191206717232
677 -0.000163774194932
678 -0.000139606794863
679 -0.000115608454278
680 -9.16628009476e-05
681 -7.04392439663e-05
682 -5.03043649968e-05
683 -3.10862223203e-05
684 -1.38967426719e-05
685 1.55364161414e-06
686 1.50214201822e-05
687 2.6847123938e-05
688 3.72737178204e-05
689 4.59668076287e-05
690 5.33298958154e-05
691 5.97109465293e-05
692 6.49935799795e-05
693 6.90678407848e-05
694 7.24002602841e-05
695 7.48960431673e-05
696 7.7105136193e-05
697 7.85930243628e-05
698 7.95610076088e-05
699 8.00163624595e-05
700 0.0118660453969
701 0.0102186606784
702 0.0076386783893
703 0.00554471625402
704 0.00312350781584
705 0.00130366061408
706 -5.8068430507e-05
707 -0.000917973933263
708 -0.00143384400834
709 -0.00167752595296
710 -0.00178068646022
711 -0.00174101800872
712 -0.00168234395757
713 -0.00155042155827
714 -0.00143424719999
715 -0.00130518262978
716 -0.00116263001033
717 -0.00102926806983
718 -0.000883734529424
719 -0.000761243162384
720 -0.000665843292567
721 -0.000575964232152
722 -0.000489919177885
723 -0.000414086842922
724 -0.000353220563917
725 -0.000303230864912
726 -0.000261083259284
727 -0.000226654070647
728 -0.000197569679385
729 -0.000169482480055
730 -0.00014188134058
731 -0.000118210469145
732 -9.59023195591e-05
733 -7.41768002149e-05
734 -5.47197572433e-05
735 -3.70675730273e-05
736 -2.1602429303e-05
737 -7.7480805457e-06
738 4.54326418246e-06
739 1.51889276749e-05
740 2.44434861596e-05
741 3.25497718438e-05
742 3.95281033574e-05
743 4.52959301955e-05
744 5.01949296078e-05
745 5.41875860711e-05
746 5.7730383068e-05
747 6.04505420084e-05
748 6.26160574943e-05
749 6.41717727419e-05
750 0.0103604274023
751 0.00911202517822
752 0.00713969223737
753 0.00555503502619
754 0.00355542113853
755 0.00194732685569
756 0.000644638879264
757 -0.000265814142935
758 -0.000895442240276
759 -0.00126778291354
760 -0.00148737289583
761 -0.00155422998481
762 -0.00157081468018
763 -0.00149697417051
764 -0.00141646340562
765 -0.00131028143744
766 -0.00118447632884
767 -0.00106599424291
768 -0.000934788698855
769 -0.000826633272959
770 -0.000743433275881
771 -0.000660472710398
772 -0.000574449566733
773 -0.0004937751034
774 -0.000426867435909
775 -0.000370033532283
776 -0.000322026799501
777 -0.000282886131638
778 -0.000250347213361
779 -0.000219131034865
780 -0.000188832135153
781 -0.000163262038995
782 -0.000139178175737
783 -0.000115311834731
784 -9.38352495756e-05
785 -7.42716797552e-05
786 -5.70650879236e-05
787 -4.13438845485e-05
788 -2.74207371683e-05
789 -1.49258840464e-05
790 -3.92493575752e-06
791 5.81076498182e-06
792 1.43475920649e-05
793 2.17502946222e-05
794 2.81432242627e-05
795 3.35882090895e-05
796 3.83836176821e-05
797 4.22855170505e-05
798 4.56117087213e-05
799 4.82496169483e-05
800 0.00912574456942
801 0.00815197051588
802 0.00662391603876
803 0.00542298067448
804 0.00377931458807
805 0.00239549534
806 0.00120359693604
807 0.000304357204514
808 -0.000382532529922
809 -0.000842373073892
810 -0.00115273330572
811 -0.00130980670381
812 -0.00139688844085
813 -0.00138176467317
814 -0.00134200079317
815 -0.00126817250042
816 -0.00116961321111
817 -0.00107429578286
818 -0.00096559587828
819 -0.000876190814311
820 -0.000805877368338
821 -0.000728320739982
822 -0.000640619624422
823 -0.000555704404713
824 -0.000485017014752
825 -0.00042470029994
826 -0.0003732029739
827 -0.000331485993455
828 -0.000297055795505
829 -0.000264024988608
830 -0.000231711825317
831 -0.000204999550829
832 -0.000179557521721
833 -0.00015397172729
834 -0.000130705085069
835 -0.000109690698117
836 -9.09437758252e-05
837 -7.35883439674e-05
838 -5.81802022194e-05
839 -4.40348291173e-05
840 -3.14248234394e-05
841 -2.0186657809e-05
842 -1.02025801903e-05
843 -1.29965718018e-06
844 6.50736430401e-06
845 1.33054629396e-05
846 1.92715633274e-05
847 2.43303955639e-05
848 2.87375069284e-05
849 3.24257537628e-05
850 0.00812557973209
851 0.0073514694878
852 0.00613615647602
853 0.00521585800609
854 0.00386675424642
855 0.00268511244155
856 0.00161881686903
857 0.000763360175818
858 5.97231523964e-05
859 -0.000451873257643
860 -0.000822954818662
861 -0.00104865751001
862 -0.00119139894664
863 -0.00122970678328
864 -0.00123098829279
865 -0.00119345326923
866 -0.00112739917212
867 -0.00106049058022
868 -0.000978095226918
869 -0.00090867680413
870 -0.000849815045605
871 -0.000774370711394
872 -0.000684691508683
873 -0.000598335580311
874 -0.000527143516495
875 -0.000466470305484
876 -0.000414287597736
877 -0.000372187734263
878 -0.000337245802845
879 -0.000303403486542
880 -0.000269942930408
881 -0.000242649965061
882 -0.000216422697049
883 -0.00018962048363
884 -0.000165024873271
885 -0.000142746616014
886 -0.000122698625267
887 -0.000104008427491
888 -8.7302708812e-05
889 -7.17243626578e-05
890 -5.77723141294e-05
891 -4.51790228834e-05
892 -3.38744219794e-05
893 -2.36192525703e-05
894 -1.45039050471e-05
895 -6.47121786182e-06
896 5.92944673735e-07
897 6.74059354621e-06
898 1.21612018052e-05
899 1.68262782821e-05
900 0.00729884294986
901 0.0066464577507
902 0.00566752936265
903 0.0049559520331
904 0.00383744317566
905 0.00282686224862
906 0.00188395081963
907 0.00109184906606
908 0.000402924420668
909 -0.000125354235409
910 -0.000526406894007
911 -0.000795476023693
912 -0.000977751456217
913 -0.00105979798919
914 -0.0010993582639
915 -0.00109693930847
916 -0.00106574959439
917 -0.00102911021745
918 -0.000974308289865
919 -0.00092255227331
920 -0.000870368535436
921 -0.000795261288461
922 -0.000706216187375
923 -0.00062182923334
924 -0.000554047574484
925 -0.000496258454729
926 -0.000446062305898
927 -0.00040517002969
928 -0.000370974742498
929 -0.00033742033866
930 -0.000303579439956
931 -0.000276114051272
932 -0.000249572189546
933 -0.0002218792398
934 -0.000196479603742
935 -0.000173237410015
936 -0.000152187784651
937 -0.000132431826991
938 -0.000114650480044
939 -9.78318299141e-05
940 -8.26965468802e-05
941 -6.89553303496e-05
942 -5.64573397845e-05
943 -4.49956559992e-05
944 -3.47011761214e-05
945 -2.55487636147e-05
946 -1.74924193527e-05
947 -1.0339565931e-05
948 -3.98662594577e-06
949 1.59441411735e-06
950 0.00653255575223
951 0.0059964208809
952 0.0051866876799
953 0.00462742061977
954 0.00369386426192
955 0.00283562108646
956 0.00201205467056
957 0.00129770173744
958 0.000649909233179
959 0.000134228530255
960 -0.000270413104721
961 -0.000561718975484
962 -0.000768630812615
963 -0.000885312784385
964 -0.000958007485462
965 -0.000988823354956
966 -0.000991588258921
967 -0.000985337043203
968 -0.00095436865234
969 -0.000914494285638
970 -0.000864840646208
971 -0.00079109268773
972 -0.00070644463056
973 -0.000628886807707
974 -0.000567737614855
975 -0.000515356078918
976 -0.000468971549044
977 -0.000430421771581
978 -0.000398004039825
979 -0.000365313315871
980 -0.000331802611194
981 -0.000304747736808
982 -0.000278439802168
983 -0.000250272435321
984 -0.000224389172301
985 -0.000200570066558
986 -0.00017884764026
987 -0.000158335220119
988 -0.000139782997491
989 -0.000121964818571
990 -0.000105970024735
991 -9.12721047441e-05
992 -7.77821972847e-05
993 -6.52502466445e-05
994 -5.39436152186e-05
995 -4.37891581843e-05
996 -3.48612586285e-05
997 -2.6806302727e-05
998 -1.95906402951e-05
999 -1.31795096487e-05
1000 0.00580950819396
1001 0.00536573225539
1002 0.004688082424
1003 0.00424761184583
1004 0.00347081377653
1005 0.00274853142084
1006 0.00204242625608
1007 0.0014133239558
1008 0.000823755480336
1009 0.000339978044263
1010 -5.13226167623e-05
1011 -0.000349579960251
1012 -0.000569987833635
1013 -0.000713278428635
1014 -0.000813763635321
1015 -0.000875883564559
1016 -0.000909706893677
1017 -0.00092923228466
1018 -0.000914468908255
1019 -0.000880526183407
1020 -0.000832164014524
1021 -0.000764207396987
1022 -0.000689137210185
1023 -0.000622291743712
1024 -0.000570111162497
1025 -0.000525160294145
1026 -0.00048367311445
1027 -0.000448727088858
1028 -0.000418814336252
1029 -0.000387844459642
1030 -0.000355194444794
1031 -0.000329003723091
1032 -0.000303275208567
1033 -0.000275052511386
1034 -0.000248973879901
1035 -0.000224842871543
1036 -0.000202754620357
1037 -0.000181803576928
1038 -0.000162835604963
1039 -0.000144226143353
1040 -0.000127458861476
1041 -0.000111963457941
1042 -9.76435576707e-05
1043 -8.4230972502e-05
1044 -7.20652153008e-05
1045 -6.10117617955e-05
1046 -5.13287114516e-05
1047 -4.24744073739e-05
1048 -3.44936325578e-05
1049 -2.73353629351e-05
1050 0.00515278783581
1051 0.00477576927615
1052 0.00421610485493
1053 0.00386919762429
1054 0.00322648255801
1055 0.00262091594439
1056 0.00202290945542
1057 0.00147738717175
1058 0.000950654488645
1059 0.000505989778541
1060 0.000136715093122
1061 -0.000159487798044
1062 -0.000386663659935
1063 -0.000550463065266
1064 -0.000674250104459
1065 -0.00076371841643
1066 -0.00082295858166
1067 -0.000858754097604
1068 -0.000852351560089
1069 -0.000821753889311
1070 -0.000778434180982
1071 -0.000721091547277
1072 -0.000659642405732
1073 -0.00060612428241
1074 -0.000564234193661
1075 -0.00052745939539
1076 -0.000491433375651
1077 -0.000460641314667
1078 -0.000433627324979
1079 -0.000404744045825
1080 -0.000373524622497
1081 -0.000348658484161
1082 -0.000323709325596
1083 -0.000295849760662
1084 -0.000270162869079
1085 -0.000246189328667
1086 -0.000223994942855
1087 -0.000202852295985
1088 -0.000183360114098
1089 -0.000164259913116
1090 -0.000146920699833
1091 -0.000130864656824
1092 -0.000115907480355
1093 -0.000101815575128
1094 -8.89329769724e-05
1095 -7.71435560991e-05
1096 -6.68103516672e-05
1097 -5.72892615405e-05
1098 -4.86397781402e-05
1099 -4.08178006651e-05
1100 0.00457778392906
1101 0.00426106886057
1102 0.00379643081298
1103 0.00352520291976
1104 0.00299153534889
1105 0.00248556023417
1106 0.0019806977696
1107 0.00151173821306
1108 0.00104514306755
1109 0.000641059695255
1110 0.000297261227732
1111 8.10751022749e-06
1112 -0.000220926732144
1113 -0.000400137807947
1114 -0.000542937483719
1115 -0.00065228758485
1116 -0.000727142872844
1117 -0.000769260414771
1118 -0.000767325906968
1119 -0.000742373953424
1120 -0.000709676522817
1121 -0.000667381870494
1122 -0.000622344733773
1123 -0.000582662403595
1124 -0.000551735876578
1125 -0.000522987266022
1126 -0.000492812163664
1127 -0.000466425155573
1128 -0.000442705474959
1129 -0.000416299299127
1130 -0.000386959936591
1131 -0.000363750768585
1132 -0.000340169201162
1133 -0.000313226007799
1134 -0.000287881620673
1135 -0.000264259303669
1136 -0.000242129746372
1137 -0.000221001483673
1138 -0.000201480281449
1139 -0.000181999807941
1140 -0.000164381617064
1141 -0.000147915719021
1142 -0.000132526747121
1143 -0.000117900825443
1144 -0.000104409964104
1145 -9.20639916522e-05
1146 -8.1172394619e-05
1147 -7.11056138175e-05
1148 -6.19035360838e-05
1149 -5.35332493308e-05
1150 0.00410529243232
1151 0.00382977494203
1152 0.00344044253486
1153 0.00322643050043
1154 0.00278183610532
1155 0.00235722462711
1156 0.00193172423367
1157 0.00152838708575
1158 0.00111607131898
1159 0.000750834933731
1160 0.00043294838826
1161 0.000153711545725
1162 -7.42530713677e-05
1163 -0.00026403992903
1164 -0.000418688830693
1165 -0.000537910068675
1166 -0.00061830584178
1167 -0.000662166386355
1168 -0.000666367877881
1169 -0.000652357373507
1170 -0.000634442371581
1171 -0.000609274122966
1172 -0.000580810511317
1173 -0.000554375019544
1174 -0.000533706433628
1175 -0.000512734610743
1176 -0.000488582782623
1177 -0.000466614469686
1178 -0.00044621615128
1179 -0.000422687965678
1180 -0.000395460334199
1181 -0.000374106611756
1182 -0.0003520125483
1183 -0.000326009765417
1184 -0.000301558433712
1185 -0.000278550208034
1186 -0.000256924985877
1187 -0.000236097262321
1188 -0.000216742942681
1189 -0.000197352304492
1190 -0.00017962886554
1191 -0.000162954191237
1192 -0.000147358003801
1193 -0.000132411877665
1194 -0.000118522049613
1195 -0.000105718295556
1196 -9.44254416463e-05
1197 -8.39459452953e-05
1198 -7.43114330411e-05
1199 -6.54214556146e-05
1200 0.00371036974288
1201 0.00347272403762
1202 0.00314164417685
1203 0.00297137899509
1204 0.00259900561273
1205 0.00224132168213
1206 0.00188180777237
1207 0.00153487522456
1208 0.00117010401559
1209 0.000840532291701
1210 0.000547751120463
1211 0.000279504044857
1212 5.56165322716e-05
1213 -0.000138921556317
1214 -0.000296844492079
1215 -0.000417512501573
1216 -0.000498714471936
1217 -0.000545509632494
1218 -0.000560152939418
1219 -0.000560852274531
1220 -0.000559384781179
1221 -0.000551187300371
1222 -0.000537703336187
1223 -0.000523355648999
1224 -0.000511800082172
1225 -0.000498099455905
1226 -0.000479501757342
1227 -0.000461927872657
1228 -0.000445086245721
1229 -0.000424474262068
1230 -0.000399604704841
1231 -0.00038038873019
1232 -0.000360035279816
1233 -0.00033531023224
1234 -0.000311912870851
1235 -0.000289845418807
1236 -0.000268907515804
1237 -0.000248576084971
1238 -0.000229756409294
1239 -0.000210510175191
1240 -0.000192847766593
1241 -0.000176158521414
1242 -0.000160459765325
1243 -0.000145328735737
1244 -0.000131161488629
1245 -0.000118057994718
1246 -0.000106483922099
1247 -9.5646047403e-05
1248 -8.56709567103e-05
1249 -7.64236190477e-05
1250 0.00338426577728
1251 0.00317674746265
1252 0.0028922737164
1253 0.00275759480048
1254 0.00244226804944
1255 0.00214018246501
1256 0.00183556704068
1257 0.00153658602276
1258 0.00121380704555
1259 0.000916355843844
1260 0.000646189824763
1261 0.000389222527742
1262 0.000172272222681
1263 -2.11762558263e-05
1264 -0.000175787208428
1265 -0.00029417423173
1266 -0.000376621469664
1267 -0.000429720648757
1268 -0.000457800438944
1269 -0.000474415819611
1270 -0.000488514402851
1271 -0.000494870075278
1272 -0.000494358197446
1273 -0.000490509049609
1274 -0.000486809370569
1275 -0.000479485708771
1276 -0.000466094528838
1277 -0.000452760430601
1278 -0.000439600292864
1279 -0.000421860454129
1280 -0.000399692944386
1281 -0.000382690071395
1282 -0.000364121737535
1283 -0.000340983387755
1284 -0.000318956599894
1285 -0.000298091584339
1286 -0.000278075808388
1287 -0.000258484660447
1288 -0.000240078768769
1289 -0.00022112993439
1290 -0.000203766214305
1291 -0.000187286886684
1292 -0.000171667370016
1293 -0.000156540240659
1294 -0.000142271983905
1295 -0.000129028153456
1296 -0.000117308742733
1297 -0.000106303112919
1298 -9.60637508542e-05
1299 -8.65581231246e-05
1300 0.00311984521042
1301 0.00293707644055
1302 0.00268914823243
1303 0.0025844322112
1304 0.00231542277906
1305 0.00205825918648
1306 0.0017986714098
1307 0.00154078477034
1308 0.00125219221399
1309 0.000980917578218
1310 0.000729563874259
1311 0.000483486462487
1312 0.000275678344269
1313 8.76111412245e-05
1314 -6.10975518787e-05
1315 -0.000177111565778
1316 -0.000262897551638
1317 -0.000324514251245
1318 -0.000366020669127
1319 -0.000396725625777
1320 -0.000423712905328
1321 -0.000442098778082
1322 -0.000452008055358
1323 -0.000456870269182
1324 -0.000459694517577
1325 -0.000458020881776
1326 -0.000449584138676
1327 -0.000440184498695
1328 -0.000430417710545
1329 -0.000415620396002
1330 -0.000396169990059
1331 -0.000381483276891
1332 -0.000364943160657
1333 -0.000343590443599
1334 -0.000323139265744
1335 -0.000303450453386
1336 -0.000284435004188
1337 -0.00026572453182
1338 -0.000248168393385
1339 -0.000229772615312
1340 -0.000212826580824
1341 -0.000196694528612
1342 -0.000181236062462
1343 -0.000166206357242
1344 -0.000151911438531
1345 -0.000138617256222
1346 -0.000126826400335
1347 -0.000115701717764
1348 -0.000105317431643
1349 -9.56331808556e-05
1350 0.00292181565976
1351 0.0027576505405
1352 0.00253845956227
1353 0.00245691093897
1354 0.00222354821777
1355 0.00200030091848
1356 0.00177540823009
1357 0.00154656296271
1358 0.00128206806962
1359 0.00102933575747
1360 0.000792771999729
1361 0.000557728165904
1362 0.00036155745327
1363 0.000181623055088
1364 3.95668894695e-05
1365 -7.47556232365e-05
1366 -0.000164251299904
1367 -0.000233506715501
1368 -0.000286038545007
1369 -0.000327656510064
1370 -0.000364437162641
1371 -0.000391774058453
1372 -0.000409873912772
1373 -0.00042161614239
1374 -0.000430183296855
1375 -0.000433437136852
1376 -0.000429437381276
1377 -0.000423904558775
1378 -0.000417571040316
1379 -0.000405806351778
1380 -0.00038905693768
1381 -0.000376750322978
1382 -0.000362381890803
1383 -0.000342879682523
1384 -0.000324122062983
1385 -0.000305993497284
1386 -0.000288122349171
1387 -0.000270463350021
1388 -0.000253709718536
1389 -0.00023599684884
1390 -0.000219678170636
1391 -0.000204061477837
1392 -0.000188982749704
1393 -0.000174240304866
1394 -0.00016011842237
1395 -0.000146932674149
1396 -0.000135247509324
1397 -0.000124125394187
1398 -0.000113663031008
1399 -0.00010384559261
1400 0.00277158902786
1401 0.0026203232888
1402 0.00242018526549
1403 0.00235363646231
1404 0.00214593729917
1405 0.00194439139258
1406 0.00174101391583
1407 0.00153039576474
1408 0.00128405107067
1409 0.00104685773111
1410 0.000825873990711
1411 0.000606390496435
1412 0.000425274585986
1413 0.000256231199113
1414 0.000121712334962
1415 9.73474666466e-06
1416 -8.22538247698e-05
1417 -0.000156752465599
1418 -0.000217179594914
1419 -0.00026668400872
1420 -0.000310537321046
1421 -0.000344566999114
1422 -0.000369024308973
1423 -0.000386355680656
1424 -0.000399602833236
1425 -0.000407231700861
1426 -0.000407322590764
1427 -0.000405193620608
1428 -0.000401787291007
1429 -0.000393046428624
1430 -0.000379113678326
1431 -0.000369127528648
1432 -0.000356986019897
1433 -0.000339326283843
1434 -0.000322418417572
1435 -0.000305846243556
1436 -0.000289295963627
1437 -0.00027287011626
1438 -0.000257186377403
1439 -0.000240409447172
1440 -0.000224794071681
1441 -0.00020969908553
1442 -0.000195144780785
1443 -0.000180787740045
1444 -0.00016686959216
1445 -0.000153840231264
1446 -0.000142297336558
1447 -0.000131342375453
1448 -0.000120898654392
1449 -0.000111074223933
1450 0.00262093119456
1451 0.00248009148351
1452 0.00229527208692
1453 0.00223604608532
1454 0.00204521495547
1455 0.00185758142184
1456 0.00166979913581
1457 0.00147519247858
1458 0.00124745753795
1459 0.00103082907022
1460 0.000830732576045
1461 0.000631672576767
1462 0.000468200286524
1463 0.000311941405714
1464 0.000185863684444
1465 7.74799110178e-05
1466 -1.5026818066e-05
1467 -9.23491530745e-05
1468 -0.000157792468903
1469 -0.000212450723915
1470 -0.000260915913999
1471 -0.000299640706184
1472 -0.000328927308511
1473 -0.000350710939671
1474 -0.000367974712654
1475 -0.00037935554104
1476 -0.00038304017982
1477 -0.000384239308254
1478 -0.000383748895923
1479 -0.000377796719597
1480 -0.000366593243634
1481 -0.000358884352128
1482 -0.000348922578925
1483 -0.000333251275004
1484 -0.000318177730225
1485 -0.000303329199801
1486 -0.000288127199647
1487 -0.000273125551425
1488 -0.00025854344921
1489 -0.000242759218195
1490 -0.000227917928746
1491 -0.000213524822018
1492 -0.000199566259566
1493 -0.000185722626527
1494 -0.000172150652115
1495 -0.000159508007101
1496 -0.000148266462671
1497 -0.000137497056934
1498 -0.000127142784967
1499 -0.000117351080512
1500 0.0024221722016
1501 0.00229280862576
1502 0.00212600853897
1503 0.00207136918813
1504 0.00189701344994
1505 0.00172742387825
1506 0.00155847603839
1507 0.00138545996517
1508 0.00118343335307
1509 0.000993027187096
1510 0.000818028521362
1511 0.000641569464945
1512 0.000496520908714
1513 0.000353147307946
1514 0.000235954797588
1515 0.000131984658389
1516 4.05909815226e-05
1517 -3.75753810121e-05
1518 -0.000105724354929
1519 -0.000163433898776
1520 -0.000214791525618
1521 -0.000256752994391
1522 -0.000289761491359
1523 -0.000315078784079
1524 -0.000335634210324
1525 -0.00035016533566
1526 -0.000357158951926
1527 -0.00036144737303
1528 -0.000363713955449
1529 -0.000360528153786
1530 -0.000351997036419
1531 -0.000346651568033
1532 -0.0003387653155
1533 -0.000325244133338
1534 -0.000312023861475
1535 -0.000298737939917
1536 -0.000285221433142
1537 -0.000271392191752
1538 -0.000258046815686
1539 -0.00024326726028
1540 -0.000229378522129
1541 -0.000215829061594
1542 -0.000202546954529
1543 -0.00018926238592
1544 -0.000176191554918
1545 -0.000163926430483
1546 -0.000152943973008
1547 -0.000142450050112
1548 -0.000132288875894
1549 -0.000122632196098
1550 0.00218196029335
1551 0.00206716993018
1552 0.00192136009098
1553 0.00187442607219
1554 0.00172208276477
1555 0.00157575630124
1556 0.00143158498463
1557 0.00128483800824
1558 0.00111190401827
1559 0.000949123889152
1560 0.00079912208916
1561 0.000644028759259
1562 0.000515962479934
1563 0.000384516450415
1564 0.000275720147912
1565 0.000176638003636
1566 8.74871357773e-05
1567 9.8372578087e-06
1568 -5.93951554593e-05
1569 -0.00011872541204
1570 -0.00017164921478
1571 -0.000215854340039
1572 -0.00025164937325
1573 -0.000279899200143
1574 -0.000303210303945
1575 -0.000320476982258
1576 -0.000330456841757
1577 -0.00033733039794
1578 -0.000342203702932
1579 -0.000341483138129
1580 -0.000335516860054
1581 -0.000332262560702
1582 -0.0003265658761
1583 -0.000315127113606
1584 -0.000304111099663
1585 -0.00029264598804
1586 -0.000280421905494
1587 -0.00026803797435
1588 -0.000255994787404
1589 -0.000242321715029
1590 -0.000229333317372
1591 -0.000216600608147
1592 -0.000204022619037
1593 -0.000191418157646
1594 -0.000178936023982
1595 -0.000167131161635
1596 -0.000156542042044
1597 -0.000146336200406
1598 -0.00013648758128
1599 -0.000127114539476
1600 0.00194556054706
1601 0.00184730548777
1602 0.00171945404476
1603 0.00168357351813
1604 0.00155497584207
1605 0.00143324768124
1606 0.00131452263752
1607 0.00119337722974
1608 0.00104790971557
1609 0.000909485948765
1610 0.000781180873865
1611 0.000644552807499
1612 0.000530680511043
1613 0.000409635634101
1614 0.000308348005098
1615 0.000214119477567
1616 0.000127760751321
1617 5.15065435069e-05
1618 -1.77645335879e-05
1619 -7.76930285974e-05
1620 -0.000131351436679
1621 -0.000176944565739
1622 -0.000214811482116
1623 -0.000245235073346
1624 -0.000270751740233
1625 -0.000290411393586
1626 -0.000302980543659
1627 -0.000312355874317
1628 -0.000319564559106
1629 -0.00032123983828
1630 -0.000317674828467
1631 -0.000316580021098
1632 -0.000312897149885
1633 -0.000303526307413
1634 -0.000294273813548
1635 -0.000284489771158
1636 -0.000273851837957
1637 -0.000262917536722
1638 -0.000252131375358
1639 -0.000239599174268
1640 -0.000227680593204
1641 -0.000215908894251
1642 -0.000204188476416
1643 -0.000192377608326
1644 -0.000180543499291
1645 -0.000169263486735
1646 -0.000159173951279
1647 -0.000149457510671
1648 -0.000139865913371
1649 -0.000130681525449
1650 0.00174787920852
1651 0.00166089282089
1652 0.00154984696967
1653 0.00152467377816
1654 0.00141703644927
1655 0.00131589416758
1656 0.0012193556932
1657 0.00111951814694
1658 0.000996041078964
1659 0.000877921213131
1660 0.000766402275522
1661 0.000644511683709
1662 0.000542107155851
1663 0.000429991638191
1664 0.000335426505501
1665 0.000245952788844
1666 0.000162728384021
1667 8.84258628831e-05
1668 1.98076988395e-05
1669 -4.00240170242e-05
1670 -9.37721314183e-05
1671 -0.000140184939974
1672 -0.000179506390126
1673 -0.000211757569958
1674 -0.000239028563472
1675 -0.000260687328651
1676 -0.000275565647179
1677 -0.000287064621285
1678 -0.000296384928882
1679 -0.000300310487683
1680 -0.000299072460181
1681 -0.000299839673374
1682 -0.000298081445756
1683 -0.00029072388857
1684 -0.000283321049317
1685 -0.000275248640479
1686 -0.000266145204027
1687 -0.000256676829076
1688 -0.000247130786822
1689 -0.000235909381342
1690 -0.000225045446515
1691 -0.00021420433355
1692 -0.000203337642388
1693 -0.0001923190776
1694 -0.000181027603861
1695 -0.000170350597313
1696 -0.000160771230222
1697 -0.000151462117104
1698 -0.000142270480125
1699 -0.000133407059942
1700 0.00159427576951
1701 0.00151705990144
1702 0.00141980479332
1703 0.00140311308271
1704 0.00131167333327
1705 0.00122628252392
1706 0.00114659108791
1707 0.0010629023136
1708 0.000956144185287
1709 0.000853019864058
1710 0.00075477565125
1711 0.000644339839993
1712 0.000551377224521
1713 0.000446713791596
1714 0.000358086950545
1715 0.000273176240753
1716 0.000193205173498
1717 0.000121155213094
1718 5.37294753449e-05
1719 -5.45664629766e-06
1720 -5.87544480423e-05
1721 -0.000105413685655
1722 -0.000145657414891
1723 -0.000179187727201
1724 -0.000207857257786
1725 -0.000231114651476
1726 -0.000248018174562
1727 -0.00026139900685
1728 -0.000272558979483
1729 -0.000278536738211
1730 -0.000279497485593
1731 -0.000282169254114
1732 -0.000282378722099
1733 -0.000277004665823
1734 -0.000271292031597
1735 -0.000264759321914
1736 -0.000257286025044
1737 -0.00024930162541
1738 -0.000241055767569
1739 -0.00023099669955
1740 -0.000221162272077
1741 -0.000211344174213
1742 -0.000201378545968
1743 -0.000191186387894
1744 -0.000180590275658
1745 -0.000170555345348
1746 -0.00016145017769
1747 -0.000152608877511
1748 -0.00014374703718
1749 -0.00013519663452
1750 0.00147834124736
1751 0.00140758113503
1752 0.00132144156352
1753 0.00131085798132
1754 0.00123125710315
1755 0.00115782046989
1756 0.00109004871106
1757 0.00101859469993
1758 0.000924281689893
1759 0.000832576794283
1760 0.000744740509219
1761 0.000643422707389
1762 0.000558366602539
1763 0.000460167404545
1764 0.000376977566889
1765 0.000296434512987
1766 0.00021974343815
1767 0.000150202032827
1768 8.4290595745e-05
1769 2.61069975965e-05
1770 -2.64141897937e-05
1771 -7.29940621393e-05
1772 -0.000113848295367
1773 -0.000148340605635
1774 -0.000178055694443
1775 -0.000202660998883
1776 -0.000221219539616
1777 -0.00023627275067
1778 -0.000249061397378
1779 -0.000256939535287
1780 -0.000259931206536
1781 -0.00026428387994
1782 -0.000266102705199
1783 -0.000262451106667
1784 -0.000258445532808
1785 -0.000253558277046
1786 -0.000247409951835
1787 -0.000240737085939
1788 -0.000233718830756
1789 -0.000224796599428
1790 -0.00021609391823
1791 -0.000207294235412
1792 -0.000198232456634
1793 -0.000188852789786
1794 -0.000179027593403
1795 -0.000169697231036
1796 -0.000161216662307
1797 -0.000152976002116
1798 -0.000144605198213
1799 -0.000136445541884
1800 0.00138940540096
1801 0.00132487606132
1802 0.00124595271228
1803 0.00123971149334
1804 0.00116882641995
1805 0.00110422395117
1806 0.00104517339118
1807 0.000982677747147
1808 0.000898013800344
1809 0.000815241935527
1810 0.000735561353758
1811 0.000641986718475
1812 0.000563443844574
1813 0.000470904642035
1814 0.000392725314229
1815 0.000316173870914
1816 0.000242730968947
1817 0.000175779970701
1818 0.000111688709252
1819 5.48038856056e-05
1820 3.32457926053e-06
1821 -4.27912850553e-05
1822 -8.38850768962e-05
1823 -0.000118925795327
1824 -0.000149406772943
1825 -0.000175019872232
1826 -0.000195008123706
1827 -0.000211546066304
1828 -0.000225751831591
1829 -0.000235249254587
1830 -0.000240025515207
1831 -0.000245892062605
1832 -0.000249194487282
1833 -0.0002472999611
1834 -0.000245058713619
1835 -0.000241785955058
1836 -0.000236934488562
1837 -0.000231550554671
1838 -0.000225691107139
1839 -0.000218009437828
1840 -0.000210333017119
1841 -0.000202531843918
1842 -0.000194351195686
1843 -0.00018589885151
1844 -0.000176817323033
1845 -0.0001681659412
1846 -0.00016028723929
1847 -0.000152532703228
1848 -0.000144615994962
1849 -0.000136842953039
1850 0.00131675040257
1851 0.00125791028035
1852 0.00118338533617
1853 0.00118028294482
1854 0.00111571290046
1855 0.00105797453786
1856 0.0010055377285
1857 0.000950146755766
1858 0.000873165476888
1859 0.000797840558595
1860 0.000724934318148
1861 0.000638367957589
1862 0.000565637894932
1863 0.000478599077787
1864 0.000405092690628
1865 0.000332536189178
1866 0.000262424336531
1867 0.000198111052541
1868 0.000136019638768
1869 8.06916630452e-05
1870 3.04439523816e-05
1871 -1.49699763383e-05
1872 -5.59961565492e-05
1873 -9.13106985132e-05
1874 -0.000122269748462
1875 -0.000148619294673
1876 -0.000169759962434
1877 -0.000187481305028
1878 -0.00020288682688
1879 -0.000213817935768
1880 -0.000220265488235
1881 -0.000227463010311
1882 -0.000232186234585
1883 -0.000231957498542
1884 -0.000231140900887
1885 -0.000229195204337
1886 -0.000225595227244
1887 -0.000221568329381
1888 -0.000216915682736
1889 -0.000210414346483
1890 -0.000203805133272
1891 -0.000197014956243
1892 -0.000189740431735
1893 -0.00018212388645
1894 -0.000173785978326
1895 -0.000165879651905
1896 -0.000158646905974
1897 -0.000151431479873
1898 -0.000144034204477
1899 -0.000136645536767
1900 0.00125449578426
1901 0.00119864119934
1902 0.00112976039271
1903 0.00112825403215
1904 0.00106963936718
1905 0.00101703172213
1906 0.00097017961885
1907 0.000920396991751
1908 0.000849752720096
1909 0.000780927868324
1910 0.00071371116637
1911 0.000633084409115
1912 0.000565439049269
1913 0.000483223103489
1914 0.000414153339606
1915 0.000345439119197
1916 0.000278680661333
1917 0.000217114521931
1918 0.000157268059516
1919 0.000103709818697
1920 5.49434508325e-05
1921 1.04685395279e-05
1922 -3.01770473914e-05
1923 -6.54928162209e-05
1924 -9.66969883837e-05
1925 -0.000123574119156
1926 -0.00014568688102
1927 -0.000164438525706
1928 -0.000180849196775
1929 -0.000193020846826
1930 -0.000200926623058
1931 -0.000209297334859
1932 -0.000215296974675
1933 -0.000216521841016
1934 -0.000217047537029
1935 -0.000216294148273
1936 -0.000213917618476
1937 -0.000211069791369
1938 -0.000207570385291
1939 -0.000202185648974
1940 -0.000196604722563
1941 -0.000190800497657
1942 -0.00018442125307
1943 -0.00017764893181
1944 -0.000170095917023
1945 -0.000162946205799
1946 -0.000156308525292
1947 -0.000149708627084
1948 -0.000142738325254
1949 -0.000135854645021
1950 0.00119793436114
1951 0.00114438725453
1952 0.00108074377669
1953 0.00108051863241
1954 0.00102647151378
1955 0.000978596211738
1956 0.000936111481186
1957 0.000890792906325
1958 0.000825744365564
1959 0.000762677209099
1960 0.000700512353048
1961 0.000625375303394
1962 0.000562605777771
1963 0.000485044878342
1964 0.000420243356652
1965 0.000355406487159
1966 0.000292011701154
1967 0.000233296999086
1968 0.000175824021783
1969 0.00012412772937
1970 7.69610408523e-05
1971 3.35904820217e-05
1972 -6.49846950587e-06
1973 -4.1635084241e-05
1974 -7.28309940427e-05
1975 -0.000100015041076
1976 -0.00012278024539
1977 -0.000142289049268
1978 -0.000159469489031
1979 -0.000172707020151
1980 -0.000181897004774
1981 -0.000191320599006
1982 -0.000198379008966
1983 -0.000200922753142
1984 -0.000202661631523
1985 -0.000203278930378
1986 -0.000202114842928
1987 -0.000200382950157
1988 -0.000197922505276
1989 -0.000193584030541
1990 -0.000188981542964
1991 -0.000184147799141
1992 -0.000178640441398
1993 -0.000172655651797
1994 -0.000165859292252
1995 -0.00015938760101
1996 -0.000153349063743
1997 -0.000147307578676
1998 -0.000140872524493
1999 -0.000134472412213
2000 0.00114433064474
2001 0.00109410414941
2002 0.00103428067806
2003 0.00103514943544
2004 0.000985104154333
2005 0.000941351581354
2006 0.000902458108464
2007 0.000861427032394
2008 0.000801314688414
2009 0.000743421773575
2010 0.000686111878919
2011 0.000615927629112
2012 0.000557804771317
2013 0.000484884305641
2014 0.000424129332359
2015 0.000362822447033
2016 0.000302667253238
2017 0.000246708792072
2018 0.000191592518044
2019 0.000141880761277
2020 9.64449861265e-05
2021 5.43628765664e-05
2022 1.50135833537e-05
2023 -1.97328724598e-05
2024 -5.07623177927e-05
2025 -7.80697974014e-05
2026 -0.000101283436457
2027 -0.000121375032973
2028 -0.00013916708466
2029 -0.000153308891021
2030 -0.00016360859675
2031 -0.00017388186675
2032 -0.000181896507539
2033 -0.000185649348827
2034 -0.000188627058906
2035 -0.0001902476226
2036 -0.000190060541246
2037 -0.000189458652245
2038 -0.000188051782778
2039 -0.000184739063183
2040 -0.000181118402165
2041 -0.000177156301445
2042 -0.000172467775157
2043 -0.000167252245834
2044 -0.000161235850304
2045 -0.000155479005797
2046 -0.000150032990592
2047 -0.000144499697296
2048 -0.00013858173538
2049 -0.000132623146113
2050 0.00109419496159
2051 0.00104677919377
2052 0.000990577602963
2053 0.000992762368885
2054 0.000946227153234
2055 0.000905926675762
2056 0.000870147590493
2057 0.000832873203414
2058 0.0007772919694
2059 0.000723951538083
2060 0.000670791788801
2061 0.000605225855748
2062 0.000551221053002
2063 0.000482397935886
2064 0.000425464634915
2065 0.000367647902175
2066 0.000310640103006
2067 0.000257506339951
2068 0.000204819854125
2069 0.000157174519862
2070 0.000113526195866
2071 7.28678161237e-05
2072 3.44122447082e-05
2073 2.4096585063e-07
2074 -3.04242527928e-05
2075 -5.76583185518e-05
2076 -8.11252244092e-05
2077 -0.000101604764937
2078 -0.000119819718033
2079 -0.000134651285941
2080 -0.00014583808429
2081 -0.000156851197083
2082 -0.000165660797164
2083 -0.000170487392574
2084 -0.000174415936845
2085 -0.00017701133389
2086 -0.00017788579791
2087 -0.000178283244624
2088 -0.00017775821214
2089 -0.00017549844884
2090 -0.000172746357245
2091 -0.000169684363132
2092 -0.00016577404077
2093 -0.000161442208121
2094 -0.00015609613733
2095 -0.000151057865314
2096 -0.000146229524005
2097 -0.000141264232772
2098 -0.000135931475691
2099 -0.000130458338926
2100 0.00104551886298
2101 0.00100096097115
2102 0.000947567707298
2103 0.000950515812123
2104 0.000907223440175
2105 0.000870361636894
2106 0.000837238034915
2107 0.000803400709046
2108 0.000752075437385
2109 0.000702856515969
2110 0.000653606493102
2111 0.000592596423325
2112 0.000542503288604
2113 0.000477878726898
2114 0.000424576624618
2115 0.00037025900761
2116 0.000316413086352
2117 0.000266061561272
2118 0.000215873029302
2119 0.000170324606738
2120 0.000128493092204
2121 8.92646722361e-05
2122 5.18583589339e-05
2123 1.83833442559e-05
2124 -1.17900515411e-05
2125 -3.87929701718e-05
2126 -6.23592965553e-05
2127 -8.31070962674e-05
2128 -0.000101612989115
2129 -0.000116950752405
2130 -0.00012892453272
2131 -0.000140541180513
2132 -0.000150020164719
2133 -0.000155823866479
2134 -0.000160650289089
2135 -0.000164184616784
2136 -0.000165923483737
2137 -0.000167213168132
2138 -0.00016752735025
2139 -0.000166105695828
2140 -0.000164179516735
2141 -0.000161917904656
2142 -0.000158822153247
2143 -0.000155219284934
2144 -0.000150635931378
2145 -0.000146245655921
2146 -0.000142029401771
2147 -0.000137652947795
2148 -0.000132848783961
2149 -0.000127852900432
2150 0.000997228459473
2151 0.000955018242284
2152 0.000905043563002
2153 0.000908778867527
2154 0.000868457860644
2155 0.000834673908306
2156 0.000804301425059
2157 0.000773531495587
2158 0.000725960994008
2159 0.000681015187963
2160 0.000635396302638
2161 0.000578393608521
2162 0.000532053550495
2163 0.000471512125731
2164 0.000421803858069
2165 0.000370812824252
2166 0.000320053219379
2167 0.000272440233448
2168 0.000224780619764
2169 0.000181376049478
2170 0.000141404588439
2171 0.000103686203679
2172 6.74232221629e-05
2173 3.47522602083e-05
2174 5.19636028196e-06
2175 -2.14408254757e-05
2176 -4.49492681273e-05
2177 -6.58053245933e-05
2178 -8.44507085196e-05
2179 -0.000100177970808
2180 -0.000112795557555
2181 -0.00012487371087
2182 -0.000134897982208
2183 -0.000141551858945
2184 -0.000147166296566
2185 -0.000151495877479
2186 -0.000154068215581
2187 -0.000156171522334
2188 -0.000157305665439
2189 -0.0001567610083
2190 -0.000155617673883
2191 -0.000154101247462
2192 -0.000151720185792
2193 -0.000148794861813
2194 -0.000144877097505
2195 -0.000141154318417
2196 -0.000137500508915
2197 -0.000133702612039
2198 -0.000129390506117
2199 -0.000124839232206
2200 0.000950994947601
2201 0.000911075185064
2202 0.000863920674567
2203 0.000868217574762
2204 0.000830915558245
2205 0.000799883299295
2206 0.000771793031167
2207 0.000743653048711
2208 0.000699534385925
2209 0.000658373981564
2210 0.000616532518492
2211 0.000563376039799
2212 0.000520579704449
2213 0.000463738341271
2214 0.000417559229026
2215 0.000369727840096
2216 0.000321992944442
2217 0.000277009175458
2218 0.000231842411399
2219 0.000190550341774
2220 0.000152398275066
2221 0.000116249520235
2222 8.11597693793e-05
2223 4.94109939873e-05
2224 2.05953039884e-05
2225 -5.57182144504e-06
2226 -2.88869368839e-05
2227 -4.97143870557e-05
2228 -6.83526425505e-05
2229 -8.43382135925e-05
2230 -9.74654005601e-05
2231 -0.000109879844622
2232 -0.000120344795382
2233 -0.000127708538088
2234 -0.00013403393624
2235 -0.000139081259664
2236 -0.000142424892975
2237 -0.000145258577935
2238 -0.000147113417594
2239 -0.000147356797425
2240 -0.000146924525442
2241 -0.000146104302847
2242 -0.000144486319605
2243 -0.00014221005046
2244 -0.000138940836954
2245 -0.000135833138688
2246 -0.00013275211768
2247 -0.000129491884185
2248 -0.000125728261473
2249 -0.000121669462364
2250 0.000906752678175
2251 0.000867926795637
2252 0.000824145419457
2253 0.000828923923642
2254 0.000794099662906
2255 0.000765784608569
2256 0.000739948166387
2257 0.000714254679861
2258 0.000673484000272
2259 0.000635758601535
2260 0.000597201367661
2261 0.000547640562538
2262 0.000508057405826
2263 0.00045489690387
2264 0.000411924102073
2265 0.000367134800143
2266 0.000322188504497
2267 0.000279815614336
2268 0.000237047861283
2269 0.000197875482
2270 0.000161563724236
2271 0.000127045379155
2272 9.32226773655e-05
2273 6.2465454858e-05
2274 3.44924920756e-05
2275 8.88577146778e-06
2276 -1.41271878799e-05
2277 -3.48167238681e-05
2278 -5.33210147495e-05
2279 -6.94410096651e-05
2280 -8.29478317631e-05
2281 -9.55998696687e-05
2282 -0.000106459257324
2283 -0.000114473820901
2284 -0.000121377344199
2285 -0.000127054414565
2286 -0.000131064069142
2287 -0.000134545487552
2288 -0.000137032882509
2289 -0.000137969086105
2290 -0.000138237874607
2291 -0.000138150259359
2292 -0.000137167393608
2293 -0.000135514903351
2294 -0.000132904320392
2295 -0.000130410718916
2296 -0.000127882389397
2297 -0.000125110363509
2298 -0.000121789970103
2299 -0.000118120822656
2300 0.00086361792254
2301 0.000826475525531
2302 0.000785760832801
2303 0.000790614584223
2304 0.000758620909772
2305 0.000732649619958
2306 0.000708723415046
2307 0.000685406902181
2308 0.000647647824479
2309 0.000613171990422
2310 0.000577457366876
2311 0.000531313517943
2312 0.000494810525979
2313 0.000445138013297
2314 0.000405183230073
2315 0.000363296011009
2316 0.000321171684667
2317 0.000281264484888
2318 0.000240920309478
2319 0.000203745769296
2320 0.000169285857823
2321 0.000136341574149
2322 0.000103785042676
2323 7.40504984848e-05
2324 4.6939901103e-05
2325 2.19768374117e-05
2326 -6.33948173289e-07
2327 -2.11069962957e-05
2328 -3.94274569775e-05
2329 -5.56190473885e-05
2330 -6.9416039629e-05
2331 -8.22248304966e-05
2332 -9.33821453399e-05
2333 -0.000101911356188
2334 -0.000109300199397
2335 -0.000115503638227
2336 -0.000120043400185
2337 -0.00012412382062
2338 -0.000127230570789
2339 -0.000128933530496
2340 -0.000129784546833
2341 -0.000130284955393
2342 -0.000129880488859
2343 -0.000128814024445
2344 -0.000126789355058
2345 -0.000124860438458
2346 -0.000122800792238
2347 -0.000120472870726
2348 -0.000117632312832
2349 -0.000114356288896
2350 0.000822581764488
2351 0.000786856979911
2352 0.000748439250837
2353 0.000753807026875
2354 0.000723924689017
2355 0.000700119554972
2356 0.000678092720743
2357 0.000657000865385
2358 0.000622060121085
2359 0.000590614946326
2360 0.000557861188748
2361 0.000514876211879
2362 0.000481238892201
2363 0.000434796951265
2364 0.000397690004593
2365 0.000358579478765
2366 0.000319109154123
2367 0.000281582974436
2368 0.000243460456426
2369 0.000208298977805
2370 0.000175624745224
2371 0.000144211371151
2372 0.000112973066339
2373 8.42969754307e-05
2374 5.80897861214e-05
2375 3.38156732126e-05
2376 1.16688046953e-05
2377 -8.5364074796e-06
2378 -2.65954585272e-05
2379 -4.27595649735e-05
2380 -5.67162839853e-05
2381 -6.96134686513e-05
2382 -8.09619863886e-05
2383 -8.99355735331e-05
2384 -9.7774248377e-05
2385 -0.000104442015423
2386 -0.000109574647024
2387 -0.000114136410572
2388 -0.000117725951734
2389 -0.000119952297027
2390 -0.000121324673918
2391 -0.000122337429137
2392 -0.000122517681149
2393 -0.000122043291029
2394 -0.000120593797389
2395 -0.000119181529692
2396 -0.000117560039448
2397 -0.000115660153522
2398 -0.000113269466377
2399 -0.000110365281942
2400 0.00078402776103
2401 0.000750007064274
2402 0.000713534482985
2403 0.000719315661743
2404 0.000691694259652
2405 0.000669761609508
2406 0.00064939162682
2407 0.000630184031673
2408 0.000597785553266
2409 0.000568904800765
2410 0.000538792035402
2411 0.000498632183104
2412 0.00046763227516
2413 0.000424139683119
2414 0.000389626915733
2415 0.000353119347108
2416 0.000315949972613
2417 0.00028069362799
2418 0.000244795917556
2419 0.000211455967919
2420 0.000180469814298
2421 0.000150599519403
2422 0.000120721032118
2423 9.31349145921e-05
2424 6.78980439737e-05
2425 4.43700748323e-05
2426 2.27847052336e-05
2427 2.95839055004e-06
2428 -1.47582721124e-05
2429 -3.07871275979e-05
2430 -4.48382912073e-05
2431 -5.77472178517e-05
2432 -6.92040492423e-05
2433 -7.85128573006e-05
2434 -8.66685972605e-05
2435 -9.37604542045e-05
2436 -9.93396305364e-05
2437 -0.000104344296761
2438 -0.000108403364462
2439 -0.000111186456855
2440 -0.000113088680929
2441 -0.000114656821638
2442 -0.000115366286974
2443 -0.000115408811756
2444 -0.000114474108051
2445 -0.000113544297134
2446 -0.0001123641551
2447 -0.000110848498637
2448 -0.000108810542779
2449 -0.000106295891897
2450 0.000746420674025
2451 0.000713858836343
2452 0.000679805895572
2453 0.00068562629047
2454 0.000659971491061
2455 0.000639844159364
2456 0.000621080337697
2457 0.000603682029027
2458 0.00057359059723
2459 0.000547358081806
2460 0.000519479227167
2461 0.000482189537884
2462 0.000453614554254
2463 0.000413002540556
2464 0.000381041878524
2465 0.000346994650809
2466 0.000312172705094
2467 0.00027905565339
2468 0.000245251861321
2469 0.000213835862387
2470 0.000184519277058
2471 0.000156118048276
2472 0.000127482250662
2473 0.000100952513451
2474 7.6670661786e-05
2475 5.38801964026e-05
2476 3.28491937118e-05
2477 1.34188448604e-05
2478 -3.93509683972e-06
2479 -1.97814793304e-05
2480 -3.38433198893e-05
2481 -4.66976451923e-05
2482 -5.82287249369e-05
2483 -6.78023662721e-05
2484 -7.6214348331e-05
2485 -8.36216874356e-05
2486 -8.95888530743e-05
2487 -9.4979048241e-05
2488 -9.94247883964e-05
2489 -0.000102691968554
2490 -0.000105075713031
2491 -0.000107089006858
2492 -0.000108245338048
2493 -0.000108713000489
2494 -0.000108229253722
2495 -0.000107737211182
2496 -0.000106951799816
2497 -0.000105908273684
2498 -0.000104297896253
2499 -0.000102147399657
