0 0.00177139531261
1 0.00160044478863
2 0.00149602979906
3 0.00136297407882
4 0.00138703623258
5 0.00119299103713
6 0.00110003042898
7 0.000986363756063
8 0.000848711435055
9 0.000738863334518
10 0.000631669137564
11 0.000527276711688
12 0.000429085099941
13 0.000336046217588
14 0.000280308374179
15 0.000258286553673
16 0.000288551099621
17 0.000379424692822
18 0.000498885657444
19 0.000586411361357
20 0.000604560302328
21 0.00053185271866
22 0.000402702145412
23 0.000261873634974
24 0.000141415005014
25 4.63408569009e-05
26 -2.14513926636e-05
27 -6.62931115216e-05
28 -9.44491432835e-05
29 -0.000110732046738
30 -0.000118264775486
31 -0.00012123516733
32 -0.000121262268828
33 -0.000118176740466
34 -0.00011377810876
35 -0.000108645844479
36 -0.000104043861494
37 -9.91984308328e-05
38 -9.47436821192e-05
39 -8.95434163999e-05
40 -8.41820752818e-05
41 -7.91455006375e-05
42 -7.40766192164e-05
43 -6.89276920583e-05
44 -6.41139770313e-05
45 -5.96278577731e-05
46 -5.59888794795e-05
47 -5.27668472611e-05
48 -5.01425659661e-05
49 -4.76978215686e-05
50 0.0018079796783
51 0.00167394724803
52 0.00150547210333
53 0.00148558833374
54 0.00133919390763
55 0.00121474623673
56 0.00110585612156
57 0.000994534405022
58 0.000865847733102
59 0.000738272475666
60 0.000633902481933
61 0.000520826391535
62 0.000435648450912
63 0.000353900555117
64 0.000309740581991
65 0.000301571982284
66 0.000332197967113
67 0.000395848249689
68 0.000468847163213
69 0.000525103433574
70 0.000541258638389
71 0.000489729605521
72 0.000382708896029
73 0.000257165532304
74 0.000143295004034
75 5.06507830228e-05
76 -1.6423680123e-05
77 -6.14379789504e-05
78 -8.99281011656e-05
79 -0.000106516115847
80 -0.000114451603475
81 -0.000117907379169
82 -0.000117991911889
83 -0.000114833698127
84 -0.000110652104339
85 -0.000105894324423
86 -0.000101455126906
87 -9.66543022616e-05
88 -9.21085585398e-05
89 -8.70005016186e-05
90 -8.18901912981e-05
91 -7.69420879692e-05
92 -7.18801068341e-05
93 -6.68867917674e-05
94 -6.2210667627e-05
95 -5.7877158855e-05
96 -5.4371750843e-05
97 -5.12469643695e-05
98 -4.86532724962e-05
99 -4.62590516832e-05
100 0.00206607165136
101 0.00190719211395
102 0.00170963707147
103 0.00167749788771
104 0.00150185726714
105 0.00135181735315
106 0.00122027905682
107 0.0010880046231
108 0.000939945892427
109 0.000797413154933
110 0.000683757531873
111 0.000566874275071
112 0.000486229488965
113 0.000416246989718
114 0.000387312643316
115 0.000385459775402
116 0.000398720223299
117 0.000417958322277
118 0.000432500982425
119 0.000451046379776
120 0.000466865418742
121 0.000443144997996
122 0.000368440282582
123 0.000262757084395
124 0.00015602722108
125 6.32472864553e-05
126 -6.51802689268e-06
127 -5.44992078681e-05
128 -8.52318426047e-05
129 -0.000103379525981
130 -0.000112359203457
131 -0.000116506959226
132 -0.00011705666127
133 -0.000114178272887
134 -0.000110199260948
135 -0.000105587606046
136 -0.000101188173579
137 -9.63611321698e-05
138 -9.17674566651e-05
139 -8.66740098747e-05
140 -8.16087644431e-05
141 -7.67163382297e-05
142 -7.16704721421e-05
143 -6.67179404384e-05
144 -6.2099944036e-05
145 -5.77969608769e-05
146 -5.43168850952e-05
147 -5.11860921984e-05
148 -4.85908330551e-05
149 -4.62046018379e-05
150 0.00247774739355
151 0.00228481714073
152 0.00203438063742
153 0.00198257919061
154 0.00175760661932
155 0.00156561423923
156 0.00139762564466
157 0.00123280699037
158 0.00105650168405
159 0.00089330348624
160 0.000768374007223
161 0.000649965802024
162 0.000576269502538
163 0.000516009005166
164 0.00049200348315
165 0.000477989547005
166 0.000455860403343
167 0.000424997200223
168 0.000384491345718
169 0.000366844572973
170 0.000379256602083
171 0.000383771612912
172 0.000347423373585
173 0.000268447404729
174 0.000172641227073
175 8.05542769537e-05
176 7.33252048502e-06
177 -4.46942691685e-05
178 -7.86108132896e-05
179 -9.90472581387e-05
180 -0.000109550032777
181 -0.000114681215641
182 -0.000115933170979
183 -0.000113464411097
184 -0.000109784762994
185 -0.000105304267329
186 -0.000100970617911
187 -9.61178492252e-05
188 -9.15876234666e-05
189 -8.65429875918e-05
190 -8.15064106587e-05
191 -7.65949662043e-05
192 -7.157182609e-05
193 -6.66533335118e-05
194 -6.21051746567e-05
195 -5.78376048067e-05
196 -5.43654116443e-05
197 -5.12210620353e-05
198 -4.86187064358e-05
199 -4.62428068262e-05
200 0.00311358587804
201 0.00290404036526
202 0.00252474030111
203 0.00245334556718
204 0.00213810779629
205 0.00188328725271
206 0.0016595741438
207 0.00145159613655
208 0.00123665027815
209 0.00104503346728
210 0.000908619780139
211 0.00078275787941
212 0.000709135584241
213 0.000642761598263
214 0.000600724289677
215 0.00055330780921
216 0.000487325097989
217 0.000413452039862
218 0.000334099308652
219 0.000289104599557
220 0.000294026714703
221 0.000319339786637
222 0.000319842400915
223 0.000272034564085
224 0.000191277453975
225 0.000101370332808
226 2.44031708937e-05
227 -3.23543440504e-05
228 -7.03339081844e-05
229 -9.37562914049e-05
230 -0.000106255205901
231 -0.000112689418043
232 -0.000114765030617
233 -0.000112896953257
234 -0.000109467088649
235 -0.000105159031982
236 -0.000100932309791
237 -9.60206182019e-05
238 -9.14487624124e-05
239 -8.64374271633e-05
240 -8.13586915378e-05
241 -7.65329345704e-05
242 -7.15129789105e-05
243 -6.67080596902e-05
244 -6.22221009456e-05
245 -5.79249282111e-05
246 -5.44572581852e-05
247 -5.13314160804e-05
248 -4.87302240278e-05
249 -4.63750137976e-05
250 0.00407323418602
251 0.00377811672386
252 0.00325012958514
253 0.00312698456479
254 0.00269045731593
255 0.00233211549325
256 0.00202899357446
257 0.00176030136244
258 0.00148939323468
259 0.00126445238006
260 0.00110501580359
261 0.000960097535824
262 0.000867197805159
263 0.000766762015868
264 0.000684245846892
265 0.000593213575184
266 0.000487810416195
267 0.000386247699678
268 0.000286344359276
269 0.000225151846149
270 0.000220125765912
271 0.000255346946038
272 0.000286054588558
273 0.000270983928641
274 0.000209009660154
275 0.00012366752698
276 4.38418091848e-05
277 -1.8016684519e-05
278 -6.04482706874e-05
279 -8.72974852376e-05
280 -0.000102119061553
281 -0.000110142656674
282 -0.000113137663886
283 -0.000111905689508
284 -0.000108842646223
285 -0.000104780529708
286 -0.000100605036176
287 -9.5686703562e-05
288 -9.11496987279e-05
289 -8.61027909503e-05
290 -8.11536993485e-05
291 -7.63398002249e-05
292 -7.13646979644e-05
293 -6.66300598307e-05
294 -6.21729345115e-05
295 -5.79925742734e-05
296 -5.45667782344e-05
297 -5.13998014249e-05
298 -4.88092830007e-05
299 -4.64227173504e-05
300 0.00556188978327
301 0.00505368768516
302 0.00430019102134
303 0.00408578167119
304 0.00345101427565
305 0.00295469705778
306 0.00253412933916
307 0.00217335154162
308 0.00182838093193
309 0.00154657969695
310 0.00134187513118
311 0.00114970242405
312 0.00101161285783
313 0.00085576375334
314 0.000726125214204
315 0.000596673057016
316 0.000466707179809
317 0.000352413920182
318 0.000246029014827
319 0.000177245611587
320 0.000162134801098
321 0.000197650543811
322 0.000249372575936
323 0.00026391137868
324 0.000223288100969
325 0.000145781606332
326 6.42055221611e-05
327 -2.35224099157e-06
328 -4.9422303129e-05
329 -7.9948315251e-05
330 -9.72476679382e-05
331 -0.000106854470395
332 -0.000110969053484
333 -0.000110383367341
334 -0.00010783826937
335 -0.000103959861555
336 -9.98500506512e-05
337 -9.49864213668e-05
338 -9.04077021679e-05
339 -8.54538646313e-05
340 -8.05536516515e-05
341 -7.57842177438e-05
342 -7.09576144604e-05
343 -6.62668157654e-05
344 -6.19542976083e-05
345 -5.78906529248e-05
346 -5.44736519146e-05
347 -5.13717547452e-05
348 -4.87286025679e-05
349 -4.63177716213e-05
350 0.00778010380995
351 0.00698286006396
352 0.00585264693941
353 0.00544755597175
354 0.00452351116052
355 0.00378966855167
356 0.00319720663307
357 0.00269137081016
358 0.00223597178848
359 0.00186040678951
360 0.00157966325121
361 0.00131363085983
362 0.00111259686895
363 0.000901271041883
364 0.000733195494402
365 0.00058011627877
366 0.000438602761267
367 0.00032190761545
368 0.000216571310859
369 0.000145337387305
370 0.000121204504916
371 0.000151114152815
372 0.000213539469643
373 0.000252407966727
374 0.000233626941531
375 0.000166171880486
376 8.46204968256e-05
377 1.38004478081e-05
378 -3.78051104602e-05
379 -7.19832463865e-05
380 -9.19726566193e-05
381 -0.000103210222971
382 -0.000108539511729
383 -0.000108681401594
384 -0.000106713181577
385 -0.000103021630582
386 -9.89805540046e-05
387 -9.41525453718e-05
388 -8.965065212e-05
389 -8.47526603028e-05
390 -7.9876195439e-05
391 -7.51814793059e-05
392 -7.0504511353e-05
393 -6.58761849985e-05
394 -6.17229229081e-05
395 -5.76980726411e-05
396 -5.43229827082e-05
397 -5.12054225469e-05
398 -4.8533851397e-05
399 -4.61400724245e-05
400 0.0111969397862
401 0.00999290007758
402 0.00812822755272
403 0.00739387123689
404 0.00595154951387
405 0.00486203017529
406 0.00399558039366
407 0.00328759446426
408 0.00266677419775
409 0.00215823069725
410 0.0017819504497
411 0.00143117339704
412 0.00117188911574
413 0.000918232581913
414 0.000725176001851
415 0.000560245368245
416 0.000415653573676
417 0.000300495180964
418 0.00019835936345
419 0.000126666094041
420 9.51661074956e-05
421 0.000116484882813
422 0.000181577282416
423 0.00023861206206
424 0.000240674911914
425 0.000184331621616
426 0.000104099267798
427 2.98804258416e-05
428 -2.61042536476e-05
429 -6.39752547804e-05
430 -8.66659298578e-05
431 -9.96988044952e-05
432 -0.000106168291486
433 -0.000107120497752
434 -0.000105355814242
435 -0.000101926617896
436 -9.80228056009e-05
437 -9.32829010846e-05
438 -8.88119516363e-05
439 -8.39469362886e-05
440 -7.91174487369e-05
441 -7.45725039217e-05
442 -6.99911107499e-05
443 -6.55480471253e-05
444 -6.14895797579e-05
445 -5.75165268839e-05
446 -5.41358556261e-05
447 -5.10389254529e-05
448 -4.83748596461e-05
449 -4.59966804979e-05
450 0.0167312561391
451 0.0146644660413
452 0.0114621406275
453 0.010059632624
454 0.00779302991309
455 0.0061513003997
456 0.00488469943459
457 0.00390706455472
458 0.00307651103656
459 0.00242052611429
460 0.00194317421476
461 0.00151523766767
462 0.00120974437073
463 0.00092640858664
464 0.000717709487044
465 0.000546549011562
466 0.000402036536453
467 0.000288551920792
468 0.000189639298204
469 0.000117815240177
470 8.05830153767e-05
471 9.24963674662e-05
472 0.000155051240697
473 0.000224269968712
474 0.000244437463563
475 0.000199572808355
476 0.000122007004593
477 4.50429877303e-05
478 -1.47988606713e-05
479 -5.61285881843e-05
480 -8.14048926686e-05
481 -9.61270549211e-05
482 -0.000103636599051
483 -0.000105243964834
484 -0.000103960843635
485 -0.000100681227648
486 -9.69662374428e-05
487 -9.23603104752e-05
488 -8.79476224078e-05
489 -8.30690583935e-05
490 -7.84020110328e-05
491 -7.40180469499e-05
492 -6.9545381714e-05
493 -6.52231096421e-05
494 -6.12084673999e-05
495 -5.72660645175e-05
496 -5.39614838885e-05
497 -5.0870710265e-05
498 -4.82317156703e-05
499 -4.58139642264e-05
500 0.0261506145321
501 0.0222446188212
502 0.0164046406521
503 0.0136806547468
504 0.0100814637871
505 0.00762676994861
506 0.00582553120962
507 0.00451974251209
508 0.00345451722096
509 0.00265096217293
510 0.0020747799191
511 0.00158533962625
512 0.00124192741881
513 0.000936640319973
514 0.000716688437556
515 0.000541171230883
516 0.000396118500917
517 0.000284428010218
518 0.000187426308753
519 0.000115421368267
520 7.36426730268e-05
521 7.71034006131e-05
522 0.000134723010783
523 0.000211012541599
524 0.000245728246232
525 0.00021204336558
526 0.000137584485879
527 5.88204828647e-05
528 -4.33120570717e-06
529 -4.88349058061e-05
530 -7.64791602786e-05
531 -9.2770402045e-05
532 -0.000101201700818
533 -0.000103376547495
534 -0.000102406579668
535 -9.93415272626e-05
536 -9.5782374331e-05
537 -9.1238986622e-05
538 -8.68691182305e-05
539 -8.20503935516e-05
540 -7.75394083892e-05
541 -7.32785470981e-05
542 -6.89683982277e-05
543 -6.47690463717e-05
544 -6.0849437726e-05
545 -5.70111376802e-05
546 -5.37516864897e-05
547 -5.06890342409e-05
548 -4.80439662068e-05
549 -4.55802999726e-05
550 0.0439915514852
551 0.0352852122807
552 0.0237512236909
553 0.018489955201
554 0.0127919340198
555 0.00923980246356
556 0.00678028853223
557 0.00510394440894
558 0.00379839331857
559 0.00285362281019
560 0.00218865526892
561 0.00164837969585
562 0.00127380034543
563 0.000951215162528
564 0.000721743517342
565 0.000542473381348
566 0.000396676836486
567 0.000285246003681
568 0.000189060747988
569 0.000116696456549
570 7.15758410949e-05
571 6.81126760543e-05
572 0.000120226210666
573 0.000199898350152
574 0.000245684923951
575 0.000221846120244
576 0.000150512069126
577 7.06570155725e-05
578 4.80481344479e-06
579 -4.2345440162e-05
580 -7.19616968416e-05
581 -8.95378213249e-05
582 -9.8811464197e-05
583 -0.000101460453744
584 -0.000100741246558
585 -9.79608747138e-05
586 -9.45246566218e-05
587 -9.01434910099e-05
588 -8.58249624073e-05
589 -8.11701858315e-05
590 -7.68234128637e-05
591 -7.26524327619e-05
592 -6.85357432299e-05
593 -6.43866908083e-05
594 -6.04906400569e-05
595 -5.67763315311e-05
596 -5.35065230625e-05
597 -5.04613502223e-05
598 -4.77903719995e-05
599 -4.53028661023e-05
600 0.083737117689
601 0.0588086415954
602 0.0343049154151
603 0.0243293819713
604 0.0157170827618
605 0.0108458030127
606 0.00766713823987
607 0.00562053547687
608 0.00409542178808
609 0.00302533957937
610 0.00228639663504
611 0.0017020741068
612 0.00130307499378
613 0.000966576015191
614 0.000730174006764
615 0.000547075963515
616 0.00040028625555
617 0.000288262839685
618 0.000192377990388
619 0.000119590558732
620 7.20841925918e-05
621 6.36562668761e-05
622 0.000110957003495
623 0.000191906983144
624 0.000245388966578
625 0.000229144529564
626 0.000160681079071
627 8.02079941808e-05
628 1.22966431262e-05
629 -3.68796215428e-05
630 -6.80148429295e-05
631 -8.65763147853e-05
632 -9.64812866799e-05
633 -9.95867079182e-05
634 -9.91391574719e-05
635 -9.6590801931e-05
636 -9.32623906799e-05
637 -8.89378037249e-05
638 -8.47100612466e-05
639 -8.02020577687e-05
640 -7.59555740349e-05
641 -7.19513592799e-05
642 -6.79506405196e-05
643 -6.3909519854e-05
644 -6.01058920324e-05
645 -5.6454023596e-05
646 -5.32000608232e-05
647 -5.01972606064e-05
648 -4.74855256458e-05
649 -4.49881325308e-05
650 0.189493664764
651 0.0957334277604
652 0.0470994100384
653 0.0300308899063
654 0.0183024881578
655 0.0121511837523
656 0.00834680201214
657 0.00599234427738
658 0.00430480938401
659 0.00314436032015
660 0.00235284940589
661 0.00173829687683
662 0.00132206989154
663 0.000977519085445
664 0.000736369748121
665 0.000550585014345
666 0.000403300018898
667 0.000290975067556
668 0.00019536280023
669 0.000122435145827
670 7.36409495635e-05
671 6.21654181783e-05
672 0.000106089285209
673 0.000187413405379
674 0.000245522085998
675 0.00023431975966
676 0.000168022336347
677 8.709960088e-05
678 1.78794339971e-05
679 -3.26098303965e-05
680 -6.48255769034e-05
681 -8.40710940951e-05
682 -9.43706560423e-05
683 -9.77512951783e-05
684 -9.75767047184e-05
685 -9.51657832916e-05
686 -9.18817728019e-05
687 -8.76875583137e-05
688 -8.36157193618e-05
689 -7.92254120904e-05
690 -7.51284584066e-05
691 -7.12733976399e-05
692 -6.73701342217e-05
693 -6.3388258702e-05
694 -5.96755038264e-05
695 -5.60593410655e-05
696 -5.2850863316e-05
697 -4.98378127304e-05
698 -4.7096425426e-05
699 -4.45788055599e-05
700 0.356689586187
701 0.126719497529
702 0.0563179690865
703 0.0333545712118
704 0.0197389084175
705 0.0128271895029
706 0.00867198639996
707 0.00615903049106
708 0.00439053390144
709 0.00319110311085
710 0.00237502743971
711 0.00174852264666
712 0.0013255748871
713 0.00097886354025
714 0.00073642417309
715 0.000550480952314
716 0.000403654710156
717 0.000291623244524
718 0.000196904918448
719 0.000124273410039
720 7.51499140902e-05
721 6.25358534508e-05
722 0.000105080925644
723 0.000186489807523
724 0.00024668540596
725 0.000237665932517
726 0.000172398304386
727 9.12157917536e-05
728 2.14088993166e-05
729 -2.96617084961e-05
730 -6.23311473706e-05
731 -8.18432471476e-05
732 -9.23664552098e-05
733 -9.59397211091e-05
734 -9.59420734271e-05
735 -9.36148746549e-05
736 -9.04276026064e-05
737 -8.63872306949e-05
738 -8.24676054598e-05
739 -7.82242586091e-05
740 -7.43195982151e-05
741 -7.0564318264e-05
742 -6.67876046223e-05
743 -6.2873480903e-05
744 -5.92249409937e-05
745 -5.56432268751e-05
746 -5.24718458792e-05
747 -4.94580651514e-05
748 -4.66916957082e-05
749 -4.41427723843e-05
750 0.252496100654
751 0.115016296704
752 0.054273112744
753 0.03233272482
754 0.0193664448593
755 0.0126436339426
756 0.00855355192471
757 0.00607733325002
758 0.00433287383388
759 0.00315147602
760 0.00234347628863
761 0.00172713755061
762 0.0013079972995
763 0.000966928151477
764 0.00072771410657
765 0.000544296172473
766 0.000399665581589
767 0.00028924557086
768 0.000195895859537
769 0.000124299046821
770 7.59125000278e-05
771 6.42016279761e-05
772 0.000107649005986
773 0.000189271549546
774 0.000249091852644
775 0.000239350953004
776 0.000173846795558
777 9.26333333722e-05
778 2.28755689272e-05
779 -2.80730170306e-05
780 -6.06591003892e-05
781 -8.01475584788e-05
782 -9.06934078853e-05
783 -9.43099976787e-05
784 -9.43022019358e-05
785 -9.20405628463e-05
786 -8.89817283871e-05
787 -8.50692788279e-05
788 -8.13580186704e-05
789 -7.72476556717e-05
790 -7.34916442829e-05
791 -6.98341744065e-05
792 -6.61528149303e-05
793 -6.23251396726e-05
794 -5.87164216434e-05
795 -5.51789418616e-05
796 -5.20291592093e-05
797 -4.89894637146e-05
798 -4.62098109915e-05
799 -4.36535214352e-05
800 0.110029421434
801 0.0743765317635
802 0.0428219082038
803 0.0275417236652
804 0.0173468055939
805 0.0116444078607
806 0.00800978496817
807 0.00575022805062
808 0.00413282445308
809 0.00302380058796
810 0.00225707162785
811 0.00166920381729
812 0.00126778116103
813 0.000939953530288
814 0.000708651692159
815 0.000531035194393
816 0.00039061051613
817 0.000282864465495
818 0.000191884110478
819 0.000122059554386
820 7.56512782611e-05
821 6.69720784911e-05
822 0.000113514243097
823 0.00019547949491
824 0.000252452431598
825 0.000239458666955
826 0.000172328736561
827 9.12614611596e-05
828 2.22756374283e-05
829 -2.78597505411e-05
830 -5.98017025545e-05
831 -7.89613476845e-05
832 -8.92903528443e-05
833 -9.27874908903e-05
834 -9.26805138427e-05
835 -9.05932777706e-05
836 -8.76335520513e-05
837 -8.38949461203e-05
838 -8.02925498768e-05
839 -7.63456371157e-05
840 -7.26663843329e-05
841 -6.9082080307e-05
842 -6.54608355932e-05
843 -6.17294809092e-05
844 -5.815975873e-05
845 -5.4657414781e-05
846 -5.15080040392e-05
847 -4.84539429207e-05
848 -4.56630200336e-05
849 -4.3131235629e-05
850 0.0547270675493
851 0.044135795642
852 0.0302821799071
853 0.0214267782479
854 0.0144548951395
855 0.0101119046013
856 0.00715386105015
857 0.00523112662111
858 0.00381515700387
859 0.00282093608517
860 0.00212122398838
861 0.00157930247151
862 0.0012051771097
863 0.000897863016232
864 0.000678996230603
865 0.000510260523687
866 0.000375958132944
867 0.000272226171444
868 0.000184498997087
869 0.000117422934821
870 7.44972569932e-05
871 7.10969309462e-05
872 0.000122761377646
873 0.000204840812529
874 0.000256315961329
875 0.000237413611957
876 0.000167793381788
877 8.71865072758e-05
878 1.96732161239e-05
879 -2.89472525511e-05
880 -5.97368269199e-05
881 -7.82014180474e-05
882 -8.80950045745e-05
883 -9.13868430271e-05
884 -9.12158176222e-05
885 -8.91715368718e-05
886 -8.62779592091e-05
887 -8.27034748402e-05
888 -7.92063554029e-05
889 -7.53692752944e-05
890 -7.18282105857e-05
891 -6.83221604579e-05
892 -6.47792165867e-05
893 -6.11112464294e-05
894 -5.75617007915e-05
895 -5.4089119525e-05
896 -5.0909612315e-05
897 -4.78599044643e-05
898 -4.50758240439e-05
899 -4.25577850555e-05
900 0.0311719668772
901 0.0270521122928
902 0.020729703131
903 0.0159116232418
904 0.0114748559743
905 0.0083999160295
906 0.00614524464952
907 0.00460152353897
908 0.00341813633132
909 0.0025645096979
910 0.00194895724714
911 0.00146304875934
912 0.00112432333273
913 0.000842482979036
914 0.000640033671646
915 0.000482211927121
916 0.000355997963271
917 0.00025736105009
918 0.000173892814678
919 0.000110634641509
920 7.2856822094e-05
921 7.72201306701e-05
922 0.00013582899373
923 0.000216822549252
924 0.000259915009966
925 0.000232887830469
926 0.000160336422047
927 8.05720972168e-05
928 1.52352949301e-05
929 -3.126597917e-05
930 -6.04686092828e-05
931 -7.78827876969e-05
932 -8.71632328628e-05
933 -9.01245540667e-05
934 -8.99061221203e-05
935 -8.78591168855e-05
936 -8.50486148811e-05
937 -8.16002462653e-05
938 -7.81904893999e-05
939 -7.44437551377e-05
940 -7.09660064681e-05
941 -6.7551178327e-05
942 -6.40417171089e-05
943 -6.04139158799e-05
944 -5.68878858419e-05
945 -5.34033238406e-05
946 -5.02342237593e-05
947 -4.71849999679e-05
948 -4.4435873937e-05
949 -4.19264753028e-05
950 0.0192944840748
951 0.0173848264688
952 0.0142408311203
953 0.01161195272
954 0.00885928248954
955 0.0067723383657
956 0.00512731787729
957 0.00393861032458
958 0.00298637936092
959 0.00227796171997
960 0.00175233729864
961 0.00132987074278
962 0.00103016711619
963 0.000777372903783
964 0.000593619675479
965 0.000448422252734
966 0.000331335126697
967 0.000238936246984
968 0.000160472356366
969 0.000102204139882
970 7.16643311768e-05
971 8.65081015279e-05
972 0.000152982745882
973 0.000230770322264
974 0.000262197850541
975 0.000225338709568
976 0.000149817688141
977 7.15353569168e-05
978 9.13359704417e-06
979 -3.4579578674e-05
980 -6.17135289674e-05
981 -7.78332717079e-05
982 -8.6377641982e-05
983 -8.89242296189e-05
984 -8.85510124634e-05
985 -8.6505653856e-05
986 -8.37500928039e-05
987 -8.0387674156e-05
988 -7.70588928828e-05
989 -7.34101555227e-05
990 -7.00776595168e-05
991 -6.67205966119e-05
992 -6.32663760907e-05
993 -5.96589526874e-05
994 -5.61566956317e-05
995 -5.26609382145e-05
996 -4.95027728797e-05
997 -4.64962109684e-05
998 -4.37566703356e-05
999 -4.12736907684e-05
1000 0.012639133358
1001 0.0116301755866
1002 0.00993698970936
1003 0.00846439581741
1004 0.00675209822479
1005 0.0053581382178
1006 0.00419080808346
1007 0.00329984741462
1008 0.00255532675113
1009 0.00198304994648
1010 0.001546477783
1011 0.00118728154258
1012 0.000927460582157
1013 0.000705200977163
1014 0.000541381451355
1015 0.000410048279347
1016 0.000302690493926
1017 0.000217259860663
1018 0.000144638920152
1019 9.29350287327e-05
1020 7.23000080956e-05
1021 0.000100281196283
1022 0.000174121974337
1023 0.000245113138767
1024 0.000261614759422
1025 0.000214178830247
1026 0.000136222062577
1027 6.04241766194e-05
1028 1.6912489834e-06
1029 -3.87353620263e-05
1030 -6.3489309675e-05
1031 -7.81738338737e-05
1032 -8.58637248335e-05
1033 -8.79374295445e-05
1034 -8.73375179616e-05
1035 -8.52358746663e-05
1036 -8.24939657732e-05
1037 -7.92036701851e-05
1038 -7.60230101072e-05
1039 -7.2468807038e-05
1040 -6.91815201648e-05
1041 -6.5849509447e-05
1042 -6.24222035691e-05
1043 -5.88384211722e-05
1044 -5.53340920159e-05
1045 -5.18155935929e-05
1046 -4.86880078117e-05
1047 -4.57109246388e-05
1048 -4.2990922334e-05
1049 -4.0522355765e-05
1050 0.00862774521497
1051 0.00803615002954
1052 0.00706675418435
1053 0.00621247928248
1054 0.00513072437041
1055 0.00419902437698
1056 0.00338017846652
1057 0.00272364231355
1058 0.00215236478956
1059 0.00169871364291
1060 0.00134335639081
1061 0.00104346178355
1062 0.00082247045241
1063 0.000630228864918
1064 0.000485915327861
1065 0.00036864912633
1066 0.000271416140029
1067 0.000193223273698
1068 0.000127529276478
1069 8.43399190152e-05
1070 7.69079113378e-05
1071 0.000119950403293
1072 0.000198589127187
1073 0.000258093651281
1074 0.000257027839003
1075 0.000199126776474
1076 0.000119915440148
1077 4.76310962398e-05
1078 -6.75242800413e-06
1079 -4.34738611827e-05
1080 -6.56394907194e-05
1081 -7.87707599588e-05
1082 -8.54805011433e-05
1083 -8.70293975492e-05
1084 -8.62383887194e-05
1085 -8.41018762253e-05
1086 -8.1342337468e-05
1087 -7.8110607633e-05
1088 -7.49494011937e-05
1089 -7.14918368924e-05
1090 -6.8224229638e-05
1091 -6.49243409417e-05
1092 -6.15108569908e-05
1093 -5.79453182465e-05
1094 -5.44301269907e-05
1095 -5.09336716281e-05
1096 -4.7839763946e-05
1097 -4.49058622188e-05
1098 -4.22111015504e-05
1099 -3.97833770506e-05
1100 0.00606486484056
1101 0.00569621920892
1102 0.00510943152198
1103 0.00459827937674
1104 0.00390030609766
1105 0.00327367118822
1106 0.00270015797417
1107 0.00222199882793
1108 0.00178878357414
1109 0.00143456063879
1110 0.00114989288658
1111 0.000903342097337
1112 0.000718319991694
1113 0.00055427329075
1114 0.000428957892605
1115 0.000325277558879
1116 0.000238299624549
1117 0.000167610208944
1118 0.000110345003431
1119 7.83789566113e-05
1120 8.77414916942e-05
1121 0.000146060993438
1122 0.00022447404237
1123 0.000266882776984
1124 0.000246925701748
1125 0.000179911014563
1126 0.000101271661859
1127 3.36500532336e-05
1128 -1.58272132599e-05
1129 -4.8576576292e-05
1130 -6.80260616286e-05
1131 -7.95433910955e-05
1132 -8.52932274575e-05
1133 -8.63453200995e-05
1134 -8.52248269948e-05
1135 -8.29860979251e-05
1136 -8.01683347419e-05
1137 -7.69765035019e-05
1138 -7.39082172342e-05
1139 -7.04666638401e-05
1140 -6.72398669551e-05
1141 -6.39385891309e-05
1142 -6.05250226404e-05
1143 -5.69554350946e-05
1144 -5.34273058641e-05
1145 -4.9975766751e-05
1146 -4.69017705048e-05
1147 -4.40029337139e-05
1148 -4.13628769908e-05
1149 -3.90126914529e-05
1150 0.00436385947539
1151 0.00411930127177
1152 0.00374865765472
1153 0.00343217712534
1154 0.00297260974102
1155 0.00254639242848
1156 0.00214497079677
1157 0.00179759430087
1158 0.00147115120344
1159 0.00119738913996
1160 0.000971790861306
1161 0.000771556745071
1162 0.000618484628766
1163 0.000480050866091
1164 0.000372237748109
1165 0.000281388849835
1166 0.000204367989352
1167 0.000141898304023
1168 9.50120591435e-05
1169 7.79140866874e-05
1170 0.000107079871723
1171 0.000177851200353
1172 0.000248491729622
1173 0.00026886170528
1174 0.000230363789085
1175 0.000156986066343
1176 8.10067155408e-05
1177 1.89810494117e-05
1178 -2.51478620436e-05
1179 -5.38000909098e-05
1180 -7.04753729787e-05
1181 -8.03362594348e-05
1182 -8.50579550322e-05
1183 -8.54870197636e-05
1184 -8.40827056797e-05
1185 -8.17198232529e-05
1186 -7.8891505965e-05
1187 -7.57437483874e-05
1188 -7.27239244448e-05
1189 -6.93688554298e-05
1190 -6.61528795975e-05
1191 -6.28312214284e-05
1192 -5.94184136177e-05
1193 -5.58817290523e-05
1194 -5.23887950822e-05
1195 -4.8957390029e-05
1196 -4.59231391005e-05
1197 -4.30822270313e-05
1198 -4.05336875461e-05
1199 -3.8243796821e-05
1200 0.00319251359028
1201 0.00302698975706
1202 0.002783629746
1203 0.00258187022904
1204 0.00227354100419
1205 0.00198070422622
1206 0.00169802936908
1207 0.00144541171855
1208 0.00120008000536
1209 0.000989749116395
1210 0.000812251957228
1211 0.000650873727826
1212 0.000525341652275
1213 0.000409272048217
1214 0.000317137071692
1215 0.000238233615754
1216 0.000170854420828
1217 0.000117940374177
1218 8.43358289147e-05
1219 8.63441758969e-05
1220 0.000136203268954
1221 0.000212719133241
1222 0.000266563516726
1223 0.000262096974517
1224 0.000207529010259
1225 0.00013114517638
1226 5.97812763707e-05
1227 4.15240752456e-06
1228 -3.44148742478e-05
1229 -5.89725919501e-05
1230 -7.29162450217e-05
1231 -8.1139995197e-05
1232 -8.48372896721e-05
1233 -8.46669734441e-05
1234 -8.29606303037e-05
1235 -8.04974978725e-05
1236 -7.76317912663e-05
1237 -7.45134961875e-05
1238 -7.15869551908e-05
1239 -6.82522128353e-05
1240 -6.50155930319e-05
1241 -6.16627647334e-05
1242 -5.82436381164e-05
1243 -5.47476845252e-05
1244 -5.12710084588e-05
1245 -4.7867531098e-05
1246 -4.48835945499e-05
1247 -4.21053337452e-05
1248 -3.96554690992e-05
1249 -3.74738927002e-05
1250 0.00236707254105
1251 0.00225243147723
1252 0.00208790702249
1253 0.00195664404453
1254 0.00174538839587
1255 0.0015416033828
1256 0.00134057083672
1257 0.0011562046464
1258 0.000972168791838
1259 0.000811011264076
1260 0.000671684180547
1261 0.000542541229688
1262 0.000439841800411
1263 0.000343021006176
1264 0.000264574278799
1265 0.00019662132484
1266 0.000139196488717
1267 9.81983865925e-05
1268 8.21947385436e-05
1269 0.000106915576384
1270 0.000173970872164
1271 0.000245407505886
1272 0.00027448961086
1273 0.000245451579021
1274 0.000179213790638
1275 0.000103412854833
1276 3.83877647922e-05
1277 -1.03042470217e-05
1278 -4.33090611788e-05
1279 -6.38629016596e-05
1280 -7.5209056007e-05
1281 -8.18155491599e-05
1282 -8.4497410061e-05
1283 -8.37765398794e-05
1284 -8.18122513067e-05
1285 -7.92573228156e-05
1286 -7.63550629256e-05
1287 -7.32764356396e-05
1288 -7.03413036913e-05
1289 -6.6979390456e-05
1290 -6.37203080132e-05
1291 -6.03613281439e-05
1292 -5.69725161866e-05
1293 -5.3524062221e-05
1294 -5.00602420839e-05
1295 -4.67071630944e-05
1296 -4.38066442702e-05
1297 -4.11515348663e-05
1298 -3.88064603691e-05
1299 -3.67380214756e-05
1300 0.00177389227884
1301 0.00169321614333
1302 0.00157904826565
1303 0.00149175398057
1304 0.00134457697002
1305 0.00120034448902
1306 0.00105597027038
1307 0.000921056853704
1308 0.000782483664935
1309 0.000658870337066
1310 0.000549768902169
1311 0.00044656879458
1312 0.000362430436353
1313 0.000281920425282
1314 0.000215430758348
1315 0.000157791035229
1316 0.00011200653005
1317 8.67820877771e-05
1318 9.33955622229e-05
1319 0.000141116560874
1320 0.000215782793831
1321 0.000269741848799
1322 0.000269344194323
1323 0.000219409339138
1324 0.00014692032548
1325 7.51052984675e-05
1326 1.76069537493e-05
1327 -2.39723742852e-05
1328 -5.15802336063e-05
1329 -6.83356381993e-05
1330 -7.7235845836e-05
1331 -8.23326083591e-05
1332 -8.4099379667e-05
1333 -8.28742157423e-05
1334 -8.06808234422e-05
1335 -7.79770117519e-05
1336 -7.50205459741e-05
1337 -7.19676709202e-05
1338 -6.90666894627e-05
1339 -6.56810822743e-05
1340 -6.23949852162e-05
1341 -5.90478079838e-05
1342 -5.56831292981e-05
1343 -5.22512489235e-05
1344 -4.87867337925e-05
1345 -4.550488744e-05
1346 -4.26999048595e-05
1347 -4.01616774381e-05
1348 -3.79427816036e-05
1349 -3.5986111706e-05
1350 0.00134015566009
1351 0.00128220492169
1352 0.00120153988069
1353 0.00114215472869
1354 0.00103826265488
1355 0.000934756690293
1356 0.000830262324239
1357 0.000730446063222
1358 0.000625801188212
1359 0.00053069252625
1360 0.000444846468408
1361 0.000362029938576
1362 0.000292955928781
1363 0.000226139990168
1364 0.000170366992092
1365 0.000124084492954
1366 9.31961142375e-05
1367 8.93596093297e-05
1368 0.000121528957808
1369 0.000185619320045
1370 0.000252930394503
1371 0.000278723923483
1372 0.000249574313934
1373 0.000185418523932
1374 0.000112478198115
1375 4.74324835282e-05
1376 -1.81507556385e-06
1377 -3.63580665564e-05
1378 -5.89000412573e-05
1379 -7.21892537855e-05
1380 -7.88371196617e-05
1381 -8.25660559711e-05
1382 -8.35155415505e-05
1383 -8.181142662e-05
1384 -7.93969562285e-05
1385 -7.66092325372e-05
1386 -7.36102174637e-05
1387 -7.05702491048e-05
1388 -6.76253702197e-05
1389 -6.42106258071e-05
1390 -6.09294458319e-05
1391 -5.76109489873e-05
1392 -5.42847519382e-05
1393 -5.08808989307e-05
1394 -4.74724706009e-05
1395 -4.43061015041e-05
1396 -4.16372206433e-05
1397 -3.92429202431e-05
1398 -3.71523303845e-05
1399 -3.53033946911e-05
1400 0.00101746026254
1401 0.000975126163494
1402 0.000916989695953
1403 0.000875852731318
1404 0.000801588352519
1405 0.000726432704392
1406 0.000649934288131
1407 0.000575473694793
1408 0.000496113373809
1409 0.000422300076189
1410 0.000354111326841
1411 0.000287558211873
1412 0.000230743527951
1413 0.000175859142755
1414 0.000131403999209
1415 9.94704381989e-05
1416 8.90273158616e-05
1417 0.000111503489575
1418 0.00016567070938
1419 0.000231790188061
1420 0.000276108547607
1421 0.000269368742019
1422 0.000217420875034
1423 0.000146775383192
1424 7.81055909676e-05
1425 2.15318892445e-05
1426 -1.93741033912e-05
1427 -4.72797516388e-05
1428 -6.51676982351e-05
1429 -7.53930635159e-05
1430 -8.00405296499e-05
1431 -8.25376397666e-05
1432 -8.2758579715e-05
1433 -8.06110730245e-05
1434 -7.80069345215e-05
1435 -7.51201335713e-05
1436 -7.20974695111e-05
1437 -6.90683945655e-05
1438 -6.61189736705e-05
1439 -6.27267518193e-05
1440 -5.94432883281e-05
1441 -5.61207379296e-05
1442 -5.28346616514e-05
1443 -4.94714187789e-05
1444 -4.61356395781e-05
1445 -4.3087703292e-05
1446 -4.05504533257e-05
1447 -3.83318334806e-05
1448 -3.63741270292e-05
1449 -3.4643633031e-05
1450 0.000774379570223
1451 0.000743097522432
1452 0.000700906808267
1453 0.000671876261702
1454 0.000617924213317
1455 0.000562711009778
1456 0.000506017994382
1457 0.000449688009749
1458 0.000388478744378
1459 0.000330690711181
1460 0.000276063650641
1461 0.000222461107526
1462 0.000176095660948
1463 0.000133247615058
1464 0.000103008220078
1465 9.08712274579e-05
1466 0.000106723873306
1467 0.000154471432484
1468 0.000217308425153
1469 0.000266846664597
1470 0.000277852547997
1471 0.000241797994574
1472 0.00017644480695
1473 0.000106553570359
1474 4.56091443548e-05
1475 -1.742292815e-06
1476 -3.45932640688e-05
1477 -5.65417369367e-05
1478 -7.03632389772e-05
1479 -7.78907785724e-05
1480 -8.07811054966e-05
1481 -8.21928619883e-05
1482 -8.17672273584e-05
1483 -7.9259082166e-05
1484 -7.64656036947e-05
1485 -7.35140773068e-05
1486 -7.04591762437e-05
1487 -6.74709209546e-05
1488 -6.45100829868e-05
1489 -6.11287985494e-05
1490 -5.78270546971e-05
1491 -5.45302983539e-05
1492 -5.12933482291e-05
1493 -4.80031620439e-05
1494 -4.47824377843e-05
1495 -4.19035711305e-05
1496 -3.95383690037e-05
1497 -3.74805106499e-05
1498 -3.56459265405e-05
1499 -3.40074861757e-05
1500 0.000588674609124
1501 0.000565356204169
1502 0.000534879036111
1503 0.00051372092171
1504 0.000473823001317
1505 0.00043282258143
1506 0.000389853244782
1507 0.000346402150657
1508 0.000298676919497
1509 0.000253024461705
1510 0.000209084681889
1511 0.000166528114309
1512 0.000131290802848
1513 0.000103095194158
1514 9.27041503098e-05
1515 0.000106610861805
1516 0.000148870493027
1517 0.000209624193473
1518 0.000260701211037
1519 0.000278961727993
1520 0.000256334786833
1521 0.00020043054363
1522 0.000131477071598
1523 6.7831377859e-05
1524 1.6391201471e-05
1525 -2.17968830258e-05
1526 -4.73504309198e-05
1527 -6.40806712647e-05
1528 -7.4436041249e-05
1529 -7.96483946215e-05
1530 -8.10476327213e-05
1531 -8.15743350007e-05
1532 -8.05880316756e-05
1533 -7.77977837036e-05
1534 -7.48323004298e-05
1535 -7.18016214748e-05
1536 -6.8806431719e-05
1537 -6.57881956087e-05
1538 -6.28266630581e-05
1539 -5.94264415948e-05
1540 -5.61367763691e-05
1541 -5.29100888475e-05
1542 -4.97405257485e-05
1543 -4.65370053701e-05
1544 -4.34702683737e-05
1545 -4.07529242889e-05
1546 -3.85452255608e-05
1547 -3.66440315948e-05
1548 -3.49205052791e-05
1549 -3.33616263974e-05
1550 0.000444448454225
1551 0.000427277899608
1552 0.000405156323054
1553 0.000389057817333
1554 0.00035918745038
1555 0.000328110575411
1556 0.000294874085555
1557 0.000260795997553
1558 0.000223343929873
1559 0.000187347752704
1560 0.000153185929306
1561 0.000122559119512
1562 0.000102161494359
1563 9.40251289997e-05
1564 0.000109897111332
1565 0.000150182870355
1566 0.000206785142454
1567 0.000258901924483
1568 0.000280272025591
1569 0.000263729531038
1570 0.000215981981951
1571 0.000151830121877
1572 8.70144123835e-05
1573 3.28072883927e-05
1574 -8.77164470936e-06
1575 -3.84831092828e-05
1576 -5.77181987257e-05
1577 -6.99862778394e-05
1578 -7.74191251618e-05
1579 -8.06517547894e-05
1580 -8.08095594359e-05
1581 -8.05512226813e-05
1582 -7.9138644873e-05
1583 -7.60928632467e-05
1584 -7.30851035467e-05
1585 -7.00874166678e-05
1586 -6.70662056302e-05
1587 -6.40539879495e-05
1588 -6.10832218662e-05
1589 -5.76765235248e-05
1590 -5.44114390976e-05
1591 -5.12588976752e-05
1592 -4.81545345909e-05
1593 -4.50786801519e-05
1594 -4.21869322814e-05
1595 -3.96507871568e-05
1596 -3.76184487503e-05
1597 -3.58364753027e-05
1598 -3.42117232059e-05
1599 -3.27384468637e-05
1600 0.000330234817726
1601 0.000317947467667
1602 0.00030172593177
1603 0.000289003331385
1604 0.000266443543205
1605 0.000242546529132
1606 0.000216534979413
1607 0.000189796659085
1608 0.000161207034803
1609 0.000134901514806
1610 0.000112987009236
1611 9.82654421307e-05
1612 9.94311724105e-05
1613 0.000116437637067
1614 0.000157816964535
1615 0.000211330383947
1616 0.000259387795674
1617 0.000282847685481
1618 0.00026847319702
1619 0.000224897671249
1620 0.000165008695985
1621 0.000102375670548
1622 4.64614757648e-05
1623 2.76846454725e-06
1624 -2.94723375637e-05
1625 -5.18035655869e-05
1626 -6.57119654479e-05
1627 -7.43517226205e-05
1628 -7.93524142228e-05
1629 -8.09807843304e-05
1630 -8.0111520508e-05
1631 -7.92473745563e-05
1632 -7.74653868781e-05
1633 -7.4234719837e-05
1634 -7.11654511836e-05
1635 -6.82013757953e-05
1636 -6.51983009639e-05
1637 -6.21698485102e-05
1638 -5.91809744399e-05
1639 -5.58006942053e-05
1640 -5.26317353902e-05
1641 -4.95828886781e-05
1642 -4.65796189788e-05
1643 -4.36744310803e-05
1644 -4.09713624797e-05
1645 -3.86214521391e-05
1646 -3.67548076882e-05
1647 -3.50954402555e-05
1648 -3.35263405673e-05
1649 -3.20967758123e-05
1650 0.000238282067756
1651 0.00022970489114
1652 0.000218155564016
1653 0.000207910525004
1654 0.000190968729531
1655 0.000172829100044
1656 0.000153338847778
1657 0.000134413869327
1658 0.00011618380511
1659 0.000102834434006
1660 9.89081567536e-05
1661 0.00010599174976
1662 0.000133029409685
1663 0.000170896736964
1664 0.000221910512743
1665 0.000264605115974
1666 0.000283431522403
1667 0.000271278857269
1668 0.000229061262114
1669 0.000172262798847
1670 0.000111813400436
1671 5.6965522083e-05
1672 1.1809296239e-05
1673 -2.17923218255e-05
1674 -4.58488517844e-05
1675 -6.20381995736e-05
1676 -7.165914194e-05
1677 -7.73205747605e-05
1678 -8.03655687647e-05
1679 -8.07077165154e-05
1680 -7.90251190068e-05
1681 -7.76568323878e-05
1682 -7.55973128119e-05
1683 -7.2272839178e-05
1684 -6.92296116574e-05
1685 -6.63003086899e-05
1686 -6.32771725555e-05
1687 -6.02494691872e-05
1688 -5.72666052252e-05
1689 -5.39874042998e-05
1690 -5.09239110425e-05
1691 -4.79623080731e-05
1692 -4.50779414868e-05
1693 -4.23570930177e-05
1694 -3.98154752576e-05
1695 -3.76454983237e-05
1696 -3.59004519046e-05
1697 -3.43125314777e-05
1698 -3.28181590675e-05
1699 -3.1451116342e-05
1700 0.00016557079439
1701 0.000160201124787
1702 0.00015187477071
1703 0.000144710580686
1704 0.000133015055522
1705 0.000121338191688
1706 0.000110430546187
1707 0.000102814362208
1708 9.92733158063e-05
1709 0.000104426841569
1710 0.000123947553147
1711 0.000152773210767
1712 0.0001971905268
1713 0.00023685578046
1714 0.000272329724715
1715 0.000284514022402
1716 0.000268393340665
1717 0.000228873304854
1718 0.000173550625019
1719 0.0001160774042
1720 6.26657864112e-05
1721 1.82826586974e-05
1722 -1.62067795659e-05
1723 -4.08894627494e-05
1724 -5.81668201382e-05
1725 -6.941710119e-05
1726 -7.56569345912e-05
1727 -7.8935212037e-05
1728 -8.04134497054e-05
1729 -7.97488413493e-05
1730 -7.74773439599e-05
1731 -7.57822844895e-05
1732 -7.35798021347e-05
1733 -7.02493060044e-05
1734 -6.72172938767e-05
1735 -6.42700149035e-05
1736 -6.12677893684e-05
1737 -5.82836130397e-05
1738 -5.53517663082e-05
1739 -5.21708125176e-05
1740 -4.9207665377e-05
1741 -4.63542507303e-05
1742 -4.36297905981e-05
1743 -4.11005364644e-05
1744 -3.87361439368e-05
1745 -3.67192227431e-05
1746 -3.50516640218e-05
1747 -3.35342254758e-05
1748 -3.20925092155e-05
1749 -3.07732741728e-05
1750 0.00011790779554
1751 0.00011488473464
1752 0.000108135241433
1753 0.000106724320761
1754 0.000101321709562
1755 9.87737189683e-05
1756 0.000101044583058
1757 0.000110010253659
1758 0.000124843193653
1759 0.000149422788473
1760 0.00018675003315
1761 0.000222563102519
1762 0.000261455509252
1763 0.000279632481509
1764 0.000282950083903
1765 0.000262124337587
1766 0.000221164124207
1767 0.000169629994415
1768 0.00011441244554
1769 6.42200059836e-05
1770 2.10660952212e-05
1771 -1.27698382852e-05
1772 -3.78525771978e-05
1773 -5.524631834e-05
1774 -6.71255577167e-05
1775 -7.45536063099e-05
1776 -7.80980800228e-05
1777 -7.95211800184e-05
1778 -7.97961892728e-05
1779 -7.84071155899e-05
1780 -7.5734725214e-05
1781 -7.37900131009e-05
1782 -7.14611862309e-05
1783 -6.81242481068e-05
1784 -6.51250320384e-05
1785 -6.22046053784e-05
1786 -5.91973084182e-05
1787 -5.62459707791e-05
1788 -5.33878810674e-05
1789 -5.03231241993e-05
1790 -4.74776786802e-05
1791 -4.47557337397e-05
1792 -4.22082877137e-05
1793 -3.98519387814e-05
1794 -3.76522078271e-05
1795 -3.57668391752e-05
1796 -3.41902477564e-05
1797 -3.27661687471e-05
1798 -3.14062724816e-05
1799 -3.01431686048e-05
1800 0.000111438455195
1801 0.000108809745832
1802 0.000102076615272
1803 0.000110225871328
1804 0.000112718719553
1805 0.00012152055445
1806 0.000139332710202
1807 0.000164151377849
1808 0.000191081461107
1809 0.000222350599114
1810 0.000256595942671
1811 0.000276685024491
1812 0.000288908506437
1813 0.00027604199578
1814 0.000249566133201
1815 0.000208020868988
1816 0.000158141989592
1817 0.000107665880278
1818 6.04915820826e-05
1819 2.07767192141e-05
1820 -1.1838162257e-05
1821 -3.63009853197e-05
1822 -5.3706686565e-05
1823 -6.53627291126e-05
1824 -7.31233990619e-05
1825 -7.75739806625e-05
1826 -7.90903120609e-05
1827 -7.91440682646e-05
1828 -7.85469948458e-05
1829 -7.66429538595e-05
1830 -7.36719804743e-05
1831 -7.15602127294e-05
1832 -6.91838988791e-05
1833 -6.59070694623e-05
1834 -6.29876109073e-05
1835 -6.0131218127e-05
1836 -5.7144869441e-05
1837 -5.42527978284e-05
1838 -5.149448176e-05
1839 -4.85721556205e-05
1840 -4.58241158348e-05
1841 -4.32575110316e-05
1842 -4.08729306435e-05
1843 -3.86901694856e-05
1844 -3.66287649935e-05
1845 -3.48468701573e-05
1846 -3.33505182375e-05
1847 -3.19948646204e-05
1848 -3.07015765118e-05
1849 -2.94888465879e-05
1850 0.000160253706886
1851 0.000154866949693
1852 0.000147374419421
1853 0.000164673983312
1854 0.000172766173945
1855 0.000188302864388
1856 0.000212877437326
1857 0.000239690446022
1858 0.00026058915214
1859 0.000278028601844
1860 0.000288727024119
1861 0.000281482759206
1862 0.000264408697336
1863 0.000229431370814
1864 0.000187877125139
1865 0.000141392824429
1866 9.4822283464e-05
1867 5.25997274278e-05
1868 1.62118734393e-05
1869 -1.30617928172e-05
1870 -3.64077401062e-05
1871 -5.32841320009e-05
1872 -6.47789136443e-05
1873 -7.21038485319e-05
1874 -7.67250099705e-05
1875 -7.89430341707e-05
1876 -7.89771730203e-05
1877 -7.80289588862e-05
1878 -7.68232570621e-05
1879 -7.45554318325e-05
1880 -7.14061330922e-05
1881 -6.92175129367e-05
1882 -6.68757002435e-05
1883 -6.36831985997e-05
1884 -6.07926751094e-05
1885 -5.79719566163e-05
1886 -5.50284724619e-05
1887 -5.22614433785e-05
1888 -4.96398724318e-05
1889 -4.68402187464e-05
1890 -4.42167504892e-05
1891 -4.18149434771e-05
1892 -3.95798636432e-05
1893 -3.75420252586e-05
1894 -3.56056708827e-05
1895 -3.39291674127e-05
1896 -3.25232884946e-05
1897 -3.12477699045e-05
1898 -3.00301917924e-05
1899 -2.88673815098e-05
1900 0.000242797493065
1901 0.00023237262996
1902 0.000224935898691
1903 0.000242443993753
1904 0.000248654731111
1905 0.000259118988007
1906 0.000274311536247
1907 0.000285859208636
1908 0.000286603843332
1909 0.000280509723349
1910 0.000265002063617
1911 0.000236804763322
1912 0.000203020834074
1913 0.00016131705942
1914 0.00011899593992
1915 7.79305324508e-05
1916 4.05177450696e-05
1917 8.59299677764e-06
1918 -1.74405358425e-05
1919 -3.77474826764e-05
1920 -5.37026196473e-05
1921 -6.48063979255e-05
1922 -7.19111230827e-05
1923 -7.602205165e-05
1924 -7.83827675985e-05
1925 -7.90132173201e-05
1926 -7.8042640531e-05
1927 -7.64066727347e-05
1928 -7.47789974492e-05
1929 -7.22628256444e-05
1930 -6.90469234903e-05
1931 -6.68706229083e-05
1932 -6.45876933363e-05
1933 -6.14540332176e-05
1934 -5.86127115214e-05
1935 -5.5828356157e-05
1936 -5.29642254978e-05
1937 -5.0325517201e-05
1938 -4.78289739864e-05
1939 -4.51334238926e-05
1940 -4.26461300565e-05
1941 -4.03949707777e-05
1942 -3.8303665087e-05
1943 -3.64144044489e-05
1944 -3.45970002633e-05
1945 -3.30263828736e-05
1946 -3.17055040802e-05
1947 -3.05264953504e-05
1948 -2.9363959149e-05
1949 -2.82745983743e-05
1950 0.000299328230282
1951 0.000286110629542
1952 0.000278763421523
1953 0.000286988724339
1954 0.000284452845601
1955 0.000282134295919
1956 0.000279529029757
1957 0.000271326089509
1958 0.000253566042313
1959 0.000230547414966
1960 0.000200885208389
1961 0.000165984044671
1962 0.000129717540974
1963 9.25006271901e-05
1964 5.72839167875e-05
1965 2.56245295259e-05
1966 -1.64586142212e-06
1967 -2.40202126934e-05
1968 -4.15077247621e-05
1969 -5.48445846269e-05
1970 -6.52641282617e-05
1971 -7.21860103428e-05
1972 -7.60832633376e-05
1973 -7.78960741646e-05
1974 -7.86056574687e-05
1975 -7.80792898667e-05
1976 -7.63885498387e-05
1977 -7.42675054798e-05
1978 -7.23625270733e-05
1979 -6.97525202659e-05
1980 -6.65962004579e-05
1981 -6.44864287277e-05
1982 -6.22403647497e-05
1983 -5.91728149037e-05
1984 -5.63936749656e-05
1985 -5.37340045329e-05
1986 -5.09982626455e-05
1987 -4.84860981121e-05
1988 -4.60687785314e-05
1989 -4.34755894267e-05
1990 -4.1124267148e-05
1991 -3.90230329537e-05
1992 -3.70834083768e-05
1993 -3.5326329405e-05
1994 -3.36139943526e-05
1995 -3.21390518764e-05
1996 -3.0911376727e-05
1997 -2.98167038896e-05
1998 -2.87294495609e-05
1999 -2.76963624322e-05
2000 0.000287793332417
2001 0.000276472048851
2002 0.000268899158887
2003 0.000266495842883
2004 0.000256038225055
2005 0.000243492747314
2006 0.000228129289503
2007 0.000208637560147
2008 0.00018345629773
2009 0.000155801976517
2010 0.000124936455713
2011 9.37505650307e-05
2012 6.31861218683e-05
2013 3.49583198554e-05
2014 8.90403860878e-06
2015 -1.33887924612e-05
2016 -3.18547497956e-05
2017 -4.66161993866e-05
2018 -5.76173867789e-05
2019 -6.58901360429e-05
2020 -7.23639509577e-05
2021 -7.6307896657e-05
2022 -7.79232543967e-05
2023 -7.81130117599e-05
2024 -7.77088218115e-05
2025 -7.64165202111e-05
2026 -7.42755387329e-05
2027 -7.18727215655e-05
2028 -6.98449373512e-05
2029 -6.72725526237e-05
2030 -6.42216911776e-05
2031 -6.2155489927e-05
2032 -5.99489027994e-05
2033 -5.69631652765e-05
2034 -5.42913519604e-05
2035 -5.17086793505e-05
2036 -4.90726079632e-05
2037 -4.66693048509e-05
2038 -4.43327614237e-05
2039 -4.18682785289e-05
2040 -3.96652984632e-05
2041 -3.77117599089e-05
2042 -3.59221345303e-05
2043 -3.42815709397e-05
2044 -3.26822207398e-05
2045 -3.13210250986e-05
2046 -3.01914104854e-05
2047 -2.91667742633e-05
2048 -2.81398833531e-05
2049 -2.71286563412e-05
2050 0.000220126850188
2051 0.000212776379358
2052 0.000206151170941
2053 0.000197951069827
2054 0.00018509353686
2055 0.000169581062305
2056 0.000150864914441
2057 0.000129874082592
2058 0.000106538532271
2059 8.24698112398e-05
2060 5.72050691339e-05
2061 3.37928740634e-05
2062 1.12348455997e-05
2063 -7.89027598025e-06
2064 -2.5681429155e-05
2065 -4.03133147619e-05
2066 -5.20556429644e-05
2067 -6.12780446293e-05
2068 -6.77162152561e-05
2069 -7.24526578622e-05
2070 -7.6112373046e-05
2071 -7.79661053058e-05
2072 -7.8018322391e-05
2073 -7.71336646426e-05
2074 -7.5976764619e-05
2075 -7.42331916176e-05
2076 -7.18397930064e-05
2077 -6.92920392942e-05
2078 -6.72624045316e-05
2079 -6.47815771718e-05
2080 -6.18224275681e-05
2081 -5.98023079128e-05
2082 -5.76381882345e-05
2083 -5.47405900944e-05
2084 -5.2144844583e-05
2085 -4.96786503112e-05
2086 -4.71491590285e-05
2087 -4.48091917969e-05
2088 -4.25594450853e-05
2089 -4.0261602364e-05
2090 -3.82067872249e-05
2091 -3.64285731715e-05
2092 -3.47754921893e-05
2093 -3.3272756248e-05
2094 -3.17768598514e-05
2095 -3.05430846458e-05
2096 -2.95113406085e-05
2097 -2.85543266774e-05
2098 -2.75772452083e-05
2099 -2.65676812069e-05
2100 0.000133963352186
2101 0.000130431611767
2102 0.000126036506022
2103 0.000116841201245
2104 0.000105934005774
2105 9.25667898531e-05
2106 7.64442681966e-05
2107 5.9170337874e-05
2108 4.15086477863e-05
2109 2.37312324624e-05
2110 5.5850018008e-06
2111 -1.01554972513e-05
2112 -2.54993388385e-05
2113 -3.73438138442e-05
2114 -4.87550029181e-05
2115 -5.78101645753e-05
2116 -6.47983349497e-05
2117 -7.01411752619e-05
2118 -7.34529398347e-05
2119 -7.57294944705e-05
2120 -7.74562626524e-05
2121 -7.78597711145e-05
2122 -7.6913196298e-05
2123 -7.53521121547e-05
2124 -7.37652755964e-05
2125 -7.17494223431e-05
2126 -6.92551782517e-05
2127 -6.67151658066e-05
2128 -6.47669632798e-05
2129 -6.23641660066e-05
2130 -5.94957111786e-05
2131 -5.75195057331e-05
2132 -5.53969760538e-05
2133 -5.25967875563e-05
2134 -5.01023303093e-05
2135 -4.77357335501e-05
2136 -4.52416227659e-05
2137 -4.29817240394e-05
2138 -4.08583932882e-05
2139 -3.87055232249e-05
2140 -3.68159968607e-05
2141 -3.51996041023e-05
2142 -3.36831015112e-05
2143 -3.22992246802e-05
2144 -3.09417165395e-05
2145 -2.98198272267e-05
2146 -2.88655813848e-05
2147 -2.79573913789e-05
2148 -2.69931859245e-05
2149 -2.59652222853e-05
2150 5.77736937216e-05
2151 5.70234526585e-05
2152 5.50303187704e-05
2153 4.71052704644e-05
2154 3.96140075076e-05
2155 2.99831365911e-05
2156 1.82068516093e-05
2157 5.7404022585e-06
2158 -6.0989704936e-06
2159 -1.79900801449e-05
2160 -3.00201402497e-05
2161 -3.96713719742e-05
2162 -4.95213927819e-05
2163 -5.61725464938e-05
2164 -6.30921183451e-05
2165 -6.82959278118e-05
2166 -7.20475807059e-05
2167 -7.47449437215e-05
2168 -7.59426232578e-05
2169 -7.65929364115e-05
2170 -7.70407399248e-05
2171 -7.6541133215e-05
2172 -7.49947708907e-05
2173 -7.30463617841e-05
2174 -7.12046663051e-05
2175 -6.90782161166e-05
2176 -6.66179024695e-05
2177 -6.41667967256e-05
2178 -6.2312001473e-05
2179 -5.99770044606e-05
2180 -5.71943284915e-05
2181 -5.52539893989e-05
2182 -5.31641388996e-05
2183 -5.04699452683e-05
2184 -4.80595205327e-05
2185 -4.57426542879e-05
2186 -4.33138465393e-05
2187 -4.11838866341e-05
2188 -3.92173595395e-05
2189 -3.72488896345e-05
2190 -3.55337747273e-05
2191 -3.40600678452e-05
2192 -3.2666838276e-05
2193 -3.14089249835e-05
2194 -3.01733057499e-05
2195 -2.91442938275e-05
2196 -2.8232106365e-05
2197 -2.73498247787e-05
2198 -2.63729306604e-05
2199 -2.53198008158e-05
2200 1.32436150165e-06
2201 2.32936354255e-06
2202 2.30108979972e-06
2203 -3.86536506184e-06
2204 -8.25661738392e-06
2205 -1.44318109437e-05
2206 -2.22317315155e-05
2207 -3.05385078111e-05
2208 -3.77534794911e-05
2209 -4.5156370649e-05
2210 -5.26710667611e-05
2211 -5.80459882208e-05
2212 -6.40894221576e-05
2213 -6.72368748694e-05
2214 -7.117970325e-05
2215 -7.38046282907e-05
2216 -7.54162138643e-05
2217 -7.63750505962e-05
2218 -7.6232262595e-05
2219 -7.58533135589e-05
2220 -7.5490989205e-05
2221 -7.44666908251e-05
2222 -7.25663076653e-05
2223 -7.04258059945e-05
2224 -6.85052285066e-05
2225 -6.63923565789e-05
2226 -6.40561130843e-05
2227 -6.16904640497e-05
2228 -5.98853075074e-05
2229 -5.76080048041e-05
2230 -5.49004548793e-05
2231 -5.2975694004e-05
2232 -5.09249118057e-05
2233 -4.83222258955e-05
2234 -4.59737958334e-05
2235 -4.3721177146e-05
2236 -4.14193773487e-05
2237 -3.94454624966e-05
2238 -3.76474911868e-05
2239 -3.58719633937e-05
2240 -3.43169677333e-05
2241 -3.29781716547e-05
2242 -3.17359399307e-05
2243 -3.06028566659e-05
2244 -2.94617620041e-05
2245 -2.84861642634e-05
2246 -2.76009565391e-05
2247 -2.67223171083e-05
2248 -2.57363971481e-05
2249 -2.46788452565e-05
2250 -3.61101332426e-05
2251 -3.39450749679e-05
2252 -3.26480867711e-05
2253 -3.73134337038e-05
2254 -3.93872975914e-05
2255 -4.30016351766e-05
2256 -4.78654319348e-05
2257 -5.31497714834e-05
2258 -5.71615205184e-05
2259 -6.15152486476e-05
2260 -6.59842285971e-05
2261 -6.85222295905e-05
2262 -7.20419989783e-05
2263 -7.2949362429e-05
2264 -7.49222506463e-05
2265 -7.58888721392e-05
2266 -7.61150432833e-05
2267 -7.59952869346e-05
2268 -7.50285168373e-05
2269 -7.40486113814e-05
2270 -7.322181478e-05
2271 -7.19184045093e-05
2272 -6.98589609049e-05
2273 -6.76838062914e-05
2274 -6.5842689351e-05
2275 -6.38209210729e-05
2276 -6.15972382303e-05
2277 -5.92690085406e-05
2278 -5.74698801917e-05
2279 -5.52129286704e-05
2280 -5.25567608545e-05
2281 -5.0661085125e-05
2282 -4.86801417805e-05
2283 -4.61698472212e-05
2284 -4.38751034608e-05
2285 -4.17396396028e-05
2286 -3.9595055592e-05
2287 -3.77940045329e-05
2288 -3.61780832104e-05
2289 -3.45854391992e-05
2290 -3.31865274369e-05
2291 -3.20023109838e-05
2292 -3.08877595569e-05
2293 -2.98542795904e-05
2294 -2.87784861548e-05
2295 -2.78409800274e-05
2296 -2.69703249315e-05
2297 -2.60749667786e-05
2298 -2.50616312136e-05
2299 -2.39905465781e-05
2300 -5.88320289038e-05
2301 -5.60334931158e-05
2302 -5.39447546726e-05
2303 -5.74792415919e-05
2304 -5.80763688493e-05
2305 -5.99722456639e-05
2306 -6.28474047496e-05
2307 -6.61370616823e-05
2308 -6.8070749152e-05
2309 -7.04615022014e-05
2310 -7.29246643663e-05
2311 -7.36635811377e-05
2312 -7.55501022741e-05
2313 -7.50688881505e-05
2314 -7.57983376441e-05
2315 -7.57366302524e-05
2316 -7.51582743227e-05
2317 -7.43934282912e-05
2318 -7.30035893709e-05
2319 -7.16904475429e-05
2320 -7.06222972197e-05
2321 -6.91845781151e-05
2322 -6.71129903689e-05
2323 -6.50050803831e-05
2324 -6.32425222289e-05
2325 -6.12932259567e-05
2326 -5.91198866277e-05
2327 -5.68310884841e-05
2328 -5.50307796351e-05
2329 -5.28117097615e-05
2330 -5.02344431209e-05
2331 -4.83905880843e-05
2332 -4.64669995714e-05
2333 -4.40292980615e-05
2334 -4.18340173394e-05
2335 -3.98544603461e-05
2336 -3.78725534432e-05
2337 -3.62735792383e-05
2338 -3.48579693366e-05
2339 -3.34604259661e-05
2340 -3.21904153292e-05
2341 -3.11303970841e-05
2342 -3.01137006387e-05
2343 -2.91414438281e-05
2344 -2.81003988982e-05
2345 -2.7186795982e-05
2346 -2.63034183655e-05
2347 -2.53756729169e-05
2348 -2.43536442803e-05
2349 -2.32737053326e-05
2350 -7.1459765876e-05
2351 -6.83294910923e-05
2352 -6.5778033311e-05
2353 -6.85796009929e-05
2354 -6.82311287899e-05
2355 -6.90514014033e-05
2356 -7.06559450253e-05
2357 -7.2664101139e-05
2358 -7.32924571797e-05
2359 -7.44457492293e-05
2360 -7.56718564686e-05
2361 -7.5312495831e-05
2362 -7.61863215086e-05
2363 -7.48936010608e-05
2364 -7.48793687592e-05
2365 -7.42318243426e-05
2366 -7.32095602737e-05
2367 -7.21073272538e-05
2368 -7.04919793996e-05
2369 -6.90356498251e-05
2370 -6.7871541639e-05
2371 -6.64301535507e-05
2372 -6.44505385865e-05
2373 -6.2429818142e-05
2374 -6.07073966963e-05
2375 -5.87778867482e-05
2376 -5.66378305987e-05
2377 -5.43470540395e-05
2378 -5.25463552718e-05
2379 -5.03918836306e-05
2380 -4.79016796753e-05
2381 -4.61122232987e-05
2382 -4.42333087191e-05
2383 -4.19270133804e-05
2384 -3.98994700315e-05
2385 -3.8107103823e-05
2386 -3.63447313301e-05
2387 -3.49357306763e-05
2388 -3.36742674001e-05
2389 -3.24049770558e-05
2390 -3.12476602082e-05
2391 -3.02843898785e-05
2392 -2.93432360753e-05
2393 -2.84197945016e-05
2394 -2.74106301886e-05
2395 -2.65035502969e-05
2396 -2.55872952418e-05
2397 -2.46304613826e-05
2398 -2.36081523951e-05
2399 -2.2515223206e-05
2400 -7.75618913535e-05
2401 -7.43467791785e-05
2402 -7.15497352137e-05
2403 -7.38531123004e-05
2404 -7.29832205478e-05
2405 -7.31341196121e-05
2406 -7.39307268817e-05
2407 -7.5117406621e-05
2408 -7.49577537848e-05
2409 -7.53472675215e-05
2410 -7.58197823102e-05
2411 -7.481463537e-05
2412 -7.50866039999e-05
2413 -7.33500218273e-05
2414 -7.29178715163e-05
2415 -7.19635066823e-05
2416 -7.06766053716e-05
2417 -6.94067451305e-05
2418 -6.77344115519e-05
2419 -6.62313871036e-05
2420 -6.50622552891e-05
2421 -6.36695828102e-05
2422 -6.17683298051e-05
2423 -5.97790391165e-05
2424 -5.80660431627e-05
2425 -5.6129628278e-05
2426 -5.40156432186e-05
2427 -5.17567412984e-05
2428 -5.00004517715e-05
2429 -4.79408221919e-05
2430 -4.55636207516e-05
2431 -4.38173486118e-05
2432 -4.20262521318e-05
2433 -3.98995052685e-05
2434 -3.80481252389e-05
2435 -3.64753422609e-05
2436 -3.49214455667e-05
2437 -3.36887917038e-05
2438 -3.25669682263e-05
2439 -3.14315855701e-05
2440 -3.03809463974e-05
2441 -2.95053732952e-05
2442 -2.86123545968e-05
2443 -2.77211053207e-05
2444 -2.67254098043e-05
2445 -2.58000325624e-05
2446 -2.48505517558e-05
2447 -2.38749667191e-05
2448 -2.28428557079e-05
2449 -2.17421301093e-05
2450 -7.93915397036e-05
2451 -7.61839154689e-05
2452 -7.33698662542e-05
2453 -7.53030542962e-05
2454 -7.41505327992e-05
2455 -7.39216134164e-05
2456 -7.42345885412e-05
2457 -7.49299599932e-05
2458 -7.4315930886e-05
2459 -7.43019885222e-05
2460 -7.43129011178e-05
2461 -7.29994305263e-05
2462 -7.29353575083e-05
2463 -7.10159114963e-05
2464 -7.03798681955e-05
2465 -6.92819009122e-05
2466 -6.791323026e-05
2467 -6.66060158783e-05
2468 -6.49798205199e-05
2469 -6.35562467298e-05
2470 -6.24228768822e-05
2471 -6.10538611383e-05
2472 -5.91593471135e-05
2473 -5.71789450656e-05
2474 -5.54673696784e-05
2475 -5.35356806068e-05
2476 -5.14561516655e-05
2477 -4.92499957853e-05
2478 -4.75522173069e-05
2479 -4.55459070613e-05
2480 -4.32387339044e-05
2481 -4.15878431736e-05
2482 -3.99653233575e-05
2483 -3.80488785528e-05
2484 -3.63961224102e-05
2485 -3.50343092735e-05
2486 -3.36596611372e-05
2487 -3.25628126722e-05
2488 -3.15503039465e-05
2489 -3.0527987529e-05
2490 -2.95613175087e-05
2491 -2.87318478355e-05
2492 -2.78675693542e-05
2493 -2.69831423501e-05
2494 -2.59688311573e-05
2495 -2.50095092498e-05
2496 -2.4040294579e-05
2497 -2.30875196251e-05
2498 -2.20640404167e-05
2499 -2.09578166304e-05
