0 -3.21322508977e-06
1 -3.0200920369e-06
2 -2.966925641e-06
3 -2.8882363916e-06
4 -3.06859947436e-06
5 -2.93804390459e-06
6 -2.98457322573e-06
7 -3.00193394326e-06
8 -2.96956561778e-06
9 -2.99026191959e-06
10 -3.00722331974e-06
11 -3.02057846841e-06
12 -3.01510655564e-06
13 -2.96461240274e-06
14 -2.99689071113e-06
15 -2.99818642134e-06
16 -2.96471501669e-06
17 -2.97220206645e-06
18 -2.96692130503e-06
19 -2.95161083186e-06
20 -2.98674715592e-06
21 -2.98854126826e-06
22 -2.97647138394e-06
23 -2.96332648754e-06
24 -2.97575128318e-06
25 -2.97792388226e-06
26 -2.95873169601e-06
27 -2.94699469491e-06
28 -2.96137170112e-06
29 -2.96001666798e-06
30 -2.94254328201e-06
31 -2.94977354379e-06
32 -2.96917844428e-06
33 -2.96458945705e-06
34 -2.95777319506e-06
35 -2.94874697095e-06
36 -2.95673572997e-06
37 -2.95881680257e-06
38 -2.97549036854e-06
39 -2.97552619693e-06
40 -2.97269859458e-06
41 -2.98007220426e-06
42 -2.98124822035e-06
43 -2.97612274159e-06
44 -2.97454932523e-06
45 -2.96701778529e-06
46 -2.97451825548e-06
47 -2.97586752154e-06
48 -2.98746005082e-06
49 -2.99045627499e-06
50 -3.07833264155e-06
51 -2.94889423864e-06
52 -2.83974094349e-06
53 -2.91018263962e-06
54 -2.86276570366e-06
55 -2.84864911059e-06
56 -2.88125110923e-06
57 -2.90970534038e-06
58 -2.90955611469e-06
59 -2.89528801158e-06
60 -2.92996819293e-06
61 -2.90276506116e-06
62 -2.93184879304e-06
63 -2.88639459087e-06
64 -2.8944550496e-06
65 -2.89847698959e-06
66 -2.89116079826e-06
67 -2.90799624796e-06
68 -2.88187757491e-06
69 -2.87407662477e-06
70 -2.91153360599e-06
71 -2.92284420529e-06
72 -2.90848163548e-06
73 -2.89462081269e-06
74 -2.90370106701e-06
75 -2.90139331959e-06
76 -2.88382535127e-06
77 -2.87654828972e-06
78 -2.88946570985e-06
79 -2.88862082649e-06
80 -2.87412091798e-06
81 -2.88698410336e-06
82 -2.90195820811e-06
83 -2.89066188764e-06
84 -2.88459477385e-06
85 -2.87975518734e-06
86 -2.88830239344e-06
87 -2.88925094691e-06
88 -2.8996993618e-06
89 -2.89839389714e-06
90 -2.89854808423e-06
91 -2.90350683298e-06
92 -2.90022395841e-06
93 -2.89465361436e-06
94 -2.89175878742e-06
95 -2.88442691244e-06
96 -2.8921419137e-06
97 -2.89386206084e-06
98 -2.90245231629e-06
99 -2.90357856456e-06
100 -3.07939860935e-06
101 -2.95042494343e-06
102 -2.84106157935e-06
103 -2.91156592709e-06
104 -2.86449410034e-06
105 -2.85031668403e-06
106 -2.88302082449e-06
107 -2.91107138646e-06
108 -2.91099766848e-06
109 -2.89699136868e-06
110 -2.93167219761e-06
111 -2.90427305236e-06
112 -2.93301890444e-06
113 -2.88763358491e-06
114 -2.89587845962e-06
115 -2.8999524968e-06
116 -2.89258176502e-06
117 -2.90932315768e-06
118 -2.88328270389e-06
119 -2.87553743566e-06
120 -2.91319979384e-06
121 -2.92323619105e-06
122 -2.90891017748e-06
123 -2.89493907945e-06
124 -2.90413687351e-06
125 -2.9016615727e-06
126 -2.88403819775e-06
127 -2.87700405416e-06
128 -2.88968971984e-06
129 -2.88809572016e-06
130 -2.87283056505e-06
131 -2.88574825926e-06
132 -2.90078158656e-06
133 -2.88931676887e-06
134 -2.88347069405e-06
135 -2.87849687074e-06
136 -2.8870742059e-06
137 -2.88803453729e-06
138 -2.89717943253e-06
139 -2.89585381733e-06
140 -2.89592670067e-06
141 -2.90166204823e-06
142 -2.89934336887e-06
143 -2.89325725518e-06
144 -2.89037783565e-06
145 -2.88286574415e-06
146 -2.89064053083e-06
147 -2.89250485197e-06
148 -2.9010180466e-06
149 -2.90206612273e-06
150 -3.07890440553e-06
151 -2.95376672841e-06
152 -2.84131777841e-06
153 -2.91352599973e-06
154 -2.86595145638e-06
155 -2.85189915025e-06
156 -2.88481106172e-06
157 -2.91224621089e-06
158 -2.91233921937e-06
159 -2.89831038983e-06
160 -2.93280980316e-06
161 -2.90771358232e-06
162 -2.93558718705e-06
163 -2.88919503963e-06
164 -2.89761638667e-06
165 -2.90212926735e-06
166 -2.89384807807e-06
167 -2.91142603247e-06
168 -2.88449721214e-06
169 -2.87636934378e-06
170 -2.91532017406e-06
171 -2.92683158865e-06
172 -2.91394076107e-06
173 -2.89901017804e-06
174 -2.90800578642e-06
175 -2.9062148965e-06
176 -2.88850659045e-06
177 -2.88159878333e-06
178 -2.89381397147e-06
179 -2.89164772991e-06
180 -2.87594834855e-06
181 -2.88822586522e-06
182 -2.90463633941e-06
183 -2.89291262183e-06
184 -2.88756871112e-06
185 -2.8813818777e-06
186 -2.8905160678e-06
187 -2.8915345323e-06
188 -2.90319579754e-06
189 -2.9029288624e-06
190 -2.90254140696e-06
191 -2.90702920898e-06
192 -2.90551117249e-06
193 -2.89852651579e-06
194 -2.8957488206e-06
195 -2.88800727078e-06
196 -2.89534567694e-06
197 -2.89727415813e-06
198 -2.90575708561e-06
199 -2.90717000685e-06
200 -3.08730002832e-06
201 -2.98300331487e-06
202 -2.84584776719e-06
203 -2.9284414562e-06
204 -2.87284470724e-06
205 -2.86023081345e-06
206 -2.89304242577e-06
207 -2.92445698087e-06
208 -2.92529674928e-06
209 -2.90872245979e-06
210 -2.94799582328e-06
211 -2.9167831483e-06
212 -2.94318032634e-06
213 -2.89928472193e-06
214 -2.90929017856e-06
215 -2.91498569941e-06
216 -2.90766963259e-06
217 -2.92383355082e-06
218 -2.89548324027e-06
219 -2.88584596035e-06
220 -2.92524662475e-06
221 -2.93894104007e-06
222 -2.92480193924e-06
223 -2.90883806279e-06
224 -2.91839518515e-06
225 -2.91583895683e-06
226 -2.89757597684e-06
227 -2.8911483127e-06
228 -2.90540465946e-06
229 -2.90330806488e-06
230 -2.88761072837e-06
231 -2.89995046735e-06
232 -2.91644932057e-06
233 -2.90596769943e-06
234 -2.89821141005e-06
235 -2.89173757222e-06
236 -2.90245095284e-06
237 -2.90259055167e-06
238 -2.9139823757e-06
239 -2.9138680729e-06
240 -2.91085772548e-06
241 -2.91793805392e-06
242 -2.91558431538e-06
243 -2.91090021781e-06
244 -2.90760223769e-06
245 -2.8963399719e-06
246 -2.90347112296e-06
247 -2.90705186588e-06
248 -2.91627740376e-06
249 -2.91912611812e-06
250 -3.09986440032e-06
251 -2.98550884845e-06
252 -2.85383983789e-06
253 -2.93653064189e-06
254 -2.88448309084e-06
255 -2.86781122032e-06
256 -2.90127119833e-06
257 -2.93497552918e-06
258 -2.93095031055e-06
259 -2.91822452111e-06
260 -2.9541437388e-06
261 -2.92602388391e-06
262 -2.95648266446e-06
263 -2.91136162532e-06
264 -2.91959563262e-06
265 -2.92471215463e-06
266 -2.91534239417e-06
267 -2.93280836213e-06
268 -2.90335061491e-06
269 -2.89506889877e-06
270 -2.93547032879e-06
271 -2.94974839276e-06
272 -2.9319478727e-06
273 -2.91942551084e-06
274 -2.92824132998e-06
275 -2.92454683269e-06
276 -2.90671585674e-06
277 -2.89972434294e-06
278 -2.91120772897e-06
279 -2.91035199978e-06
280 -2.89467351902e-06
281 -2.90983723161e-06
282 -2.92497034995e-06
283 -2.91378955283e-06
284 -2.90517148415e-06
285 -2.90018778494e-06
286 -2.91031669763e-06
287 -2.91041876209e-06
288 -2.92318982889e-06
289 -2.92068650828e-06
290 -2.92097626926e-06
291 -2.92741364007e-06
292 -2.92445939011e-06
293 -2.91983387958e-06
294 -2.91373187333e-06
295 -2.90518025391e-06
296 -2.91389710109e-06
297 -2.91574914475e-06
298 -2.9259358569e-06
299 -2.92741309531e-06
300 -3.11987838777e-06
301 -2.9782862671e-06
302 -2.85571654732e-06
303 -2.93657919103e-06
304 -2.88286145437e-06
305 -2.87137007125e-06
306 -2.90447112793e-06
307 -2.93470416173e-06
308 -2.93215258084e-06
309 -2.92002000807e-06
310 -2.95565166179e-06
311 -2.92906153852e-06
312 -2.9614020978e-06
313 -2.91354923291e-06
314 -2.92134947201e-06
315 -2.92444945134e-06
316 -2.91678054738e-06
317 -2.93433804322e-06
318 -2.90538643912e-06
319 -2.89766119886e-06
320 -2.93916113677e-06
321 -2.94924701265e-06
322 -2.93504652377e-06
323 -2.92083505925e-06
324 -2.92931345298e-06
325 -2.92801205332e-06
326 -2.90842952276e-06
327 -2.90127805888e-06
328 -2.91271394704e-06
329 -2.91442577618e-06
330 -2.89545712417e-06
331 -2.9103541615e-06
332 -2.92610457367e-06
333 -2.91265977413e-06
334 -2.90661914576e-06
335 -2.90111202628e-06
336 -2.91032657934e-06
337 -2.911164568e-06
338 -2.92194446165e-06
339 -2.92054489208e-06
340 -2.92100918848e-06
341 -2.92654680488e-06
342 -2.92539996573e-06
343 -2.91851174218e-06
344 -2.91381982122e-06
345 -2.90733023015e-06
346 -2.91548380687e-06
347 -2.92030990424e-06
348 -2.92757718742e-06
349 -2.92809178803e-06
350 -3.11453227785e-06
351 -2.97389913794e-06
352 -2.85863424799e-06
353 -2.93205647164e-06
354 -2.88625522206e-06
355 -2.87019407777e-06
356 -2.90661852853e-06
357 -2.93131927805e-06
358 -2.93329487874e-06
359 -2.92055237423e-06
360 -2.95667338424e-06
361 -2.93020926947e-06
362 -2.95785067284e-06
363 -2.91157251231e-06
364 -2.91953373482e-06
365 -2.92418354961e-06
366 -2.91538929461e-06
367 -2.93254788583e-06
368 -2.90462866637e-06
369 -2.89830290224e-06
370 -2.93850551926e-06
371 -2.94827215762e-06
372 -2.93497608538e-06
373 -2.91889614862e-06
374 -2.92681540631e-06
375 -2.92636910899e-06
376 -2.90864384398e-06
377 -2.90067761257e-06
378 -2.91319777546e-06
379 -2.91257339859e-06
380 -2.8941718875e-06
381 -2.90725057195e-06
382 -2.92469871947e-06
383 -2.91068373054e-06
384 -2.9089731102e-06
385 -2.90287495027e-06
386 -2.91101549888e-06
387 -2.91104026352e-06
388 -2.92281349566e-06
389 -2.92192386982e-06
390 -2.92149335616e-06
391 -2.9259158587e-06
392 -2.92600031685e-06
393 -2.91726957015e-06
394 -2.91469452529e-06
395 -2.90684845229e-06
396 -2.91561069649e-06
397 -2.9183580895e-06
398 -2.92407913401e-06
399 -2.92602596712e-06
400 -3.1036323078e-06
401 -2.97931929457e-06
402 -2.85943236393e-06
403 -2.93464034888e-06
404 -2.88497639366e-06
405 -2.87206644634e-06
406 -2.90675235021e-06
407 -2.93379897409e-06
408 -2.93554866875e-06
409 -2.92002255996e-06
410 -2.95774604403e-06
411 -2.92742759653e-06
412 -2.95533313289e-06
413 -2.91103778646e-06
414 -2.91931742436e-06
415 -2.92511881609e-06
416 -2.91677232138e-06
417 -2.93299832548e-06
418 -2.90458628298e-06
419 -2.89813994944e-06
420 -2.93629111222e-06
421 -2.94945830236e-06
422 -2.93629475451e-06
423 -2.91919065986e-06
424 -2.92936321583e-06
425 -2.92659926824e-06
426 -2.90818887832e-06
427 -2.90336360659e-06
428 -2.91730655011e-06
429 -2.91472384748e-06
430 -2.89678875542e-06
431 -2.9104381174e-06
432 -2.92744693925e-06
433 -2.91584355456e-06
434 -2.90905033882e-06
435 -2.90408479294e-06
436 -2.91270219152e-06
437 -2.91256155397e-06
438 -2.92377814047e-06
439 -2.9229382141e-06
440 -2.92133231072e-06
441 -2.92682058278e-06
442 -2.92543331673e-06
443 -2.91946809972e-06
444 -2.91699115476e-06
445 -2.90853857957e-06
446 -2.91530729306e-06
447 -2.91786994288e-06
448 -2.92424196993e-06
449 -2.92795170583e-06
450 -3.10222008423e-06
451 -2.98118551464e-06
452 -2.86124790728e-06
453 -2.93460378218e-06
454 -2.88634094156e-06
455 -2.87528607675e-06
456 -2.90769930741e-06
457 -2.93693742821e-06
458 -2.9361496568e-06
459 -2.92184815967e-06
460 -2.95971726598e-06
461 -2.92696594599e-06
462 -2.95667463246e-06
463 -2.91310190914e-06
464 -2.92179448092e-06
465 -2.92732029967e-06
466 -2.92034184998e-06
467 -2.93427973699e-06
468 -2.90689541618e-06
469 -2.89981891699e-06
470 -2.93843699778e-06
471 -2.95095355869e-06
472 -2.93559693233e-06
473 -2.92104828157e-06
474 -2.93204023716e-06
475 -2.92587710769e-06
476 -2.9099633816e-06
477 -2.90385682893e-06
478 -2.9167134044e-06
479 -2.9137073578e-06
480 -2.89697661606e-06
481 -2.91093771253e-06
482 -2.92707718583e-06
483 -2.9154217407e-06
484 -2.91129792208e-06
485 -2.90455218787e-06
486 -2.91457232713e-06
487 -2.91509905644e-06
488 -2.92701211275e-06
489 -2.92419389605e-06
490 -2.92425067653e-06
491 -2.93098145269e-06
492 -2.92865551538e-06
493 -2.92295611763e-06
494 -2.91900654402e-06
495 -2.9085418003e-06
496 -2.91698937522e-06
497 -2.91898993936e-06
498 -2.92735102429e-06
499 -2.9296480271e-06
500 -3.10202970455e-06
501 -2.98184131617e-06
502 -2.86400347958e-06
503 -2.93639183568e-06
504 -2.88867296624e-06
505 -2.87738440355e-06
506 -2.90868311762e-06
507 -2.93965856812e-06
508 -2.93667219578e-06
509 -2.92499980816e-06
510 -2.95964272697e-06
511 -2.92947103296e-06
512 -2.95960454624e-06
513 -2.91564811089e-06
514 -2.92427349221e-06
515 -2.92974185391e-06
516 -2.92035401166e-06
517 -2.93687274857e-06
518 -2.90868321879e-06
519 -2.90207754451e-06
520 -2.93997062016e-06
521 -2.95288750099e-06
522 -2.93696355135e-06
523 -2.92408137303e-06
524 -2.93373921224e-06
525 -2.92825336807e-06
526 -2.91153776319e-06
527 -2.90612658772e-06
528 -2.91920764959e-06
529 -2.91643227242e-06
530 -2.8990983139e-06
531 -2.9142414907e-06
532 -2.92965455865e-06
533 -2.91719986223e-06
534 -2.91206061259e-06
535 -2.90512807398e-06
536 -2.91507372509e-06
537 -2.91435170037e-06
538 -2.92626760927e-06
539 -2.92239212109e-06
540 -2.92314488117e-06
541 -2.92901721623e-06
542 -2.92718507835e-06
543 -2.92213856122e-06
544 -2.91894484107e-06
545 -2.91017093452e-06
546 -2.91859883874e-06
547 -2.92151138891e-06
548 -2.93000471091e-06
549 -2.93066592544e-06
550 -3.10533986143e-06
551 -2.98134739289e-06
552 -2.8645255369e-06
553 -2.93992960823e-06
554 -2.88968553744e-06
555 -2.87991517011e-06
556 -2.91006546606e-06
557 -2.9415032081e-06
558 -2.93716129131e-06
559 -2.92613095423e-06
560 -2.95930617721e-06
561 -2.931569135e-06
562 -2.96191233894e-06
563 -2.91785287954e-06
564 -2.9252459537e-06
565 -2.93129629401e-06
566 -2.92213253406e-06
567 -2.93906859005e-06
568 -2.90970480882e-06
569 -2.90387765718e-06
570 -2.94257049506e-06
571 -2.95344634222e-06
572 -2.93994773384e-06
573 -2.92539383937e-06
574 -2.9348489837e-06
575 -2.93152999677e-06
576 -2.91299693319e-06
577 -2.90853606213e-06
578 -2.92057939568e-06
579 -2.91867568592e-06
580 -2.89952663115e-06
581 -2.91536744323e-06
582 -2.93217838299e-06
583 -2.91870338167e-06
584 -2.91184084408e-06
585 -2.90652408124e-06
586 -2.91585169879e-06
587 -2.91749303798e-06
588 -2.92872511106e-06
589 -2.92642904962e-06
590 -2.92824350773e-06
591 -2.93197128334e-06
592 -2.93260036478e-06
593 -2.9259674036e-06
594 -2.92057524547e-06
595 -2.914317582e-06
596 -2.92035744325e-06
597 -2.92382454134e-06
598 -2.93121707929e-06
599 -2.93201234857e-06
600 -3.11241311171e-06
601 -2.98551410919e-06
602 -2.86527028022e-06
603 -2.94253065281e-06
604 -2.88987265412e-06
605 -2.88193925335e-06
606 -2.91189937321e-06
607 -2.94325474706e-06
608 -2.93929718119e-06
609 -2.928043478e-06
610 -2.96217664025e-06
611 -2.93331531881e-06
612 -2.96410927543e-06
613 -2.91916412461e-06
614 -2.92774323106e-06
615 -2.93338931616e-06
616 -2.92559641287e-06
617 -2.94107440322e-06
618 -2.91229325211e-06
619 -2.90672913059e-06
620 -2.94350183814e-06
621 -2.9549340388e-06
622 -2.94247853042e-06
623 -2.92674061155e-06
624 -2.93630493749e-06
625 -2.93328326293e-06
626 -2.91387281387e-06
627 -2.91023118532e-06
628 -2.92224254338e-06
629 -2.9212016667e-06
630 -2.90015171459e-06
631 -2.91630233153e-06
632 -2.93357149598e-06
633 -2.92140903758e-06
634 -2.91420572156e-06
635 -2.90970007318e-06
636 -2.91904097146e-06
637 -2.91966398907e-06
638 -2.93005003925e-06
639 -2.92803240535e-06
640 -2.92803084589e-06
641 -2.93236902113e-06
642 -2.93291677889e-06
643 -2.92718807817e-06
644 -2.92250772419e-06
645 -2.91598078102e-06
646 -2.92134743372e-06
647 -2.92671200804e-06
648 -2.93228894435e-06
649 -2.93450530944e-06
650 -3.11689338111e-06
651 -2.9889273724e-06
652 -2.86617255363e-06
653 -2.94192308309e-06
654 -2.89057728397e-06
655 -2.88168274192e-06
656 -2.91311901236e-06
657 -2.9427139626e-06
658 -2.94051910077e-06
659 -2.92872080949e-06
660 -2.96422188756e-06
661 -2.93403422175e-06
662 -2.96375632962e-06
663 -2.91992142367e-06
664 -2.92898112724e-06
665 -2.93364659857e-06
666 -2.92724685333e-06
667 -2.94177950709e-06
668 -2.91292022415e-06
669 -2.90722630687e-06
670 -2.94444568158e-06
671 -2.95615572261e-06
672 -2.94298632959e-06
673 -2.92879658317e-06
674 -2.93685664129e-06
675 -2.93407753291e-06
676 -2.91581888712e-06
677 -2.91107516365e-06
678 -2.92439750895e-06
679 -2.92354865548e-06
680 -2.90399676661e-06
681 -2.92059971139e-06
682 -2.93678136386e-06
683 -2.92354538086e-06
684 -2.91752201463e-06
685 -2.91278103812e-06
686 -2.92084433272e-06
687 -2.92160064423e-06
688 -2.93262408125e-06
689 -2.9294678861e-06
690 -2.92916866922e-06
691 -2.93420740504e-06
692 -2.9347606201e-06
693 -2.92782496617e-06
694 -2.9237360857e-06
695 -2.91612602003e-06
696 -2.92269026151e-06
697 -2.92707584567e-06
698 -2.93178053596e-06
699 -2.93469547666e-06
700 -3.11467521717e-06
701 -2.98897118603e-06
702 -2.86832993432e-06
703 -2.94240145911e-06
704 -2.89452343743e-06
705 -2.88319995033e-06
706 -2.91466070858e-06
707 -2.94395638939e-06
708 -2.94114309985e-06
709 -2.93036731957e-06
710 -2.96609996249e-06
711 -2.93519223876e-06
712 -2.96511898886e-06
713 -2.92107188634e-06
714 -2.93033000583e-06
715 -2.93546837463e-06
716 -2.92902279999e-06
717 -2.94206502951e-06
718 -2.91517464205e-06
719 -2.90890333416e-06
720 -2.94601562327e-06
721 -2.95687123779e-06
722 -2.9438700252e-06
723 -2.92972471818e-06
724 -2.93774948005e-06
725 -2.93450719247e-06
726 -2.91732368132e-06
727 -2.91186661125e-06
728 -2.92510465626e-06
729 -2.92374939662e-06
730 -2.90409522478e-06
731 -2.92000282759e-06
732 -2.93662312208e-06
733 -2.92338832873e-06
734 -2.91850603926e-06
735 -2.91357026272e-06
736 -2.92126795007e-06
737 -2.92219453631e-06
738 -2.93339953498e-06
739 -2.9296511411e-06
740 -2.9311104985e-06
741 -2.9357553609e-06
742 -2.93777971266e-06
743 -2.93010430641e-06
744 -2.92585757095e-06
745 -2.91785493922e-06
746 -2.92528434791e-06
747 -2.9295772453e-06
748 -2.93428993571e-06
749 -2.93676941683e-06
750 -3.11731933955e-06
751 -2.99324973202e-06
752 -2.86914862699e-06
753 -2.944899368e-06
754 -2.89595950677e-06
755 -2.88518174702e-06
756 -2.91652021612e-06
757 -2.94686972227e-06
758 -2.94248172905e-06
759 -2.93268861341e-06
760 -2.96747892454e-06
761 -2.93863671277e-06
762 -2.96691230047e-06
763 -2.92319059165e-06
764 -2.93261674855e-06
765 -2.93761104886e-06
766 -2.9311356917e-06
767 -2.94476873631e-06
768 -2.91693722138e-06
769 -2.91161679501e-06
770 -2.94790791628e-06
771 -2.95955995993e-06
772 -2.9472549702e-06
773 -2.93201727043e-06
774 -2.93998785043e-06
775 -2.93567053241e-06
776 -2.91922140422e-06
777 -2.91506732685e-06
778 -2.92822006832e-06
779 -2.92499466978e-06
780 -2.90617087675e-06
781 -2.92219694905e-06
782 -2.93880923945e-06
783 -2.92547969601e-06
784 -2.91927132467e-06
785 -2.91408258421e-06
786 -2.92188856987e-06
787 -2.92206386416e-06
788 -2.93509290498e-06
789 -2.93040711615e-06
790 -2.93272175084e-06
791 -2.93747175601e-06
792 -2.93971460878e-06
793 -2.93229087623e-06
794 -2.92736731328e-06
795 -2.91992554352e-06
796 -2.92770411639e-06
797 -2.93099951829e-06
798 -2.93615691811e-06
799 -2.93841448471e-06
800 -3.1169743807e-06
801 -2.9933813322e-06
802 -2.87048355634e-06
803 -2.94853678006e-06
804 -2.89724587893e-06
805 -2.88855837272e-06
806 -2.91937929322e-06
807 -2.95013401912e-06
808 -2.94490713193e-06
809 -2.93483827455e-06
810 -2.96957192129e-06
811 -2.93941383123e-06
812 -2.96951767015e-06
813 -2.92582559682e-06
814 -2.93471174172e-06
815 -2.94036162785e-06
816 -2.93392985762e-06
817 -2.9466809473e-06
818 -2.91973720728e-06
819 -2.91479597694e-06
820 -2.94950640573e-06
821 -2.96208613201e-06
822 -2.94959241682e-06
823 -2.9340782177e-06
824 -2.94209716648e-06
825 -2.93939190263e-06
826 -2.92107151339e-06
827 -2.91735687813e-06
828 -2.9303196631e-06
829 -2.92783504846e-06
830 -2.90775893495e-06
831 -2.92533245782e-06
832 -2.9414539514e-06
833 -2.92809324571e-06
834 -2.91962885635e-06
835 -2.91754072132e-06
836 -2.92488834899e-06
837 -2.92602008108e-06
838 -2.93757054318e-06
839 -2.93383731213e-06
840 -2.9352406325e-06
841 -2.9392205481e-06
842 -2.9402934465e-06
843 -2.93411715132e-06
844 -2.92900538756e-06
845 -2.9220357243e-06
846 -2.92960410317e-06
847 -2.9329543317e-06
848 -2.93777679024e-06
849 -2.94076856525e-06
850 -3.11749343091e-06
851 -2.99684919635e-06
852 -2.87210846444e-06
853 -2.94974864893e-06
854 -2.89916832685e-06
855 -2.8903410026e-06
856 -2.92143031196e-06
857 -2.95242546819e-06
858 -2.94726258497e-06
859 -2.93699741055e-06
860 -2.97119701425e-06
861 -2.94130425901e-06
862 -2.97129548022e-06
863 -2.92804035735e-06
864 -2.93631633318e-06
865 -2.94313963834e-06
866 -2.93665502232e-06
867 -2.94902289456e-06
868 -2.92172250101e-06
869 -2.9166151745e-06
870 -2.95208999178e-06
871 -2.96378524918e-06
872 -2.95065419649e-06
873 -2.93650498806e-06
874 -2.94417819091e-06
875 -2.9413023319e-06
876 -2.92206863715e-06
877 -2.91961863837e-06
878 -2.93218712683e-06
879 -2.9294212211e-06
880 -2.90873745434e-06
881 -2.92704205925e-06
882 -2.94363942901e-06
883 -2.93119816721e-06
884 -2.92244639489e-06
885 -2.9202801712e-06
886 -2.9263739824e-06
887 -2.92829961348e-06
888 -2.93893869066e-06
889 -2.93487431695e-06
890 -2.937873168e-06
891 -2.94148790585e-06
892 -2.94287058206e-06
893 -2.93732288993e-06
894 -2.93145971347e-06
895 -2.92522511184e-06
896 -2.9316396014e-06
897 -2.93572865433e-06
898 -2.94012241012e-06
899 -2.94284172051e-06
900 -3.12443722244e-06
901 -2.99602464182e-06
902 -2.87402253752e-06
903 -2.95283512698e-06
904 -2.90241186247e-06
905 -2.89197438077e-06
906 -2.92315804132e-06
907 -2.95506786653e-06
908 -2.94878817843e-06
909 -2.93979899143e-06
910 -2.97457530667e-06
911 -2.94228928745e-06
912 -2.97336115786e-06
913 -2.92894750245e-06
914 -2.93870733802e-06
915 -2.94413999412e-06
916 -2.93944375822e-06
917 -2.95013919368e-06
918 -2.9235366138e-06
919 -2.91893054791e-06
920 -2.95399375128e-06
921 -2.96488523744e-06
922 -2.953373411e-06
923 -2.93816312226e-06
924 -2.94611352631e-06
925 -2.94340289686e-06
926 -2.92488150333e-06
927 -2.92255761267e-06
928 -2.93522078024e-06
929 -2.93334561197e-06
930 -2.91250776706e-06
931 -2.93045020699e-06
932 -2.94741075806e-06
933 -2.93428197183e-06
934 -2.92722703925e-06
935 -2.92444286686e-06
936 -2.93034913264e-06
937 -2.93282286111e-06
938 -2.94300005256e-06
939 -2.93833743301e-06
940 -2.9401683788e-06
941 -2.94440700193e-06
942 -2.94505692385e-06
943 -2.93948565824e-06
944 -2.9333838979e-06
945 -2.92646819712e-06
946 -2.93400012415e-06
947 -2.93739893946e-06
948 -2.9421316264e-06
949 -2.94457520273e-06
950 -3.1245931597e-06
951 -3.00049085489e-06
952 -2.87754974499e-06
953 -2.95548640306e-06
954 -2.904335617e-06
955 -2.89526688981e-06
956 -2.92558329431e-06
957 -2.95828578022e-06
958 -2.95103913628e-06
959 -2.94342856971e-06
960 -2.97647954383e-06
961 -2.94485829724e-06
962 -2.97638648447e-06
963 -2.93177964847e-06
964 -2.94276626676e-06
965 -2.94686388912e-06
966 -2.94254478945e-06
967 -2.95326960114e-06
968 -2.9266159629e-06
969 -2.92254700226e-06
970 -2.95706978034e-06
971 -2.96770812184e-06
972 -2.95610873972e-06
973 -2.94133443426e-06
974 -2.94864554887e-06
975 -2.94593955177e-06
976 -2.92789224503e-06
977 -2.92437181679e-06
978 -2.9372038492e-06
979 -2.93430034871e-06
980 -2.91316517605e-06
981 -2.93127674825e-06
982 -2.9488191311e-06
983 -2.93476590549e-06
984 -2.9275951276e-06
985 -2.92503117788e-06
986 -2.93060497385e-06
987 -2.93334452643e-06
988 -2.94307229421e-06
989 -2.93790763916e-06
990 -2.94223479773e-06
991 -2.94650847603e-06
992 -2.94803630922e-06
993 -2.9418814e-06
994 -2.93628927295e-06
995 -2.92949100441e-06
996 -2.93742928705e-06
997 -2.94157201828e-06
998 -2.94518145263e-06
999 -2.94863959908e-06
1000 -3.12568026418e-06
1001 -3.00559683704e-06
1002 -2.87928506531e-06
1003 -2.95664930557e-06
1004 -2.90538830442e-06
1005 -2.89698262123e-06
1006 -2.9274991405e-06
1007 -2.96000432133e-06
1008 -2.95241593015e-06
1009 -2.94543599404e-06
1010 -2.97876949525e-06
1011 -2.94753849154e-06
1012 -2.97789440372e-06
1013 -2.93335782017e-06
1014 -2.94490432251e-06
1015 -2.94970874678e-06
1016 -2.94406755822e-06
1017 -2.95575069152e-06
1018 -2.92862642441e-06
1019 -2.92526216622e-06
1020 -2.95773651747e-06
1021 -2.96985331924e-06
1022 -2.95830083679e-06
1023 -2.94391377045e-06
1024 -2.949726826e-06
1025 -2.94865788623e-06
1026 -2.93013065846e-06
1027 -2.92720317574e-06
1028 -2.94025466021e-06
1029 -2.93818089789e-06
1030 -2.91646281669e-06
1031 -2.93487925988e-06
1032 -2.95246797964e-06
1033 -2.93780360209e-06
1034 -2.92950198863e-06
1035 -2.92641093623e-06
1036 -2.93182396524e-06
1037 -2.93513630893e-06
1038 -2.94699427047e-06
1039 -2.94167762071e-06
1040 -2.94534079094e-06
1041 -2.94910160399e-06
1042 -2.95068125493e-06
1043 -2.94463526287e-06
1044 -2.93905102204e-06
1045 -2.93142290585e-06
1046 -2.93959415315e-06
1047 -2.94318950591e-06
1048 -2.94648252287e-06
1049 -2.94928264524e-06
1050 -3.13007646361e-06
1051 -3.00811452172e-06
1052 -2.88356335063e-06
1053 -2.96017317399e-06
1054 -2.91026570724e-06
1055 -2.90059651725e-06
1056 -2.93187272854e-06
1057 -2.96403341171e-06
1058 -2.9565615022e-06
1059 -2.94945571891e-06
1060 -2.98325602096e-06
1061 -2.95158185677e-06
1062 -2.98217431527e-06
1063 -2.9383316538e-06
1064 -2.94826311126e-06
1065 -2.95419182416e-06
1066 -2.94834908321e-06
1067 -2.95990257312e-06
1068 -2.93298461813e-06
1069 -2.93001009815e-06
1070 -2.96229184292e-06
1071 -2.97428590712e-06
1072 -2.96191153783e-06
1073 -2.94868158864e-06
1074 -2.95320003561e-06
1075 -2.95327078982e-06
1076 -2.93359398144e-06
1077 -2.93114813421e-06
1078 -2.94395062861e-06
1079 -2.94165571486e-06
1080 -2.91969976216e-06
1081 -2.93869563546e-06
1082 -2.95505795123e-06
1083 -2.93973595885e-06
1084 -2.93283390863e-06
1085 -2.9315363448e-06
1086 -2.93673273813e-06
1087 -2.9404557147e-06
1088 -2.94967042952e-06
1089 -2.94496408839e-06
1090 -2.94785267047e-06
1091 -2.95187040365e-06
1092 -2.95355157544e-06
1093 -2.94815031011e-06
1094 -2.9422748545e-06
1095 -2.93517400655e-06
1096 -2.94306158829e-06
1097 -2.94746624352e-06
1098 -2.950547845e-06
1099 -2.95294491976e-06
1100 -3.1307240246e-06
1101 -3.01057661837e-06
1102 -2.88684969489e-06
1103 -2.96441174408e-06
1104 -2.91386311598e-06
1105 -2.90345510334e-06
1106 -2.93377616282e-06
1107 -2.96686283342e-06
1108 -2.95898282154e-06
1109 -2.95237930574e-06
1110 -2.98647101912e-06
1111 -2.95431546741e-06
1112 -2.98522284947e-06
1113 -2.94116790999e-06
1114 -2.95151723474e-06
1115 -2.95731419834e-06
1116 -2.9523419589e-06
1117 -2.96207153149e-06
1118 -2.93597538056e-06
1119 -2.93263694708e-06
1120 -2.96561278429e-06
1121 -2.97719871673e-06
1122 -2.96564483352e-06
1123 -2.95199015406e-06
1124 -2.95726332418e-06
1125 -2.9568111253e-06
1126 -2.93673596632e-06
1127 -2.93456182362e-06
1128 -2.94762601689e-06
1129 -2.94511242021e-06
1130 -2.92309411675e-06
1131 -2.94274784971e-06
1132 -2.96021510457e-06
1133 -2.94651748945e-06
1134 -2.93807428798e-06
1135 -2.93711642803e-06
1136 -2.94097859783e-06
1137 -2.94444149331e-06
1138 -2.95439290751e-06
1139 -2.94803804499e-06
1140 -2.95162770729e-06
1141 -2.95513524458e-06
1142 -2.95717699732e-06
1143 -2.95156308951e-06
1144 -2.94431528145e-06
1145 -2.93807111787e-06
1146 -2.94498544634e-06
1147 -2.94959374722e-06
1148 -2.95270343366e-06
1149 -2.95552693561e-06
1150 -3.13750811772e-06
1151 -3.01346688782e-06
1152 -2.89020423148e-06
1153 -2.96724974723e-06
1154 -2.91671659537e-06
1155 -2.90508774474e-06
1156 -2.9360774406e-06
1157 -2.96912710502e-06
1158 -2.96086210801e-06
1159 -2.95480128071e-06
1160 -2.988469263e-06
1161 -2.95657099557e-06
1162 -2.98786600227e-06
1163 -2.94362092947e-06
1164 -2.9545176786e-06
1165 -2.95934842839e-06
1166 -2.95464122165e-06
1167 -2.96342943989e-06
1168 -2.93829457466e-06
1169 -2.9356764296e-06
1170 -2.96827096372e-06
1171 -2.97935509787e-06
1172 -2.96852280328e-06
1173 -2.95394792427e-06
1174 -2.95917495159e-06
1175 -2.95867588635e-06
1176 -2.93956474406e-06
1177 -2.93740323186e-06
1178 -2.94960810991e-06
1179 -2.94764314761e-06
1180 -2.92494823612e-06
1181 -2.94466838853e-06
1182 -2.96194247863e-06
1183 -2.94697414854e-06
1184 -2.9390288809e-06
1185 -2.93759787045e-06
1186 -2.94175827624e-06
1187 -2.94530774281e-06
1188 -2.95482828785e-06
1189 -2.95029848109e-06
1190 -2.953951472e-06
1191 -2.95693244269e-06
1192 -2.95968959208e-06
1193 -2.95483410362e-06
1194 -2.94805929955e-06
1195 -2.94130793312e-06
1196 -2.9486640935e-06
1197 -2.9537918544e-06
1198 -2.95760033118e-06
1199 -2.95863121525e-06
1200 -3.14068717023e-06
1201 -3.01685027977e-06
1202 -2.89336226935e-06
1203 -2.96886033593e-06
1204 -2.91944152628e-06
1205 -2.90748087465e-06
1206 -2.93925861561e-06
1207 -2.97288400104e-06
1208 -2.96355840026e-06
1209 -2.95770935031e-06
1210 -2.9918567828e-06
1211 -2.95916263114e-06
1212 -2.99119190416e-06
1213 -2.94581094541e-06
1214 -2.95807285551e-06
1215 -2.96250594384e-06
1216 -2.95840339368e-06
1217 -2.96670286446e-06
1218 -2.94219138048e-06
1219 -2.93884995608e-06
1220 -2.97076329891e-06
1221 -2.98265825208e-06
1222 -2.97129021811e-06
1223 -2.95662705069e-06
1224 -2.96143400345e-06
1225 -2.9617686338e-06
1226 -2.94254919013e-06
1227 -2.94038467076e-06
1228 -2.95275611677e-06
1229 -2.950619262e-06
1230 -2.92727672763e-06
1231 -2.94769378809e-06
1232 -2.96517811627e-06
1233 -2.94967814317e-06
1234 -2.94131682041e-06
1235 -2.94027002025e-06
1236 -2.94428089436e-06
1237 -2.94778850982e-06
1238 -2.95927612765e-06
1239 -2.95467119359e-06
1240 -2.95797249679e-06
1241 -2.96072489355e-06
1242 -2.96315027179e-06
1243 -2.95847404062e-06
1244 -2.95134992513e-06
1245 -2.94465597043e-06
1246 -2.95223024611e-06
1247 -2.95602333287e-06
1248 -2.95945512384e-06
1249 -2.96131597431e-06
1250 -3.14306711387e-06
1251 -3.01930112061e-06
1252 -2.89636016576e-06
1253 -2.97111894221e-06
1254 -2.92161834509e-06
1255 -2.91058438399e-06
1256 -2.94270244247e-06
1257 -2.97573715037e-06
1258 -2.96640407017e-06
1259 -2.96126096664e-06
1260 -2.99462286153e-06
1261 -2.96226706005e-06
1262 -2.99454246943e-06
1263 -2.94873197543e-06
1264 -2.9608374513e-06
1265 -2.96608079991e-06
1266 -2.96172575514e-06
1267 -2.96861854409e-06
1268 -2.94452576032e-06
1269 -2.94171570018e-06
1270 -2.97334130826e-06
1271 -2.98438375201e-06
1272 -2.97342859721e-06
1273 -2.95957747678e-06
1274 -2.96380579031e-06
1275 -2.96424336836e-06
1276 -2.94481849e-06
1277 -2.94249343103e-06
1278 -2.95598640896e-06
1279 -2.95282628839e-06
1280 -2.93002849241e-06
1281 -2.95066411683e-06
1282 -2.96739101006e-06
1283 -2.95184694256e-06
1284 -2.94383596293e-06
1285 -2.94374029168e-06
1286 -2.9480145231e-06
1287 -2.95191118498e-06
1288 -2.96179688874e-06
1289 -2.95608764254e-06
1290 -2.95947979371e-06
1291 -2.96266031489e-06
1292 -2.96514611953e-06
1293 -2.96091729311e-06
1294 -2.95386978813e-06
1295 -2.94769907687e-06
1296 -2.95564233613e-06
1297 -2.96041550609e-06
1298 -2.96308541819e-06
1299 -2.96551324777e-06
1300 -3.14403732546e-06
1301 -3.02127723121e-06
1302 -2.89884498441e-06
1303 -2.97375789244e-06
1304 -2.92424779382e-06
1305 -2.91295459196e-06
1306 -2.94383589891e-06
1307 -2.978199165e-06
1308 -2.96784811517e-06
1309 -2.96335130677e-06
1310 -2.99640045371e-06
1311 -2.96493934426e-06
1312 -2.99724327865e-06
1313 -2.95172128643e-06
1314 -2.9639365608e-06
1315 -2.96817085603e-06
1316 -2.96484609385e-06
1317 -2.97255714854e-06
1318 -2.94907532306e-06
1319 -2.94642888614e-06
1320 -2.97760379415e-06
1321 -2.98954986452e-06
1322 -2.9782460624e-06
1323 -2.96555253972e-06
1324 -2.96826233771e-06
1325 -2.96888051445e-06
1326 -2.95012243217e-06
1327 -2.94705960752e-06
1328 -2.96053604642e-06
1329 -2.95666877142e-06
1330 -2.93388143697e-06
1331 -2.95486427744e-06
1332 -2.971759435e-06
1333 -2.95633513345e-06
1334 -2.94914929543e-06
1335 -2.94819731396e-06
1336 -2.95179508405e-06
1337 -2.95559838164e-06
1338 -2.96672931427e-06
1339 -2.96111527757e-06
1340 -2.96418099807e-06
1341 -2.96764971681e-06
1342 -2.9695214813e-06
1343 -2.96503792473e-06
1344 -2.95702528015e-06
1345 -2.95047685403e-06
1346 -2.95769952998e-06
1347 -2.96178922757e-06
1348 -2.96436982256e-06
1349 -2.96642561432e-06
1350 -3.14907011942e-06
1351 -3.02722083734e-06
1352 -2.90597110672e-06
1353 -2.98018969486e-06
1354 -2.93013486597e-06
1355 -2.91776969082e-06
1356 -2.94890323091e-06
1357 -2.98327882929e-06
1358 -2.97224951637e-06
1359 -2.9682840913e-06
1360 -3.0013540918e-06
1361 -2.96928550511e-06
1362 -3.00210782064e-06
1363 -2.95615904738e-06
1364 -2.9681254309e-06
1365 -2.97266332243e-06
1366 -2.96797018329e-06
1367 -2.97598613104e-06
1368 -2.95221804028e-06
1369 -2.94902873727e-06
1370 -2.97944441737e-06
1371 -2.99071303619e-06
1372 -2.97925122288e-06
1373 -2.9665873831e-06
1374 -2.96964864257e-06
1375 -2.97016532205e-06
1376 -2.9514352289e-06
1377 -2.94869849804e-06
1378 -2.96331040251e-06
1379 -2.95955078851e-06
1380 -2.93625154435e-06
1381 -2.95755401691e-06
1382 -2.97501299332e-06
1383 -2.95905652339e-06
1384 -2.95218149989e-06
1385 -2.95243502413e-06
1386 -2.9552560562e-06
1387 -2.95908779678e-06
1388 -2.96921285717e-06
1389 -2.9629469642e-06
1390 -2.96615973562e-06
1391 -2.97016161549e-06
1392 -2.97237804946e-06
1393 -2.96847755268e-06
1394 -2.96084059589e-06
1395 -2.95459467607e-06
1396 -2.96262543405e-06
1397 -2.96694241079e-06
1398 -2.96920847045e-06
1399 -2.97031438789e-06
1400 -3.15273319131e-06
1401 -3.03105182601e-06
1402 -2.90834285463e-06
1403 -2.98190336238e-06
1404 -2.93329760085e-06
1405 -2.91959648718e-06
1406 -2.95070437423e-06
1407 -2.98458957385e-06
1408 -2.97520989648e-06
1409 -2.9712066902e-06
1410 -3.0034593267e-06
1411 -2.97244077983e-06
1412 -3.00537018104e-06
1413 -2.95934948517e-06
1414 -2.97143381911e-06
1415 -2.97546663887e-06
1416 -2.97044519001e-06
1417 -2.97849368819e-06
1418 -2.95505700137e-06
1419 -2.95233667333e-06
1420 -2.98329898019e-06
1421 -2.99505251235e-06
1422 -2.98356397246e-06
1423 -2.97129359384e-06
1424 -2.97354131903e-06
1425 -2.97458251915e-06
1426 -2.9563736879e-06
1427 -2.95260475554e-06
1428 -2.96606943052e-06
1429 -2.96281547409e-06
1430 -2.93962332261e-06
1431 -2.96081645102e-06
1432 -2.97898305142e-06
1433 -2.96158551916e-06
1434 -2.95536640865e-06
1435 -2.95565398983e-06
1436 -2.95820204038e-06
1437 -2.96243486056e-06
1438 -2.97314914679e-06
1439 -2.96777220706e-06
1440 -2.97079540676e-06
1441 -2.97388501159e-06
1442 -2.97676703603e-06
1443 -2.97322418322e-06
1444 -2.96446199808e-06
1445 -2.95729454241e-06
1446 -2.96450124552e-06
1447 -2.9703174963e-06
1448 -2.97236320965e-06
1449 -2.97346752305e-06
1450 -3.15587005145e-06
1451 -3.03395261133e-06
1452 -2.91034761734e-06
1453 -2.9846413809e-06
1454 -2.9369367688e-06
1455 -2.92139308166e-06
1456 -2.95321643491e-06
1457 -2.987626775e-06
1458 -2.97700575841e-06
1459 -2.9743320317e-06
1460 -3.00618341783e-06
1461 -2.97571928405e-06
1462 -3.00793242077e-06
1463 -2.9618786845e-06
1464 -2.97409162497e-06
1465 -2.97851844909e-06
1466 -2.97542929326e-06
1467 -2.9823414679e-06
1468 -2.95972387878e-06
1469 -2.95698931866e-06
1470 -2.9874602318e-06
1471 -2.99901280505e-06
1472 -2.98719555712e-06
1473 -2.97488962564e-06
1474 -2.9772897234e-06
1475 -2.97855171753e-06
1476 -2.96006632442e-06
1477 -2.95672971885e-06
1478 -2.9701074004e-06
1479 -2.96643247253e-06
1480 -2.94292968353e-06
1481 -2.96392533367e-06
1482 -2.9822826671e-06
1483 -2.96394324743e-06
1484 -2.95761000928e-06
1485 -2.95867729335e-06
1486 -2.96013502638e-06
1487 -2.96581724071e-06
1488 -2.97619616745e-06
1489 -2.97098819942e-06
1490 -2.97332240464e-06
1491 -2.9763871037e-06
1492 -2.97933428269e-06
1493 -2.97626832333e-06
1494 -2.96682888626e-06
1495 -2.96096143502e-06
1496 -2.96908646058e-06
1497 -2.97499437838e-06
1498 -2.9765328274e-06
1499 -2.97675464596e-06
1500 -3.15896490967e-06
1501 -3.03587050446e-06
1502 -2.91377673579e-06
1503 -2.98813990373e-06
1504 -2.93974841817e-06
1505 -2.92498237392e-06
1506 -2.95641455016e-06
1507 -2.99146140298e-06
1508 -2.98028255812e-06
1509 -2.97829936761e-06
1510 -3.00982394489e-06
1511 -2.97911637244e-06
1512 -3.0117618802e-06
1513 -2.96441014908e-06
1514 -2.97830091375e-06
1515 -2.98239907848e-06
1516 -2.97877518941e-06
1517 -2.98499341227e-06
1518 -2.96316426679e-06
1519 -2.95994538386e-06
1520 -2.99085096789e-06
1521 -3.00197407894e-06
1522 -2.99046583759e-06
1523 -2.97792451416e-06
1524 -2.98027611291e-06
1525 -2.98101685927e-06
1526 -2.96293967914e-06
1527 -2.96023442269e-06
1528 -2.97360455479e-06
1529 -2.97030050362e-06
1530 -2.94678332506e-06
1531 -2.96889438686e-06
1532 -2.98665978673e-06
1533 -2.96852095011e-06
1534 -2.96203601734e-06
1535 -2.96189428591e-06
1536 -2.96508968394e-06
1537 -2.96885716353e-06
1538 -2.97955316888e-06
1539 -2.9736613369e-06
1540 -2.97642277628e-06
1541 -2.98015907283e-06
1542 -2.98313869608e-06
1543 -2.97973404912e-06
1544 -2.97056631176e-06
1545 -2.96439422783e-06
1546 -2.97135625509e-06
1547 -2.97739825897e-06
1548 -2.97865358649e-06
1549 -2.97865722856e-06
1550 -3.16180621452e-06
1551 -3.03831507308e-06
1552 -2.91907661297e-06
1553 -2.99285563529e-06
1554 -2.94411961873e-06
1555 -2.92991229312e-06
1556 -2.96089097775e-06
1557 -2.99580160898e-06
1558 -2.98387857968e-06
1559 -2.98218894842e-06
1560 -3.01329916519e-06
1561 -2.98209909753e-06
1562 -3.01519137781e-06
1563 -2.96731904791e-06
1564 -2.98157303313e-06
1565 -2.98535592587e-06
1566 -2.98178502701e-06
1567 -2.98736754078e-06
1568 -2.9667722408e-06
1569 -2.96419309039e-06
1570 -2.99382416222e-06
1571 -3.00531319747e-06
1572 -2.99399257812e-06
1573 -2.98227302965e-06
1574 -2.98496603612e-06
1575 -2.98533635543e-06
1576 -2.96784438336e-06
1577 -2.96354241302e-06
1578 -2.97748538031e-06
1579 -2.97330196804e-06
1580 -2.94967114249e-06
1581 -2.97105397665e-06
1582 -2.98953080152e-06
1583 -2.97101702349e-06
1584 -2.9674264402e-06
1585 -2.96834934227e-06
1586 -2.96902289581e-06
1587 -2.97323933656e-06
1588 -2.98455651943e-06
1589 -2.9785726014e-06
1590 -2.98033811804e-06
1591 -2.98355238775e-06
1592 -2.98577307418e-06
1593 -2.98247428222e-06
1594 -2.973645427e-06
1595 -2.96751523695e-06
1596 -2.97443770327e-06
1597 -2.97939530862e-06
1598 -2.98139304261e-06
1599 -2.98317713091e-06
1600 -3.1647336109e-06
1601 -3.04471506719e-06
1602 -2.92303890314e-06
1603 -2.99677712582e-06
1604 -2.94766540071e-06
1605 -2.93421129778e-06
1606 -2.96431869132e-06
1607 -2.9988439619e-06
1608 -2.98769052969e-06
1609 -2.98566306663e-06
1610 -3.01676967614e-06
1611 -2.98693329428e-06
1612 -3.01984332268e-06
1613 -2.97232088534e-06
1614 -2.98663953539e-06
1615 -2.98998549603e-06
1616 -2.98601954525e-06
1617 -2.99224356821e-06
1618 -2.97136792613e-06
1619 -2.96826263079e-06
1620 -2.99802763117e-06
1621 -3.00900256708e-06
1622 -2.99809515912e-06
1623 -2.98510110653e-06
1624 -2.98793788132e-06
1625 -2.98854354081e-06
1626 -2.97095515181e-06
1627 -2.96685529314e-06
1628 -2.98128513673e-06
1629 -2.97700336945e-06
1630 -2.95264539577e-06
1631 -2.9746821581e-06
1632 -2.99302211489e-06
1633 -2.9742007093e-06
1634 -2.9694257667e-06
1635 -2.97013966758e-06
1636 -2.97093320901e-06
1637 -2.97522537849e-06
1638 -2.98630997044e-06
1639 -2.97993267696e-06
1640 -2.98210796224e-06
1641 -2.98578465167e-06
1642 -2.98840816966e-06
1643 -2.98597803738e-06
1644 -2.9776065387e-06
1645 -2.97148976718e-06
1646 -2.97905364178e-06
1647 -2.98586394711e-06
1648 -2.98655497508e-06
1649 -2.986905349e-06
1650 -3.17008139715e-06
1651 -3.04876233829e-06
1652 -2.92627344603e-06
1653 -3.00005964958e-06
1654 -2.95084700102e-06
1655 -2.93644449964e-06
1656 -2.96694402508e-06
1657 -3.00124437878e-06
1658 -2.98996386388e-06
1659 -2.990301023e-06
1660 -3.0199194809e-06
1661 -2.99081566186e-06
1662 -3.02288723006e-06
1663 -2.9759347903e-06
1664 -2.99012131518e-06
1665 -2.99345093353e-06
1666 -2.99016112776e-06
1667 -2.99603594811e-06
1668 -2.97591623409e-06
1669 -2.9730756505e-06
1670 -3.003104302e-06
1671 -3.01396626087e-06
1672 -3.00288401651e-06
1673 -2.99080184485e-06
1674 -2.99307045732e-06
1675 -2.99370451744e-06
1676 -2.97635572698e-06
1677 -2.97154159935e-06
1678 -2.98652816198e-06
1679 -2.98235207413e-06
1680 -2.95766388968e-06
1681 -2.9788120071e-06
1682 -2.99701569571e-06
1683 -2.97799183059e-06
1684 -2.9735341473e-06
1685 -2.9746843245e-06
1686 -2.97511471058e-06
1687 -2.97999315396e-06
1688 -2.99066718021e-06
1689 -2.98575703469e-06
1690 -2.98791662553e-06
1691 -2.99123518633e-06
1692 -2.993595557e-06
1693 -2.99160743296e-06
1694 -2.98132907074e-06
1695 -2.97548670303e-06
1696 -2.98282541007e-06
1697 -2.98896203292e-06
1698 -2.99028957585e-06
1699 -2.9908806699e-06
1700 -3.17276625381e-06
1701 -3.05252898578e-06
1702 -2.93084260792e-06
1703 -3.00466948291e-06
1704 -2.9554348546e-06
1705 -2.94000922721e-06
1706 -2.97082912481e-06
1707 -3.00482205347e-06
1708 -2.99356236122e-06
1709 -2.99427994407e-06
1710 -3.02357416568e-06
1711 -2.99428993737e-06
1712 -3.02641332761e-06
1713 -2.9793919069e-06
1714 -2.9932265936e-06
1715 -2.99681372769e-06
1716 -2.99356758698e-06
1717 -2.99869993515e-06
1718 -2.97901640294e-06
1719 -2.97597252004e-06
1720 -3.00502436644e-06
1721 -3.01558554286e-06
1722 -3.00432405605e-06
1723 -2.99236091903e-06
1724 -2.99489813774e-06
1725 -2.99521695213e-06
1726 -2.97895245166e-06
1727 -2.97343654993e-06
1728 -2.9884964929e-06
1729 -2.984343412e-06
1730 -2.95961614368e-06
1731 -2.9815038637e-06
1732 -3.00126334024e-06
1733 -2.98280781097e-06
1734 -2.97772017118e-06
1735 -2.977846919e-06
1736 -2.97935279505e-06
1737 -2.98528099984e-06
1738 -2.99638080074e-06
1739 -2.99106542533e-06
1740 -2.99250025983e-06
1741 -2.99613977281e-06
1742 -2.99861541017e-06
1743 -2.9970990141e-06
1744 -2.98652961532e-06
1745 -2.98077166519e-06
1746 -2.98675375263e-06
1747 -2.99274894843e-06
1748 -2.9924183072e-06
1749 -2.99207803796e-06
1750 -3.17497183336e-06
1751 -3.05380610389e-06
1752 -2.9348395092e-06
1753 -3.00870411522e-06
1754 -2.95927642482e-06
1755 -2.94376801772e-06
1756 -2.97363535435e-06
1757 -3.00822498676e-06
1758 -2.99670989051e-06
1759 -2.99752003366e-06
1760 -3.02684790371e-06
1761 -2.99704028698e-06
1762 -3.02952829419e-06
1763 -2.98255988344e-06
1764 -2.99635350506e-06
1765 -3.00049832406e-06
1766 -2.99691294712e-06
1767 -3.00271938681e-06
1768 -2.98362622589e-06
1769 -2.98110114266e-06
1770 -3.00920785105e-06
1771 -3.02180582582e-06
1772 -3.01035704039e-06
1773 -2.99887992149e-06
1774 -3.00076151353e-06
1775 -3.00147548009e-06
1776 -2.98486407193e-06
1777 -2.97867802337e-06
1778 -2.99365232319e-06
1779 -2.99011506436e-06
1780 -2.96544445334e-06
1781 -2.98740664154e-06
1782 -3.0065373246e-06
1783 -2.986857874e-06
1784 -2.98201385939e-06
1785 -2.9829373218e-06
1786 -2.98274085962e-06
1787 -2.98811739801e-06
1788 -2.99889220094e-06
1789 -2.99266954119e-06
1790 -2.99445012738e-06
1791 -2.99824318132e-06
1792 -3.00062161506e-06
1793 -2.99885317165e-06
1794 -2.98837496749e-06
1795 -2.98309996162e-06
1796 -2.98978596692e-06
1797 -2.99740761317e-06
1798 -2.99803636752e-06
1799 -2.99789441652e-06
1800 -3.17880825387e-06
1801 -3.05983945924e-06
1802 -2.94064943592e-06
1803 -3.01492523107e-06
1804 -2.96541110853e-06
1805 -2.95004333427e-06
1806 -2.97908413312e-06
1807 -3.01376900747e-06
1808 -3.00250098964e-06
1809 -3.00350633239e-06
1810 -3.03246149878e-06
1811 -3.00314693463e-06
1812 -3.03507454783e-06
1813 -2.98760774058e-06
1814 -3.00213309611e-06
1815 -3.00543172059e-06
1816 -3.00137867092e-06
1817 -3.00679541987e-06
1818 -2.98836521505e-06
1819 -2.9860285657e-06
1820 -3.01312774917e-06
1821 -3.02505558784e-06
1822 -3.01384523264e-06
1823 -3.00219128574e-06
1824 -3.0044263511e-06
1825 -3.00508488683e-06
1826 -2.98878419808e-06
1827 -2.98257163894e-06
1828 -2.99766147316e-06
1829 -2.99378233219e-06
1830 -2.96836252885e-06
1831 -2.99054757972e-06
1832 -3.0092578231e-06
1833 -2.98990572327e-06
1834 -2.98698537641e-06
1835 -2.98954248451e-06
1836 -2.98815404056e-06
1837 -2.99335828527e-06
1838 -3.00340322661e-06
1839 -2.99778960147e-06
1840 -2.99871702233e-06
1841 -3.00261037988e-06
1842 -3.00456412005e-06
1843 -3.00398382523e-06
1844 -2.99307540156e-06
1845 -2.98779439582e-06
1846 -2.99456025998e-06
1847 -3.00121363273e-06
1848 -3.00133461765e-06
1849 -3.00074844647e-06
1850 -3.18165186561e-06
1851 -3.06663065539e-06
1852 -2.94383388182e-06
1853 -3.01877590774e-06
1854 -2.96813224711e-06
1855 -2.95320448595e-06
1856 -2.98130104878e-06
1857 -3.01643243191e-06
1858 -3.00496928807e-06
1859 -3.00642569821e-06
1860 -3.03458808441e-06
1861 -3.00693735788e-06
1862 -3.03852027845e-06
1863 -2.99226937917e-06
1864 -3.007117589e-06
1865 -3.01057225941e-06
1866 -3.00684797127e-06
1867 -3.01143835933e-06
1868 -2.99325976111e-06
1869 -2.99180599008e-06
1870 -3.01824539901e-06
1871 -3.02914679436e-06
1872 -3.01896519708e-06
1873 -3.00683388386e-06
1874 -3.00894035904e-06
1875 -3.00899284509e-06
1876 -2.99284189894e-06
1877 -2.98590985426e-06
1878 -3.00115541098e-06
1879 -2.99711653031e-06
1880 -2.97196315577e-06
1881 -2.99406120946e-06
1882 -3.01306533365e-06
1883 -2.99428136099e-06
1884 -2.99079728857e-06
1885 -2.99279792023e-06
1886 -2.99036758856e-06
1887 -2.99696410701e-06
1888 -3.00730551273e-06
1889 -3.00188303665e-06
1890 -3.00280255631e-06
1891 -3.00712018961e-06
1892 -3.0088917616e-06
1893 -3.0080637956e-06
1894 -2.99651136085e-06
1895 -2.99209910239e-06
1896 -2.9993768571e-06
1897 -3.00571897783e-06
1898 -3.00651957821e-06
1899 -3.00496009502e-06
1900 -3.18586725939e-06
1901 -3.07001398296e-06
1902 -2.94887217863e-06
1903 -3.02256037585e-06
1904 -2.97337347922e-06
1905 -2.95791170413e-06
1906 -2.98615692886e-06
1907 -3.02129399711e-06
1908 -3.00957584382e-06
1909 -3.01221744192e-06
1910 -3.03929706717e-06
1911 -3.01185106472e-06
1912 -3.04244268906e-06
1913 -2.99543317666e-06
1914 -3.01032338237e-06
1915 -3.01340546871e-06
1916 -3.0096092017e-06
1917 -3.01376298028e-06
1918 -2.99598701905e-06
1919 -2.99494420324e-06
1920 -3.02085330435e-06
1921 -3.03169460849e-06
1922 -3.02156924778e-06
1923 -3.00891428432e-06
1924 -3.01223269491e-06
1925 -3.01274423717e-06
1926 -2.9984370681e-06
1927 -2.99140243425e-06
1928 -3.00700412874e-06
1929 -3.00276665523e-06
1930 -2.9776471761e-06
1931 -2.99935091816e-06
1932 -3.01859487563e-06
1933 -2.99943650712e-06
1934 -2.9959651909e-06
1935 -2.99676945415e-06
1936 -2.99374074793e-06
1937 -3.00003215633e-06
1938 -3.01072439422e-06
1939 -3.00519924693e-06
1940 -3.00598964723e-06
1941 -3.01063923465e-06
1942 -3.01218337245e-06
1943 -3.01141851805e-06
1944 -2.99997226281e-06
1945 -2.99656599943e-06
1946 -3.00322158864e-06
1947 -3.01060634355e-06
1948 -3.0099688191e-06
1949 -3.00937649572e-06
1950 -3.18993536192e-06
1951 -3.07205438273e-06
1952 -2.95356545951e-06
1953 -3.02642496341e-06
1954 -2.97732349227e-06
1955 -2.96257861996e-06
1956 -2.9900507129e-06
1957 -3.02404791626e-06
1958 -3.01224517983e-06
1959 -3.01602389165e-06
1960 -3.04173846268e-06
1961 -3.01456453817e-06
1962 -3.04515358801e-06
1963 -2.99766656686e-06
1964 -3.01290393551e-06
1965 -3.0164690948e-06
1966 -3.01299226862e-06
1967 -3.01700583011e-06
1968 -3.00120280324e-06
1969 -3.00027400933e-06
1970 -3.02576844002e-06
1971 -3.03691203361e-06
1972 -3.0263767898e-06
1973 -3.01386817858e-06
1974 -3.01679008387e-06
1975 -3.01633647246e-06
1976 -3.00231525603e-06
1977 -2.99385740251e-06
1978 -3.00959344238e-06
1979 -3.00563222421e-06
1980 -2.98069130344e-06
1981 -3.00261205146e-06
1982 -3.02142421393e-06
1983 -3.00218372646e-06
1984 -2.99854161724e-06
1985 -3.00190402227e-06
1986 -2.99910643285e-06
1987 -3.00523178969e-06
1988 -3.01558785094e-06
1989 -3.00963065024e-06
1990 -3.01007564601e-06
1991 -3.0153043978e-06
1992 -3.01678554569e-06
1993 -3.01550308135e-06
1994 -3.0037586361e-06
1995 -2.99994319579e-06
1996 -3.0060821432e-06
1997 -3.01347261956e-06
1998 -3.01324915365e-06
1999 -3.01261481242e-06
2000 -3.19223692262e-06
2001 -3.07560143326e-06
2002 -2.95736521539e-06
2003 -3.02989572934e-06
2004 -2.98080234091e-06
2005 -2.96675563478e-06
2006 -2.99284014434e-06
2007 -3.02699621424e-06
2008 -3.01490023277e-06
2009 -3.01984446325e-06
2010 -3.04556736574e-06
2011 -3.01828644341e-06
2012 -3.04933714233e-06
2013 -3.00304939189e-06
2014 -3.0186878966e-06
2015 -3.02142606651e-06
2016 -3.01792658019e-06
2017 -3.02133162084e-06
2018 -3.00544786335e-06
2019 -3.00472906188e-06
2020 -3.02979330915e-06
2021 -3.04172773528e-06
2022 -3.03058936305e-06
2023 -3.01774986931e-06
2024 -3.02170131815e-06
2025 -3.02113019835e-06
2026 -3.00730085657e-06
2027 -2.99837332134e-06
2028 -3.01460406483e-06
2029 -3.01125804001e-06
2030 -2.98638407768e-06
2031 -3.00779361463e-06
2032 -3.02680487173e-06
2033 -3.00769328017e-06
2034 -3.00594105559e-06
2035 -3.00804067283e-06
2036 -3.00325114117e-06
2037 -3.01058501929e-06
2038 -3.02176021669e-06
2039 -3.0157923609e-06
2040 -3.01665260531e-06
2041 -3.02160972085e-06
2042 -3.0226996248e-06
2043 -3.0209168782e-06
2044 -3.00953218563e-06
2045 -3.00626397138e-06
2046 -3.01214030841e-06
2047 -3.01847682484e-06
2048 -3.01785002053e-06
2049 -3.01595447656e-06
2050 -3.19795763147e-06
2051 -3.08182055391e-06
2052 -2.96406791399e-06
2053 -3.03775870639e-06
2054 -2.98850211039e-06
2055 -2.9746220385e-06
2056 -2.99934632235e-06
2057 -3.03375481978e-06
2058 -3.02177115057e-06
2059 -3.02732684632e-06
2060 -3.05198438961e-06
2061 -3.02466286568e-06
2062 -3.0553293644e-06
2063 -3.00810658213e-06
2064 -3.02380770387e-06
2065 -3.02628852943e-06
2066 -3.0221680575e-06
2067 -3.02563558957e-06
2068 -3.00979282042e-06
2069 -3.00939326214e-06
2070 -3.03352627508e-06
2071 -3.04582768522e-06
2072 -3.03459065785e-06
2073 -3.02225989758e-06
2074 -3.02591401546e-06
2075 -3.02570466543e-06
2076 -3.01220769911e-06
2077 -3.00201635709e-06
2078 -3.01825776239e-06
2079 -3.01512823092e-06
2080 -2.98952594742e-06
2081 -3.01121096457e-06
2082 -3.03004761791e-06
2083 -3.01102268336e-06
2084 -3.00842731732e-06
2085 -3.01033816826e-06
2086 -3.00612232917e-06
2087 -3.01389963288e-06
2088 -3.02410684321e-06
2089 -3.01963097071e-06
2090 -3.01985746727e-06
2091 -3.02574903556e-06
2092 -3.02613917418e-06
2093 -3.0263184853e-06
2094 -3.01347107313e-06
2095 -3.01118350121e-06
2096 -3.01748763823e-06
2097 -3.02381575436e-06
2098 -3.02401835109e-06
2099 -3.02181169856e-06
2100 -3.20354995995e-06
2101 -3.08850564779e-06
2102 -2.96933464053e-06
2103 -3.04295884963e-06
2104 -2.99356045024e-06
2105 -2.98073437138e-06
2106 -3.00353978709e-06
2107 -3.03820244207e-06
2108 -3.02653880215e-06
2109 -3.03234177293e-06
2110 -3.05593217816e-06
2111 -3.02945635585e-06
2112 -3.05986733413e-06
2113 -3.01321110414e-06
2114 -3.02869773886e-06
2115 -3.03162916544e-06
2116 -3.02766569713e-06
2117 -3.03073168532e-06
2118 -3.01582231853e-06
2119 -3.01580567674e-06
2120 -3.03940846817e-06
2121 -3.0506512451e-06
2122 -3.04019240443e-06
2123 -3.02778917982e-06
2124 -3.03172365209e-06
2125 -3.03118512846e-06
2126 -3.01799807424e-06
2127 -3.00720866747e-06
2128 -3.02395499843e-06
2129 -3.02024426449e-06
2130 -2.99485580874e-06
2131 -3.01678001854e-06
2132 -3.03540649047e-06
2133 -3.01699157119e-06
2134 -3.01443294255e-06
2135 -3.01714659281e-06
2136 -3.01138668799e-06
2137 -3.01930067241e-06
2138 -3.02888826301e-06
2139 -3.02337885508e-06
2140 -3.02312696337e-06
2141 -3.0290173531e-06
2142 -3.02989627313e-06
2143 -3.02980410307e-06
2144 -3.01784203003e-06
2145 -3.01558777839e-06
2146 -3.02214987536e-06
2147 -3.02891460574e-06
2148 -3.0289525218e-06
2149 -3.02644419046e-06
2150 -3.20577263203e-06
2151 -3.09069221515e-06
2152 -2.97262709589e-06
2153 -3.04675336705e-06
2154 -2.99708764075e-06
2155 -2.98506732388e-06
2156 -3.00711925686e-06
2157 -3.04190714555e-06
2158 -3.02974976395e-06
2159 -3.03748458754e-06
2160 -3.06043735177e-06
2161 -3.03324976309e-06
2162 -3.0635943181e-06
2163 -3.0176939978e-06
2164 -3.03344528097e-06
2165 -3.03606525633e-06
2166 -3.03199846716e-06
2167 -3.03484415119e-06
2168 -3.02067384195e-06
2169 -3.02123458849e-06
2170 -3.04428439275e-06
2171 -3.0555988553e-06
2172 -3.04548760281e-06
2173 -3.03268099546e-06
2174 -3.03613862978e-06
2175 -3.03552246123e-06
2176 -3.02247731898e-06
2177 -3.01115278687e-06
2178 -3.02874823009e-06
2179 -3.02503718973e-06
2180 -2.99999850107e-06
2181 -3.02206464233e-06
2182 -3.04044861323e-06
2183 -3.02261460128e-06
2184 -3.01974155516e-06
2185 -3.02223010349e-06
2186 -3.01597246755e-06
2187 -3.02410637611e-06
2188 -3.03399089482e-06
2189 -3.02924135831e-06
2190 -3.02872073858e-06
2191 -3.03437028759e-06
2192 -3.03465320426e-06
2193 -3.03402138633e-06
2194 -3.02179620908e-06
2195 -3.02030898946e-06
2196 -3.02606372698e-06
2197 -3.03323665698e-06
2198 -3.03272704669e-06
2199 -3.0295038132e-06
2200 -3.21036652719e-06
2201 -3.09551926285e-06
2202 -2.97722498537e-06
2203 -3.05156936157e-06
2204 -3.00262481415e-06
2205 -2.99113665647e-06
2206 -3.01156287486e-06
2207 -3.04573235479e-06
2208 -3.03289341067e-06
2209 -3.04172328506e-06
2210 -3.06526180767e-06
2211 -3.03783751896e-06
2212 -3.06819491655e-06
2213 -3.02176857101e-06
2214 -3.0385199459e-06
2215 -3.04069954983e-06
2216 -3.03707951155e-06
2217 -3.03936976284e-06
2218 -3.0261243024e-06
2219 -3.02693947557e-06
2220 -3.04904908818e-06
2221 -3.06052016392e-06
2222 -3.04955711186e-06
2223 -3.03676285801e-06
2224 -3.04070577947e-06
2225 -3.03933741931e-06
2226 -3.02722613839e-06
2227 -3.01504726207e-06
2228 -3.03303288936e-06
2229 -3.02968202163e-06
2230 -3.00517177278e-06
2231 -3.02707026385e-06
2232 -3.04458742048e-06
2233 -3.02640466372e-06
2234 -3.02360905073e-06
2235 -3.02631753014e-06
2236 -3.02006246191e-06
2237 -3.02833006096e-06
2238 -3.03810962032e-06
2239 -3.03374244703e-06
2240 -3.03259851836e-06
2241 -3.03797775496e-06
2242 -3.03975149551e-06
2243 -3.03881836005e-06
2244 -3.02617697835e-06
2245 -3.02460980378e-06
2246 -3.0302243212e-06
2247 -3.0374682992e-06
2248 -3.03821955917e-06
2249 -3.03594226839e-06
2250 -3.21709229704e-06
2251 -3.09840851086e-06
2252 -2.98234489708e-06
2253 -3.05700857082e-06
2254 -3.00754484867e-06
2255 -2.99718400163e-06
2256 -3.01658565881e-06
2257 -3.05018972436e-06
2258 -3.03716265597e-06
2259 -3.04680924612e-06
2260 -3.07009661285e-06
2261 -3.04195516454e-06
2262 -3.07171481857e-06
2263 -3.02583159019e-06
2264 -3.04271273431e-06
2265 -3.04476200309e-06
2266 -3.04028193506e-06
2267 -3.04253429262e-06
2268 -3.02947345473e-06
2269 -3.03070384871e-06
2270 -3.0521222724e-06
2271 -3.06417759679e-06
2272 -3.05302874048e-06
2273 -3.04042431111e-06
2274 -3.04613569583e-06
2275 -3.04460329656e-06
2276 -3.03347238616e-06
2277 -3.02009438362e-06
2278 -3.03740314745e-06
2279 -3.03335308278e-06
2280 -3.00902899648e-06
2281 -3.03050878555e-06
2282 -3.04796440355e-06
2283 -3.03066111805e-06
2284 -3.02749312022e-06
2285 -3.03051728846e-06
2286 -3.02372264015e-06
2287 -3.03205002461e-06
2288 -3.04136048241e-06
2289 -3.0367394116e-06
2290 -3.03587331992e-06
2291 -3.04286688189e-06
2292 -3.04452449794e-06
2293 -3.04339595127e-06
2294 -3.03105000418e-06
2295 -3.02998345333e-06
2296 -3.0359046002e-06
2297 -3.04303217038e-06
2298 -3.04311521046e-06
2299 -3.03954012527e-06
2300 -3.22215935308e-06
2301 -3.1016610222e-06
2302 -2.98762806944e-06
2303 -3.0612816595e-06
2304 -3.01335571228e-06
2305 -3.00340134094e-06
2306 -3.02113206593e-06
2307 -3.05475909714e-06
2308 -3.04112827872e-06
2309 -3.05182716366e-06
2310 -3.07373798699e-06
2311 -3.04525915839e-06
2312 -3.07486342897e-06
2313 -3.0294933187e-06
2314 -3.04642940173e-06
2315 -3.04831638754e-06
2316 -3.04457159009e-06
2317 -3.04648045519e-06
2318 -3.03479385636e-06
2319 -3.03580666518e-06
2320 -3.0574041732e-06
2321 -3.06930611514e-06
2322 -3.05778605047e-06
2323 -3.0447705901e-06
2324 -3.05016375062e-06
2325 -3.04865679352e-06
2326 -3.03776635379e-06
2327 -3.02464578753e-06
2328 -3.04176738145e-06
2329 -3.0385659714e-06
2330 -3.0148569993e-06
2331 -3.03576683935e-06
2332 -3.05340764679e-06
2333 -3.03638569106e-06
2334 -3.03245879501e-06
2335 -3.03555753435e-06
2336 -3.02726490813e-06
2337 -3.03646326275e-06
2338 -3.04647551806e-06
2339 -3.04477791502e-06
2340 -3.04277946821e-06
2341 -3.0496106429e-06
2342 -3.05052891074e-06
2343 -3.04902643679e-06
2344 -3.03606988244e-06
2345 -3.03529135949e-06
2346 -3.04047118471e-06
2347 -3.04701405557e-06
2348 -3.04780865114e-06
2349 -3.0434335368e-06
2350 -3.22814950567e-06
2351 -3.10511621911e-06
2352 -2.99089273513e-06
2353 -3.06546954293e-06
2354 -3.01689662264e-06
2355 -3.00740326194e-06
2356 -3.02401295652e-06
2357 -3.05788710798e-06
2358 -3.04377358714e-06
2359 -3.05560050867e-06
2360 -3.07787706869e-06
2361 -3.04895354919e-06
2362 -3.07858461312e-06
2363 -3.03364723917e-06
2364 -3.05080455812e-06
2365 -3.05303630678e-06
2366 -3.04973951829e-06
2367 -3.05163885552e-06
2368 -3.04005790542e-06
2369 -3.04162710907e-06
2370 -3.06305130199e-06
2371 -3.07452367163e-06
2372 -3.06346298613e-06
2373 -3.05045173638e-06
2374 -3.05571238607e-06
2375 -3.05421963057e-06
2376 -3.04414421095e-06
2377 -3.02961868914e-06
2378 -3.04654208919e-06
2379 -3.04406290768e-06
2380 -3.01972240652e-06
2381 -3.0408428431e-06
2382 -3.05846253256e-06
2383 -3.04232502922e-06
2384 -3.03870575992e-06
2385 -3.04231304708e-06
2386 -3.03543421656e-06
2387 -3.04387410538e-06
2388 -3.05263440996e-06
2389 -3.04952527626e-06
2390 -3.04620298389e-06
2391 -3.0524280328e-06
2392 -3.0537504043e-06
2393 -3.05290064049e-06
2394 -3.04010015499e-06
2395 -3.03959781875e-06
2396 -3.04406531389e-06
2397 -3.05030495452e-06
2398 -3.05171484517e-06
2399 -3.04634574463e-06
2400 -3.23678031619e-06
2401 -3.11281499096e-06
2402 -2.99733504858e-06
2403 -3.07289383078e-06
2404 -3.02508363357e-06
2405 -3.01560867538e-06
2406 -3.03095048917e-06
2407 -3.06451945905e-06
2408 -3.04985181363e-06
2409 -3.06192215004e-06
2410 -3.08436273301e-06
2411 -3.05446339364e-06
2412 -3.08419273069e-06
2413 -3.0389338891e-06
2414 -3.05595495135e-06
2415 -3.05831651654e-06
2416 -3.05339913452e-06
2417 -3.05510195352e-06
2418 -3.04448990329e-06
2419 -3.04477211116e-06
2420 -3.0650219994e-06
2421 -3.07613546107e-06
2422 -3.06571843416e-06
2423 -3.05233639705e-06
2424 -3.05803981261e-06
2425 -3.05575789313e-06
2426 -3.0463078855e-06
2427 -3.03165105231e-06
2428 -3.04860954605e-06
2429 -3.04694127774e-06
2430 -3.02415149591e-06
2431 -3.04518957282e-06
2432 -3.0619981999e-06
2433 -3.04604337636e-06
2434 -3.04117374749e-06
2435 -3.04611399266e-06
2436 -3.03853953806e-06
2437 -3.04707012365e-06
2438 -3.05604763473e-06
2439 -3.05404973125e-06
2440 -3.05066907264e-06
2441 -3.05822484085e-06
2442 -3.05969821528e-06
2443 -3.05905455019e-06
2444 -3.04631811946e-06
2445 -3.04627986852e-06
2446 -3.05090896041e-06
2447 -3.05658857157e-06
2448 -3.0568974571e-06
2449 -3.0515499534e-06
2450 -3.24177626569e-06
2451 -3.11616963274e-06
2452 -3.00196899016e-06
2453 -3.07721636827e-06
2454 -3.02960739001e-06
2455 -3.02046543641e-06
2456 -3.03497119509e-06
2457 -3.06863376977e-06
2458 -3.05317055478e-06
2459 -3.06690577275e-06
2460 -3.08817118116e-06
2461 -3.05851438202e-06
2462 -3.0880876014e-06
2463 -3.04313645915e-06
2464 -3.06081025092e-06
2465 -3.0634639519e-06
2466 -3.05873759589e-06
2467 -3.0604149565e-06
2468 -3.05067579249e-06
2469 -3.052636482e-06
2470 -3.07330836951e-06
2471 -3.08478212349e-06
2472 -3.07398923835e-06
2473 -3.06053515452e-06
2474 -3.06664535186e-06
2475 -3.0641187515e-06
2476 -3.0548467738e-06
2477 -3.0387973527e-06
2478 -3.0551654748e-06
2479 -3.05247212485e-06
2480 -3.02849927229e-06
2481 -3.04911165907e-06
2482 -3.06656906677e-06
2483 -3.0512719253e-06
2484 -3.04542357559e-06
2485 -3.05054226354e-06
2486 -3.04281841364e-06
2487 -3.05159176994e-06
2488 -3.06020960129e-06
2489 -3.05912841575e-06
2490 -3.05582725647e-06
2491 -3.06283239076e-06
2492 -3.06378230429e-06
2493 -3.06230627395e-06
2494 -3.04898249236e-06
2495 -3.04925832548e-06
2496 -3.05358021157e-06
2497 -3.06172199533e-06
2498 -3.06358171504e-06
2499 -3.05777395795e-06
