0 -1.29269784678e-05
1 -1.21487476346e-05
2 -1.19324059326e-05
3 -1.16125189658e-05
4 -1.23323786556e-05
5 -1.18017331992e-05
6 -1.1981111721e-05
7 -1.20421909648e-05
8 -1.19025169115e-05
9 -1.19745011906e-05
10 -1.20297913826e-05
11 -1.20693834739e-05
12 -1.20328438933e-05
13 -1.18160835273e-05
14 -1.1927067222e-05
15 -1.1913957284e-05
16 -1.17621252551e-05
17 -1.17713155128e-05
18 -1.17289954817e-05
19 -1.16462077889e-05
20 -1.17599147385e-05
21 -1.17419329604e-05
22 -1.16685415189e-05
23 -1.15902121554e-05
24 -1.16102066316e-05
25 -1.15888757784e-05
26 -1.14846955552e-05
27 -1.14083659464e-05
28 -1.14311299777e-05
29 -1.13922623763e-05
30 -1.12915329801e-05
31 -1.12839743808e-05
32 -1.13205276723e-05
33 -1.12656020552e-05
34 -1.1201809349e-05
35 -1.11289902014e-05
36 -1.11183350648e-05
37 -1.10848577695e-05
38 -1.11034615216e-05
39 -1.10599808418e-05
40 -1.10058886068e-05
41 -1.09873060325e-05
42 -1.09452323465e-05
43 -1.08799669882e-05
44 -1.08270678167e-05
45 -1.07525280994e-05
46 -1.07298524736e-05
47 -1.0684401964e-05
48 -1.06734795699e-05
49 -1.0631795808e-05
50 -1.2384230787e-05
51 -1.18623357986e-05
52 -1.14208087759e-05
53 -1.17006895919e-05
54 -1.15052945086e-05
55 -1.14428705015e-05
56 -1.15664847598e-05
57 -1.16724079632e-05
58 -1.16622355435e-05
59 -1.15945688058e-05
60 -1.17211358381e-05
61 -1.15994881166e-05
62 -1.17012315453e-05
63 -1.15049936448e-05
64 -1.1520556865e-05
65 -1.15189525276e-05
66 -1.14712788232e-05
67 -1.15180409576e-05
68 -1.13941728131e-05
69 -1.13417940538e-05
70 -1.14652569794e-05
71 -1.14850637937e-05
72 -1.1403499065e-05
73 -1.13232774962e-05
74 -1.1331068053e-05
75 -1.12932714382e-05
76 -1.1196388329e-05
77 -1.11380810847e-05
78 -1.11561973927e-05
79 -1.112034301e-05
80 -1.10318647218e-05
81 -1.10464607684e-05
82 -1.10671289112e-05
83 -1.09882057148e-05
84 -1.09284671268e-05
85 -1.08723902767e-05
86 -1.08649126813e-05
87 -1.08283788952e-05
88 -1.08254548676e-05
89 -1.07784688304e-05
90 -1.07365110453e-05
91 -1.07106031247e-05
92 -1.06540390527e-05
93 -1.05887618029e-05
94 -1.05327193464e-05
95 -1.0460450904e-05
96 -1.04401338382e-05
97 -1.03976529401e-05
98 -1.03781048631e-05
99 -1.03318058886e-05
100 -1.23885192003e-05
101 -1.18684926233e-05
102 -1.14261174534e-05
103 -1.1706246411e-05
104 -1.15122324728e-05
105 -1.14495554428e-05
106 -1.15735701872e-05
107 -1.16778643648e-05
108 -1.16679831953e-05
109 -1.16013502821e-05
110 -1.1727904246e-05
111 -1.1605456623e-05
112 -1.17058371663e-05
113 -1.15098571321e-05
114 -1.15261360808e-05
115 -1.15247165095e-05
116 -1.1476804308e-05
117 -1.15231714088e-05
118 -1.13995899741e-05
119 -1.1347401714e-05
120 -1.14716384869e-05
121 -1.14864429979e-05
122 -1.14050010497e-05
123 -1.13243332922e-05
124 -1.13325596003e-05
125 -1.12940982281e-05
126 -1.1196986274e-05
127 -1.11395890694e-05
128 -1.11567969955e-05
129 -1.11180695451e-05
130 -1.1026699845e-05
131 -1.1041497262e-05
132 -1.10623897179e-05
133 -1.09828396777e-05
134 -1.09239283782e-05
135 -1.08673579172e-05
136 -1.08599933696e-05
137 -1.08235032987e-05
138 -1.08158171645e-05
139 -1.07687853298e-05
140 -1.07265623005e-05
141 -1.07034969799e-05
142 -1.06503727294e-05
143 -1.05832684826e-05
144 -1.05272946524e-05
145 -1.04543983678e-05
146 -1.04343047597e-05
147 -1.03923319904e-05
148 -1.03725260541e-05
149 -1.03259710561e-05
150 -1.2386530802e-05
151 -1.18819346408e-05
152 -1.14271440727e-05
153 -1.17141187722e-05
154 -1.15180791863e-05
155 -1.14558900077e-05
156 -1.15807305074e-05
157 -1.16825438261e-05
158 -1.16733129569e-05
159 -1.16065745058e-05
160 -1.17323887563e-05
161 -1.16191068171e-05
162 -1.17159779231e-05
163 -1.15159725129e-05
164 -1.1532924219e-05
165 -1.15332082218e-05
166 -1.14816748165e-05
167 -1.1531296788e-05
168 -1.14041882952e-05
169 -1.13504761736e-05
170 -1.1479714098e-05
171 -1.15002455027e-05
172 -1.14243034116e-05
173 -1.13398516558e-05
174 -1.1347227739e-05
175 -1.13113159537e-05
176 -1.12138026861e-05
177 -1.11568011481e-05
178 -1.11721085477e-05
179 -1.11311415169e-05
180 -1.1038060382e-05
181 -1.10503846792e-05
182 -1.10763453053e-05
183 -1.0995745395e-05
184 -1.09386058054e-05
185 -1.08774794091e-05
186 -1.08720735246e-05
187 -1.08357034672e-05
188 -1.08371092072e-05
189 -1.07937477142e-05
190 -1.07497097996e-05
191 -1.07220356536e-05
192 -1.06715798302e-05
193 -1.06011709869e-05
194 -1.05454183983e-05
195 -1.04715878536e-05
196 -1.0449858859e-05
197 -1.04079760304e-05
198 -1.03879288499e-05
199 -1.03424692312e-05
200 -1.24203052789e-05
201 -1.19995416161e-05
202 -1.14453579643e-05
203 -1.17740663515e-05
204 -1.1545760072e-05
205 -1.1489318398e-05
206 -1.16137170071e-05
207 -1.17314335526e-05
208 -1.17251318068e-05
209 -1.16481374094e-05
210 -1.17929259484e-05
211 -1.16551677993e-05
212 -1.17460797704e-05
213 -1.15559337274e-05
214 -1.15790589573e-05
215 -1.15839048334e-05
216 -1.15360428761e-05
217 -1.15799465634e-05
218 -1.14471240872e-05
219 -1.13873535606e-05
220 -1.151820561e-05
221 -1.15470852009e-05
222 -1.14661387533e-05
223 -1.13775234846e-05
224 -1.13869145662e-05
225 -1.13478968754e-05
226 -1.12480844987e-05
227 -1.11927672998e-05
228 -1.12156691009e-05
229 -1.11747523548e-05
230 -1.10814836109e-05
231 -1.10937957685e-05
232 -1.11198658349e-05
233 -1.10436454288e-05
234 -1.09773401271e-05
235 -1.09149145348e-05
236 -1.09150742303e-05
237 -1.08752399602e-05
238 -1.08753755572e-05
239 -1.08323391478e-05
240 -1.07786504131e-05
241 -1.07599832445e-05
242 -1.07063377138e-05
243 -1.0643750819e-05
244 -1.05859006715e-05
245 -1.04995281776e-05
246 -1.04768446927e-05
247 -1.04404251981e-05
248 -1.04226226363e-05
249 -1.03817185927e-05
250 -1.24708517035e-05
251 -1.20096190362e-05
252 -1.14774907427e-05
253 -1.18065725647e-05
254 -1.15925017659e-05
255 -1.15197299978e-05
256 -1.16466977684e-05
257 -1.17735452134e-05
258 -1.17477077728e-05
259 -1.16860530154e-05
260 -1.18174041062e-05
261 -1.16919175702e-05
262 -1.17988944999e-05
263 -1.16037682672e-05
264 -1.16197468996e-05
265 -1.16222089922e-05
266 -1.15661352869e-05
267 -1.16150701909e-05
268 -1.14777845379e-05
269 -1.14232163606e-05
270 -1.155785292e-05
271 -1.15888562956e-05
272 -1.14935286401e-05
273 -1.14181149008e-05
274 -1.14244837452e-05
275 -1.13809120311e-05
276 -1.1282639427e-05
277 -1.1224977569e-05
278 -1.12371817427e-05
279 -1.12008233064e-05
280 -1.11074927365e-05
281 -1.11302399867e-05
282 -1.11510097987e-05
283 -1.10720250019e-05
284 -1.10023341305e-05
285 -1.09452360545e-05
286 -1.09430762237e-05
287 -1.09029048203e-05
288 -1.0907888148e-05
289 -1.08559933946e-05
290 -1.08139280926e-05
291 -1.07927638575e-05
292 -1.07367648158e-05
293 -1.06741801637e-05
294 -1.06062554123e-05
295 -1.05291078613e-05
296 -1.0511686318e-05
297 -1.04690134428e-05
298 -1.0454310721e-05
299 -1.04085784767e-05
300 -1.25513674262e-05
301 -1.19805588681e-05
302 -1.1485030174e-05
303 -1.18067609207e-05
304 -1.15859693083e-05
305 -1.15339905284e-05
306 -1.16594994654e-05
307 -1.1772416336e-05
308 -1.1752463492e-05
309 -1.16931485992e-05
310 -1.18233118417e-05
311 -1.17038954477e-05
312 -1.18183406886e-05
313 -1.16122829873e-05
314 -1.16265260654e-05
315 -1.16209772621e-05
316 -1.15715949226e-05
317 -1.16208419356e-05
318 -1.1485481591e-05
319 -1.14330357967e-05
320 -1.15719173272e-05
321 -1.15865225596e-05
322 -1.15051393309e-05
323 -1.14231151981e-05
324 -1.1428111169e-05
325 -1.13937140797e-05
326 -1.12886270362e-05
327 -1.12302965822e-05
328 -1.12422377371e-05
329 -1.121557107e-05
330 -1.11096983744e-05
331 -1.11314146545e-05
332 -1.11544246672e-05
333 -1.10669406169e-05
334 -1.10067296679e-05
335 -1.09476604376e-05
336 -1.09420734835e-05
337 -1.09045323764e-05
338 -1.09022155517e-05
339 -1.08542851803e-05
340 -1.08128284874e-05
341 -1.07883747579e-05
342 -1.07387724768e-05
343 -1.06681472822e-05
344 -1.0605117067e-05
345 -1.05351525671e-05
346 -1.05156901897e-05
347 -1.048323564e-05
348 -1.04583862418e-05
349 -1.04092351125e-05
350 -1.25298630639e-05
351 -1.19629084507e-05
352 -1.14967555021e-05
353 -1.17885648661e-05
354 -1.1599580177e-05
355 -1.15292297027e-05
356 -1.16680567727e-05
357 -1.17587755507e-05
358 -1.17569380818e-05
359 -1.16951771498e-05
360 -1.18272637017e-05
361 -1.17083169784e-05
362 -1.18040403013e-05
363 -1.16042320132e-05
364 -1.16190995947e-05
365 -1.16196464778e-05
366 -1.15657914886e-05
367 -1.16134464577e-05
368 -1.14821305443e-05
369 -1.1435144971e-05
370 -1.1568886122e-05
371 -1.15822170744e-05
372 -1.15043046478e-05
373 -1.14150253324e-05
374 -1.14178084533e-05
375 -1.13867042899e-05
376 -1.1288719348e-05
377 -1.12271921571e-05
378 -1.12431975634e-05
379 -1.12076695365e-05
380 -1.11038938636e-05
381 -1.11187265381e-05
382 -1.11480783586e-05
383 -1.10584156344e-05
384 -1.10143227783e-05
385 -1.095297196e-05
386 -1.09433216427e-05
387 -1.09027482065e-05
388 -1.09039580575e-05
389 -1.08577881923e-05
390 -1.08130290177e-05
391 -1.07845362561e-05
392 -1.0739239915e-05
393 -1.06619960138e-05
394 -1.06063908279e-05
395 -1.05316158963e-05
396 -1.05142208002e-05
397 -1.04745588373e-05
398 -1.04443003099e-05
399 -1.04000589052e-05
400 -1.24860120804e-05
401 -1.19847110171e-05
402 -1.14999577262e-05
403 -1.17989357403e-05
404 -1.15944126872e-05
405 -1.15367074768e-05
406 -1.1668533766e-05
407 -1.17686401874e-05
408 -1.17658580964e-05
409 -1.16929364032e-05
410 -1.18313915092e-05
411 -1.16970484815e-05
412 -1.17938050685e-05
413 -1.16018627001e-05
414 -1.16179606089e-05
415 -1.16230228922e-05
416 -1.15708800281e-05
417 -1.16147946486e-05
418 -1.14815111638e-05
419 -1.14340007e-05
420 -1.15596873166e-05
421 -1.15862278693e-05
422 -1.1508789554e-05
423 -1.14154531632e-05
424 -1.14268734899e-05
425 -1.13867556556e-05
426 -1.1286107396e-05
427 -1.12365276818e-05
428 -1.12578440939e-05
429 -1.12147518827e-05
430 -1.11126950491e-05
431 -1.11295166888e-05
432 -1.11571112167e-05
433 -1.10762996058e-05
434 -1.101320407e-05
435 -1.09559691555e-05
436 -1.09479694518e-05
437 -1.09066820122e-05
438 -1.09057742786e-05
439 -1.08596918935e-05
440 -1.0810611271e-05
441 -1.07858163756e-05
442 -1.07352469169e-05
443 -1.06676844285e-05
444 -1.06122969074e-05
445 -1.05353274749e-05
446 -1.05108701215e-05
447 -1.0470441554e-05
448 -1.04423889029e-05
449 -1.04040229275e-05
450 -1.24803286492e-05
451 -1.19922124285e-05
452 -1.15072486687e-05
453 -1.17987705818e-05
454 -1.15998656016e-05
455 -1.15495860265e-05
456 -1.16722638139e-05
457 -1.17811296563e-05
458 -1.17681567598e-05
459 -1.17001096119e-05
460 -1.18390946953e-05
461 -1.16950042816e-05
462 -1.17989014249e-05
463 -1.16097934687e-05
464 -1.16274661277e-05
465 -1.16313855865e-05
466 -1.15845795373e-05
467 -1.16193911688e-05
468 -1.14900823303e-05
469 -1.14400329512e-05
470 -1.15674435873e-05
471 -1.1591363547e-05
472 -1.15053276351e-05
473 -1.14218453839e-05
474 -1.14363524189e-05
475 -1.13830600888e-05
476 -1.12919251123e-05
477 -1.12373705272e-05
478 -1.12544658172e-05
479 -1.12096717135e-05
480 -1.11120965411e-05
481 -1.11300218913e-05
482 -1.11542730705e-05
483 -1.10732249702e-05
484 -1.10199494977e-05
485 -1.09560399239e-05
486 -1.0953083215e-05
487 -1.09141237731e-05
488 -1.09155832449e-05
489 -1.08622540507e-05
490 -1.08190408891e-05
491 -1.07985052174e-05
492 -1.07444262903e-05
493 -1.0677677355e-05
494 -1.06169451734e-05
495 -1.05328631009e-05
496 -1.05141144512e-05
497 -1.04716163601e-05
498 -1.04502254761e-05
499 -1.0406931858e-05
500 -1.24795614917e-05
501 -1.19948461357e-05
502 -1.15183179648e-05
503 -1.18059340612e-05
504 -1.16092008641e-05
505 -1.15579589301e-05
506 -1.16761374566e-05
507 -1.17919382978e-05
508 -1.17701264616e-05
509 -1.17125563396e-05
510 -1.18386142868e-05
511 -1.17047705158e-05
512 -1.18102876528e-05
513 -1.16195980268e-05
514 -1.16369375653e-05
515 -1.1640555016e-05
516 -1.15841784933e-05
517 -1.16290963871e-05
518 -1.14965510347e-05
519 -1.14482660176e-05
520 -1.15727431823e-05
521 -1.15981196931e-05
522 -1.15097980375e-05
523 -1.14326959998e-05
524 -1.14419585506e-05
525 -1.13911602872e-05
526 -1.12968543812e-05
527 -1.1244867657e-05
528 -1.12627065831e-05
529 -1.12186667845e-05
530 -1.1118694208e-05
531 -1.11409201449e-05
532 -1.11623103006e-05
533 -1.10781624788e-05
534 -1.10210110596e-05
535 -1.09563013551e-05
536 -1.09529855615e-05
537 -1.0909351949e-05
538 -1.09107058698e-05
539 -1.08534486252e-05
540 -1.08126679961e-05
541 -1.07890251768e-05
542 -1.07366266337e-05
543 -1.06721377994e-05
544 -1.06140421799e-05
545 -1.05357126557e-05
546 -1.05167681445e-05
547 -1.04773093604e-05
548 -1.04562665038e-05
549 -1.04072365901e-05
550 -1.24928775219e-05
551 -1.19928560663e-05
552 -1.1520405587e-05
553 -1.18201324035e-05
554 -1.16132303147e-05
555 -1.15680589446e-05
556 -1.16816038543e-05
557 -1.1799223466e-05
558 -1.17719437931e-05
559 -1.17169038329e-05
560 -1.18370576957e-05
561 -1.17128818389e-05
562 -1.18191727117e-05
563 -1.16280132584e-05
564 -1.16404039281e-05
565 -1.16462588668e-05
566 -1.15907036276e-05
567 -1.16371741686e-05
568 -1.14999443228e-05
569 -1.14546440536e-05
570 -1.1582133877e-05
571 -1.15994561038e-05
572 -1.15204692872e-05
573 -1.14367985537e-05
574 -1.14451756546e-05
575 -1.14025955956e-05
576 -1.13012037019e-05
577 -1.12527381614e-05
578 -1.12665087891e-05
579 -1.12256724058e-05
580 -1.11187497382e-05
581 -1.11434868636e-05
582 -1.11699542757e-05
583 -1.10818656846e-05
584 -1.10182124099e-05
585 -1.09593853545e-05
586 -1.09536575136e-05
587 -1.09185786139e-05
588 -1.09172838808e-05
589 -1.08655896563e-05
590 -1.08284190176e-05
591 -1.07969215956e-05
592 -1.0753097276e-05
593 -1.06828353556e-05
594 -1.06168081911e-05
595 -1.05471303232e-05
596 -1.05196865962e-05
597 -1.04819871348e-05
598 -1.04570066596e-05
599 -1.04082479739e-05
600 -1.25213313325e-05
601 -1.20096102037e-05
602 -1.15233869129e-05
603 -1.18305625809e-05
604 -1.16139411278e-05
605 -1.15761262137e-05
606 -1.16888734041e-05
607 -1.18061288462e-05
608 -1.17803485264e-05
609 -1.17243663301e-05
610 -1.18482786031e-05
611 -1.17195628767e-05
612 -1.18275896648e-05
613 -1.16328467284e-05
614 -1.16498793789e-05
615 -1.16540529767e-05
616 -1.16038328419e-05
617 -1.16444585466e-05
618 -1.15094284353e-05
619 -1.14650556044e-05
620 -1.15849355106e-05
621 -1.16043315714e-05
622 -1.15292937366e-05
623 -1.14409330453e-05
624 -1.14496123819e-05
625 -1.14080895768e-05
626 -1.13032377346e-05
627 -1.12577934036e-05
628 -1.12713077673e-05
629 -1.1233612763e-05
630 -1.11194015159e-05
631 -1.114517117e-05
632 -1.11732269793e-05
633 -1.10898980842e-05
634 -1.10248374425e-05
635 -1.09688739899e-05
636 -1.09630167708e-05
637 -1.09240288709e-05
638 -1.0919501743e-05
639 -1.08686583277e-05
640 -1.08248157035e-05
641 -1.07953587879e-05
642 -1.07511573182e-05
643 -1.06839435589e-05
644 -1.06202588976e-05
645 -1.05495455598e-05
646 -1.0519584873e-05
647 -1.04882916841e-05
648 -1.04569086136e-05
649 -1.0412809609e-05
650 -1.25393539231e-05
651 -1.20233330404e-05
652 -1.15270002389e-05
653 -1.1828089059e-05
654 -1.16167257964e-05
655 -1.15750308886e-05
656 -1.16936684554e-05
657 -1.18038287231e-05
658 -1.17850713198e-05
659 -1.17268762553e-05
660 -1.18561858818e-05
661 -1.17221269141e-05
662 -1.182583039e-05
663 -1.1635452918e-05
664 -1.16543199923e-05
665 -1.16545332632e-05
666 -1.16097423502e-05
667 -1.16465638876e-05
668 -1.15111447363e-05
669 -1.14661759942e-05
670 -1.15876898702e-05
671 -1.16080756013e-05
672 -1.15301639552e-05
673 -1.14476994795e-05
674 -1.14504419365e-05
675 -1.14097683596e-05
676 -1.13092321964e-05
677 -1.12594476389e-05
678 -1.12778189576e-05
679 -1.12407361768e-05
680 -1.11320335567e-05
681 -1.11593240816e-05
682 -1.11831124162e-05
683 -1.10956206323e-05
684 -1.10347688496e-05
685 -1.09777949968e-05
686 -1.09670450152e-05
687 -1.09283884671e-05
688 -1.09259856175e-05
689 -1.08709184402e-05
690 -1.08258250319e-05
691 -1.0798694048e-05
692 -1.07543726551e-05
693 -1.0682739302e-05
694 -1.06210031279e-05
695 -1.05464153573e-05
696 -1.05204227098e-05
697 -1.04855964254e-05
698 -1.04510487118e-05
699 -1.04092431181e-05
700 -1.25304296224e-05
701 -1.20235042665e-05
702 -1.1535658947e-05
703 -1.18299809553e-05
704 -1.16325305035e-05
705 -1.15810477376e-05
706 -1.16997449039e-05
707 -1.18086650696e-05
708 -1.17873858911e-05
709 -1.1733238421e-05
710 -1.18634125934e-05
711 -1.17264215114e-05
712 -1.18308668163e-05
713 -1.16395915115e-05
714 -1.16591603137e-05
715 -1.16611634744e-05
716 -1.16161094719e-05
717 -1.16469575891e-05
718 -1.15191970982e-05
719 -1.14718717262e-05
720 -1.15928338084e-05
721 -1.16097700926e-05
722 -1.15324037227e-05
723 -1.14500172579e-05
724 -1.14524878763e-05
725 -1.1409932811e-05
726 -1.1313404043e-05
727 -1.12607692448e-05
728 -1.12786812987e-05
729 -1.12395451532e-05
730 -1.11303394466e-05
731 -1.1154889079e-05
732 -1.11801813692e-05
733 -1.10925938474e-05
734 -1.1035875217e-05
735 -1.09780487481e-05
736 -1.0965788287e-05
737 -1.09276167287e-05
738 -1.09256812789e-05
739 -1.0868365041e-05
740 -1.0829421348e-05
741 -1.08007227013e-05
742 -1.07614544663e-05
743 -1.06869951058e-05
744 -1.0624553558e-05
745 -1.05484319817e-05
746 -1.05252501172e-05
747 -1.0489946326e-05
748 -1.04551556231e-05
749 -1.04117042142e-05
750 -1.25410655899e-05
751 -1.20407083445e-05
752 -1.15389348399e-05
753 -1.18399877346e-05
754 -1.16382467089e-05
755 -1.15889242586e-05
756 -1.17070907497e-05
757 -1.18201897125e-05
758 -1.17925491694e-05
759 -1.17422785415e-05
760 -1.18686287945e-05
761 -1.17398045695e-05
762 -1.18375849288e-05
763 -1.16475338045e-05
764 -1.16676768947e-05
765 -1.16690084825e-05
766 -1.16237412757e-05
767 -1.1656798459e-05
768 -1.15252548959e-05
769 -1.14815435325e-05
770 -1.15991587916e-05
771 -1.16190652837e-05
772 -1.15442574754e-05
773 -1.14575197099e-05
774 -1.14596427581e-05
775 -1.14127974331e-05
776 -1.13189855207e-05
777 -1.12711606691e-05
778 -1.12885717533e-05
779 -1.12422023096e-05
780 -1.11360058865e-05
781 -1.11608038678e-05
782 -1.1185877058e-05
783 -1.10977585885e-05
784 -1.10359796883e-05
785 -1.09770640413e-05
786 -1.096504199e-05
787 -1.09239709718e-05
788 -1.09284973e-05
789 -1.08676014912e-05
790 -1.08315960565e-05
791 -1.08030998723e-05
792 -1.07644128273e-05
793 -1.06906729424e-05
794 -1.06256776733e-05
795 -1.05513405053e-05
796 -1.05291534406e-05
797 -1.04902092281e-05
798 -1.04567838319e-05
799 -1.04123678353e-05
800 -1.25396765284e-05
801 -1.20412314029e-05
802 -1.15442853768e-05
803 -1.18545737752e-05
804 -1.16433555074e-05
805 -1.16023926504e-05
806 -1.1718439081e-05
807 -1.18331095374e-05
808 -1.18020457303e-05
809 -1.1750613243e-05
810 -1.18766646785e-05
811 -1.17425355587e-05
812 -1.18475079188e-05
813 -1.16574924808e-05
814 -1.16754015955e-05
815 -1.16792197865e-05
816 -1.16340222125e-05
817 -1.16634830409e-05
818 -1.15353202881e-05
819 -1.14929648358e-05
820 -1.16042601825e-05
821 -1.1627643209e-05
822 -1.15519630074e-05
823 -1.14640219111e-05
824 -1.14661764601e-05
825 -1.14253623895e-05
826 -1.13242425884e-05
827 -1.12779356485e-05
828 -1.1294465929e-05
829 -1.12507174692e-05
830 -1.11396512624e-05
831 -1.11700700013e-05
832 -1.11930831511e-05
833 -1.11046468843e-05
834 -1.10343683489e-05
835 -1.09867552163e-05
836 -1.09728038834e-05
837 -1.09350052958e-05
838 -1.093395326e-05
839 -1.08762732821e-05
840 -1.08367505705e-05
841 -1.08053005616e-05
842 -1.07623010321e-05
843 -1.06928024379e-05
844 -1.06269565046e-05
845 -1.05540805571e-05
846 -1.05309587912e-05
847 -1.04919509303e-05
848 -1.04572151834e-05
849 -1.04150859678e-05
850 -1.25417627757e-05
851 -1.20551742634e-05
852 -1.15507995442e-05
853 -1.18594070052e-05
854 -1.16510208851e-05
855 -1.16094617761e-05
856 -1.17265409925e-05
857 -1.18421218384e-05
858 -1.18112541619e-05
859 -1.17589718606e-05
860 -1.18828091685e-05
861 -1.17496663152e-05
862 -1.18541008016e-05
863 -1.16657422909e-05
864 -1.16811390629e-05
865 -1.1689495545e-05
866 -1.16439728329e-05
867 -1.16717939093e-05
868 -1.15421178456e-05
869 -1.14989987097e-05
870 -1.16131180123e-05
871 -1.16329050771e-05
872 -1.15546283962e-05
873 -1.14718428239e-05
874 -1.14724970536e-05
875 -1.14308732602e-05
876 -1.13261116647e-05
877 -1.12844670796e-05
878 -1.12992991658e-05
879 -1.12543156243e-05
880 -1.11408277107e-05
881 -1.11737885692e-05
882 -1.11984001651e-05
883 -1.11132105489e-05
884 -1.10416515691e-05
885 -1.09935435408e-05
886 -1.09747932534e-05
887 -1.09397052847e-05
888 -1.0935108281e-05
889 -1.08760847773e-05
890 -1.08420677442e-05
891 -1.08090839998e-05
892 -1.07669586849e-05
893 -1.06994736345e-05
894 -1.06307747901e-05
895 -1.05602724993e-05
896 -1.05328908715e-05
897 -1.04961861431e-05
898 -1.04597241832e-05
899 -1.04164527377e-05
900 -1.25696953002e-05
901 -1.2051847364e-05
902 -1.15584761009e-05
903 -1.18717729092e-05
904 -1.16639880378e-05
905 -1.16159237441e-05
906 -1.17333332883e-05
907 -1.18525277908e-05
908 -1.18171262118e-05
909 -1.17698840825e-05
910 -1.18959297377e-05
911 -1.17531610773e-05
912 -1.18618118169e-05
913 -1.16687725676e-05
914 -1.1689945292e-05
915 -1.16926959017e-05
916 -1.16541268453e-05
917 -1.16752243419e-05
918 -1.15481734663e-05
919 -1.15068898209e-05
920 -1.16192313168e-05
921 -1.16357489294e-05
922 -1.15636058912e-05
923 -1.14765784695e-05
924 -1.14781346851e-05
925 -1.14369867772e-05
926 -1.13347914414e-05
927 -1.12934540914e-05
928 -1.13084362192e-05
929 -1.12666347708e-05
930 -1.11523566848e-05
931 -1.11837389603e-05
932 -1.1209444688e-05
933 -1.11215147148e-05
934 -1.10560107702e-05
935 -1.10054084526e-05
936 -1.09856912904e-05
937 -1.0952353121e-05
938 -1.09457667987e-05
939 -1.08843547652e-05
940 -1.08459075129e-05
941 -1.08148968888e-05
942 -1.07699262321e-05
943 -1.0702160326e-05
944 -1.06324083353e-05
945 -1.05593730334e-05
946 -1.05356174329e-05
947 -1.0496332498e-05
948 -1.04607713159e-05
949 -1.04163106642e-05
950 -1.25703214446e-05
951 -1.20698044251e-05
952 -1.15726380272e-05
953 -1.18823854345e-05
954 -1.16716489193e-05
955 -1.16290404135e-05
956 -1.17429138016e-05
957 -1.18652259625e-05
958 -1.18258838725e-05
959 -1.17840788116e-05
960 -1.19031425e-05
961 -1.17629457539e-05
962 -1.18733043897e-05
963 -1.16794037822e-05
964 -1.17053116874e-05
965 -1.17026496341e-05
966 -1.16654500862e-05
967 -1.16865194224e-05
968 -1.15591407506e-05
969 -1.15198011836e-05
970 -1.16298471316e-05
971 -1.16451967748e-05
972 -1.15725472977e-05
973 -1.14870554144e-05
974 -1.14859552261e-05
975 -1.1444653375e-05
976 -1.13440918275e-05
977 -1.12979905883e-05
978 -1.13134146138e-05
979 -1.12675537361e-05
980 -1.11519864036e-05
981 -1.11837901078e-05
982 -1.12114524251e-05
983 -1.11198966411e-05
984 -1.10538084144e-05
985 -1.10038250832e-05
986 -1.09826970596e-05
987 -1.09501463816e-05
988 -1.09416895116e-05
989 -1.08783218617e-05
990 -1.08486236898e-05
991 -1.08175201829e-05
992 -1.07753956212e-05
993 -1.07053661705e-05
994 -1.06371647078e-05
995 -1.05643076458e-05
996 -1.05416831349e-05
997 -1.05046802021e-05
998 -1.04650012862e-05
999 -1.04237244089e-05
1000 -1.25746929671e-05
1001 -1.20903333828e-05
1002 -1.1579590966e-05
1003 -1.18870112876e-05
1004 -1.16758023154e-05
1005 -1.16358189332e-05
1006 -1.17504441164e-05
1007 -1.1871903353e-05
1008 -1.1831126493e-05
1009 -1.17917761051e-05
1010 -1.19118717269e-05
1011 -1.17731401588e-05
1012 -1.18787243524e-05
1013 -1.16850168136e-05
1014 -1.17130334449e-05
1015 -1.17130251266e-05
1016 -1.16704846684e-05
1017 -1.16951901878e-05
1018 -1.15658291983e-05
1019 -1.15290978212e-05
1020 -1.16309701741e-05
1021 -1.165190757e-05
1022 -1.15792787211e-05
1023 -1.14951295114e-05
1024 -1.14880702494e-05
1025 -1.14528789262e-05
1026 -1.1350297896e-05
1027 -1.13062689708e-05
1028 -1.13223075941e-05
1029 -1.12793690745e-05
1030 -1.11613929236e-05
1031 -1.11940787941e-05
1032 -1.12216356534e-05
1033 -1.11275700207e-05
1034 -1.10570936286e-05
1035 -1.10049544985e-05
1036 -1.09830102754e-05
1037 -1.09523376752e-05
1038 -1.09513320306e-05
1039 -1.08871395164e-05
1040 -1.08547818027e-05
1041 -1.08215842594e-05
1042 -1.0779387537e-05
1043 -1.0709510569e-05
1044 -1.06410948525e-05
1045 -1.05651065968e-05
1046 -1.0542976287e-05
1047 -1.05038416028e-05
1048 -1.04628434397e-05
1049 -1.04190978926e-05
1050 -1.2592377089e-05
1051 -1.21004504223e-05
1052 -1.15967704767e-05
1053 -1.19011280413e-05
1054 -1.16953187226e-05
1055 -1.16502122155e-05
1056 -1.17678218032e-05
1057 -1.1887830383e-05
1058 -1.18474355387e-05
1059 -1.1807494666e-05
1060 -1.19293485544e-05
1061 -1.17887485266e-05
1062 -1.18951488203e-05
1063 -1.17040795276e-05
1064 -1.17255544888e-05
1065 -1.17298451514e-05
1066 -1.16863504768e-05
1067 -1.17103855387e-05
1068 -1.15816807569e-05
1069 -1.15463021759e-05
1070 -1.16471950427e-05
1071 -1.16674441117e-05
1072 -1.15914381737e-05
1073 -1.15115692961e-05
1074 -1.14993020701e-05
1075 -1.14682626208e-05
1076 -1.13610799151e-05
1077 -1.13186581415e-05
1078 -1.13334837146e-05
1079 -1.12894772698e-05
1080 -1.11703987684e-05
1081 -1.1204980521e-05
1082 -1.12276670327e-05
1083 -1.11309588486e-05
1084 -1.10654737632e-05
1085 -1.10196548079e-05
1086 -1.09966238623e-05
1087 -1.09671312755e-05
1088 -1.09562416169e-05
1089 -1.08939770365e-05
1090 -1.0858543024e-05
1091 -1.08259989996e-05
1092 -1.07839019737e-05
1093 -1.07160316903e-05
1094 -1.06463285303e-05
1095 -1.05719233326e-05
1096 -1.05485063438e-05
1097 -1.05118397284e-05
1098 -1.04697993739e-05
1099 -1.04244127127e-05
1100 -1.25949793737e-05
1101 -1.21103438395e-05
1102 -1.1609960651e-05
1103 -1.19181139181e-05
1104 -1.17096881878e-05
1105 -1.16615666216e-05
1106 -1.17752839729e-05
1107 -1.18989344652e-05
1108 -1.18568270272e-05
1109 -1.18188085743e-05
1110 -1.19417199287e-05
1111 -1.17990982624e-05
1112 -1.19066368384e-05
1113 -1.17146098543e-05
1114 -1.17376014253e-05
1115 -1.17412277556e-05
1116 -1.17010091991e-05
1117 -1.17176915897e-05
1118 -1.15920717245e-05
1119 -1.15551134455e-05
1120 -1.16584952013e-05
1121 -1.16769506922e-05
1122 -1.16039364124e-05
1123 -1.15222393189e-05
1124 -1.1512645644e-05
1125 -1.14793684497e-05
1126 -1.13704516939e-05
1127 -1.13288404242e-05
1128 -1.13443998754e-05
1129 -1.12993390059e-05
1130 -1.11798145001e-05
1131 -1.12165646897e-05
1132 -1.12430717252e-05
1133 -1.11521193972e-05
1134 -1.10806228e-05
1135 -1.10357734529e-05
1136 -1.10075217884e-05
1137 -1.09767943133e-05
1138 -1.09682420083e-05
1139 -1.0899791839e-05
1140 -1.08665540921e-05
1141 -1.08318829631e-05
1142 -1.07907525572e-05
1143 -1.07218568178e-05
1144 -1.06471174949e-05
1145 -1.05754405031e-05
1146 -1.05483393418e-05
1147 -1.05121128469e-05
1148 -1.04698559982e-05
1149 -1.04256327928e-05
1150 -1.26222690443e-05
1151 -1.21219589614e-05
1152 -1.16234231225e-05
1153 -1.19294655376e-05
1154 -1.17210646823e-05
1155 -1.16679934898e-05
1156 -1.17843323591e-05
1157 -1.19077611784e-05
1158 -1.18640327052e-05
1159 -1.18280983097e-05
1160 -1.19492103061e-05
1161 -1.18075151751e-05
1162 -1.1916467712e-05
1163 -1.17235721349e-05
1164 -1.17485930597e-05
1165 -1.17482536556e-05
1166 -1.17089273068e-05
1167 -1.17217353984e-05
1168 -1.15997574138e-05
1169 -1.15654488398e-05
1170 -1.16671256507e-05
1171 -1.168342874e-05
1172 -1.16130103166e-05
1173 -1.15275739431e-05
1174 -1.15175962877e-05
1175 -1.1483937284e-05
1176 -1.13785029937e-05
1177 -1.13367021869e-05
1178 -1.13487487368e-05
1179 -1.13055435655e-05
1180 -1.11832589073e-05
1181 -1.12199842827e-05
1182 -1.12454786667e-05
1183 -1.11495995078e-05
1184 -1.10797228872e-05
1185 -1.10329044734e-05
1186 -1.10054946904e-05
1187 -1.09748261225e-05
1188 -1.09644369108e-05
1189 -1.09023310559e-05
1190 -1.08690028416e-05
1191 -1.08321827693e-05
1192 -1.07932949622e-05
1193 -1.07268397908e-05
1194 -1.06534554688e-05
1195 -1.0579758223e-05
1196 -1.05538153135e-05
1197 -1.05190587618e-05
1198 -1.04788003436e-05
1199 -1.04281618597e-05
1200 -1.26350555525e-05
1201 -1.21355568194e-05
1202 -1.16360917033e-05
1203 -1.19358792921e-05
1204 -1.17319205263e-05
1205 -1.1677468155e-05
1206 -1.1796902339e-05
1207 -1.19225554134e-05
1208 -1.18744920997e-05
1209 -1.18393137732e-05
1210 -1.19622162098e-05
1211 -1.18172425372e-05
1212 -1.19289822951e-05
1213 -1.17314588556e-05
1214 -1.17617396199e-05
1215 -1.17596676818e-05
1216 -1.17225671388e-05
1217 -1.1733255496e-05
1218 -1.1613554461e-05
1219 -1.1576223612e-05
1220 -1.16750146469e-05
1221 -1.1694255661e-05
1222 -1.16215586104e-05
1223 -1.15355644187e-05
1224 -1.15237364101e-05
1225 -1.1493042814e-05
1226 -1.1386991147e-05
1227 -1.1344935168e-05
1228 -1.13573409659e-05
1229 -1.13132286778e-05
1230 -1.11882938536e-05
1231 -1.12273225243e-05
1232 -1.12532675897e-05
1233 -1.11551698349e-05
1234 -1.1083497908e-05
1235 -1.1037837967e-05
1236 -1.10095776895e-05
1237 -1.09784656166e-05
1238 -1.09748963209e-05
1239 -1.09121877222e-05
1240 -1.08772588141e-05
1241 -1.08392933846e-05
1242 -1.07989091719e-05
1243 -1.0732779061e-05
1244 -1.06578619426e-05
1245 -1.05840780234e-05
1246 -1.05585253536e-05
1247 -1.0518866618e-05
1248 -1.04770296323e-05
1249 -1.04289183795e-05
1250 -1.26446282936e-05
1251 -1.21454023645e-05
1252 -1.16481153764e-05
1253 -1.19448962897e-05
1254 -1.1740570337e-05
1255 -1.16897860717e-05
1256 -1.18105134318e-05
1257 -1.19337170091e-05
1258 -1.18855287855e-05
1259 -1.18530785607e-05
1260 -1.19727166068e-05
1261 -1.1828975737e-05
1262 -1.19415532122e-05
1263 -1.17421984608e-05
1264 -1.17717028125e-05
1265 -1.17726626374e-05
1266 -1.17343909213e-05
1267 -1.17393734503e-05
1268 -1.16211499318e-05
1269 -1.1585703831e-05
1270 -1.1683140834e-05
1271 -1.16988446595e-05
1272 -1.16275510628e-05
1273 -1.15444845109e-05
1274 -1.15301932532e-05
1275 -1.14996556504e-05
1276 -1.13926107058e-05
1277 -1.13497007849e-05
1278 -1.1366065788e-05
1279 -1.13178302926e-05
1280 -1.11947223307e-05
1281 -1.1234250764e-05
1282 -1.12570521536e-05
1283 -1.11585520612e-05
1284 -1.10879144683e-05
1285 -1.10454735986e-05
1286 -1.10178376043e-05
1287 -1.09878246695e-05
1288 -1.09780653455e-05
1289 -1.09111117421e-05
1290 -1.08761896071e-05
1291 -1.08394263263e-05
1292 -1.07989600046e-05
1293 -1.07341074443e-05
1294 -1.06591686556e-05
1295 -1.05869106756e-05
1296 -1.05622574068e-05
1297 -1.05256225478e-05
1298 -1.0480826105e-05
1299 -1.04342943929e-05
1300 -1.26485293561e-05
1301 -1.21533387213e-05
1302 -1.16580740942e-05
1303 -1.19554411418e-05
1304 -1.17510317622e-05
1305 -1.16991500682e-05
1306 -1.18148493356e-05
1307 -1.19432946216e-05
1308 -1.18909403945e-05
1309 -1.18609812583e-05
1310 -1.19792502247e-05
1311 -1.18389612117e-05
1312 -1.19515042105e-05
1313 -1.17531633579e-05
1314 -1.17829327314e-05
1315 -1.17797403945e-05
1316 -1.17453572288e-05
1317 -1.17533544272e-05
1318 -1.16373349487e-05
1319 -1.16023111036e-05
1320 -1.16977305179e-05
1321 -1.171669383e-05
1322 -1.16437970684e-05
1323 -1.156495005e-05
1324 -1.1544528314e-05
1325 -1.15144088204e-05
1326 -1.14096405219e-05
1327 -1.13636300874e-05
1328 -1.13795837154e-05
1329 -1.13283948648e-05
1330 -1.12050804611e-05
1331 -1.12455461746e-05
1332 -1.12686024183e-05
1333 -1.11702569687e-05
1334 -1.11023275932e-05
1335 -1.10563945081e-05
1336 -1.10259353597e-05
1337 -1.09952429827e-05
1338 -1.09896345605e-05
1339 -1.0922719744e-05
1340 -1.08862613447e-05
1341 -1.08501440937e-05
1342 -1.08071106069e-05
1343 -1.07410339647e-05
1344 -1.06624147881e-05
1345 -1.05885529207e-05
1346 -1.05610396207e-05
1347 -1.05217396064e-05
1348 -1.04763081415e-05
1349 -1.04282635249e-05
1350 -1.26687737641e-05
1351 -1.2177233729e-05
1352 -1.16866959717e-05
1353 -1.19812255271e-05
1354 -1.17745732877e-05
1355 -1.17183170582e-05
1356 -1.18349493695e-05
1357 -1.19633409707e-05
1358 -1.19081670936e-05
1359 -1.18802184325e-05
1360 -1.19984284644e-05
1361 -1.18555831907e-05
1362 -1.1970024569e-05
1363 -1.1769833842e-05
1364 -1.17984356692e-05
1365 -1.17962557506e-05
1366 -1.17562932749e-05
1367 -1.17652662531e-05
1368 -1.16479304581e-05
1369 -1.161057908e-05
1370 -1.17027713866e-05
1371 -1.17188773888e-05
1372 -1.16451453433e-05
1373 -1.15662231431e-05
1374 -1.15469066305e-05
1375 -1.15161557469e-05
1376 -1.14112694988e-05
1377 -1.13662458599e-05
1378 -1.13862195833e-05
1379 -1.13351638873e-05
1380 -1.12096876867e-05
1381 -1.12510077598e-05
1382 -1.12758026653e-05
1383 -1.11752106437e-05
1384 -1.11081569067e-05
1385 -1.10663040486e-05
1386 -1.10326521426e-05
1387 -1.10016895116e-05
1388 -1.09920207423e-05
1389 -1.09224745033e-05
1390 -1.08862201437e-05
1391 -1.08516486326e-05
1392 -1.08094999811e-05
1393 -1.07451504265e-05
1394 -1.06674943803e-05
1395 -1.05943814285e-05
1396 -1.05692278016e-05
1397 -1.05302917833e-05
1398 -1.04833736338e-05
1399 -1.04317128135e-05
1400 -1.26835065866e-05
1401 -1.2192630278e-05
1402 -1.1696197284e-05
1403 -1.19880417225e-05
1404 -1.1787167499e-05
1405 -1.17254855858e-05
1406 -1.18419397852e-05
1407 -1.19682799492e-05
1408 -1.1919610664e-05
1409 -1.18913935893e-05
1410 -1.20062064177e-05
1411 -1.18674201693e-05
1412 -1.19821286512e-05
1413 -1.17815079605e-05
1414 -1.18103962767e-05
1415 -1.18060323236e-05
1416 -1.17645787781e-05
1417 -1.17734812786e-05
1418 -1.16572596999e-05
1419 -1.16215130589e-05
1420 -1.17155664009e-05
1421 -1.17332819107e-05
1422 -1.1659187737e-05
1423 -1.15815232462e-05
1424 -1.15587860276e-05
1425 -1.15297519611e-05
1426 -1.14265749678e-05
1427 -1.13773171814e-05
1428 -1.13925976835e-05
1429 -1.13431630952e-05
1430 -1.12178236569e-05
1431 -1.12583514247e-05
1432 -1.12853723939e-05
1433 -1.11791689167e-05
1434 -1.11142119376e-05
1435 -1.10721768616e-05
1436 -1.10371596816e-05
1437 -1.10073220596e-05
1438 -1.09994155985e-05
1439 -1.0932715285e-05
1440 -1.08953242228e-05
1441 -1.0857138748e-05
1442 -1.08169350931e-05
1443 -1.07534635746e-05
1444 -1.06715230076e-05
1445 -1.05948915106e-05
1446 -1.05665008172e-05
1447 -1.05323010241e-05
1448 -1.04842418884e-05
1449 -1.04322582756e-05
1450 -1.26961224169e-05
1451 -1.22042832087e-05
1452 -1.17042211402e-05
1453 -1.19989718983e-05
1454 -1.18016714808e-05
1455 -1.17325254767e-05
1456 -1.18517702062e-05
1457 -1.19801145275e-05
1458 -1.19263771618e-05
1459 -1.19033573098e-05
1460 -1.20164224158e-05
1461 -1.18797093334e-05
1462 -1.19914018249e-05
1463 -1.17905046306e-05
1464 -1.18197204936e-05
1465 -1.18167237286e-05
1466 -1.17826796158e-05
1467 -1.17868769388e-05
1468 -1.16736586739e-05
1469 -1.16376076707e-05
1470 -1.17294510538e-05
1471 -1.17461018145e-05
1472 -1.16704719746e-05
1473 -1.15924123224e-05
1474 -1.15699605727e-05
1475 -1.15414733071e-05
1476 -1.14369854754e-05
1477 -1.13890120334e-05
1478 -1.1403593101e-05
1479 -1.13522643978e-05
1480 -1.12254823509e-05
1481 -1.12648873429e-05
1482 -1.12922351883e-05
1483 -1.118224786e-05
1484 -1.11165673966e-05
1485 -1.10770423644e-05
1486 -1.10377058359e-05
1487 -1.10127578444e-05
1488 -1.10032446106e-05
1489 -1.09367597107e-05
1490 -1.08965664488e-05
1491 -1.08579083323e-05
1492 -1.0817537666e-05
1493 -1.07553830825e-05
1494 -1.0670796497e-05
1495 -1.05983224619e-05
1496 -1.05727065263e-05
1497 -1.05383960656e-05
1498 -1.04881657723e-05
1499 -1.04328291501e-05
1500 -1.27085692996e-05
1501 -1.22119803425e-05
1502 -1.17179704199e-05
1503 -1.20129582632e-05
1504 -1.18128434785e-05
1505 -1.17467520931e-05
1506 -1.18643422899e-05
1507 -1.19951287976e-05
1508 -1.19390498099e-05
1509 -1.19186645452e-05
1510 -1.20302657858e-05
1511 -1.1892439113e-05
1512 -1.20056693869e-05
1513 -1.17994664199e-05
1514 -1.18351339623e-05
1515 -1.18306178046e-05
1516 -1.1794241628e-05
1517 -1.17954871342e-05
1518 -1.1685144582e-05
1519 -1.16469626528e-05
1520 -1.17402052843e-05
1521 -1.17549008021e-05
1522 -1.16802052318e-05
1523 -1.1600964582e-05
1524 -1.15780279473e-05
1525 -1.1547250736e-05
1526 -1.14440486254e-05
1527 -1.1398201574e-05
1528 -1.14123785075e-05
1529 -1.13621090159e-05
1530 -1.12349918319e-05
1531 -1.12781203242e-05
1532 -1.1302849186e-05
1533 -1.11932859593e-05
1534 -1.11266525968e-05
1535 -1.10823272889e-05
1536 -1.10489266008e-05
1537 -1.10166447932e-05
1538 -1.10078352395e-05
1539 -1.09386004522e-05
1540 -1.0899524237e-05
1541 -1.0862848168e-05
1542 -1.0822166795e-05
1543 -1.07584719146e-05
1544 -1.06744527887e-05
1545 -1.06005336659e-05
1546 -1.05704598615e-05
1547 -1.05361999206e-05
1548 -1.04846696714e-05
1549 -1.04282063386e-05
1550 -1.27199964369e-05
1551 -1.22217966627e-05
1552 -1.17392397814e-05
1553 -1.2031829664e-05
1554 -1.18302749911e-05
1555 -1.17663480522e-05
1556 -1.18820259745e-05
1557 -1.20121559213e-05
1558 -1.1952979076e-05
1559 -1.19336378122e-05
1560 -1.2043419854e-05
1561 -1.19034829724e-05
1562 -1.20183099382e-05
1563 -1.18098789422e-05
1564 -1.18467783388e-05
1565 -1.1840803548e-05
1566 -1.18044222598e-05
1567 -1.18029315075e-05
1568 -1.16972033441e-05
1569 -1.16612731244e-05
1570 -1.17492334783e-05
1571 -1.17650521202e-05
1572 -1.16908033686e-05
1573 -1.1614470274e-05
1574 -1.15925177558e-05
1575 -1.15599861562e-05
1576 -1.14587041754e-05
1577 -1.1406447026e-05
1578 -1.14224021237e-05
1579 -1.13684923735e-05
1580 -1.12406628526e-05
1581 -1.12806426922e-05
1582 -1.13076124566e-05
1583 -1.11963618845e-05
1584 -1.11400175154e-05
1585 -1.10991594014e-05
1586 -1.10561614772e-05
1587 -1.10250476239e-05
1588 -1.10179940792e-05
1589 -1.09480301487e-05
1590 -1.0904997481e-05
1591 -1.08660294134e-05
1592 -1.08222702571e-05
1593 -1.07586052481e-05
1594 -1.06754055219e-05
1595 -1.06012752764e-05
1596 -1.05706089885e-05
1597 -1.0532241983e-05
1598 -1.04828380599e-05
1599 -1.04320021547e-05
1600 -1.27317704505e-05
1601 -1.22475234075e-05
1602 -1.17551296565e-05
1603 -1.20475059177e-05
1604 -1.18443836266e-05
1605 -1.17834019351e-05
1606 -1.18954913952e-05
1607 -1.20239627758e-05
1608 -1.19677422692e-05
1609 -1.19469157069e-05
1610 -1.20565174573e-05
1611 -1.19218533712e-05
1612 -1.20357601157e-05
1613 -1.18285349982e-05
1614 -1.18654513325e-05
1615 -1.18575165746e-05
1616 -1.18193457717e-05
1617 -1.18201102238e-05
1618 -1.17130322452e-05
1619 -1.16747789796e-05
1620 -1.17629247993e-05
1621 -1.17764374036e-05
1622 -1.17034829256e-05
1623 -1.16219572054e-05
1624 -1.16002267723e-05
1625 -1.15682658908e-05
1626 -1.14663318783e-05
1627 -1.14145011273e-05
1628 -1.14319038627e-05
1629 -1.13772598024e-05
1630 -1.12464248729e-05
1631 -1.12884205466e-05
1632 -1.13144357497e-05
1633 -1.12017334698e-05
1634 -1.11406626415e-05
1635 -1.10986497967e-05
1636 -1.10557181157e-05
1637 -1.10245129822e-05
1638 -1.10162111022e-05
1639 -1.09444851054e-05
1640 -1.09024714441e-05
1641 -1.08647280867e-05
1642 -1.08219569554e-05
1643 -1.07609251301e-05
1644 -1.06788979745e-05
1645 -1.06044556687e-05
1646 -1.05754755805e-05
1647 -1.05429535868e-05
1648 -1.04886715414e-05
1649 -1.04325453708e-05
1650 -1.27532808364e-05
1651 -1.22637842848e-05
1652 -1.17680914465e-05
1653 -1.20606103953e-05
1654 -1.18570220135e-05
1655 -1.17921589687e-05
1656 -1.19057292559e-05
1657 -1.20331833927e-05
1658 -1.19763371293e-05
1659 -1.19648233904e-05
1660 -1.20683054507e-05
1661 -1.19363936834e-05
1662 -1.20467698917e-05
1663 -1.18416395436e-05
1664 -1.18778051526e-05
1665 -1.18695762225e-05
1666 -1.18338191856e-05
1667 -1.18329545501e-05
1668 -1.17285782985e-05
1669 -1.16910762169e-05
1670 -1.17798867809e-05
1671 -1.17926163287e-05
1672 -1.17186685055e-05
1673 -1.16403339148e-05
1674 -1.16160402825e-05
1675 -1.15838232758e-05
1676 -1.14824608345e-05
1677 -1.14275389147e-05
1678 -1.14466073035e-05
1679 -1.13919642265e-05
1680 -1.12595575517e-05
1681 -1.12977610371e-05
1682 -1.13227825733e-05
1683 -1.1208984791e-05
1684 -1.11486581762e-05
1685 -1.11078412928e-05
1686 -1.10631639712e-05
1687 -1.10336138333e-05
1688 -1.10233536146e-05
1689 -1.09564571314e-05
1690 -1.09139283834e-05
1691 -1.08744311237e-05
1692 -1.0830273315e-05
1693 -1.07703276892e-05
1694 -1.06813086863e-05
1695 -1.0607359858e-05
1696 -1.05771205629e-05
1697 -1.05417699414e-05
1698 -1.04891519923e-05
1699 -1.04334412662e-05
1700 -1.2764078252e-05
1701 -1.22789170468e-05
1702 -1.17864171582e-05
1703 -1.20790452604e-05
1704 -1.18753048043e-05
1705 -1.18062498819e-05
1706 -1.1921003406e-05
1707 -1.20471044241e-05
1708 -1.19902110624e-05
1709 -1.1980064029e-05
1710 -1.20820674913e-05
1711 -1.19492692327e-05
1712 -1.20596445229e-05
1713 -1.18540583972e-05
1714 -1.1888598303e-05
1715 -1.18811488476e-05
1716 -1.18453083325e-05
1717 -1.1841264411e-05
1718 -1.17383543585e-05
1719 -1.1699785148e-05
1720 -1.17844599715e-05
1721 -1.17957066544e-05
1722 -1.17207804125e-05
1723 -1.16426315158e-05
1724 -1.16190300832e-05
1725 -1.15852886929e-05
1726 -1.14877464339e-05
1727 -1.14298102115e-05
1728 -1.14487571679e-05
1729 -1.13938564812e-05
1730 -1.12610107162e-05
1731 -1.13015130286e-05
1732 -1.13318508229e-05
1733 -1.12197847598e-05
1734 -1.11567191036e-05
1735 -1.11117046967e-05
1736 -1.10705138206e-05
1737 -1.10442489416e-05
1738 -1.1034970908e-05
1739 -1.096617596e-05
1740 -1.0920577553e-05
1741 -1.08817130907e-05
1742 -1.08374625248e-05
1743 -1.07786865116e-05
1744 -1.06882355139e-05
1745 -1.06141168401e-05
1746 -1.05787037906e-05
1747 -1.05423590025e-05
1748 -1.04837701302e-05
1749 -1.04245740365e-05
1750 -1.27729477663e-05
1751 -1.22840345929e-05
1752 -1.18024407286e-05
1753 -1.20951642173e-05
1754 -1.18905827291e-05
1755 -1.18211121021e-05
1756 -1.19319424322e-05
1757 -1.20603091043e-05
1758 -1.20022572639e-05
1759 -1.19923316825e-05
1760 -1.20942816847e-05
1761 -1.1959229799e-05
1762 -1.20708423425e-05
1763 -1.18652773326e-05
1764 -1.18994193665e-05
1765 -1.18939146348e-05
1766 -1.18564832892e-05
1767 -1.18547929091e-05
1768 -1.17539108172e-05
1769 -1.17170561909e-05
1770 -1.17976792941e-05
1771 -1.18164722126e-05
1772 -1.17404609404e-05
1773 -1.1663823553e-05
1774 -1.16372996162e-05
1775 -1.16046571626e-05
1776 -1.15054189481e-05
1777 -1.14445404076e-05
1778 -1.14626925869e-05
1779 -1.14096855828e-05
1780 -1.12766734487e-05
1781 -1.13169121396e-05
1782 -1.13443941618e-05
1783 -1.12274285854e-05
1784 -1.11648172164e-05
1785 -1.11222116757e-05
1786 -1.10743953677e-05
1787 -1.10456728092e-05
1788 -1.10347476725e-05
1789 -1.09623510002e-05
1790 -1.09175214029e-05
1791 -1.08787521054e-05
1792 -1.0833712589e-05
1793 -1.07736729039e-05
1794 -1.06831463108e-05
1795 -1.06103105801e-05
1796 -1.0576825159e-05
1797 -1.05455169493e-05
1798 -1.04896277987e-05
1799 -1.04305658723e-05
1800 -1.27883775679e-05
1801 -1.23082822609e-05
1802 -1.18257521759e-05
1803 -1.21200667944e-05
1804 -1.19150652666e-05
1805 -1.18460634373e-05
1806 -1.19534599118e-05
1807 -1.20820663284e-05
1808 -1.20248472622e-05
1809 -1.20155326208e-05
1810 -1.21157814925e-05
1811 -1.19824965729e-05
1812 -1.20916375063e-05
1813 -1.18838863607e-05
1814 -1.19206489691e-05
1815 -1.19115252522e-05
1816 -1.1871976795e-05
1817 -1.18684615554e-05
1818 -1.1769887917e-05
1819 -1.17334554651e-05
1820 -1.18097676357e-05
1821 -1.18256038449e-05
1822 -1.17501702298e-05
1823 -1.16725312332e-05
1824 -1.16469698505e-05
1825 -1.1613735054e-05
1826 -1.15153299996e-05
1827 -1.14539496079e-05
1828 -1.14720811327e-05
1829 -1.14173652455e-05
1830 -1.12812001914e-05
1831 -1.1321763115e-05
1832 -1.13471769262e-05
1833 -1.12310717114e-05
1834 -1.11750957882e-05
1835 -1.11379494205e-05
1836 -1.10853053693e-05
1837 -1.10554226002e-05
1838 -1.1041350703e-05
1839 -1.09706428138e-05
1840 -1.09222815848e-05
1841 -1.08833325662e-05
1842 -1.08362909181e-05
1843 -1.07798792695e-05
1844 -1.06873838835e-05
1845 -1.06140816543e-05
1846 -1.05802573733e-05
1847 -1.05451631868e-05
1848 -1.04871033864e-05
1849 -1.04261379468e-05
1850 -1.27998137162e-05
1851 -1.23357216248e-05
1852 -1.18385039207e-05
1853 -1.21354755774e-05
1854 -1.19259563725e-05
1855 -1.18585037834e-05
1856 -1.19620079866e-05
1857 -1.20922764146e-05
1858 -1.20341469699e-05
1859 -1.2026469113e-05
1860 -1.21233391861e-05
1861 -1.19964914684e-05
1862 -1.21040406824e-05
1863 -1.19008999264e-05
1864 -1.19386611762e-05
1865 -1.19298705234e-05
1866 -1.18913148627e-05
1867 -1.18842334828e-05
1868 -1.17863448914e-05
1869 -1.17530146657e-05
1870 -1.18263432914e-05
1871 -1.18378287033e-05
1872 -1.1765992607e-05
1873 -1.16861520752e-05
1874 -1.16596879334e-05
1875 -1.1623730374e-05
1876 -1.15255202365e-05
1877 -1.14610054087e-05
1878 -1.14792399134e-05
1879 -1.14235239528e-05
1880 -1.1288024045e-05
1881 -1.13277413741e-05
1882 -1.13537072515e-05
1883 -1.12392640219e-05
1884 -1.11807426883e-05
1885 -1.11410867072e-05
1886 -1.10842466027e-05
1887 -1.1058879852e-05
1888 -1.10453373062e-05
1889 -1.09748492821e-05
1890 -1.09259683094e-05
1891 -1.08879668917e-05
1892 -1.08397805265e-05
1893 -1.07820164165e-05
1894 -1.06869129491e-05
1895 -1.06160952964e-05
1896 -1.05834868857e-05
1897 -1.05467393197e-05
1898 -1.04903611832e-05
1899 -1.04256954575e-05
1900 -1.28167682647e-05
1901 -1.2350050085e-05
1902 -1.18587151172e-05
1903 -1.21508623113e-05
1904 -1.19472433109e-05
1905 -1.18771601056e-05
1906 -1.19812065933e-05
1907 -1.21114173718e-05
1908 -1.2052069717e-05
1909 -1.20489138015e-05
1910 -1.21412116736e-05
1911 -1.20149948983e-05
1912 -1.21183793249e-05
1913 -1.19119515255e-05
1914 -1.19496162843e-05
1915 -1.19390655041e-05
1916 -1.18999594838e-05
1917 -1.1890822491e-05
1918 -1.1794239264e-05
1919 -1.17621792272e-05
1920 -1.18330532995e-05
1921 -1.18439410534e-05
1922 -1.17719603591e-05
1923 -1.16897764827e-05
1924 -1.16675490386e-05
1925 -1.16329728632e-05
1926 -1.15413818589e-05
1927 -1.14760272398e-05
1928 -1.1495056805e-05
1929 -1.14381201862e-05
1930 -1.13023316557e-05
1931 -1.13400122988e-05
1932 -1.13662658264e-05
1933 -1.12500375607e-05
1934 -1.11910516708e-05
1935 -1.1146510504e-05
1936 -1.10870034471e-05
1937 -1.10599951536e-05
1938 -1.10471323101e-05
1939 -1.09758380384e-05
1940 -1.0925980353e-05
1941 -1.08885849535e-05
1942 -1.08391024554e-05
1943 -1.07810632736e-05
1944 -1.06859035802e-05
1945 -1.06179757485e-05
1946 -1.05826916776e-05
1947 -1.05488740533e-05
1948 -1.04872339966e-05
1949 -1.04253150374e-05
1950 -1.28331302375e-05
1951 -1.23612434998e-05
1952 -1.18776643835e-05
1953 -1.21673472508e-05
1954 -1.19635426545e-05
1955 -1.18959783596e-05
1956 -1.19968031069e-05
1957 -1.21226141859e-05
1958 -1.2062612716e-05
1959 -1.20637105825e-05
1960 -1.2150430146e-05
1961 -1.20250200326e-05
1962 -1.21280756012e-05
1963 -1.19193236998e-05
1964 -1.19581795336e-05
1965 -1.19492042334e-05
1966 -1.19111265652e-05
1967 -1.19010272559e-05
1968 -1.18118329149e-05
1969 -1.17798127318e-05
1970 -1.18485965426e-05
1971 -1.18602334115e-05
1972 -1.17862543095e-05
1973 -1.17042271775e-05
1974 -1.16800347826e-05
1975 -1.1641310313e-05
1976 -1.15503845096e-05
1977 -1.14792438628e-05
1978 -1.14982876382e-05
1979 -1.14419645128e-05
1980 -1.13064654177e-05
1981 -1.13443784349e-05
1982 -1.13684879847e-05
1983 -1.12515564929e-05
1984 -1.11914839826e-05
1985 -1.11557444171e-05
1986 -1.10965491281e-05
1987 -1.10683847069e-05
1988 -1.10537058563e-05
1989 -1.09803718583e-05
1990 -1.09287676896e-05
1991 -1.08928062062e-05
1992 -1.0842535375e-05
1993 -1.07822136181e-05
1994 -1.06855831489e-05
1995 -1.06157707979e-05
1996 -1.05781952414e-05
1997 -1.0543838471e-05
1998 -1.04830289696e-05
1999 -1.04204235165e-05
2000 -1.28427736752e-05
2001 -1.23819116113e-05
2002 -1.18935464437e-05
2003 -1.21836212269e-05
2004 -1.19784394806e-05
2005 -1.19135583294e-05
2006 -1.20085691125e-05
2007 -1.21354920829e-05
2008 -1.20742316711e-05
2009 -1.20794935395e-05
2010 -1.21659945768e-05
2011 -1.20399328633e-05
2012 -1.21442239101e-05
2013 -1.19394270338e-05
2014 -1.19799199232e-05
2015 -1.19671465092e-05
2016 -1.19287409577e-05
2017 -1.19156534218e-05
2018 -1.18257916645e-05
2019 -1.17941282391e-05
2020 -1.18606796771e-05
2021 -1.18749866155e-05
2022 -1.17982634958e-05
2023 -1.17144120596e-05
2024 -1.16936893542e-05
2025 -1.16540962163e-05
2026 -1.1563420792e-05
2027 -1.14900830366e-05
2028 -1.15104078067e-05
2029 -1.14558845354e-05
2030 -1.13201830366e-05
2031 -1.13555931233e-05
2032 -1.13798187898e-05
2033 -1.12629110092e-05
2034 -1.12091585864e-05
2035 -1.11681949474e-05
2036 -1.11012951384e-05
2037 -1.1076908197e-05
2038 -1.10645126395e-05
2039 -1.09905997003e-05
2040 -1.09398302191e-05
2041 -1.09022803237e-05
2042 -1.08500423616e-05
2043 -1.07874067992e-05
2044 -1.06914834476e-05
2045 -1.06229479108e-05
2046 -1.05838132349e-05
2047 -1.05453175105e-05
2048 -1.04825902252e-05
2049 -1.04153217627e-05
2050 -1.28701105965e-05
2051 -1.24188923302e-05
2052 -1.19223047785e-05
2053 -1.22205757063e-05
2054 -1.20115343737e-05
2055 -1.19475425443e-05
2056 -1.20367087881e-05
2057 -1.21658053804e-05
2058 -1.21048435781e-05
2059 -1.21116509845e-05
2060 -1.2193861881e-05
2061 -1.20669234658e-05
2062 -1.21684764435e-05
2063 -1.19590967838e-05
2064 -1.20000271808e-05
2065 -1.19857677582e-05
2066 -1.1944553141e-05
2067 -1.19310024807e-05
2068 -1.1840757755e-05
2069 -1.18097695386e-05
2070 -1.18719933224e-05
2071 -1.18874209807e-05
2072 -1.18097919574e-05
2073 -1.17269504486e-05
2074 -1.17046747317e-05
2075 -1.16660546031e-05
2076 -1.15760620928e-05
2077 -1.1497464101e-05
2078 -1.15172525e-05
2079 -1.14629844406e-05
2080 -1.13241456255e-05
2081 -1.13599638286e-05
2082 -1.13829435018e-05
2083 -1.12659142021e-05
2084 -1.12085765099e-05
2085 -1.11664147681e-05
2086 -1.11010847611e-05
2087 -1.10776679071e-05
2088 -1.10612399735e-05
2089 -1.09920636626e-05
2090 -1.09385141073e-05
2091 -1.09035934508e-05
2092 -1.08483839679e-05
2093 -1.07919247637e-05
2094 -1.06905719591e-05
2095 -1.0624802838e-05
2096 -1.05863996594e-05
2097 -1.05472638069e-05
2098 -1.04866798458e-05
2099 -1.04178515377e-05
2100 -1.29037288387e-05
2101 -1.24649939909e-05
2102 -1.19472059242e-05
2103 -1.22510659409e-05
2104 -1.20359346217e-05
2105 -1.19770188438e-05
2106 -1.20577336388e-05
2107 -1.21900490542e-05
2108 -1.21297514611e-05
2109 -1.21366417561e-05
2110 -1.22152831593e-05
2111 -1.20900726716e-05
2112 -1.21894430262e-05
2113 -1.19811748826e-05
2114 -1.20215768239e-05
2115 -1.20086418305e-05
2116 -1.19672504756e-05
2117 -1.19511213412e-05
2118 -1.18635955829e-05
2119 -1.18331797474e-05
2120 -1.18927903926e-05
2121 -1.19038854437e-05
2122 -1.18285526162e-05
2123 -1.17438717121e-05
2124 -1.17222871242e-05
2125 -1.16818999396e-05
2126 -1.15922528132e-05
2127 -1.15107573408e-05
2128 -1.15318578531e-05
2129 -1.14745967044e-05
2130 -1.13360035515e-05
2131 -1.1371944275e-05
2132 -1.1393438365e-05
2133 -1.12781255645e-05
2134 -1.12203547036e-05
2135 -1.1180415445e-05
2136 -1.11089792022e-05
2137 -1.10854077026e-05
2138 -1.10661402465e-05
2139 -1.09927591325e-05
2140 -1.09369547688e-05
2141 -1.09014182454e-05
2142 -1.08473760584e-05
2143 -1.07893874521e-05
2144 -1.0690546855e-05
2145 -1.06243135432e-05
2146 -1.05861454865e-05
2147 -1.05477859e-05
2148 -1.04860573678e-05
2149 -1.04156935798e-05
2150 -1.29338789519e-05
2151 -1.25046783629e-05
2152 -1.19675603832e-05
2153 -1.22829422279e-05
2154 -1.20577736422e-05
2155 -1.20035890784e-05
2156 -1.20802739479e-05
2157 -1.22166051853e-05
2158 -1.21532355884e-05
2159 -1.21659569791e-05
2160 -1.22436103593e-05
2161 -1.21129990609e-05
2162 -1.22113491505e-05
2163 -1.20043015441e-05
2164 -1.20461162166e-05
2165 -1.20318499807e-05
2166 -1.19885639685e-05
2167 -1.19707367639e-05
2168 -1.18846277613e-05
2169 -1.18549644977e-05
2170 -1.19120379798e-05
2171 -1.1923103516e-05
2172 -1.1847829424e-05
2173 -1.17595839474e-05
2174 -1.17358353857e-05
2175 -1.16946625144e-05
2176 -1.16043331217e-05
2177 -1.15199940323e-05
2178 -1.1543657813e-05
2179 -1.14851921278e-05
2180 -1.13472110843e-05
2181 -1.13828382765e-05
2182 -1.14026643112e-05
2183 -1.12889054515e-05
2184 -1.12293727379e-05
2185 -1.11878509829e-05
2186 -1.11140648272e-05
2187 -1.10905707933e-05
2188 -1.10716486423e-05
2189 -1.10003533368e-05
2190 -1.09429731214e-05
2191 -1.09059260461e-05
2192 -1.08491590669e-05
2193 -1.07887351638e-05
2194 -1.06885123986e-05
2195 -1.06242457383e-05
2196 -1.05827485706e-05
2197 -1.05450713422e-05
2198 -1.04809304916e-05
2199 -1.040771938e-05
2200 -1.29842043775e-05
2201 -1.25659436604e-05
2202 -1.19976582997e-05
2203 -1.23266437526e-05
2204 -1.20938977525e-05
2205 -1.20432108185e-05
2206 -1.21118977335e-05
2207 -1.22503854813e-05
2208 -1.21824149448e-05
2209 -1.21977037187e-05
2210 -1.22799433871e-05
2211 -1.21456142248e-05
2212 -1.2243522803e-05
2213 -1.2031768882e-05
2214 -1.20780697713e-05
2215 -1.20617644327e-05
2216 -1.20178671665e-05
2217 -1.1996673306e-05
2218 -1.19118409266e-05
2219 -1.18811879586e-05
2220 -1.19343213087e-05
2221 -1.19461519435e-05
2222 -1.18657865397e-05
2223 -1.17753068387e-05
2224 -1.17526445463e-05
2225 -1.17073746226e-05
2226 -1.16191838672e-05
2227 -1.15304109174e-05
2228 -1.15550427629e-05
2229 -1.1496193367e-05
2230 -1.13590718415e-05
2231 -1.13931507361e-05
2232 -1.14089163595e-05
2233 -1.12931852933e-05
2234 -1.12330718119e-05
2235 -1.11915537121e-05
2236 -1.11171048352e-05
2237 -1.10932842652e-05
2238 -1.10732874174e-05
2239 -1.10027213635e-05
2240 -1.09424787837e-05
2241 -1.09037953103e-05
2242 -1.08515635992e-05
2243 -1.0789497324e-05
2244 -1.06873180791e-05
2245 -1.06221702546e-05
2246 -1.05795379538e-05
2247 -1.05414568957e-05
2248 -1.04808177147e-05
2249 -1.04100220736e-05
2250 -1.30593841053e-05
2251 -1.26312261003e-05
2252 -1.2036785413e-05
2253 -1.23842095005e-05
2254 -1.21367542714e-05
2255 -1.20917076153e-05
2256 -1.21555255206e-05
2257 -1.22964819622e-05
2258 -1.22243250283e-05
2259 -1.22422706421e-05
2260 -1.23248421968e-05
2261 -1.21847118918e-05
2262 -1.22795161288e-05
2263 -1.20656961834e-05
2264 -1.21131394852e-05
2265 -1.20961499477e-05
2266 -1.20460272311e-05
2267 -1.20239613567e-05
2268 -1.19366848197e-05
2269 -1.19055246982e-05
2270 -1.19559138164e-05
2271 -1.19696563418e-05
2272 -1.1885979793e-05
2273 -1.17933609371e-05
2274 -1.17763037699e-05
2275 -1.17285075785e-05
2276 -1.16430291806e-05
2277 -1.15478049095e-05
2278 -1.15691559572e-05
2279 -1.15052061496e-05
2280 -1.13671943935e-05
2281 -1.1398957637e-05
2282 -1.1413639109e-05
2283 -1.1300192342e-05
2284 -1.12373346277e-05
2285 -1.1195891325e-05
2286 -1.11187176665e-05
2287 -1.1094192197e-05
2288 -1.10717138282e-05
2289 -1.09994979387e-05
2290 -1.09395599758e-05
2291 -1.09057131688e-05
2292 -1.08522881239e-05
2293 -1.07888673443e-05
2294 -1.06871556272e-05
2295 -1.06230333514e-05
2296 -1.05806899414e-05
2297 -1.05415029046e-05
2298 -1.04780547419e-05
2299 -1.04025065977e-05
2300 -1.3145382304e-05
2301 -1.27114926473e-05
2302 -1.20846127122e-05
2303 -1.24472337809e-05
2304 -1.21933655143e-05
2305 -1.21506043091e-05
2306 -1.22078651157e-05
2307 -1.23533529124e-05
2308 -1.22744122218e-05
2309 -1.22968281157e-05
2310 -1.23749472339e-05
2311 -1.22311716172e-05
2312 -1.23246226703e-05
2313 -1.21077634666e-05
2314 -1.2156674198e-05
2315 -1.21387272898e-05
2316 -1.20875682589e-05
2317 -1.20636723901e-05
2318 -1.19775266904e-05
2319 -1.19424267584e-05
2320 -1.19936522117e-05
2321 -1.20061259052e-05
2322 -1.19181222067e-05
2323 -1.18206969851e-05
2324 -1.17999483729e-05
2325 -1.17501555471e-05
2326 -1.16640061566e-05
2327 -1.1567093076e-05
2328 -1.15867587906e-05
2329 -1.1523281859e-05
2330 -1.13855751281e-05
2331 -1.14139950998e-05
2332 -1.14280457017e-05
2333 -1.13143041592e-05
2334 -1.12469294008e-05
2335 -1.12042200241e-05
2336 -1.112052366e-05
2337 -1.10978901927e-05
2338 -1.10768895161e-05
2339 -1.10139684291e-05
2340 -1.09490153902e-05
2341 -1.09135947952e-05
2342 -1.08569510755e-05
2343 -1.07914613304e-05
2344 -1.06870205872e-05
2345 -1.06231170264e-05
2346 -1.05775746242e-05
2347 -1.05357596859e-05
2348 -1.04739332045e-05
2349 -1.03951785756e-05
2350 -1.32637005527e-05
2351 -1.28113598927e-05
2352 -1.21386259061e-05
2353 -1.25285808411e-05
2354 -1.22575953035e-05
2355 -1.22164287742e-05
2356 -1.22707670067e-05
2357 -1.24213863816e-05
2358 -1.23367245052e-05
2359 -1.23637254214e-05
2360 -1.24453732017e-05
2361 -1.2295600238e-05
2362 -1.23877326836e-05
2363 -1.21654678187e-05
2364 -1.22165269482e-05
2365 -1.21986736832e-05
2366 -1.21441609709e-05
2367 -1.21197227114e-05
2368 -1.20287659387e-05
2369 -1.19930618672e-05
2370 -1.20438541227e-05
2371 -1.20532891369e-05
2372 -1.19635058338e-05
2373 -1.18620005918e-05
2374 -1.18359866545e-05
2375 -1.17845094955e-05
2376 -1.16993284379e-05
2377 -1.15936911778e-05
2378 -1.16110427531e-05
2379 -1.15474521411e-05
2380 -1.1404087105e-05
2381 -1.14322442999e-05
2382 -1.1444736327e-05
2383 -1.13324661416e-05
2384 -1.1263490078e-05
2385 -1.12207375839e-05
2386 -1.11404747787e-05
2387 -1.11136461602e-05
2388 -1.10869442969e-05
2389 -1.10176183362e-05
2390 -1.09467649412e-05
2391 -1.09082679918e-05
2392 -1.08519774171e-05
2393 -1.07878025341e-05
2394 -1.06831181027e-05
2395 -1.06191708595e-05
2396 -1.05704853779e-05
2397 -1.05269573498e-05
2398 -1.04664881037e-05
2399 -1.03839682325e-05
2400 -1.34226454103e-05
2401 -1.29475756223e-05
2402 -1.22255628397e-05
2403 -1.26440477585e-05
2404 -1.23621909465e-05
2405 -1.23182256781e-05
2406 -1.23693783716e-05
2407 -1.25221132246e-05
2408 -1.24311108907e-05
2409 -1.24586405748e-05
2410 -1.25441954405e-05
2411 -1.23832543547e-05
2412 -1.24745310754e-05
2413 -1.22432864789e-05
2414 -1.22951692537e-05
2415 -1.22765938508e-05
2416 -1.22095163994e-05
2417 -1.21831269584e-05
2418 -1.20918201662e-05
2419 -1.20466896874e-05
2420 -1.20933556308e-05
2421 -1.20987824495e-05
2422 -1.20074712173e-05
2423 -1.18991988584e-05
2424 -1.18696818981e-05
2425 -1.18135575128e-05
2426 -1.17279961775e-05
2427 -1.1616621895e-05
2428 -1.16322288179e-05
2429 -1.15687470207e-05
2430 -1.14270971449e-05
2431 -1.14542762073e-05
2432 -1.14616940152e-05
2433 -1.13471665572e-05
2434 -1.12699357779e-05
2435 -1.12302871338e-05
2436 -1.11455102762e-05
2437 -1.1116791178e-05
2438 -1.1089359277e-05
2439 -1.10219721885e-05
2440 -1.09492776953e-05
2441 -1.09142566764e-05
2442 -1.08570068428e-05
2443 -1.07923691333e-05
2444 -1.06867051139e-05
2445 -1.0622995208e-05
2446 -1.05738155472e-05
2447 -1.05273505657e-05
2448 -1.04624851817e-05
2449 -1.03793534444e-05
2450 -1.35939259721e-05
2451 -1.30831177798e-05
2452 -1.2328996761e-05
2453 -1.27694269135e-05
2454 -1.24736866335e-05
2455 -1.2428165056e-05
2456 -1.24773854207e-05
2457 -1.26361549494e-05
2458 -1.25360671063e-05
2459 -1.25728735538e-05
2460 -1.2655597733e-05
2461 -1.2486960529e-05
2462 -1.25781488147e-05
2463 -1.23383305496e-05
2464 -1.23934677122e-05
2465 -1.23742729552e-05
2466 -1.23019383393e-05
2467 -1.22721324014e-05
2468 -1.21788863245e-05
2469 -1.21362560696e-05
2470 -1.2184889878e-05
2471 -1.21890552425e-05
2472 -1.20905134066e-05
2473 -1.19760014169e-05
2474 -1.19424534767e-05
2475 -1.18818361513e-05
2476 -1.1792361264e-05
2477 -1.16690900339e-05
2478 -1.16806156212e-05
2479 -1.16102077772e-05
2480 -1.14587520066e-05
2481 -1.14820742656e-05
2482 -1.14899394394e-05
2483 -1.13738291722e-05
2484 -1.12883596198e-05
2485 -1.12473361016e-05
2486 -1.115872576e-05
2487 -1.11282551356e-05
2488 -1.10974663868e-05
2489 -1.10308643209e-05
2490 -1.09561379999e-05
2491 -1.09180513876e-05
2492 -1.08572675874e-05
2493 -1.07880259315e-05
2494 -1.06788432309e-05
2495 -1.0614640467e-05
2496 -1.05631969763e-05
2497 -1.05237879567e-05
2498 -1.04629022415e-05
2499 -1.03773968024e-05
