0 -0.00146340617219
1 -0.00136131028067
2 -0.00130494867494
3 -0.00123874070177
4 -0.0012973208047
5 -0.00119981815083
6 -0.0011808539835
7 -0.00114620860055
8 -0.00109202179522
9 -0.00105643634609
10 -0.00101753582401
11 -0.000974310362276
12 -0.000922810076148
13 -0.000855259119953
14 -0.000806691203109
15 -0.000747345271636
16 -0.000677569309269
17 -0.000617247120372
18 -0.000554533330143
19 -0.000492103082377
20 -0.000440103219683
21 -0.000386306562331
22 -0.000334558126406
23 -0.000287233632736
24 -0.00024668668821
25 -0.000209042332957
26 -0.000174720744473
27 -0.000144685240071
28 -0.000119242598372
29 -9.62641289172e-05
30 -7.6042214069e-05
31 -5.90284431992e-05
32 -4.41479595418e-05
33 -3.11451690557e-05
34 -2.0096874774e-05
35 -1.06987382457e-05
36 -2.6242357932e-06
37 4.14243177825e-06
38 1.00300175701e-05
39 1.4763473996e-05
40 1.85500421911e-05
41 2.18163453586e-05
42 2.43978825644e-05
43 2.63582876356e-05
44 2.79162357296e-05
45 2.90062649689e-05
46 3.00338807548e-05
47 3.07104455394e-05
48 3.13086655167e-05
49 3.1569361207e-05
50 -0.00152032685151
51 -0.00143213918267
52 -0.00132744667352
53 -0.00134513203403
54 -0.0012722558192
55 -0.00121880178527
56 -0.00118321538294
57 -0.00114408125265
58 -0.00108829804426
59 -0.00102805240904
60 -0.000986931907819
61 -0.000925468442893
62 -0.000881740910788
63 -0.000815772262464
64 -0.000763435460265
65 -0.000708162798104
66 -0.000648421322626
67 -0.000593838895464
68 -0.000530188549452
69 -0.000472472375707
70 -0.000423085124977
71 -0.000372631205407
72 -0.000322514647384
73 -0.000276935663982
74 -0.000237451751186
75 -0.000200835711727
76 -0.00016787668905
77 -0.000139064746812
78 -0.000114440568775
79 -9.23223124829e-05
80 -7.28464154245e-05
81 -5.64119880214e-05
82 -4.19516840363e-05
83 -2.94464175048e-05
84 -1.88311843897e-05
85 -9.77619528361e-06
86 -1.98730925281e-06
87 4.52334159039e-06
88 1.01106377505e-05
89 1.46294108305e-05
90 1.83023310601e-05
91 2.13985467431e-05
92 2.37922984758e-05
93 2.5646894756e-05
94 2.71095384086e-05
95 2.81467125013e-05
96 2.91344627696e-05
97 2.97802049258e-05
98 3.03061079222e-05
99 3.05226508993e-05
100 -0.00169269258975
101 -0.00158385311712
102 -0.00146903943327
103 -0.00148117283502
104 -0.00139143010795
105 -0.00131998690766
106 -0.00126722890245
107 -0.00120888839116
108 -0.00113054557375
109 -0.00104838821594
110 -0.000990483118508
111 -0.000913922931647
112 -0.00086098650317
113 -0.000790378993933
114 -0.000737461278382
115 -0.000683995987731
116 -0.000627214977874
117 -0.000575635043887
118 -0.000515152092838
119 -0.000459842916699
120 -0.000412087934033
121 -0.000362805372481
122 -0.00031383598739
123 -0.000269134830133
124 -0.000230324832314
125 -0.000194322273921
126 -0.000161950740061
127 -0.000133670768406
128 -0.000109477154242
129 -8.77933775292e-05
130 -6.87543388085e-05
131 -5.2676339539e-05
132 -3.85616689169e-05
133 -2.6415284203e-05
134 -1.61185007765e-05
135 -7.36003558493e-06
136 1.75943721487e-07
137 6.44836676104e-06
138 1.18040107557e-05
139 1.61224439881e-05
140 1.96164996184e-05
141 2.25610406794e-05
142 2.48202544636e-05
143 2.65296990111e-05
144 2.78742726684e-05
145 2.88065935525e-05
146 2.97078701141e-05
147 3.02769011622e-05
148 3.07335975458e-05
149 3.08898317441e-05
150 -0.00187506157706
151 -0.0017569089756
152 -0.00162954701465
153 -0.00163955835451
154 -0.00153614787221
155 -0.00145052252567
156 -0.0013831225839
157 -0.00130622901436
158 -0.00120525398618
159 -0.00109849236326
160 -0.00101803452629
161 -0.000919585147247
162 -0.000849754999679
163 -0.000766364536684
164 -0.000707877061814
165 -0.000653467057816
166 -0.00059839456035
167 -0.000550041180196
168 -0.000493281443765
169 -0.000441180434238
170 -0.000395894432649
171 -0.000348739443899
172 -0.000301501685536
173 -0.000257971436742
174 -0.000220075427915
175 -0.000184967767686
176 -0.000153421036458
177 -0.000125865052049
178 -0.000102250455262
179 -8.11950852843e-05
180 -6.27753128111e-05
181 -4.7213673603e-05
182 -3.35835174178e-05
183 -2.19511666984e-05
184 -1.21035747077e-05
185 -3.78098254806e-06
186 3.39965216226e-06
187 9.32863065396e-06
188 1.44105245782e-05
189 1.84628088519e-05
190 2.16956173144e-05
191 2.43850377948e-05
192 2.64441554878e-05
193 2.79400707304e-05
194 2.91139768504e-05
195 2.98900639253e-05
196 3.06546241786e-05
197 3.11093018667e-05
198 3.14641767427e-05
199 3.15383600689e-05
200 -0.00205068182544
201 -0.00194623703611
202 -0.00178344408763
203 -0.00180167638576
204 -0.00168129583746
205 -0.00158762832829
206 -0.00151042346375
207 -0.00142401870472
208 -0.00130732685082
209 -0.00117931936567
210 -0.00107996960147
211 -0.000953379504949
212 -0.00086134173183
213 -0.000758204455328
214 -0.000686662416165
215 -0.000625172679689
216 -0.000568014620506
217 -0.000520512334871
218 -0.000466872862542
219 -0.000418002868473
220 -0.000375376663531
221 -0.000330790859124
222 -0.000285460706918
223 -0.000243450394426
224 -0.000206764541597
225 -0.000172714079464
226 -0.00014217893113
227 -0.000115564026319
228 -9.27410511219e-05
229 -7.24840108914e-05
230 -5.48615198424e-05
231 -3.99617693765e-05
232 -2.69634172087e-05
233 -1.59782212593e-05
234 -6.75558299093e-06
235 1.01645238603e-06
236 7.74939468047e-06
237 1.3213395692e-05
238 1.78895802991e-05
239 2.15660612647e-05
240 2.44106822501e-05
241 2.68524733418e-05
242 2.86129320547e-05
243 2.989883305e-05
244 3.08351323145e-05
245 3.13411168515e-05
246 3.19318607121e-05
247 3.22655354145e-05
248 3.24997007087e-05
249 3.24829043585e-05
250 -0.00222084712059
251 -0.00210275329063
252 -0.00192640480825
253 -0.00194465919725
254 -0.00181538215601
255 -0.00170930123645
256 -0.00162449610475
257 -0.00153153690057
258 -0.00140165184027
259 -0.00126443826564
260 -0.00114992934185
261 -0.0010064924103
262 -0.000896716781117
263 -0.000770153404269
264 -0.000678933710574
265 -0.000603309838767
266 -0.000537738718853
267 -0.000487880446303
268 -0.000435552562906
269 -0.00038980541788
270 -0.000349970974079
271 -0.000308051214007
272 -0.000264950923823
273 -0.000225164790462
274 -0.000189937238275
275 -0.000157210748201
276 -0.000128039594519
277 -0.000102559260125
278 -8.07334570553e-05
279 -6.15287844299e-05
280 -4.49548972448e-05
281 -3.09143707514e-05
282 -1.87551834862e-05
283 -8.62977778309e-06
284 -1.97652075125e-07
285 6.89383337536e-06
286 1.30145139074e-05
287 1.79057240851e-05
288 2.21067249319e-05
289 2.5262718588e-05
290 2.77526871856e-05
291 2.9815909981e-05
292 3.12188664209e-05
293 3.21933066839e-05
294 3.27960584453e-05
295 3.3100919315e-05
296 3.35118072774e-05
297 3.36306958939e-05
298 3.37196570791e-05
299 3.35345645937e-05
300 -0.00241165310179
301 -0.0022545285609
302 -0.00206547599378
303 -0.00208009918442
304 -0.00193271901949
305 -0.00181799184659
306 -0.00172119049945
307 -0.00161560571184
308 -0.00147655174037
309 -0.00133100139541
310 -0.00120841700536
311 -0.00105652905967
312 -0.000936152660337
313 -0.000792246713866
314 -0.000683430681423
315 -0.000590675837121
316 -0.000512788845936
317 -0.000455783429753
318 -0.000401695079671
319 -0.000357389071695
320 -0.000319856890227
321 -0.000280388861099
322 -0.000240387118591
323 -0.000202827483528
324 -0.00016941311079
325 -0.000138451683935
326 -0.00011086331239
327 -8.68559790969e-05
328 -6.63062909252e-05
329 -4.8387071821e-05
330 -3.31340772601e-05
331 -2.01898679214e-05
332 -9.05629076541e-06
333 -1.96498408184e-08
334 7.50328299002e-06
335 1.37211779039e-05
336 1.90860533306e-05
337 2.32974506773e-05
338 2.68582088334e-05
339 2.94706920313e-05
340 3.14666519489e-05
341 3.30742144411e-05
342 3.41119555633e-05
343 3.46765714568e-05
344 3.49773556521e-05
345 3.50312734212e-05
346 3.5183958853e-05
347 3.51402791573e-05
348 3.4992424922e-05
349 3.46253840485e-05
350 -0.0026081620412
351 -0.0024327099148
352 -0.00222539002214
353 -0.00222712559584
354 -0.00206499152706
355 -0.00192685459291
356 -0.00181517635829
357 -0.00168889317496
358 -0.00153747820807
359 -0.00137938960181
360 -0.00124804595176
361 -0.00109006739641
362 -0.000961841708342
363 -0.000811691895402
364 -0.000692261848979
365 -0.000586377355004
366 -0.000494938667246
367 -0.000427753550015
368 -0.000368583123126
369 -0.000323456877889
370 -0.000286780635679
371 -0.000249741531911
372 -0.000212502274031
373 -0.000177344012726
374 -0.000145864667295
375 -0.000116729334396
376 -9.10298378663e-05
377 -6.8688015277e-05
378 -4.96021037821e-05
379 -3.31996043536e-05
380 -1.95072728578e-05
381 -7.86872177067e-06
382 2.08633657328e-06
383 9.85852526611e-06
384 1.63565296002e-05
385 2.15511668121e-05
386 2.60263813707e-05
387 2.94185454423e-05
388 3.23125191326e-05
389 3.42962836825e-05
390 3.57020566613e-05
391 3.67792509789e-05
392 3.73951007149e-05
393 3.75044282735e-05
394 3.74778238125e-05
395 3.71786253455e-05
396 3.70618925517e-05
397 3.67365707867e-05
398 3.63507077e-05
399 3.58239818616e-05
400 -0.00284014774522
401 -0.00266211292112
402 -0.00241610404213
403 -0.00241058585183
404 -0.00221494731037
405 -0.00205389858548
406 -0.00191631433398
407 -0.00176839369627
408 -0.00159436382796
409 -0.00141593961161
410 -0.00127121332743
411 -0.00110238781192
412 -0.000968378920935
413 -0.000816756530511
414 -0.000693479524023
415 -0.000581186412189
416 -0.000480744719964
417 -0.000403776946974
418 -0.000337842984225
419 -0.000289710293495
420 -0.000252544042489
421 -0.000217351774207
422 -0.000182456764254
423 -0.000149582464565
424 -0.000120025506816
425 -9.26322472077e-05
426 -6.8871823394e-05
427 -4.83388678418e-05
428 -3.08365756985e-05
429 -1.6124255036e-05
430 -4.17134210577e-06
431 6.03337442397e-06
432 1.46264032249e-05
433 2.10448026016e-05
434 2.61997965024e-05
435 3.02692723077e-05
436 3.3762529215e-05
437 3.62488091287e-05
438 3.83620674685e-05
439 3.96355703235e-05
440 4.03727567773e-05
441 4.09113998385e-05
442 4.09956903853e-05
443 4.0708684868e-05
444 4.02805653198e-05
445 3.96042682355e-05
446 3.91376629107e-05
447 3.85369459896e-05
448 3.79266298839e-05
449 3.72275361942e-05
450 -0.00313771326883
451 -0.00293779533016
452 -0.00265032927742
453 -0.0026282835837
454 -0.00239664288658
455 -0.00220348886473
456 -0.00203158036703
457 -0.00185480124697
458 -0.00164990123483
459 -0.00144785696495
460 -0.00128316282802
461 -0.00109951544535
462 -0.000956905042827
463 -0.000802534367336
464 -0.000677878195636
465 -0.00056436907018
466 -0.000461387314403
467 -0.000378656376867
468 -0.000307842646055
469 -0.000256395375564
470 -0.000218089004641
471 -0.000183882187108
472 -0.000150924746348
473 -0.000120205781851
474 -9.22897731332e-05
475 -6.66445488154e-05
476 -4.47636501241e-05
477 -2.60829270839e-05
478 -1.03154891786e-05
479 2.54353294466e-06
480 1.26427528349e-05
481 2.12285341688e-05
482 2.82844583915e-05
483 3.31461354758e-05
484 3.69898653786e-05
485 3.9743781359e-05
486 4.2186155152e-05
487 4.3699339107e-05
488 4.49866007745e-05
489 4.54208653213e-05
490 4.55070951744e-05
491 4.54687105466e-05
492 4.49744753291e-05
493 4.42048656612e-05
494 4.33121511656e-05
495 4.22024563745e-05
496 4.14344682836e-05
497 4.05178783692e-05
498 3.96896752699e-05
499 3.87424939194e-05
500 -0.00350535482793
501 -0.00327467305835
502 -0.0029379388684
503 -0.002893209172
504 -0.00261357041529
505 -0.00237614423875
506 -0.0021612135547
507 -0.00194744236232
508 -0.00170473446481
509 -0.00147455024683
510 -0.00128364368423
511 -0.00108399371233
512 -0.000928744244507
513 -0.000768996362165
514 -0.000642132625518
515 -0.000529373876089
516 -0.000427990095808
517 -0.000345335637209
518 -0.000273716844892
519 -0.000221128119078
520 -0.000182312278815
521 -0.000149437702433
522 -0.000118642304761
523 -8.98321238765e-05
524 -6.33215541872e-05
525 -3.92533525991e-05
526 -1.91128503466e-05
527 -2.2022976148e-06
528 1.18416145023e-05
529 2.27527580558e-05
530 3.08277614598e-05
531 3.77060736448e-05
532 4.30796685466e-05
533 4.62242497109e-05
534 4.85334651458e-05
535 4.99017582817e-05
536 5.11712670685e-05
537 5.15850284771e-05
538 5.19549304486e-05
539 5.15084248856e-05
540 5.08836994804e-05
541 5.01764616244e-05
542 4.91008986094e-05
543 4.783324515e-05
544 4.65002348257e-05
545 4.50040771097e-05
546 4.3880813111e-05
547 4.26553870234e-05
548 4.1557746105e-05
549 4.03420213739e-05
550 -0.00396545239862
551 -0.00368743952171
552 -0.00328458942114
553 -0.00321432934147
554 -0.00286629963637
555 -0.00257383160971
556 -0.00230356274278
557 -0.00204218687111
558 -0.0017546152007
559 -0.00149027660758
560 -0.00127047261328
561 -0.00105279383446
562 -0.000883236201037
563 -0.000717307537405
564 -0.000587110326444
565 -0.000475204106635
566 -0.000377759182944
567 -0.000298203428533
568 -0.000230341353003
569 -0.000180110650473
570 -0.000143065812549
571 -0.000113160489913
572 -8.5579736954e-05
573 -5.90204837132e-05
574 -3.38629982416e-05
575 -1.10393467947e-05
576 7.54449141661e-06
577 2.28769554597e-05
578 3.51919730531e-05
579 4.41533455217e-05
580 5.0038423814e-05
581 5.51099229499e-05
582 5.876745652e-05
583 6.00826056303e-05
584 6.07194824887e-05
585 6.06762870628e-05
586 6.06752907897e-05
587 6.00120631478e-05
588 5.93727714102e-05
589 5.80697876909e-05
590 5.66988381501e-05
591 5.52401923685e-05
592 5.36019969081e-05
593 5.17488344409e-05
594 4.98820714287e-05
595 4.80010258586e-05
596 4.64480396661e-05
597 4.48946559772e-05
598 4.34895622784e-05
599 4.20214980605e-05
600 -0.00454649870245
601 -0.00420659484333
602 -0.00370615788185
603 -0.00359586512949
604 -0.00315752825281
605 -0.00279403518163
606 -0.0024536958136
607 -0.00213278458709
608 -0.0017936942198
609 -0.00148976697962
610 -0.00123896972535
611 -0.00100138463797
612 -0.000817656730876
613 -0.000646522236527
614 -0.000513874188817
615 -0.000403013689213
616 -0.000310323074378
617 -0.000235498074464
618 -0.000174478421301
619 -0.000129730929297
620 -9.73846224795e-05
621 -7.32236192733e-05
622 -5.09692961818e-05
623 -2.79436339351e-05
624 -4.4539404838e-06
625 1.72773985191e-05
626 3.45760531825e-05
627 4.85833805157e-05
628 5.93212600952e-05
629 6.64240068871e-05
630 7.00469946495e-05
631 7.32482529144e-05
632 7.50924500886e-05
633 7.45805411013e-05
634 7.3491506601e-05
635 7.1955584805e-05
636 7.06364838952e-05
637 6.87245517492e-05
638 6.70137527204e-05
639 6.47923587125e-05
640 6.25550056166e-05
641 6.03979453773e-05
642 5.81215533106e-05
643 5.57269753979e-05
644 5.33794739702e-05
645 5.10445946534e-05
646 4.90815493175e-05
647 4.72224765935e-05
648 4.54782986768e-05
649 4.37719052365e-05
650 -0.00527092971126
651 -0.00484899691479
652 -0.00421841723944
653 -0.00404068999423
654 -0.00349025650428
655 -0.003029029779
656 -0.00260159282607
657 -0.0022058207753
658 -0.00180861907886
659 -0.0014620255934
660 -0.00117875588535
661 -0.000923153015826
662 -0.000726867383115
663 -0.000554163496124
664 -0.000421057066675
665 -0.000313263712558
666 -0.000226652783336
667 -0.000158037681326
668 -0.000105616001328
669 -6.84066417504e-05
670 -4.30392611541e-05
671 -2.74148122045e-05
672 -1.35297225914e-05
673 3.8188534006e-06
674 2.4581024472e-05
675 4.50865931952e-05
676 6.14484706526e-05
677 7.43308361597e-05
678 8.37857254431e-05
679 8.91126393831e-05
680 9.06571017547e-05
681 9.19898431627e-05
682 9.19114609142e-05
683 8.94122624381e-05
684 8.66167907434e-05
685 8.34997055069e-05
686 8.07681871237e-05
687 7.76165306341e-05
688 7.48464220512e-05
689 7.16279904547e-05
690 6.85513572924e-05
691 6.56899960118e-05
692 6.27622581254e-05
693 5.97521214465e-05
694 5.69134390856e-05
695 5.41039145277e-05
696 5.17670032817e-05
697 4.95367321236e-05
698 4.74620300442e-05
699 4.55002925423e-05
700 -0.00616351376975
701 -0.00563949987684
702 -0.00484392918646
703 -0.00456420414596
704 -0.00386749058873
705 -0.00327345520924
706 -0.00273343218786
707 -0.00224914133835
708 -0.00178476594258
709 -0.00139502987169
710 -0.0010796832607
711 -0.000810757171722
712 -0.000606121156509
713 -0.000436776659071
714 -0.000307132466583
715 -0.000205964381076
716 -0.000128046311386
717 -6.76799113559e-05
718 -2.51931965348e-05
719 3.25697375442e-06
720 2.05691088708e-05
721 2.57026588119e-05
722 2.8264210254e-05
723 3.70239121293e-05
724 5.32980823733e-05
725 7.19532695358e-05
726 8.75241720205e-05
727 9.95686609861e-05
728 0.000107964779372
729 0.000111657690108
730 0.000111170267759
731 0.000110618855753
732 0.00010869745846
733 0.000104264939388
734 9.97760628189e-05
735 9.50596221702e-05
736 9.09268873913e-05
737 8.65234576588e-05
738 8.26669547909e-05
739 7.8456314376e-05
740 7.45977781638e-05
741 7.09948042011e-05
742 6.74578468912e-05
743 6.38273370157e-05
744 6.04732133741e-05
745 5.72046875966e-05
746 5.44882211556e-05
747 5.18985172774e-05
748 4.95028500211e-05
749 4.72563069666e-05
750 -0.00731724856747
751 -0.00664868457985
752 -0.00559899946049
753 -0.00517476047467
754 -0.00426881655087
755 -0.00350729879809
756 -0.00282625912486
757 -0.00223947172255
758 -0.00170328149735
759 -0.00127251459676
760 -0.000929570110042
761 -0.000655340366223
762 -0.000449192517
763 -0.000290588707588
764 -0.000170128233358
765 -8.03440483849e-05
766 -1.49873541738e-05
767 3.44421155696e-05
768 6.48019147578e-05
769 8.35791232729e-05
770 9.23888780868e-05
771 8.64818745615e-05
772 7.56852281229e-05
773 7.27624617663e-05
774 8.21429393018e-05
775 9.77848856941e-05
776 0.000112425426047
777 0.000124013205261
778 0.000131649044926
779 0.000133852433613
780 0.000131587456661
781 0.000129258937655
782 0.000125498498201
783 0.00011915226838
784 0.000112855419383
785 0.000106549674315
786 0.000101041444648
787 9.5343422812e-05
788 9.04761350799e-05
789 8.52489486219e-05
790 8.05799794377e-05
791 7.62443093295e-05
792 7.20692646182e-05
793 6.78507876823e-05
794 6.39717765638e-05
795 6.02721992821e-05
796 5.71673752987e-05
797 5.41990749481e-05
798 5.14961756355e-05
799 4.89692929574e-05
800 -0.00879524033201
801 -0.00790993015459
802 -0.00651298549435
803 -0.00586846580013
804 -0.00467324582671
805 -0.00369801972788
806 -0.00284485574982
807 -0.00214279935056
808 -0.00153837417176
809 -0.00107555356278
810 -0.000715514154122
811 -0.000448579722139
812 -0.00025110337683
813 -0.000112968000776
814 -9.17303730188e-06
815 6.35260715829e-05
816 0.000111675109931
817 0.000146583003378
818 0.00016250232692
819 0.00017010452295
820 0.00016994334317
821 0.00015348178995
822 0.00012861245503
823 0.000111671758966
824 0.000111588184765
825 0.000122763531621
826 0.000135867979801
827 0.000147091934985
828 0.000154248156751
829 0.0001554006941
830 0.000151420657772
831 0.000147541021819
832 0.000141978209846
833 0.000133778103378
834 0.000125635253731
835 0.000117951072891
836 0.000111046055812
837 0.000104139466413
838 9.81425549255e-05
839 9.19820283136e-05
840 8.64383209276e-05
841 8.13513534809e-05
842 7.65095314829e-05
843 7.17577018907e-05
844 6.73745791072e-05
845 6.32500306899e-05
846 5.97515152547e-05
847 5.64332199503e-05
848 5.34144245108e-05
849 5.06298104961e-05
850 -0.0107405356925
851 -0.00953939717734
852 -0.00760693558945
853 -0.00660834718373
854 -0.00503393304635
855 -0.00378506109105
856 -0.00273468392094
857 -0.00191595641271
858 -0.00125953562805
859 -0.000784909274249
860 -0.000425953237253
861 -0.000184230643598
862 -9.15570798657e-06
863 9.65967208374e-05
864 0.000174819039773
865 0.000224199325448
866 0.000250141278706
867 0.000266870687037
868 0.000265466873951
869 0.000259999172805
870 0.000250558323859
871 0.000224002037922
872 0.000185618960076
873 0.000153797743309
874 0.000141970994208
875 0.000146762232473
876 0.000157623457067
877 0.00016852452863
878 0.000175407711543
879 0.00017570758274
880 0.000170273486969
881 0.000164958958189
882 0.000157771693176
883 0.00014786442223
884 0.000138057334033
885 0.00012888414884
886 0.000120590936283
887 0.00011253102742
888 0.000105455975168
889 9.83458907809e-05
890 9.20584159111e-05
891 8.62575994695e-05
892 8.0816282514e-05
893 7.55337216932e-05
894 7.06422994401e-05
895 6.61149983971e-05
896 6.22120658417e-05
897 5.85709203777e-05
898 5.52439126366e-05
899 5.21897567308e-05
900 -0.0134136104433
901 -0.0115990364124
902 -0.00888605061505
903 -0.00733231354172
904 -0.00525469484631
905 -0.00367863914797
906 -0.00242216352472
907 -0.00150773796012
908 -0.000835437071899
909 -0.000382619294567
910 -5.20987527305e-05
911 0.000139258373415
912 0.000275466193691
913 0.000334956057407
914 0.000379016525701
915 0.00039765236306
916 0.000397250134095
917 0.00039192647485
918 0.000371070614732
919 0.000350964786158
920 0.000331146117564
921 0.000295009121031
922 0.000244829336944
923 0.000198129708595
924 0.000173249432536
925 0.000169995256894
926 0.000177828229818
927 0.000188147967464
928 0.000194924952174
929 0.000194713864985
930 0.000188100295687
931 0.000181430577031
932 0.000172747052428
933 0.000161147130286
934 0.000149898911126
935 0.000139295243659
936 0.000129724657076
937 0.000120558642566
938 0.000112461887447
939 0.000104425523609
940 9.73366563873e-05
941 9.08992535091e-05
942 8.48500860113e-05
943 7.90453595468e-05
944 7.36829868624e-05
945 6.87381978219e-05
946 6.45115625526e-05
947 6.05300340711e-05
948 5.69310083187e-05
949 5.36212482869e-05
950 -0.0170536532837
951 -0.0142910760848
952 -0.0103006384598
953 -0.00785486785945
954 -0.00515772479625
955 -0.00324331997059
956 -0.00181623899534
957 -0.000863012637623
958 -0.000239633638998
959 0.000142018825172
960 0.000404133200515
961 0.00051795803483
962 0.000596745808997
963 0.00059677088834
964 0.0005977692724
965 0.000579201013622
966 0.000548290009774
967 0.000518636311268
968 0.000476443028318
969 0.000440537390729
970 0.000409347539997
971 0.00036397825074
972 0.000303384126646
973 0.000243294235838
974 0.000204929807987
975 0.000192410046102
976 0.000196329805023
977 0.000205656896046
978 0.000212397126682
979 0.000211720110157
980 0.000204165926439
981 0.000196369557733
982 0.000186388010386
983 0.000173237161803
984 0.000160597862115
985 0.000148726907555
986 0.000137982938565
987 0.000127793956916
988 0.000118767183695
989 0.000109885728997
990 0.000102193254044
991 9.51470825903e-05
992 8.85804582156e-05
993 8.22682071538e-05
994 7.64896952754e-05
995 7.11714753956e-05
996 6.66284171279e-05
997 6.23613901521e-05
998 5.84752460995e-05
999 5.49596442073e-05
1000 -0.0222558610168
1001 -0.0176492860519
1002 -0.0115926468095
1003 -0.00780470642349
1004 -0.00446416209682
1005 -0.00229862992937
1006 -0.000825061473831
1007 5.3852556713e-05
1008 0.000533152199411
1009 0.000779569550021
1010 0.000929423679028
1011 0.000937650299595
1012 0.000939665537329
1013 0.000869423078023
1014 0.000820121140767
1015 0.000760840998324
1016 0.000696313684607
1017 0.000641418655791
1018 0.000577195817445
1019 0.000525205516032
1020 0.000481847688645
1021 0.000427947699874
1022 0.000358532417393
1023 0.00028698038087
1024 0.000235742697409
1025 0.000213671179584
1026 0.000212961777135
1027 0.000221122118222
1028 0.000227827485178
1029 0.000226987725809
1030 0.000218672073274
1031 0.000209931030274
1032 0.00019877734634
1033 0.000184265385656
1034 0.000170320662808
1035 0.000157263282493
1036 0.000145462295896
1037 0.000134366813602
1038 0.000124605741239
1039 0.000114957658279
1040 0.000106593590693
1041 9.89649391499e-05
1042 9.19004291197e-05
1043 8.51488954228e-05
1044 7.89807354821e-05
1045 7.32953203132e-05
1046 6.84621181855e-05
1047 6.39137239758e-05
1048 5.97899985863e-05
1049 5.60615272454e-05
1050 -0.0299783790418
1051 -0.021158747506
1052 -0.0121101050177
1053 -0.00652723726544
1054 -0.00279407787041
1055 -0.000669955318499
1056 0.000605992859638
1057 0.00123628010332
1058 0.00145753420982
1059 0.00149965534447
1060 0.0014945084521
1061 0.00137371454727
1062 0.00128602084766
1063 0.00113975481827
1064 0.00103492681791
1065 0.000933771760141
1066 0.000835647100084
1067 0.000755384207387
1068 0.000670117614514
1069 0.000602496327148
1070 0.000547539307954
1071 0.000485214188852
1072 0.000408156017199
1073 0.000327354441833
1074 0.000264680710287
1075 0.000233374676586
1076 0.000227725172753
1077 0.00023450036065
1078 0.000241078524526
1079 0.000240078516747
1080 0.000231212362497
1081 0.000221731606006
1082 0.000209479300168
1083 0.000193808657555
1084 0.000178895889557
1085 0.00016491982791
1086 0.000152176268474
1087 0.000140273110468
1088 0.000129635634996
1089 0.000119352043723
1090 0.000110381918374
1091 0.000102267709281
1092 9.47645998123e-05
1093 8.76433254323e-05
1094 8.11217552576e-05
1095 7.51458446229e-05
1096 7.00449151933e-05
1097 6.5281812089e-05
1098 6.0953080094e-05
1099 5.70412180092e-05
1100 -0.0409632008469
1101 -0.0220976873507
1102 -0.0102103774408
1103 -0.00306655053124
1104 0.000198990504826
1105 0.00169900043051
1106 0.0024050458593
1107 0.00258867250085
1108 0.00244718559765
1109 0.00223433824726
1110 0.00204633127855
1111 0.00178724178435
1112 0.00160584455619
1113 0.00138495529106
1114 0.00122719743275
1115 0.00108600297089
1116 0.00095746709306
1117 0.000853280036057
1118 0.000749729627387
1119 0.000668051580292
1120 0.000602882853882
1121 0.000532981471607
1122 0.000449985421277
1123 0.000361879099547
1124 0.000290088162801
1125 0.000250508693895
1126 0.000240257241466
1127 0.000245572457176
1128 0.00025199680607
1129 0.000250883772634
1130 0.000241629900013
1131 0.000231568074478
1132 0.000218575208322
1133 0.000202081096131
1134 0.000186153448891
1135 0.000171349567032
1136 0.000157748331467
1137 0.00014513909241
1138 0.000133913470734
1139 0.000122997242104
1140 0.000113567566068
1141 0.00010500822665
1142 9.71398528986e-05
1143 8.96800795667e-05
1144 8.28293298464e-05
1145 7.66257313315e-05
1146 7.12829971214e-05
1147 6.63365183584e-05
1148 6.18458527888e-05
1149 5.77991495381e-05
1150 -0.0485188333085
1151 -0.0141108647028
1152 -0.00328352831628
1153 0.0030421548692
1154 0.00437609212822
1155 0.00452832553461
1156 0.00431575206403
1157 0.00390998336252
1158 0.00336366595213
1159 0.00288933598695
1160 0.00251918259643
1161 0.0021350006802
1162 0.00186867419916
1163 0.00158454550561
1164 0.00138186119889
1165 0.00120673531572
1166 0.00105329287402
1167 0.000929780537614
1168 0.000811951054102
1169 0.000719334510054
1170 0.000645628139685
1171 0.000569614672193
1172 0.000482157083272
1173 0.000388757642827
1174 0.000310213446481
1175 0.000264215099111
1176 0.000250273476924
1177 0.00025425889231
1178 0.000260378494885
1179 0.000259230160816
1180 0.000249634169101
1181 0.000239080225503
1182 0.000225423887776
1183 0.00020813851063
1184 0.000191577583259
1185 0.000176114298157
1186 0.000161937791335
1187 0.000148796457866
1188 0.000137070978974
1189 0.000125797846599
1190 0.000115978897275
1191 0.000107061856706
1192 9.89200704904e-05
1193 9.12217166582e-05
1194 8.41553667819e-05
1195 7.77415862531e-05
1196 7.22404648507e-05
1197 6.7159303519e-05
1198 6.25525498949e-05
1199 5.83506962458e-05
1200 -0.0307223602299
1201 0.000291258592669
1202 0.00898384854664
1203 0.0102001242303
1204 0.0085768791582
1205 0.00707735655848
1206 0.00587763691897
1207 0.00491967106674
1208 0.00403766832984
1209 0.00335890311787
1210 0.00284817636348
1211 0.00237426325755
1212 0.00204677008289
1213 0.00171968645933
1214 0.00148623125242
1215 0.00128792431567
1216 0.00111797877465
1217 0.000981332613335
1218 0.000854183790369
1219 0.000753903099711
1220 0.000674142519087
1221 0.000594223880656
1222 0.000503711293523
1223 0.000407082633758
1224 0.00032419856602
1225 0.000274070035708
1226 0.000257561809713
1227 0.000260558536001
1228 0.000266455926367
1229 0.000265176834425
1230 0.000255312390789
1231 0.000244440368477
1232 0.000230326609866
1233 0.000212522378183
1234 0.00019546813364
1235 0.000179577639127
1236 0.00016496126646
1237 0.000151420739277
1238 0.000139425829413
1239 0.0001278207958
1240 0.0001176961698
1241 0.000108516340955
1242 0.000100140198879
1243 9.22580573344e-05
1244 8.50206927346e-05
1245 7.84736006075e-05
1246 7.2856898548e-05
1247 6.76396544561e-05
1248 6.29333918101e-05
1249 5.86657438267e-05
1250 -0.0191513328378
1251 0.0148926748557
1252 0.0184338920673
1253 0.0142053604777
1254 0.0107647669904
1255 0.00833327055652
1256 0.00657955196905
1257 0.00533882167999
1258 0.0043163214026
1259 0.0035536732845
1260 0.00297814250609
1261 0.00247209255242
1262 0.00211802366159
1263 0.0017767603116
1264 0.00152986467103
1265 0.00132254463358
1266 0.00114597236759
1267 0.00100356553232
1268 0.00087313235812
1269 0.000769925210257
1270 0.00068730880401
1271 0.000605383038758
1272 0.000513755891579
1273 0.000416012249898
1274 0.000331329274835
1275 0.000279456944147
1276 0.000261849751154
1277 0.000264310254394
1278 0.000270081988811
1279 0.000268558014978
1280 0.000258592024133
1281 0.000247478300899
1282 0.000233010166454
1283 0.000214951476831
1284 0.000197662617787
1285 0.000181569500218
1286 0.000166706425665
1287 0.000152947722822
1288 0.000140644882456
1289 0.000128809198543
1290 0.000118517580049
1291 0.00010920158164
1292 0.000100697791725
1293 9.27268342356e-05
1294 8.54057297969e-05
1295 7.87980538882e-05
1296 7.3117241838e-05
1297 6.78599561463e-05
1298 6.30791733689e-05
1299 5.87710265976e-05
1300 -0.0327916708505
1301 0.00803294802627
1302 0.0138329817718
1303 0.0115404143455
1304 0.00953990885796
1305 0.00767196790336
1306 0.00615267122822
1307 0.00504186707313
1308 0.00413080172051
1309 0.00343238505502
1310 0.00288742488025
1311 0.00241425782518
1312 0.00207363022985
1313 0.00174945704673
1314 0.0015094959884
1315 0.00130733691897
1316 0.00113561783858
1317 0.0009961507713
1318 0.000868792686569
1319 0.000767179526335
1320 0.000684948294404
1321 0.000603712793302
1322 0.000512536041729
1323 0.000415562909024
1324 0.000331464899504
1325 0.000280395712214
1326 0.000263326169032
1327 0.000265754705111
1328 0.000271331208333
1329 0.000269560621139
1330 0.00025949845724
1331 0.000248251592763
1332 0.000233658121677
1333 0.000215561275605
1334 0.000198259120167
1335 0.000182042018274
1336 0.000167061668485
1337 0.000153228443695
1338 0.000140907459196
1339 0.00012901641591
1340 0.000118649331482
1341 0.000109291583849
1342 0.000100722017705
1343 9.27152623396e-05
1344 8.53472475219e-05
1345 7.87129937732e-05
1346 7.29888774191e-05
1347 6.76952704714e-05
1348 6.28945549151e-05
1349 5.85629503355e-05
1350 -0.0493020868608
1351 -0.016575970802
1352 0.000327659643234
1353 0.00423513632152
1354 0.00562030744456
1355 0.00540189889306
1356 0.00475667789696
1357 0.00411886269605
1358 0.00352997382028
1359 0.00302349176674
1360 0.00259462403548
1361 0.00221114557949
1362 0.00192143748578
1363 0.00164200428328
1364 0.00142806389322
1365 0.0012455239232
1366 0.00108832635881
1367 0.000959231895741
1368 0.000840852881486
1369 0.000745228062228
1370 0.000666569101205
1371 0.000588089444464
1372 0.000499227221355
1373 0.000404929179448
1374 0.000324281634615
1375 0.000276521817916
1376 0.000261448860245
1377 0.000264441593404
1378 0.000269939074545
1379 0.000267959718702
1380 0.000257806805377
1381 0.00024653005673
1382 0.000232011284408
1383 0.000214055524925
1384 0.000196943838088
1385 0.000180928113751
1386 0.000166015596
1387 0.000152279351532
1388 0.000139979206276
1389 0.000128155745614
1390 0.000117865580358
1391 0.000108587794331
1392 0.00010008453785
1393 9.21484904303e-05
1394 8.48377578876e-05
1395 7.8250263951e-05
1396 7.25638057799e-05
1397 6.72916346227e-05
1398 6.24976547833e-05
1399 5.81563156325e-05
1400 -0.0382449907683
1401 -0.0235364010517
1402 -0.00896511685366
1403 -0.00250865493987
1404 0.00117328178041
1405 0.00251596352149
1406 0.00286939088386
1407 0.00282624890127
1408 0.00264917462269
1409 0.00240440520833
1410 0.00214531839829
1411 0.001890525676
1412 0.00167869897864
1413 0.00146535628817
1414 0.00129294785002
1415 0.0011412976196
1416 0.00100772171926
1417 0.000895614321055
1418 0.000791667883272
1419 0.000706107172466
1420 0.000634131043869
1421 0.000560508814842
1422 0.000475565778795
1423 0.000385800705457
1424 0.000310960531571
1425 0.000268805122374
1426 0.000257012879191
1427 0.000260848825733
1428 0.000266057926769
1429 0.000263860404502
1430 0.000253725374745
1431 0.000242489798119
1432 0.000228223678069
1433 0.000210572245203
1434 0.000193874542634
1435 0.000178201467896
1436 0.000163568850264
1437 0.000150127527311
1438 0.000138076801522
1439 0.000126514130554
1440 0.000116396399313
1441 0.000107244419406
1442 9.88957708305e-05
1443 9.10908154829e-05
1444 8.38583829648e-05
1445 7.73402897319e-05
1446 7.17015125227e-05
1447 6.65220546283e-05
1448 6.17737877721e-05
1449 5.74778511716e-05
1450 -0.0280001582267
1451 -0.0212416124882
1452 -0.0120656234393
1453 -0.00637266916489
1454 -0.00221805188584
1455 -6.34493971765e-05
1456 0.00100278266382
1457 0.00146316365865
1458 0.00166662117491
1459 0.00168497672871
1460 0.00160959710838
1461 0.00149603046156
1462 0.0013751832436
1463 0.00123879496171
1464 0.00111735146797
1465 0.00100434867052
1466 0.0009008969255
1467 0.000810347218285
1468 0.000724775221704
1469 0.000652211368673
1470 0.000588924046188
1471 0.000521617583038
1472 0.000442068004521
1473 0.00035884215135
1474 0.000292320053692
1475 0.000257596496615
1476 0.000249870029367
1477 0.000254820279859
1478 0.000259780602443
1479 0.000257269548525
1480 0.000247208022912
1481 0.000236145769015
1482 0.000222285131424
1483 0.00020519224984
1484 0.00018906948415
1485 0.000173968212081
1486 0.000159767592464
1487 0.000146823920053
1488 0.000135135527702
1489 0.000123939202831
1490 0.000114099686517
1491 0.000105199999126
1492 9.70671530369e-05
1493 8.94682403554e-05
1494 8.23929074774e-05
1495 7.60503238789e-05
1496 7.05397329073e-05
1497 6.54573687079e-05
1498 6.07842390376e-05
1499 5.65509238193e-05
1500 -0.0209987509358
1501 -0.0174935770657
1502 -0.0119788713263
1503 -0.00782737869377
1504 -0.00419383149101
1505 -0.0019157151326
1506 -0.000522866860625
1507 0.000251274063996
1508 0.000731196074711
1509 0.000964876968428
1510 0.00105378791753
1511 0.00107241262509
1512 0.00104228006732
1513 0.000983948383855
1514 0.000916485167379
1515 0.000845259604926
1516 0.000774508720632
1517 0.000708539256528
1518 0.000643631511025
1519 0.000585999773532
1520 0.000532959649496
1521 0.000473056326816
1522 0.000400366358311
1523 0.00032574771326
1524 0.000269670221168
1525 0.000243586396057
1526 0.000240313468478
1527 0.000246358993858
1528 0.000251003398658
1529 0.00024825899848
1530 0.000238412605551
1531 0.000227743532181
1532 0.000214421701306
1533 0.00019816576304
1534 0.000182796614996
1535 0.000168347690718
1536 0.000154879540952
1537 0.000142441973299
1538 0.000131272742462
1539 0.000120538651901
1540 0.000111110657284
1541 0.000102566956674
1542 9.47176850214e-05
1543 8.73643587724e-05
1544 8.05229090424e-05
1545 7.43610361595e-05
1546 6.89720803673e-05
1547 6.40303240973e-05
1548 5.94813053074e-05
1549 5.53617706923e-05
1550 -0.0161877999977
1551 -0.0141673243291
1552 -0.0107722362153
1553 -0.0079228683387
1554 -0.00506959652011
1555 -0.0030288245377
1556 -0.0016038613103
1557 -0.000699512961056
1558 -6.29889976461e-05
1559 0.000316724989648
1560 0.000531212382826
1561 0.000658282195478
1562 0.000707698490268
1563 0.000720895391152
1564 0.000704615576948
1565 0.000674606485263
1566 0.00063689909539
1567 0.00059633034523
1568 0.000552875536436
1569 0.000511085311977
1570 0.000468761066421
1571 0.000416978730518
1572 0.00035248198386
1573 0.000288658179796
1574 0.000244646911879
1575 0.000227732196056
1576 0.000228757201884
1577 0.000235539289987
1578 0.000239823148588
1579 0.000236845838537
1580 0.000227360902399
1581 0.000217143907408
1582 0.000204638714056
1583 0.000189395662772
1584 0.00017513195952
1585 0.000161619771554
1586 0.000148850413135
1587 0.000137148375852
1588 0.000126617796382
1589 0.000116462411821
1590 0.000107483188623
1591 9.93265387738e-05
1592 9.18064367095e-05
1593 8.47699080826e-05
1594 7.82144891266e-05
1595 7.22870710695e-05
1596 6.70873897074e-05
1597 6.2303382906e-05
1598 5.79333910218e-05
1599 5.39933266813e-05
1600 -0.0127753333089
1601 -0.0115133223099
1602 -0.00933019735593
1603 -0.00740012913002
1604 -0.00525460459311
1605 -0.00356842258025
1606 -0.00227210066646
1607 -0.00136810037265
1608 -0.000677245087173
1609 -0.000219102416022
1610 7.67999182049e-05
1611 0.000281800733241
1612 0.000393950496281
1613 0.000466609113633
1614 0.000495230737762
1615 0.000502700469266
1616 0.000495855202565
1617 0.000479698809443
1618 0.000456958232591
1619 0.000430629510609
1620 0.000399012365113
1621 0.000355673524298
1622 0.000300824387102
1623 0.000249572984878
1624 0.000218483578265
1625 0.000210446516579
1626 0.000215130869761
1627 0.00022243209126
1628 0.000226299199205
1629 0.000223260426551
1630 0.00021430539255
1631 0.000204820025419
1632 0.000193268006009
1633 0.000179235513357
1634 0.000166050403016
1635 0.000153566387114
1636 0.000141755679139
1637 0.000130900851498
1638 0.000121083407178
1639 0.000111590976081
1640 0.000103180454156
1641 9.55105787756e-05
1642 8.84077493713e-05
1643 8.1752678214e-05
1644 7.55278642619e-05
1645 6.98776121665e-05
1646 6.49206323651e-05
1647 6.03854946214e-05
1648 5.61879107977e-05
1649 5.23987639722e-05
1650 -0.0102777348533
1651 -0.00943196354933
1652 -0.00797339912514
1653 -0.00665823922724
1654 -0.00506724311814
1655 -0.00372630535893
1656 -0.00262097134074
1657 -0.00179066797822
1658 -0.00111343233264
1659 -0.000632119087565
1660 -0.000293250251629
1661 -3.977471094e-05
1662 0.000116428394215
1663 0.000233833191777
1664 0.000298718225648
1665 0.000337730055547
1666 0.000357793683856
1667 0.000363592687385
1668 0.000359872814068
1669 0.000347913726681
1670 0.000326357688266
1671 0.000291850386798
1672 0.000248171857591
1673 0.000210876472556
1674 0.000192536252398
1675 0.000192258781721
1676 0.000199754825179
1677 0.000207197280241
1678 0.000210673383375
1679 0.000207765194236
1680 0.000199597557063
1681 0.000190953627126
1682 0.00018052979049
1683 0.000167874428474
1684 0.000155967707165
1685 0.00014465558484
1686 0.000133888301428
1687 0.000123969548566
1688 0.000114940166647
1689 0.000106233672185
1690 9.84352471112e-05
1691 9.12766936298e-05
1692 8.46196850569e-05
1693 7.83777269165e-05
1694 7.24792805944e-05
1695 6.71501858611e-05
1696 6.24580291984e-05
1697 5.81604188691e-05
1698 5.41985770498e-05
1699 5.06159382799e-05
1700 -0.0083990920379
1701 -0.00780439542201
1702 -0.00679474981494
1703 -0.00588718015187
1704 -0.0047073395609
1705 -0.00365888005677
1706 -0.00274847492378
1707 -0.00202275394086
1708 -0.00139774105839
1709 -0.000928200264258
1710 -0.0005778886279
1711 -0.000300644550625
1712 -0.000117970816968
1713 3.00316458616e-05
1714 0.000121909619736
1715 0.000185606509103
1716 0.000227698496815
1717 0.000252152892487
1718 0.000264952229871
1719 0.000265613882583
1720 0.000253375912113
1721 0.000228235486231
1722 0.00019709586782
1723 0.000174066202869
1724 0.000167241710499
1725 0.000173038835482
1726 0.000182408504335
1727 0.000189764731132
1728 0.000192946131624
1729 0.000190400710579
1730 0.000183278407567
1731 0.000175752134933
1732 0.000166681194502
1733 0.000155557375971
1734 0.00014499460657
1735 0.000134886993824
1736 0.000125292228176
1737 0.000116397243864
1738 0.00010824128221
1739 0.00010031184524
1740 9.3154894531e-05
1741 8.65720228276e-05
1742 8.0413749159e-05
1743 7.46305451104e-05
1744 6.9140424525e-05
1745 6.41672140139e-05
1746 5.97533447135e-05
1747 5.57293788747e-05
1748 5.19954780708e-05
1749 4.86245438363e-05
1750 -0.00695724416131
1751 -0.00651960302496
1752 -0.00579921007161
1753 -0.00516364797263
1754 -0.00428170738346
1755 -0.00346783785779
1756 -0.00273114021453
1757 -0.00211632256567
1758 -0.00156078175659
1759 -0.00112454742993
1760 -0.000784266895138
1761 -0.000501967313719
1762 -0.000307500281023
1763 -0.000141446379191
1764 -3.15203269868e-05
1765 5.00158018891e-05
1766 0.000109132636973
1767 0.000148503382767
1768 0.000174943703046
1769 0.000186369103575
1770 0.0001829147096
1771 0.000167893588275
1772 0.00015002609715
1773 0.000140386135841
1774 0.000142968972201
1775 0.000153026427886
1776 0.000163427239459
1777 0.000170640881266
1778 0.000173734390462
1779 0.000171826342053
1780 0.000165961019099
1781 0.000159677139017
1782 0.000151980976413
1783 0.000142422893862
1784 0.000133314316012
1785 0.000124542037952
1786 0.000116089335494
1787 0.000108221593963
1788 0.000100968377979
1789 9.38522164843e-05
1790 8.74018857639e-05
1791 8.14313504141e-05
1792 7.58087204121e-05
1793 7.05096936739e-05
1794 6.54679645605e-05
1795 6.08883364616e-05
1796 5.6820501691e-05
1797 5.31217077046e-05
1798 4.96724632373e-05
1799 4.65466596312e-05
1800 -0.00582975242794
1801 -0.00549982409076
1802 -0.00496835043852
1803 -0.00451724256751
1804 -0.00385111708984
1805 -0.00321943239237
1806 -0.00262906357573
1807 -0.00211716492485
1808 -0.00163539680843
1809 -0.00124287468766
1810 -0.000925038579311
1811 -0.00065102779966
1812 -0.000455311935054
1813 -0.000281245497042
1814 -0.000160979122618
1815 -6.74753898521e-05
1816 3.95877978267e-06
1817 5.48209794988e-05
1818 9.21150616681e-05
1819 0.000112678228651
1820 0.000117825900528
1821 0.000113392940705
1822 0.000108308348753
1823 0.000109882755597
1824 0.000119254153312
1825 0.000131848741656
1826 0.000142743257101
1827 0.000149916789165
1828 0.000153193266898
1829 0.000152153570707
1830 0.00014772332239
1831 0.000142816834804
1832 0.000136589145683
1833 0.000128706056672
1834 0.000121153837669
1835 0.000113775617975
1836 0.000106499808791
1837 9.96890581364e-05
1838 9.33550280933e-05
1839 8.7111528742e-05
1840 8.13707846409e-05
1841 7.60387906085e-05
1842 7.09740339084e-05
1843 6.62115172781e-05
1844 6.16256577868e-05
1845 5.7447124506e-05
1846 5.37287625052e-05
1847 5.03337682552e-05
1848 4.7168966205e-05
1849 4.42951445468e-05
1850 -0.00493398159209
1851 -0.00467917678929
1852 -0.00427501131192
1853 -0.00395049318467
1854 -0.0034407101006
1855 -0.00294843825883
1856 -0.00247701848187
1857 -0.00205546561447
1858 -0.00164413395605
1859 -0.00129881420458
1860 -0.00101012830172
1861 -0.000753363848684
1862 -0.000564271591274
1863 -0.00039043629506
1864 -0.000266144940411
1865 -0.000166018251541
1866 -8.65190855047e-05
1867 -2.71787527779e-05
1868 1.86659397045e-05
1869 4.70406915058e-05
1870 6.06132867926e-05
1871 6.63701210244e-05
1872 7.21413284673e-05
1873 8.20080368457e-05
1874 9.56364655136e-05
1875 0.000109512468279
1876 0.000120643507949
1877 0.000127961704647
1878 0.000131709456367
1879 0.000131801349682
1880 0.00012900295859
1881 0.000125556324379
1882 0.000120870333309
1883 0.000114689081995
1884 0.000108625984768
1885 0.000102578444407
1886 9.65031391305e-05
1887 9.08025255001e-05
1888 8.54309733786e-05
1889 8.00672813914e-05
1890 7.50791071631e-05
1891 7.04109825907e-05
1892 6.59314434249e-05
1893 6.16973002523e-05
1894 5.75863762397e-05
1895 5.38401844246e-05
1896 5.04992667813e-05
1897 4.74314789805e-05
1898 4.45727484562e-05
1899 4.19504275607e-05
1900 -0.00421336650991
1901 -0.00400854254709
1902 -0.00369810327518
1903 -0.00346095563714
1904 -0.00306752001241
1905 -0.00268075095238
1906 -0.00230490247609
1907 -0.00195942901206
1908 -0.00161120371902
1909 -0.00131200821351
1910 -0.0010545153111
1911 -0.000818903354502
1912 -0.000640939487953
1913 -0.000472219839079
1914 -0.000348473753428
1915 -0.000245550649713
1916 -0.000161121535301
1917 -9.55990830004e-05
1918 -4.31482757316e-05
1919 -8.13052331711e-06
1920 1.2876088175e-05
1921 2.69932593766e-05
1922 4.06367650129e-05
1923 5.57603732006e-05
1924 7.16436188779e-05
1925 8.60958112452e-05
1926 9.75046303092e-05
1927 0.000105293422148
1928 0.000109802118931
1929 0.000111228469642
1930 0.00011013411836
1931 0.00010818962063
1932 0.000105054920878
1933 0.000100558045362
1934 9.59732194811e-05
1935 9.12299629019e-05
1936 8.63663685541e-05
1937 8.17494153983e-05
1938 7.73337718944e-05
1939 7.28442996281e-05
1940 6.8608316517e-05
1941 6.46050873192e-05
1942 6.07199004022e-05
1943 5.70283887195e-05
1944 5.34100424503e-05
1945 5.01082217044e-05
1946 4.71417372118e-05
1947 4.44255496941e-05
1948 4.18537916402e-05
1949 3.95060200202e-05
1950 -0.00362528458814
1951 -0.00345739852015
1952 -0.00321463580754
1953 -0.00303989297781
1954 -0.00273189631947
1955 -0.00242665060024
1956 -0.00212596051551
1957 -0.00184323220471
1958 -0.00155018453684
1959 -0.00129359819341
1960 -0.00106708315911
1961 -0.000854436014457
1962 -0.000690571185901
1963 -0.000530487685399
1964 -0.000410113269594
1965 -0.000306929702982
1966 -0.000219462699388
1967 -0.000149336850024
1968 -9.20358533239e-05
1969 -5.21508834572e-05
1970 -2.59134272856e-05
1971 -6.32782712887e-06
1972 1.20845166192e-05
1973 3.00734818363e-05
1974 4.70415007559e-05
1975 6.18720404365e-05
1976 7.37376422824e-05
1977 8.23198705633e-05
1978 8.78303230085e-05
1979 9.07231441969e-05
1980 9.13592200675e-05
1981 9.09252937273e-05
1982 8.93075986904e-05
1983 8.64400455619e-05
1984 8.3293792447e-05
1985 7.99013982453e-05
1986 7.62555118635e-05
1987 7.27042257571e-05
1988 6.9208497976e-05
1989 6.55700422889e-05
1990 6.20754057683e-05
1991 5.87339427357e-05
1992 5.54462159377e-05
1993 5.2291005927e-05
1994 4.9161339329e-05
1995 4.62918617799e-05
1996 4.37010168832e-05
1997 4.1320089839e-05
1998 3.9054696187e-05
1999 3.69692905199e-05
2000 -0.00314041280157
2001 -0.00300252116085
2002 -0.00280772037582
2003 -0.00267794125167
2004 -0.00243417988496
2005 -0.00219152088765
2006 -0.00194999630962
2007 -0.0017194572939
2008 -0.00147350034435
2009 -0.0012548321847
2010 -0.00105772372333
2011 -0.00086761335877
2012 -0.000718722916237
2013 -0.000568736509514
2014 -0.000452587109079
2015 -0.000349636328508
2016 -0.000260098351467
2017 -0.000187053241684
2018 -0.000127535823302
2019 -8.59104959877e-05
2020 -5.76765653501e-05
2021 -3.56947725912e-05
2022 -1.49480319034e-05
2023 4.48899000343e-06
2024 2.20608271422e-05
2025 3.73847761215e-05
2026 4.99949433124e-05
2027 5.96101520766e-05
2028 6.62789483531e-05
2029 7.06770889714e-05
2030 7.30213367116e-05
2031 7.40661536577e-05
2032 7.39194404385e-05
2033 7.26235622452e-05
2034 7.08856922912e-05
2035 6.87266181325e-05
2036 6.62224221252e-05
2037 6.37106248525e-05
2038 6.11170007584e-05
2039 5.83128429288e-05
2040 5.55500199146e-05
2041 5.28512422658e-05
2042 5.01521501184e-05
2043 4.7522501433e-05
2044 4.48818092663e-05
2045 4.24482874502e-05
2046 4.02300638791e-05
2047 3.81761369988e-05
2048 3.62133050768e-05
2049 3.43849280402e-05
2050 -0.00273937968601
2051 -0.00262405926765
2052 -0.00246559579907
2053 -0.00236941511391
2054 -0.00217439612396
2055 -0.00197981288067
2056 -0.00178501071527
2057 -0.00159678918246
2058 -0.00139049588506
2059 -0.00120443796014
2060 -0.00103311085731
2061 -0.000863743111174
2062 -0.000728220021111
2063 -0.000587323104931
2064 -0.000474688040164
2065 -0.00037224299374
2066 -0.000282353183735
2067 -0.000209905775444
2068 -0.000152463041775
2069 -0.000112849078346
2070 -8.55066338963e-05
2071 -6.31768989444e-05
2072 -4.13736113523e-05
2073 -2.10650500891e-05
2074 -2.86235572994e-06
2075 1.31577330789e-05
2076 2.67355560881e-05
2077 3.7563156968e-05
2078 4.54647998983e-05
2079 5.13390997968e-05
2080 5.5329891746e-05
2081 5.77852035457e-05
2082 5.90241733509e-05
2083 5.92064843194e-05
2084 5.87666008166e-05
2085 5.77835179728e-05
2086 5.63866325488e-05
2087 5.48395560615e-05
2088 5.30880625161e-05
2089 5.10933839169e-05
2090 4.90298854188e-05
2091 4.69684377418e-05
2092 4.48415298029e-05
2093 4.27419073261e-05
2094 4.05681461386e-05
2095 3.85657801272e-05
2096 3.67191093628e-05
2097 3.50006784461e-05
2098 3.33484976962e-05
2099 3.17873408821e-05
2100 -0.00240413770921
2101 -0.00230678317411
2102 -0.00217545296356
2103 -0.00210380016304
2104 -0.00194619905783
2105 -0.00178940593379
2106 -0.00163114148611
2107 -0.00147698058996
2108 -0.00130351051319
2109 -0.00114463329876
2110 -0.000995061408219
2111 -0.000843454961892
2112 -0.000718500689281
2113 -0.000585404714098
2114 -0.000475475436996
2115 -0.000375351096198
2116 -0.000289349984113
2117 -0.000222893063339
2118 -0.000172066035553
2119 -0.000137204752967
2120 -0.00011213298014
2121 -8.99766515528e-05
2122 -6.74349898992e-05
2123 -4.62012189074e-05
2124 -2.71725011433e-05
2125 -1.02205332676e-05
2126 4.47333026242e-06
2127 1.65798696379e-05
2128 2.57135949744e-05
2129 3.30073209897e-05
2130 3.8542826428e-05
2131 4.23039252945e-05
2132 4.48255931603e-05
2133 4.63707682366e-05
2134 4.71323464853e-05
2135 4.72453222544e-05
2136 4.687574378e-05
2137 4.62236471991e-05
2138 4.52739991336e-05
2139 4.40252591938e-05
2140 4.26311884844e-05
2141 4.11698364999e-05
2142 3.9599123542e-05
2143 3.79838427993e-05
2144 3.62808660366e-05
2145 3.46923023684e-05
2146 3.32126268083e-05
2147 3.18218869027e-05
2148 3.04619146024e-05
2149 2.91613779188e-05
2150 -0.0021214770261
2151 -0.00203775752473
2152 -0.00192848370889
2153 -0.00187498726695
2154 -0.00174630804698
2155 -0.00161868262374
2156 -0.00148939096026
2157 -0.0013617303046
2158 -0.00121413790495
2159 -0.00107723131796
2160 -0.000943772373421
2161 -0.000805301452196
2162 -0.000687527274225
2163 -0.00056140679917
2164 -0.000456449774939
2165 -0.000363904178187
2166 -0.00028833298211
2167 -0.000233089572642
2168 -0.000191372648357
2169 -0.000161699135647
2170 -0.000138482660438
2171 -0.000116114864223
2172 -9.25438572015e-05
2173 -7.01602929129e-05
2174 -5.01061402651e-05
2175 -3.21271437124e-05
2176 -1.6292635366e-05
2177 -2.95052736772e-06
2178 7.32029569154e-06
2179 1.59124317552e-05
2180 2.28378517369e-05
2181 2.77647042683e-05
2182 3.14360716649e-05
2183 3.41985047779e-05
2184 3.60535576274e-05
2185 3.71690491682e-05
2186 3.7745279627e-05
2187 3.79146455754e-05
2188 3.7714597735e-05
2189 3.71756962243e-05
2190 3.64119091852e-05
2191 3.55144183711e-05
2192 3.44553159508e-05
2193 3.33045230331e-05
2194 3.20489210916e-05
2195 3.08632497529e-05
2196 2.97363396026e-05
2197 2.86630220912e-05
2198 2.75789702672e-05
2199 2.65249738694e-05
2200 -0.00188186740793
2201 -0.00180871001608
2202 -0.00171721102663
2203 -0.00167623873849
2204 -0.00157037946817
2205 -0.00146477485002
2206 -0.0013567706112
2207 -0.00124794649298
2208 -0.00111928079282
2209 -0.000997553736608
2210 -0.000875175139376
2211 -0.000746569360994
2212 -0.000635329867612
2213 -0.000519331982257
2214 -0.000426308011996
2215 -0.000348915193744
2216 -0.000289165840396
2217 -0.000246843752526
2218 -0.000213241709852
2219 -0.000186947309386
2220 -0.000164093222034
2221 -0.000140782459944
2222 -0.000115778469333
2223 -9.21754177087e-05
2224 -7.11211851341e-05
2225 -5.21059528728e-05
2226 -3.52537225369e-05
2227 -2.07966553317e-05
2228 -9.53237279273e-06
2229 1.76673583465e-07
2230 8.30921261268e-06
2231 1.42520462263e-05
2232 1.89489623679e-05
2233 2.27948629524e-05
2234 2.5631299553e-05
2235 2.76485740219e-05
2236 2.90752171175e-05
2237 2.99850793409e-05
2238 3.04623471141e-05
2239 3.0568992191e-05
2240 3.03848096572e-05
2241 3.0009342343e-05
2242 2.94375437467e-05
2243 2.87391196294e-05
2244 2.79164876284e-05
2245 2.71108865647e-05
2246 2.63216484958e-05
2247 2.5545051436e-05
2248 2.47333854207e-05
2249 2.39240552286e-05
2250 -0.00167138503367
2251 -0.00160563246505
2252 -0.00153123678584
2253 -0.00149713040405
2254 -0.00140839895357
2255 -0.00131848120418
2256 -0.00122469858316
2257 -0.00112763290904
2258 -0.00101206304353
2259 -0.000900388703245
2260 -0.000786602404748
2261 -0.000669614858054
2262 -0.000570494223486
2263 -0.000472434018412
2264 -0.000399375034349
2265 -0.000341779046123
2266 -0.00029798556626
2267 -0.00026585156444
2268 -0.000236853277763
2269 -0.00021143756267
2270 -0.000187593348696
2271 -0.000162881327873
2272 -0.000136430485426
2273 -0.000111691688013
2274 -8.98183445975e-05
2275 -6.99346801682e-05
2276 -5.22463337775e-05
2277 -3.68555530889e-05
2278 -2.47520630365e-05
2279 -1.40846529826e-05
2280 -4.93593369035e-06
2281 1.87319373925e-06
2282 7.46050731495e-06
2283 1.22419218257e-05
2284 1.59312388975e-05
2285 1.87315273184e-05
2286 2.09084783921e-05
2287 2.24749008179e-05
2288 2.35576601273e-05
2289 2.42473091705e-05
2290 2.46015267423e-05
2291 2.47156517538e-05
2292 2.45956172987e-05
2293 2.43253735786e-05
2294 2.39117613363e-05
2295 2.34635511342e-05
2296 2.29864911323e-05
2297 2.24820700532e-05
2298 2.19219472994e-05
2299 2.13402115582e-05
2300 -0.0014701780396
2301 -0.00141319910296
2302 -0.00135469278853
2303 -0.00132195921994
2304 -0.00124643772038
2305 -0.00116678448534
2306 -0.00108144042073
2307 -0.000992162409139
2308 -0.000887712052457
2309 -0.000787142815866
2310 -0.000687386034238
2311 -0.000589528169991
2312 -0.000512017355342
2313 -0.000438065355531
2314 -0.00038769544181
2315 -0.000347746899223
2316 -0.000315177882857
2317 -0.00028806837656
2318 -0.000260126170509
2319 -0.00023356188566
2320 -0.000208048842594
2321 -0.000181790622855
2322 -0.000154061403674
2323 -0.000128406829963
2324 -0.000105838418481
2325 -8.53411903526e-05
2326 -6.70298872672e-05
2327 -5.09678965162e-05
2328 -3.8205982797e-05
2329 -2.68087383384e-05
2330 -1.68466977918e-05
2331 -9.31977133258e-06
2332 -3.00499696585e-06
2333 2.55943560939e-06
2334 6.97772494811e-06
2335 1.04396434299e-05
2336 1.32605957573e-05
2337 1.53970846151e-05
2338 1.70226479757e-05
2339 1.82440226224e-05
2340 1.90908538811e-05
2341 1.96489145979e-05
2342 1.99572561897e-05
2343 2.0081526048e-05
2344 2.00406148475e-05
2345 1.99203082938e-05
2346 1.97280558806e-05
2347 1.94797885857e-05
2348 1.91650173206e-05
2349 1.88049711446e-05
2350 -0.00126296353136
2351 -0.00121781166735
2352 -0.00117067503421
2353 -0.00113844267334
2354 -0.00107248784631
2355 -0.00100182250394
2356 -0.000925215954646
2357 -0.000846986481389
2358 -0.000758741438912
2359 -0.000677296436372
2360 -0.000601610770541
2361 -0.000529569369668
2362 -0.000478038280439
2363 -0.000426434983612
2364 -0.000393436989441
2365 -0.000363953983834
2366 -0.000336033044483
2367 -0.000309484069618
2368 -0.000280113351145
2369 -0.000251688874535
2370 -0.00022445951004
2371 -0.000196936822827
2372 -0.000168407657497
2373 -0.00014223031181
2374 -0.00011929186771
2375 -9.84427142893e-05
2376 -7.97641110894e-05
2377 -6.31767366392e-05
2378 -4.99601704849e-05
2379 -3.80377553483e-05
2380 -2.7438558111e-05
2381 -1.93684735724e-05
2382 -1.24814569199e-05
2383 -6.2848829089e-06
2384 -1.26202353266e-06
2385 2.7575834143e-06
2386 6.1348153492e-06
2387 8.78426400829e-06
2388 1.0899152656e-05
2389 1.25991494777e-05
2390 1.38891338271e-05
2391 1.48393745296e-05
2392 1.55310995296e-05
2393 1.6012307262e-05
2394 1.63137149161e-05
2395 1.64950946023e-05
2396 1.6568985562e-05
2397 1.65635528773e-05
2398 1.64813433568e-05
2399 1.63325795622e-05
2400 -0.00105463003063
2401 -0.00102269004696
2402 -0.000979943909848
2403 -0.000953339102644
2404 -0.000897286479437
2405 -0.000839693529304
2406 -0.0007784658226
2407 -0.000719876596904
2408 -0.000654935904028
2409 -0.000599219060017
2410 -0.000551090317994
2411 -0.000502970159821
2412 -0.000472049647205
2413 -0.000434124582758
2414 -0.000409361773809
2415 -0.000382981309229
2416 -0.000354674743728
2417 -0.000326343423283
2418 -0.000295000972124
2419 -0.000264716245274
2420 -0.000236173003438
2421 -0.000207971516532
2422 -0.000179196865283
2423 -0.000152908295365
2424 -0.000129971573198
2425 -0.00010902899158
2426 -9.02544665878e-05
2427 -7.34562334408e-05
2428 -6.00046709797e-05
2429 -4.77721542542e-05
2430 -3.67718023241e-05
2431 -2.83030486537e-05
2432 -2.09690056587e-05
2433 -1.42700653213e-05
2434 -8.74868970653e-06
2435 -4.26874777991e-06
2436 -4.05695763146e-07
2437 2.67857949226e-06
2438 5.2109048491e-06
2439 7.32380539179e-06
2440 9.0065581259e-06
2441 1.0309511698e-05
2442 1.13437753154e-05
2443 1.21462140332e-05
2444 1.27603708131e-05
2445 1.32187499668e-05
2446 1.3542158042e-05
2447 1.37613447985e-05
2448 1.38879560698e-05
2449 1.39351455023e-05
2450 -0.000878211763933
2451 -0.00085370780107
2452 -0.000812118102231
2453 -0.000798074656243
2454 -0.000754511671386
2455 -0.000714538924667
2456 -0.000674425596652
2457 -0.0006395071109
2458 -0.000597799156327
2459 -0.000565157151572
2460 -0.00053708545415
2461 -0.000503465669416
2462 -0.000482597598214
2463 -0.000449283012978
2464 -0.000425756950864
2465 -0.00039824031149
2466 -0.000367853708189
2467 -0.000337368242858
2468 -0.00030445548385
2469 -0.000273252682227
2470 -0.000244181847573
2471 -0.000215891090169
2472 -0.000187237385423
2473 -0.000161184843322
2474 -0.000138510845851
2475 -0.000117719095107
2476 -9.9022310254e-05
2477 -8.2160720337e-05
2478 -6.86136169418e-05
2479 -5.61738912203e-05
2480 -4.48651586189e-05
2481 -3.61282187794e-05
2482 -2.84913231182e-05
2483 -2.14170575765e-05
2484 -1.55000942878e-05
2485 -1.06402973713e-05
2486 -6.38364671351e-06
2487 -2.93547342679e-06
2488 -4.64343917699e-08
2489 2.41158713272e-06
2490 4.43189837289e-06
2491 6.05305833507e-06
2492 7.39192551373e-06
2493 8.48493460934e-06
2494 9.38315743416e-06
2495 1.00901084571e-05
2496 1.06408566239e-05
2497 1.10711582785e-05
2498 1.13912608802e-05
2499 1.16142586521e-05
