0 0.00307995042055
1 0.0027817729607
2 0.00260439078355
3 0.00236703429719
4 0.00237013777037
5 0.00201296017947
6 0.00180878838232
7 0.00156659985311
8 0.00128494185367
9 0.00104868732006
10 0.000818222757067
11 0.000603957444978
12 0.000412659818022
13 0.000243987487528
14 0.000101438851845
15 -1.84018325453e-05
16 -0.000116063392243
17 -0.000200174043391
18 -0.000268563835015
19 -0.000322636468332
20 -0.000374727185745
21 -0.00041052136589
22 -0.000435076061292
23 -0.000451225582853
24 -0.000464944622382
25 -0.000470546916396
26 -0.000466479911912
27 -0.000459153437094
28 -0.000452536552497
29 -0.000439809008457
30 -0.000421845516991
31 -0.000405932910219
32 -0.000390126512375
33 -0.00036984999064
34 -0.000348951098978
35 -0.000327633857215
36 -0.000308318372593
37 -0.000288571209236
38 -0.000270507981353
39 -0.000251383178986
40 -0.000232873616267
41 -0.000215695274425
42 -0.00019884353055
43 -0.000182490941968
44 -0.000167285579483
45 -0.000152749139495
46 -0.000139717537386
47 -0.000127260937817
48 -0.000115962048031
49 -0.000105214205412
50 0.00287525510059
51 0.00267722395363
52 0.00243421043312
53 0.00238319869772
54 0.00214866934726
55 0.0019332833459
56 0.00172539538037
57 0.0015063944732
58 0.00125733548995
59 0.00101147705521
60 0.000791988071867
61 0.000575980299702
62 0.000393578278955
63 0.00022852135029
64 9.07232692364e-05
65 -2.51232328874e-05
66 -0.000120833714676
67 -0.000202216836077
68 -0.00026388833219
69 -0.000315293704473
70 -0.000365123753965
71 -0.000400624253962
72 -0.000422848426518
73 -0.000437455818344
74 -0.000449709993554
75 -0.000453977272642
76 -0.00045005765441
77 -0.000443619822174
78 -0.000436937780757
79 -0.000424701529063
80 -0.000407776721016
81 -0.000393233563309
82 -0.000377359919227
83 -0.000356938517724
84 -0.000336867585059
85 -0.000316776723873
86 -0.000298214671043
87 -0.000279029780506
88 -0.000261109666162
89 -0.000242579080456
90 -0.000224954962535
91 -0.000208256675135
92 -0.000191782900434
93 -0.000176041580599
94 -0.000161353439174
95 -0.000147382018015
96 -0.000134866204028
97 -0.000122904378786
98 -0.000111964400027
99 -0.000101592915515
100 0.0028487510405
101 0.00266282987438
102 0.00242248299969
103 0.00236974160236
104 0.00213961546615
105 0.00192717657888
106 0.00171958131148
107 0.00150009044209
108 0.00125145616108
109 0.0010046304592
110 0.000780156036915
111 0.000559694753204
112 0.000371598585248
113 0.000203502966336
114 6.3698874914e-05
115 -5.17683440096e-05
116 -0.000144840347599
117 -0.0002226026021
118 -0.000279485033255
119 -0.000326466348631
120 -0.000372489778962
121 -0.000404337784657
122 -0.00042375150089
123 -0.000436157614544
124 -0.000446740822163
125 -0.000449727906746
126 -0.000444950273247
127 -0.000437939808446
128 -0.000430749152824
129 -0.000418161948924
130 -0.000401091891886
131 -0.000386535952014
132 -0.00037072881401
133 -0.000350470674894
134 -0.000330608287935
135 -0.000310727977097
136 -0.000292394298228
137 -0.000273475491982
138 -0.000255698469387
139 -0.000237452399984
140 -0.000220107361211
141 -0.000203755934989
142 -0.000187640467516
143 -0.000172185387109
144 -0.000157787001978
145 -0.000144085386963
146 -0.000131825328482
147 -0.000120115612142
148 -0.000109402705331
149 -9.92518008075e-05
150 0.00285640068586
151 0.00267522968925
152 0.00242643209589
153 0.00236900725019
154 0.00213292194507
155 0.00191533931611
156 0.00170201826191
157 0.00147784653134
158 0.00122699120526
159 0.000978567943033
160 0.000749992042073
161 0.000526837425901
162 0.000333295614047
163 0.000162767469243
164 2.09780111549e-05
165 -9.36507458563e-05
166 -0.000182492031002
167 -0.000254905611
168 -0.000304152343304
169 -0.000344031926803
170 -0.000384230254726
171 -0.00041093013823
172 -0.000426213868765
173 -0.000435045144109
174 -0.000442991857851
175 -0.000444197354074
176 -0.000438109249423
177 -0.000430189918859
178 -0.000422222755719
179 -0.000409204165496
180 -0.000391978651154
181 -0.000377264424079
182 -0.000361676974234
183 -0.000341615509512
184 -0.000322051729054
185 -0.000302358098376
186 -0.000284367716952
187 -0.000265793025125
188 -0.00024855696266
189 -0.000230744693379
190 -0.000213725854757
191 -0.000197675560447
192 -0.000182007208595
193 -0.000166918409479
194 -0.000152906138032
195 -0.000139573919293
196 -0.000127640343512
197 -0.000116263739465
198 -0.000105861306743
199 -9.60175811421e-05
200 0.00293536750283
201 0.00276959509774
202 0.00247568692556
203 0.00241586552619
204 0.00215241863583
205 0.00191827246109
206 0.00168711913693
207 0.00145086816667
208 0.00118955388568
209 0.000933611800234
210 0.000699819253191
211 0.000473734631308
212 0.000276230108113
213 0.000104401105076
214 -3.95146683376e-05
215 -0.000153486583785
216 -0.000237912631916
217 -0.000302934167875
218 -0.000341729397326
219 -0.000371368034829
220 -0.000402867619002
221 -0.000422226960146
222 -0.000430806691473
223 -0.000434567355654
224 -0.000438957546775
225 -0.000437353811886
226 -0.0004293819036
227 -0.000420304811653
228 -0.00041172057007
229 -0.000398228048682
230 -0.000380847989991
231 -0.000366000512056
232 -0.000350404429649
233 -0.000330751092822
234 -0.000311251407508
235 -0.000291921401374
236 -0.000274400631509
237 -0.000256165563927
238 -0.000239321547162
239 -0.000222001802997
240 -0.000205320466293
241 -0.000189896873623
242 -0.000174705106655
243 -0.000160221877718
244 -0.000146675294816
245 -0.000133714705002
246 -0.00012221291789
247 -0.000111307294248
248 -0.000101310975606
249 -9.18660795648e-05
250 0.00308425416976
251 0.00288959291663
252 0.00257762181662
253 0.00249808383946
254 0.00220783256943
255 0.0019410074157
256 0.00168174716903
257 0.00142168346092
258 0.00113879330944
259 0.000871550389522
260 0.00062875138684
261 0.000401133704941
262 0.000201309293293
263 3.04148008526e-05
264 -0.000113789043984
265 -0.000226451250633
266 -0.000305826079942
267 -0.000363481552218
268 -0.000390100767856
269 -0.000407552702519
270 -0.000427683905956
271 -0.00043664379679
272 -0.000435744590592
273 -0.000433631864483
274 -0.000433026462035
275 -0.00042777440494
276 -0.00041767222174
277 -0.000406973409258
278 -0.000396917967671
279 -0.000383087462966
280 -0.000365623660114
281 -0.000351039701947
282 -0.000335352777983
283 -0.000316064168821
284 -0.000297027360333
285 -0.000278394957393
286 -0.000261303295924
287 -0.000243668125377
288 -0.000227492227594
289 -0.000210676111513
290 -0.000194854640625
291 -0.000180030574841
292 -0.000165478877694
293 -0.000151649535591
294 -0.000138649200092
295 -0.000126415977851
296 -0.000115514483321
297 -0.000105085580175
298 -9.5612777997e-05
299 -8.66196624937e-05
300 0.00330256553082
301 0.00304857772246
302 0.00271403643334
303 0.00260844782555
304 0.00227704717294
305 0.0019776945321
306 0.00168117787377
307 0.00138720471941
308 0.00107943790038
309 0.000794887235209
310 0.000540284582719
311 0.000310864977667
312 0.000111492341663
313 -5.40220334011e-05
314 -0.000194823531526
315 -0.000304391493253
316 -0.000380146581289
317 -0.000431316336
318 -0.000446496267329
319 -0.000450457484672
320 -0.000457150687598
321 -0.000452213414756
322 -0.000441124638776
323 -0.000430399680514
324 -0.000423679086179
325 -0.000414616238615
326 -0.000401624636679
327 -0.000389200370427
328 -0.000377994576717
329 -0.00036395544931
330 -0.000346103358847
331 -0.000331511329396
332 -0.00031614286669
333 -0.000297300320095
334 -0.00027922781215
335 -0.000261322999529
336 -0.00024485036589
337 -0.000228088534547
338 -0.000212546563556
339 -0.000196699462108
340 -0.000181763668106
341 -0.000167717320132
342 -0.000154096724007
343 -0.000141029662627
344 -0.000128903933631
345 -0.000117517407096
346 -0.000107290364454
347 -9.75971516064e-05
348 -8.86763074039e-05
349 -8.02563565202e-05
350 0.00353828072973
351 0.00325329255359
352 0.00288414923508
353 0.00273812688295
354 0.00236572845617
355 0.00201596768471
356 0.00167654551267
357 0.0013416611716
358 0.00100565080129
359 0.000701792594076
360 0.000433973896049
361 0.00020329749383
362 7.82895362372e-06
363 -0.000147097276985
364 -0.000279233467468
365 -0.000382625953228
366 -0.000453258179194
367 -0.000499332088623
368 -0.000505934871011
369 -0.000497872480858
370 -0.000489951236759
371 -0.000470386549787
372 -0.000446737872862
373 -0.00042582102533
374 -0.000411762374465
375 -0.00039782151412
376 -0.00038211809006
377 -0.000367688183353
378 -0.000355362964213
379 -0.000340506731091
380 -0.00032292587719
381 -0.000308296517539
382 -0.000293474438732
383 -0.000275454043497
384 -0.000258610143596
385 -0.000241598754893
386 -0.000225922808977
387 -0.000210106922168
388 -0.000195551310963
389 -0.000180767722553
390 -0.000166804777475
391 -0.000153698159357
392 -0.000141095427823
393 -0.00012895636167
394 -0.000117831323832
395 -0.00010729363966
396 -9.78807193493e-05
397 -8.89216239695e-05
398 -8.06865552456e-05
399 -7.29717800606e-05
400 0.00381070165158
401 0.0035128366741
402 0.00307950027079
403 0.00289361156733
404 0.00245472491411
405 0.00205144798424
406 0.00165610987376
407 0.00127861163689
408 0.000908493874662
409 0.000584732998119
410 0.000304266006923
411 7.5994369649e-05
412 -0.000112416582213
413 -0.00025138116433
414 -0.000368073345667
415 -0.000458196887833
416 -0.000519544703009
417 -0.000559864831015
418 -0.000560679720855
419 -0.000543673058388
420 -0.000522584173893
421 -0.000489450916792
422 -0.000452217823684
423 -0.000420134461166
424 -0.000398189868716
425 -0.00037819267784
426 -0.000359075786043
427 -0.000343006428869
428 -0.000329517111075
429 -0.000314013357793
430 -0.00029682989866
431 -0.000282533625368
432 -0.000268133365513
433 -0.00025130705558
434 -0.000235057328794
435 -0.000219278120811
436 -0.000204706845046
437 -0.00019005498865
438 -0.000176554314166
439 -0.000162960823335
440 -0.00015012429762
441 -0.000138169164197
442 -0.00012663246343
443 -0.00011568875059
444 -0.000105579845268
445 -9.60266030431e-05
446 -8.74531958746e-05
447 -7.93423919307e-05
448 -7.19204025918e-05
449 -6.49582745421e-05
450 0.00414654304567
451 0.00380864405836
452 0.00330303553021
453 0.00305886481137
454 0.00254434113243
455 0.00207255954981
456 0.00161035570661
457 0.00118364104333
458 0.000777813988519
459 0.000436862707609
460 0.000146184472098
461 -7.42740777091e-05
462 -0.000251631197592
463 -0.000369008947783
464 -0.000463827544437
465 -0.000532250705296
466 -0.000576681225795
467 -0.00060622138383
468 -0.000602302366999
469 -0.000580063598964
470 -0.000550041073345
471 -0.000504752839299
472 -0.00045440710426
473 -0.000411731180762
474 -0.000381201804778
475 -0.000354793927177
476 -0.000332509644939
477 -0.000314240828144
478 -0.000299458471481
479 -0.000283742014525
480 -0.000267190214333
481 -0.000253416365574
482 -0.000239612640512
483 -0.000224001893965
484 -0.000209150040497
485 -0.000194598928913
486 -0.000181334425913
487 -0.000168062444003
488 -0.000155822245363
489 -0.000143507018566
490 -0.000132039066949
491 -0.000121334864678
492 -0.000111009866428
493 -0.000101273855756
494 -9.22403156753e-05
495 -8.37582153232e-05
496 -7.61715527453e-05
497 -6.89846918988e-05
498 -6.24316638e-05
499 -5.62534196729e-05
500 0.0045431596596
501 0.00415057762321
502 0.00355634419629
503 0.00323573677016
504 0.00262493862235
505 0.00206740757936
506 0.00152772706116
507 0.00104558385079
508 0.00060516968031
509 0.000250632173572
510 -4.29825766613e-05
511 -0.000249016245446
512 -0.000408768459821
513 -0.000498391758619
514 -0.000565616091491
515 -0.000605936522441
516 -0.000624428094265
517 -0.000637003511065
518 -0.000624234131292
519 -0.000598602609324
520 -0.00056345750804
521 -0.000510539231681
522 -0.000450359999815
523 -0.000398197806673
524 -0.00035922350166
525 -0.00032721245801
526 -0.000301581443133
527 -0.000281569685078
528 -0.000265849307615
529 -0.000250262205346
530 -0.000234440665797
531 -0.000221426487871
532 -0.00020847914962
533 -0.00019426131637
534 -0.000180810136178
535 -0.000167828129131
536 -0.000155959480645
537 -0.000144135082564
538 -0.000133297573809
539 -0.000122484345302
540 -0.000112465801315
541 -0.000103096114203
542 -9.41667108604e-05
543 -8.57465888147e-05
544 -7.79597332496e-05
545 -7.06927546733e-05
546 -6.4118495884e-05
547 -5.79409342492e-05
548 -5.22865737976e-05
549 -4.69628399032e-05
550 0.00501946684684
551 0.00454700808691
552 0.0038358415772
553 0.00342009850384
554 0.00268338596486
555 0.00202317902932
556 0.00139469855567
557 0.000852409466771
558 0.000382282891318
559 2.21065401668e-05
560 -0.000263880415179
561 -0.000445830189409
562 -0.000578794909753
563 -0.000633718809883
564 -0.000667846524339
565 -0.000676100593496
566 -0.000664490903326
567 -0.00065278539819
568 -0.000625054807296
569 -0.000594010048158
570 -0.000556306944875
571 -0.000500217961103
572 -0.000435294207749
573 -0.000376118539692
574 -0.000330502245416
575 -0.00029397864657
576 -0.000265749952067
577 -0.000244534424715
578 -0.000228254450437
579 -0.000213209350098
580 -0.000198486792882
581 -0.000186460575315
582 -0.000174737337165
583 -0.000162149906616
584 -0.000150336227572
585 -0.000139190084236
586 -0.000128863469891
587 -0.000118781575938
588 -0.000109481140543
589 -0.000100356076508
590 -9.1883899781e-05
591 -8.39571407342e-05
592 -7.65189635387e-05
593 -6.94644137379e-05
594 -6.29659210567e-05
595 -5.6965785361e-05
596 -5.14533919519e-05
597 -4.63249368156e-05
598 -4.16065041715e-05
599 -3.72021797369e-05
600 0.00559774279766
601 0.00502017341068
602 0.00414510961868
603 0.00359826973397
604 0.00270503924009
605 0.00192213246063
606 0.00119405833434
607 0.000591662045551
608 0.000101673189701
609 -0.000250643085022
610 -0.000515611306529
611 -0.000658694651755
612 -0.000753903669702
613 -0.000765895155597
614 -0.000762644496681
615 -0.000735698829617
616 -0.00069280880399
617 -0.000653239739179
618 -0.000606259865236
619 -0.000565472662033
620 -0.000524233058431
621 -0.00046897757417
622 -0.000404062283826
623 -0.000342352986782
624 -0.000292957132086
625 -0.000253647857893
626 -0.000224405132466
627 -0.000202881695199
628 -0.000186831377505
629 -0.000172782930952
630 -0.000159707432136
631 -0.000148970456788
632 -0.000138693018943
633 -0.000128107157532
634 -0.000118259537134
635 -0.000109050437067
636 -0.00010044582132
637 -9.21680476722e-05
638 -8.45653758227e-05
639 -7.71922924239e-05
640 -7.03625173276e-05
641 -6.4035638845e-05
642 -5.81227249011e-05
643 -5.2538980649e-05
644 -4.74230998711e-05
645 -4.26900915036e-05
646 -3.83352891154e-05
647 -3.42859854279e-05
648 -3.05523446655e-05
649 -2.70933054473e-05
650 0.00628897689628
651 0.00557166243778
652 0.0044810856603
653 0.00374916083088
654 0.00266777466468
655 0.00173881593793
656 0.000905017945924
657 0.000250801190684
658 -0.000241570769109
659 -0.000564710004237
660 -0.000789308102995
661 -0.000876842139496
662 -0.000920766064714
663 -0.000883103131591
664 -0.000837549867932
665 -0.000773688384031
666 -0.000700483669037
667 -0.000634186306598
668 -0.000567323046831
669 -0.000513879934079
670 -0.00046723995855
671 -0.000413993909566
672 -0.000353114501717
673 -0.000293847917136
674 -0.000244395295043
675 -0.000205104392179
676 -0.000176966421121
677 -0.000156498475741
678 -0.000141661409323
679 -0.000129312474841
680 -0.000118553554323
681 -0.000109487932575
682 -0.000100943225143
683 -9.2592881455e-05
684 -8.49303311505e-05
685 -7.77879812242e-05
686 -7.105151597e-05
687 -6.47193794788e-05
688 -5.894536615e-05
689 -5.34175571126e-05
690 -4.83382328413e-05
691 -4.36584870098e-05
692 -3.93233470538e-05
693 -3.52482644836e-05
694 -3.15425864378e-05
695 -2.81226464577e-05
696 -2.49579663213e-05
697 -2.19950810225e-05
698 -1.928283103e-05
699 -1.677478973e-05
700 0.00710406448958
701 0.00620662302909
702 0.00483709144814
703 0.00385264174841
704 0.00253882096744
705 0.0014431007571
706 0.000505065202832
707 -0.000180508455896
708 -0.00064517057037
709 -0.000911727044843
710 -0.00106986684299
711 -0.00108416910398
712 -0.00106438190304
713 -0.00097082775894
714 -0.000879645256848
715 -0.000779728239263
716 -0.000678718404203
717 -0.000589413435788
718 -0.000506541969441
719 -0.000441109674815
720 -0.000387494914914
721 -0.000335889086509
722 -0.000281594829334
723 -0.000228700763149
724 -0.000183389189609
725 -0.000147515195485
726 -0.000122938305732
727 -0.000105477103612
728 -9.30238012613e-05
729 -8.32727474906e-05
730 -7.5397109207e-05
731 -6.84398477798e-05
732 -6.199731558e-05
733 -5.61129824874e-05
734 -5.07484601656e-05
735 -4.58233477269e-05
736 -4.11219380386e-05
737 -3.68329183444e-05
738 -3.29444532616e-05
739 -2.93457920657e-05
740 -2.60714125312e-05
741 -2.30763995899e-05
742 -2.03257400092e-05
743 -1.78116380107e-05
744 -1.55346246123e-05
745 -1.34602774263e-05
746 -1.14788473043e-05
747 -9.61349892127e-06
748 -7.93218156839e-06
749 -6.37634559762e-06
750 0.00811647910709
751 0.00695966154382
752 0.00518762526468
753 0.00386283435872
754 0.00226284456445
755 0.000994266713474
756 -2.70336580352e-05
757 -0.000706253545594
758 -0.00109768034314
759 -0.00127135886658
760 -0.00133249551106
761 -0.00125809615624
762 -0.00116273912199
763 -0.00101145455616
764 -0.000874787912901
765 -0.000741882370927
766 -0.000618428279749
767 -0.000512251715129
768 -0.000419673742367
769 -0.000346597449695
770 -0.00028726697477
771 -0.000237298842622
772 -0.00019050930479
773 -0.000146831827159
774 -0.000109257613493
775 -8.0441788662e-05
776 -6.21987154073e-05
777 -4.98366305795e-05
778 -4.12645577584e-05
779 -3.51977060249e-05
780 -3.08034187609e-05
781 -2.64170948069e-05
782 -2.23899794251e-05
783 -1.91682512405e-05
784 -1.62572754214e-05
785 -1.36464424661e-05
786 -1.10544695587e-05
787 -8.9049487825e-06
788 -6.90448830841e-06
789 -5.29592535864e-06
790 -3.87158284984e-06
791 -2.57761940699e-06
792 -1.41063087847e-06
793 -4.70799730807e-07
794 3.67846569736e-07
795 1.10529469965e-06
796 1.92074546164e-06
797 2.68702940007e-06
798 3.34797246154e-06
799 3.95805648698e-06
800 0.00935272562959
801 0.00781059030095
802 0.00549389272844
803 0.00370226744828
804 0.00177230235862
805 0.000345656822477
806 -0.000704950577398
807 -0.00131170227756
808 -0.00156924997624
809 -0.00160618691386
810 -0.00154070817916
811 -0.00136403436512
812 -0.0011897538638
813 -0.000984977958424
814 -0.000808281112475
815 -0.000649846369674
816 -0.000512419559269
817 -0.000397316976181
818 -0.000303435050406
819 -0.00022942583613
820 -0.000168713021486
821 -0.000121727247951
822 -8.30500221339e-05
823 -5.00868298395e-05
824 -2.26979586342e-05
825 -4.01140792082e-06
826 4.91304119075e-06
827 9.93674128913e-06
828 1.30431051815e-05
829 1.43847235768e-05
830 1.45606676947e-05
831 1.60266406928e-05
832 1.73275723518e-05
833 1.77146756697e-05
834 1.79597151167e-05
835 1.82713030629e-05
836 1.86817609051e-05
837 1.86765260124e-05
838 1.87306057722e-05
839 1.83773056257e-05
840 1.79432808043e-05
841 1.75328439038e-05
842 1.7099035421e-05
843 1.65130261709e-05
844 1.59391698365e-05
845 1.53762067739e-05
846 1.50471298114e-05
847 1.47365319946e-05
848 1.44017749007e-05
849 1.4095807607e-05
850 0.0108954771578
851 0.00877491573797
852 0.00567050188296
853 0.00324601634563
854 0.000981018119815
855 -0.000535989813325
856 -0.00151266638022
857 -0.00194753718729
858 -0.00199971768722
859 -0.00185925174257
860 -0.00164408465583
861 -0.0013655098623
862 -0.0011163953078
863 -0.000871884832786
864 -0.000667902486192
865 -0.000496059463296
866 -0.00035637735923
867 -0.000242623816416
868 -0.000156993982709
869 -9.01524524057e-05
870 -3.38450210418e-05
871 6.58434364416e-06
872 3.58533774926e-05
873 5.7863360775e-05
874 7.37406176429e-05
875 7.99825144272e-05
876 7.71190756979e-05
877 7.28122298787e-05
878 6.88969375968e-05
879 6.44542264644e-05
880 5.97762062941e-05
881 5.795563192e-05
882 5.63207743966e-05
883 5.37881556306e-05
884 5.13654751095e-05
885 4.92964935332e-05
886 4.74742931058e-05
887 4.53652868006e-05
888 4.34838311085e-05
889 4.12006655392e-05
890 3.90346640073e-05
891 3.69622222605e-05
892 3.49811520802e-05
893 3.2925243528e-05
894 3.09788798138e-05
895 2.91770789895e-05
896 2.77226315082e-05
897 2.63796077406e-05
898 2.50884006584e-05
899 2.38902816313e-05
900 0.0128850226633
901 0.00975240279885
902 0.00555860291557
903 0.0023176502775
904 -0.000207175781492
905 -0.00164847176595
906 -0.00237975394151
907 -0.00251692437597
908 -0.00229426219006
909 -0.00195362147157
910 -0.00158513798628
911 -0.00122260424116
912 -0.000918308065113
913 -0.000658565338133
914 -0.000446688221318
915 -0.000278941427464
916 -0.000151106100442
917 -5.09065157473e-05
918 1.68399853714e-05
919 6.86306387496e-05
920 0.000113843502063
921 0.000143080762377
922 0.000161425883163
923 0.000171938633128
924 0.000176165476282
925 0.000168883152919
926 0.000152797650446
927 0.000137421283988
928 0.00012515756508
929 0.000114157070057
930 0.000104142889754
931 9.86434015134e-05
932 9.39406191644e-05
933 8.83473829721e-05
934 8.33683789869e-05
935 7.89342339605e-05
936 7.49513608819e-05
937 7.08259912485e-05
938 6.70765858632e-05
939 6.29309571869e-05
940 5.90624638366e-05
941 5.543105442e-05
942 5.19459271717e-05
943 4.84915205457e-05
944 4.52538844046e-05
945 4.22585605646e-05
946 3.97763578095e-05
947 3.7429777436e-05
948 3.52461019231e-05
949 3.31955547624e-05
950 0.0153692504853
951 0.0106077541751
952 0.00485709546972
953 0.000691327287908
954 -0.00182196195053
955 -0.00289427007954
956 -0.00314012883734
957 -0.0028549065353
958 -0.00232583044657
959 -0.00179868700257
960 -0.00130739992647
961 -0.000905494864812
962 -0.000580784160458
963 -0.000340462667264
964 -0.000146123050247
965 -3.73085289122e-06
966 9.65136538308e-05
967 0.000171277908117
968 0.000211757284735
969 0.000241522152339
970 0.000269461553142
971 0.00028318360605
972 0.000288038277531
973 0.000287030064653
974 0.000279897107445
975 0.000259092511206
976 0.0002291707366
977 0.000201555948335
978 0.000180119950349
979 0.00016186895026
980 0.000146266743117
981 0.00013695919589
982 0.000129204751721
983 0.000120600802705
984 0.000113102492167
985 0.000106437884815
986 0.000100418940539
987 9.44131441468e-05
988 8.89377941651e-05
989 8.3048551322e-05
990 7.77027520979e-05
991 7.2614374728e-05
992 6.77739415734e-05
993 6.30047530125e-05
994 5.85949057633e-05
995 5.45041594582e-05
996 5.10644663557e-05
997 4.78100347914e-05
998 4.4761625998e-05
999 4.19333715808e-05
1000 0.0184993953422
1001 0.0107534209201
1002 0.00305997045739
1003 -0.00176429368212
1004 -0.00368952928345
1005 -0.00396614642591
1006 -0.00349754641048
1007 -0.00273689445584
1008 -0.00195606284757
1009 -0.00131822550882
1010 -0.000779498148253
1011 -0.000405297306064
1012 -0.000111202016699
1013 6.96230691604e-05
1014 0.000217560285151
1015 0.000314458334885
1016 0.000371455994028
1017 0.0004108384223
1018 0.000416669188561
1019 0.000419212855673
1020 0.000424868577003
1021 0.000420423866151
1022 0.000409943431091
1023 0.000397241329741
1024 0.000379325640964
1025 0.0003463399381
1026 0.000302809721957
1027 0.000263062100576
1028 0.000232176994144
1029 0.000206666463926
1030 0.000185419711066
1031 0.000172306646042
1032 0.000161547809702
1033 0.000150112758128
1034 0.000140250169782
1035 0.000131491741479
1036 0.000123626000229
1037 0.000115933907453
1038 0.000108958765417
1039 0.000101483939096
1040 9.46933450836e-05
1041 8.82665844956e-05
1042 8.21838868878e-05
1043 7.62478595422e-05
1044 7.07756975081e-05
1045 6.56681523816e-05
1046 6.13578616338e-05
1047 5.72564091238e-05
1048 5.34300277322e-05
1049 4.98614087162e-05
1050 0.0221750372393
1051 0.00878728321697
1052 -0.000439738207132
1053 -0.00472247549166
1054 -0.00519922228928
1055 -0.00430621068887
1056 -0.00306852559962
1057 -0.00195521173247
1058 -0.0010953972972
1059 -0.000490236893019
1060 -1.70658046024e-05
1061 0.000248638483464
1062 0.000457115513261
1063 0.000542183005462
1064 0.000616304486706
1065 0.000651384147746
1066 0.000654726398177
1067 0.000651325644708
1068 0.00061891380683
1069 0.000591492878696
1070 0.000573083667412
1071 0.000548624923735
1072 0.000521810142552
1073 0.000497864606794
1074 0.000470174055339
1075 0.000426573021803
1076 0.000370550850502
1077 0.000319406457424
1078 0.000279380989664
1079 0.000246837235929
1080 0.000220325262537
1081 0.000203678470624
1082 0.00019003288058
1083 0.00017608209168
1084 0.000164282217198
1085 0.000153790192586
1086 0.000144275933065
1087 0.000135086935928
1088 0.000126544007424
1089 0.000117731625196
1090 0.000109678741335
1091 0.000102119623513
1092 9.49578016213e-05
1093 8.80262737168e-05
1094 8.16188685012e-05
1095 7.56540743745e-05
1096 7.05579787296e-05
1097 6.57331705694e-05
1098 6.12123691361e-05
1099 5.69844532766e-05
1100 0.0244222043296
1101 0.00297257695195
1102 -0.00543696585043
1103 -0.00665685560523
1104 -0.00510491233237
1105 -0.00319762473333
1106 -0.00155892595427
1107 -0.000451609400045
1108 0.000210314114158
1109 0.000604249463885
1110 0.000889779639086
1111 0.00097695950898
1112 0.00105531815368
1113 0.00102165615237
1114 0.00100780805067
1115 0.000972417569783
1116 0.000919445684497
1117 0.000870522314469
1118 0.000801208049077
1119 0.000744476537004
1120 0.000702955910939
1121 0.00065923147007
1122 0.000617578422753
1123 0.000583028806892
1124 0.000547511312493
1125 0.000494936638391
1126 0.000428640170155
1127 0.000367705857335
1128 0.000319650102241
1129 0.000280934518638
1130 0.000249884476696
1131 0.000230163068147
1132 0.00021419672151
1133 0.000198279288178
1134 0.000184647250073
1135 0.000172652996098
1136 0.00016168765763
1137 0.000151227496223
1138 0.00014156132302
1139 0.000131559993115
1140 0.000122521294913
1141 0.000113988127248
1142 0.000105937325852
1143 9.81549186007e-05
1144 9.0929594604e-05
1145 8.42658035873e-05
1146 7.84726119667e-05
1147 7.30237429149e-05
1148 6.79148763792e-05
1149 6.31414715891e-05
1150 0.0186589696326
1151 -0.00273691300335
1152 -0.00834486294091
1153 -0.00490152515878
1154 -0.00220894345423
1155 -0.000359053376264
1156 0.000878733437378
1157 0.00149988308055
1158 0.00170541462331
1159 0.00175669545169
1160 0.00177529171838
1161 0.00165850065409
1162 0.0015915798924
1163 0.00144153505452
1164 0.00134195786513
1165 0.00123988620326
1166 0.00113636668174
1167 0.00104735941944
1168 0.000947303340259
1169 0.000866354535786
1170 0.000804772266212
1171 0.000745045484053
1172 0.000691408871509
1173 0.000648211712033
1174 0.000606593570941
1175 0.000547543863028
1176 0.000473969097542
1177 0.000405473654168
1178 0.000350977836736
1179 0.000307557209772
1180 0.000272954224126
1181 0.000250796435129
1182 0.000232950961997
1183 0.000215385660973
1184 0.000200526300621
1185 0.00018738481877
1186 0.000175415478432
1187 0.000164017896106
1188 0.000153469843456
1189 0.000142718126602
1190 0.000132901974358
1191 0.000123612241273
1192 0.00011489493288
1193 0.000106485340141
1194 9.86589149025e-05
1195 9.14018352631e-05
1196 8.5072467418e-05
1197 7.9128131643e-05
1198 7.35535231268e-05
1199 6.82817472792e-05
1200 0.00306780610507
1201 -0.00693172785481
1202 -0.00297414996678
1203 0.00120911635077
1204 0.00276112042354
1205 0.00323120120241
1206 0.00337510638618
1207 0.00325487097005
1208 0.0029514325524
1209 0.00266767151177
1210 0.00243752924732
1211 0.00215519264697
1212 0.00196980496607
1213 0.00173497871114
1214 0.00157130200421
1215 0.00142075243017
1216 0.00128202078108
1217 0.00116475738831
1218 0.00104442329449
1219 0.000946610550084
1220 0.000870804871388
1221 0.000800728492139
1222 0.000739121538709
1223 0.000690580196347
1224 0.000645028043482
1225 0.000582207599193
1226 0.000504187211721
1227 0.000430946040938
1228 0.000372372304897
1229 0.000325861440357
1230 0.000289033539476
1231 0.000265345713359
1232 0.000246297810634
1233 0.000227736302737
1234 0.000212057581884
1235 0.000198229492663
1236 0.000185585658295
1237 0.000173556585548
1238 0.000162520775679
1239 0.000151182475539
1240 0.000140815603532
1241 0.000131005037485
1242 0.000121785067775
1243 0.000112918967267
1244 0.000104636935414
1245 9.69595214675e-05
1246 9.02283664824e-05
1247 8.38668316845e-05
1248 7.79286660275e-05
1249 7.23361279398e-05
1250 -0.00866687934192
1251 -0.00216724531806
1252 0.00619484208569
1253 0.00631863396364
1254 0.00606414699964
1255 0.00531957380321
1256 0.00462351420079
1257 0.00403641892921
1258 0.0034890859369
1259 0.0030512685065
1260 0.00269626264476
1261 0.00235209838018
1262 0.0021119779478
1263 0.00185008803085
1264 0.00165826223359
1265 0.00148866844819
1266 0.00133668776514
1267 0.00120783807435
1268 0.00108128300367
1269 0.000977623924348
1270 0.000895659571103
1271 0.000821370967074
1272 0.000757525885231
1273 0.000707755343076
1274 0.000660875604096
1275 0.000596800583837
1276 0.000517547435798
1277 0.000442672906435
1278 0.000382710751207
1279 0.000335014057419
1280 0.00029760197184
1281 0.000273314858907
1282 0.000253722773595
1283 0.000234863376504
1284 0.000218940156858
1285 0.000204888732689
1286 0.000191965311818
1287 0.000179675124524
1288 0.000168246884284
1289 0.000156591328131
1290 0.000145961489056
1291 0.000135900974286
1292 0.000126414736174
1293 0.000117307648724
1294 0.000108771179469
1295 0.000100855986724
1296 9.38772976587e-05
1297 8.7298471459e-05
1298 8.11069581611e-05
1299 7.53060688528e-05
1300 0.00803861588474
1301 -0.00103347389587
1302 0.00195670604776
1303 0.00329852226798
1304 0.00427477974287
1305 0.00421657005961
1306 0.00383903567287
1307 0.00344843327759
1308 0.00309455094967
1309 0.0027720580693
1310 0.00247478988166
1311 0.0021984342622
1312 0.00198603909053
1313 0.00176367321437
1314 0.00158841260554
1315 0.00143253562075
1316 0.00129296680426
1317 0.0011723517977
1318 0.00105495222215
1319 0.000956840720564
1320 0.000877474726192
1321 0.000806621455319
1322 0.000746143119471
1323 0.000699291580568
1324 0.00065369735905
1325 0.000591091391317
1326 0.000513937790643
1327 0.000440544375783
1328 0.000381707844381
1329 0.000334985540677
1330 0.000298503789864
1331 0.000274642954153
1332 0.000255345514993
1333 0.000236856341686
1334 0.000221225553255
1335 0.000207268955863
1336 0.000194395146402
1337 0.000182171252873
1338 0.000170831466168
1339 0.000159210465849
1340 0.000148553340814
1341 0.000138469654732
1342 0.000128898157373
1343 0.000119720485809
1344 0.000111080020854
1345 0.000103071389309
1346 9.59681232426e-05
1347 8.92676600488e-05
1348 8.29697507565e-05
1349 7.70629026775e-05
1350 0.0196186650959
1351 -0.00665887728488
1352 -0.00796614501775
1353 -0.00414194490014
1354 -0.000925975162916
1355 0.000730514604393
1356 0.00146683339155
1357 0.0017611155633
1358 0.00191481667016
1359 0.00191718735792
1360 0.0018310348233
1361 0.00172872234057
1362 0.00161682999672
1363 0.0014901865437
1364 0.00137209091377
1365 0.00126081569814
1366 0.00115617086269
1367 0.00106100330043
1368 0.000966874396816
1369 0.00088509299857
1370 0.000816812683027
1371 0.000755940785401
1372 0.000704439749187
1373 0.000664190581882
1374 0.00062302980167
1375 0.00056462777333
1376 0.000492728008612
1377 0.000424217460666
1378 0.000369307845515
1379 0.000325717533032
1380 0.000291646585076
1381 0.000269218735769
1382 0.000251004098752
1383 0.00023349052363
1384 0.000218656446697
1385 0.000205359086981
1386 0.000192920686403
1387 0.000181109822342
1388 0.000170036806188
1389 0.000158719172504
1390 0.000148326893345
1391 0.000138471038346
1392 0.000129082438212
1393 0.000120070324496
1394 0.000111557501534
1395 0.000103649283823
1396 9.66125503506e-05
1397 8.99478224529e-05
1398 8.3659978873e-05
1399 7.77412033092e-05
1400 0.0240662532828
1401 0.00319732621285
1402 -0.00739689097206
1403 -0.0072012103742
1404 -0.00486123757487
1405 -0.00267418532618
1406 -0.00117686078761
1407 -0.000267329495358
1408 0.000383408209059
1409 0.000752071643197
1410 0.000932639918538
1411 0.0010471417629
1412 0.00107447799816
1413 0.00107509643803
1414 0.00104074566808
1415 0.000994925440135
1416 0.000942287919642
1417 0.000885855936643
1418 0.00082609712511
1419 0.000769527446084
1420 0.000719652637175
1421 0.000674538058402
1422 0.000636572255771
1423 0.000606091908859
1424 0.000571626646521
1425 0.000520059483401
1426 0.000456368996628
1427 0.000395450227159
1428 0.000346545442809
1429 0.000307920985295
1430 0.00027766081952
1431 0.000257519638266
1432 0.000241071790938
1433 0.000225087314766
1434 0.000211536513328
1435 0.000199252053662
1436 0.00018764198614
1437 0.000176594702301
1438 0.000166169935069
1439 0.000155488697194
1440 0.000145574621426
1441 0.000136118041732
1442 0.000127126889101
1443 0.000118465442629
1444 0.000110217588025
1445 0.000102539808475
1446 9.56750754246e-05
1447 8.92149936729e-05
1448 8.30673185631e-05
1449 7.72760697574e-05
1450 0.0211957634398
1451 0.00921190017026
1452 -0.00205252802974
1453 -0.00544695783878
1454 -0.00564625809659
1455 -0.0043850730825
1456 -0.00300277263893
1457 -0.00191924702971
1458 -0.00102190868416
1459 -0.000407795261673
1460 -1.02787442683e-05
1461 0.000294052500477
1462 0.000458409733899
1463 0.000585985515665
1464 0.00064239934564
1465 0.000669531221236
1466 0.000676156227575
1467 0.00066555048756
1468 0.00064610415515
1469 0.000620128944443
1470 0.000593164664933
1471 0.00056750121186
1472 0.000546087538452
1473 0.000527487409581
1474 0.000501858135196
1475 0.000459484048486
1476 0.000406597986795
1477 0.000355768410558
1478 0.000314895130378
1479 0.000282553367063
1480 0.000257154629555
1481 0.000240049241064
1482 0.000225929180303
1483 0.000212031736253
1484 0.00020014136417
1485 0.000189251239474
1486 0.000178766151538
1487 0.000168808777737
1488 0.000159259055841
1489 0.000149432110501
1490 0.000140232314684
1491 0.000131427008647
1492 0.000123011933699
1493 0.000114892803711
1494 0.000107108100483
1495 9.98755559811e-05
1496 9.33659493066e-05
1497 8.71981139327e-05
1498 8.12984283049e-05
1499 7.57168001364e-05
1500 0.0176779040566
1501 0.0107798877045
1502 0.00213162424905
1503 -0.0023030795321
1504 -0.00434888824747
1505 -0.00439497609637
1506 -0.00368541952305
1507 -0.00284496840329
1508 -0.00200162584161
1509 -0.00132699360927
1510 -0.000823520525907
1511 -0.000402220039603
1512 -0.000137360235848
1513 9.19471109807e-05
1514 0.000227200686187
1515 0.000322015858903
1516 0.000385687204361
1517 0.000421267751081
1518 0.000442654696551
1519 0.000448938924176
1520 0.000446717275828
1521 0.000442110644457
1522 0.000438429557316
1523 0.000432759431469
1524 0.000417483440614
1525 0.0003864135881
1526 0.000346470403371
1527 0.000307579639109
1528 0.000276041218702
1529 0.000250969204061
1530 0.000231163669994
1531 0.000217648625538
1532 0.000206255923579
1533 0.000194905939058
1534 0.000184993985065
1535 0.00017571886148
1536 0.00016675016736
1537 0.000158010847788
1538 0.000149588397157
1539 0.00014083394893
1540 0.00013258556993
1541 0.000124645204338
1542 0.000116982270077
1543 0.000109550775355
1544 0.0001024053877
1545 9.57145874667e-05
1546 8.96350836802e-05
1547 8.38757112476e-05
1548 7.83413133998e-05
1549 7.30780786393e-05
1550 0.0147010607424
1551 0.0105033770503
1552 0.00438896202384
1553 0.000322374042668
1554 -0.00243759950709
1555 -0.00343331516463
1556 -0.0034679090334
1557 -0.0030637796732
1558 -0.0024730956216
1559 -0.00189752856253
1560 -0.00140474699958
1561 -0.000953472902094
1562 -0.000640906835808
1563 -0.000350645168231
1564 -0.000159888640359
1565 -1.27545018498e-05
1566 9.79327970074e-05
1567 0.00017403663849
1568 0.000232095908772
1569 0.000268546666254
1570 0.000290260651167
1571 0.000305998698353
1572 0.000319436386667
1573 0.000327011375456
1574 0.000323278145681
1575 0.000305280230047
1576 0.000279621000087
1577 0.000253488244996
1578 0.000231907609443
1579 0.000214546921361
1580 0.000200671765154
1581 0.000190975527849
1582 0.000182644739444
1583 0.000174096919312
1584 0.000166530402686
1585 0.00015919572158
1586 0.000151824476978
1587 0.000144593375985
1588 0.00013749088081
1589 0.000130015770177
1590 0.000122855653175
1591 0.000115904122001
1592 0.000109134656132
1593 0.000102552743551
1594 9.61841230602e-05
1595 9.0175261021e-05
1596 8.46640793816e-05
1597 7.9387949687e-05
1598 7.43225647294e-05
1599 6.94968617472e-05
1600 0.0123250240226
1601 0.00962483064588
1602 0.00533873124993
1603 0.00204146915644
1604 -0.000717549050324
1605 -0.0021766213962
1606 -0.0027600499575
1607 -0.00278353185636
1608 -0.00251201427994
1609 -0.00212461388168
1610 -0.00172813420151
1611 -0.00132135095584
1612 -0.00101221305646
1613 -0.000704929903353
1614 -0.000486726412452
1615 -0.000307791712081
1616 -0.000164656741637
1617 -5.82604587485e-05
1618 2.92303696379e-05
1619 9.09543227484e-05
1620 0.000133062119728
1621 0.000166482193123
1622 0.00019510555252
1623 0.000215642082095
1624 0.000224296022954
1625 0.000220476281559
1626 0.000209568392139
1627 0.000196257598281
1628 0.000184493868092
1629 0.000174789776362
1630 0.000166855650964
1631 0.000161122284738
1632 0.000155943385493
1633 0.000150371195768
1634 0.000145187768442
1635 0.000139911703962
1636 0.000134400975364
1637 0.000128833612339
1638 0.00012318352783
1639 0.000117134883292
1640 0.000111238519164
1641 0.000105441184049
1642 9.97206763523e-05
1643 9.41153890877e-05
1644 8.86259835684e-05
1645 8.34005501656e-05
1646 7.85554048248e-05
1647 7.38962490175e-05
1648 6.93447778269e-05
1649 6.49801183311e-05
1650 0.0104379932065
1651 0.00860530805107
1652 0.00556739601151
1653 0.00301853796854
1654 0.000567704408107
1655 -0.00100685139346
1656 -0.00189667998059
1657 -0.00224137290651
1658 -0.0022593652029
1659 -0.00208265877684
1660 -0.00182333128158
1661 -0.00150650429146
1662 -0.00123979334231
1663 -0.000952778244854
1664 -0.000734080371992
1665 -0.00054487715137
1666 -0.000385962575115
1667 -0.000261100436861
1668 -0.0001538885628
1669 -7.40803981418e-05
1670 -1.69164988392e-05
1671 3.00819307713e-05
1672 7.14828345791e-05
1673 0.000104331292987
1674 0.000126001838895
1675 0.000136543249196
1676 0.000139813990763
1677 0.000138479622631
1678 0.000135761925048
1679 0.000133183002142
1680 0.000130912894848
1681 0.000128984159342
1682 0.000126938733887
1683 0.00012437696143
1684 0.000121682957169
1685 0.000118564573624
1686 0.000115012153928
1687 0.000111207902494
1688 0.000107122231286
1689 0.000102646522216
1690 9.81287078555e-05
1691 9.35784777242e-05
1692 8.89960754867e-05
1693 8.44463468015e-05
1694 7.98948032137e-05
1695 7.5528444849e-05
1696 7.14068143534e-05
1697 6.73958185494e-05
1698 6.34587956828e-05
1699 5.96513404432e-05
1700 0.00892353075032
1701 0.0076284387783
1702 0.00543378542429
1703 0.00349584685483
1704 0.00143461804454
1705 -6.58827798911e-05
1706 -0.00107333124661
1707 -0.00161555255537
1708 -0.00185255807756
1709 -0.00186209678607
1710 -0.00174654125826
1711 -0.00153859824915
1712 -0.00133785971375
1713 -0.00109611445944
1714 -0.000898164751114
1715 -0.000717151370893
1716 -0.000557510222207
1717 -0.00042610590155
1718 -0.000309386906107
1719 -0.000219585485016
1720 -0.000153415111785
1721 -9.74086923288e-05
1722 -4.55090125024e-05
1723 -8.86701769779e-07
1724 3.35592382233e-05
1725 5.75392554555e-05
1726 7.32736463476e-05
1727 8.23327726322e-05
1728 8.74082753892e-05
1729 9.10696130733e-05
1730 9.3907960077e-05
1731 9.55166624548e-05
1732 9.64679160511e-05
1733 9.68427749777e-05
1734 9.6607915022e-05
1735 9.56429762939e-05
1736 9.41136792983e-05
1737 9.21213413126e-05
1738 8.96745071281e-05
1739 8.67999088444e-05
1740 8.37184131438e-05
1741 8.04892469087e-05
1742 7.71121869025e-05
1743 7.36782768653e-05
1744 7.01643240574e-05
1745 6.6724960281e-05
1746 6.33801746627e-05
1747 6.00858536896e-05
1748 5.68042537425e-05
1749 5.35934578564e-05
1750 0.00769780606606
1751 0.00674623788493
1752 0.00512936820757
1753 0.00366014868228
1754 0.00196997642359
1755 0.000629057895746
1756 -0.00037661192125
1757 -0.00101315138845
1758 -0.00139279845605
1759 -0.00154630279199
1760 -0.00155738318218
1761 -0.00145732155859
1762 -0.00133068824865
1763 -0.0011477488005
1764 -0.000984786522786
1765 -0.000825596515232
1766 -0.000677491872867
1767 -0.000550615495397
1768 -0.000434243165444
1769 -0.000342715340662
1770 -0.000273612228239
1771 -0.000212498673858
1772 -0.00015136135885
1773 -9.55523888433e-05
1774 -4.92470481955e-05
1775 -1.38944645141e-05
1776 1.19925839919e-05
1777 2.93826411582e-05
1778 4.074872919e-05
1779 4.9561545274e-05
1780 5.68024539238e-05
1781 6.15562128234e-05
1782 6.52588545615e-05
1783 6.84217158558e-05
1784 7.05552836904e-05
1785 7.17298758394e-05
1786 7.22067338217e-05
1787 7.20292641685e-05
1788 7.12274671246e-05
1789 6.99823108881e-05
1790 6.83663061836e-05
1791 6.6480632299e-05
1792 6.43333207374e-05
1793 6.20357745622e-05
1794 5.95941749991e-05
1795 5.71264475861e-05
1796 5.46242597706e-05
1797 5.20988870991e-05
1798 4.95278362836e-05
1799 4.69617265326e-05
1800 0.00669509552455
1801 0.0059782152007
1802 0.00475945524422
1803 0.00364247024823
1804 0.00227148123966
1805 0.0011131509845
1806 0.000173829690665
1807 -0.000485859545304
1808 -0.000943925931625
1809 -0.00119664131905
1810 -0.00130746606428
1811 -0.0013027020975
1812 -0.0012473064986
1813 -0.00112687883666
1814 -0.00100627658401
1815 -0.000877045658976
1816 -0.000749429706868
1817 -0.000635544876044
1818 -0.000528200934142
1819 -0.000442079704818
1820 -0.000374562337953
1821 -0.000309744975634
1822 -0.000240298975419
1823 -0.000174662528437
1824 -0.000119059483143
1825 -7.54367224852e-05
1826 -4.24297768822e-05
1827 -1.91093524661e-05
1828 -3.129879121e-06
1829 9.7064027168e-06
1830 2.05895037403e-05
1831 2.80088010055e-05
1832 3.41350007517e-05
1833 3.98345925753e-05
1834 4.41884661147e-05
1835 4.73948533275e-05
1836 4.9792913684e-05
1837 5.13609771376e-05
1838 5.21862029817e-05
1839 5.25596682537e-05
1840 5.2400918288e-05
1841 5.18524690992e-05
1842 5.09430530771e-05
1843 4.97939547419e-05
1844 4.84418815554e-05
1845 4.69540288901e-05
1846 4.52919219022e-05
1847 4.35399589567e-05
1848 4.16959958825e-05
1849 3.98057166863e-05
1850 0.00586494894041
1851 0.0053125117703
1852 0.00437211784869
1853 0.00351758453776
1854 0.00240758877717
1855 0.00142600340064
1856 0.000582593754385
1857 -5.5083260619e-05
1858 -0.00054270386399
1859 -0.000854326494354
1860 -0.00103558033045
1861 -0.00110660728153
1862 -0.00111332931587
1863 -0.00105254994177
1864 -0.000975574740772
1865 -0.000880737785411
1866 -0.000779692177427
1867 -0.000685364900491
1868 -0.000593768650402
1869 -0.000518263809034
1870 -0.000454225215623
1871 -0.000385758193934
1872 -0.000309158410973
1873 -0.000236240755372
1874 -0.000174871992723
1875 -0.000126557014082
1876 -8.95269443695e-05
1877 -6.25757411275e-05
1878 -4.35855301248e-05
1879 -2.78309224502e-05
1880 -1.41055139208e-05
1881 -4.49789166405e-06
1882 3.68850928999e-06
1883 1.16438883283e-05
1884 1.80324163317e-05
1885 2.3102975567e-05
1886 2.73000871619e-05
1887 3.05093914472e-05
1888 3.2891392622e-05
1889 3.482231638e-05
1890 3.60846848986e-05
1891 3.68376170765e-05
1892 3.71509209736e-05
1893 3.71435712584e-05
1894 3.68863837139e-05
1895 3.63701692795e-05
1896 3.55607299706e-05
1897 3.4594315e-05
1898 3.34833319001e-05
1899 3.22856608353e-05
1900 0.0051721120577
1901 0.00473219614195
1902 0.00399853099462
1903 0.00333855443031
1904 0.00244006315767
1905 0.00161492009494
1906 0.000875329712809
1907 0.000283159252401
1908 -0.000202503996699
1909 -0.000542260361983
1910 -0.00076872532941
1911 -0.000895495495274
1912 -0.000952392134727
1913 -0.000943383398877
1914 -0.000907455860749
1915 -0.000847675305608
1916 -0.000776238957474
1917 -0.000705946951821
1918 -0.00063416880054
1919 -0.00057068128759
1920 -0.000509239443149
1921 -0.000437038126956
1922 -0.000355502539447
1923 -0.000279407872108
1924 -0.000216708446541
1925 -0.000167471349462
1926 -0.000129367570193
1927 -0.000100819946505
1928 -8.02318603371e-05
1929 -6.25513639132e-05
1930 -4.67484226107e-05
1931 -3.54257469664e-05
1932 -2.55429718939e-05
1933 -1.55963413293e-05
1934 -7.44469908963e-06
1935 -6.85287194191e-07
1936 5.17099928863e-06
1937 9.93307138405e-06
1938 1.37491626983e-05
1939 1.71412560683e-05
1940 1.97411414251e-05
1941 2.17261044701e-05
1942 2.32075888533e-05
1943 2.42974396914e-05
1944 2.50956814856e-05
1945 2.55199094165e-05
1946 2.55592353233e-05
1947 2.53719817257e-05
1948 2.50007921866e-05
1949 2.44930012602e-05
1950 0.00458649712304
1951 0.00422887664809
1952 0.00364813554883
1953 0.00313456869743
1954 0.00240352007757
1955 0.00171381639726
1956 0.00107398563736
1957 0.000538007692648
1958 7.43439966483e-05
1959 -0.00027112118999
1960 -0.000522026706149
1961 -0.000686469962908
1962 -0.00078116067754
1963 -0.000814890418275
1964 -0.000815717027971
1965 -0.000789952201123
1966 -0.000749224130373
1967 -0.000704783171024
1968 -0.000653146493695
1969 -0.000599353874564
1970 -0.000538206756232
1971 -0.000463290283006
1972 -0.000380778733403
1973 -0.00030638230561
1974 -0.000246278517325
1975 -0.000199053664711
1976 -0.000162054490536
1977 -0.000133466522523
1978 -0.000112437860884
1979 -9.37595785311e-05
1980 -7.66005530886e-05
1981 -6.40822901332e-05
1982 -5.28700563606e-05
1983 -4.13262758766e-05
1984 -3.16912431577e-05
1985 -2.35446325585e-05
1986 -1.6201478561e-05
1987 -1.0049031907e-05
1988 -4.92483011371e-06
1989 -1.88516734617e-07
1990 3.65211966371e-06
1991 6.77382020217e-06
1992 9.34939285347e-06
1993 1.14893077505e-05
1994 1.32921461984e-05
1995 1.46259970224e-05
1996 1.54830756649e-05
1997 1.60437466504e-05
1998 1.63871762194e-05
1999 1.65510322442e-05
2000 0.00408655057133
2001 0.00379370523174
2002 0.00332523899138
2003 0.00292271575634
2004 0.00232481381808
2005 0.00174895174569
2006 0.00119980763109
2007 0.000723499118495
2008 0.000292586081456
2009 -4.38890320228e-05
2010 -0.000303665697863
2011 -0.000491084639699
2012 -0.000612362523437
2013 -0.000680183307532
2014 -0.000712723473485
2015 -0.000718249234728
2016 -0.000706921260493
2017 -0.000686051359662
2018 -0.00065001877649
2019 -0.000601716539928
2020 -0.000539981482576
2021 -0.00046579541283
2022 -0.000387626569005
2023 -0.000319507019545
2024 -0.000265436568814
2025 -0.000222625761213
2026 -0.000188325562223
2027 -0.000161005796801
2028 -0.000140441015706
2029 -0.000121519822213
2030 -0.00010358826963
2031 -9.02580324826e-05
2032 -7.81114016981e-05
2033 -6.53127350498e-05
2034 -5.45394773881e-05
2035 -4.5121154861e-05
2036 -3.64626958918e-05
2037 -2.91507432426e-05
2038 -2.28954767475e-05
2039 -1.69625550266e-05
2040 -1.20203217088e-05
2041 -7.84735337766e-06
2042 -4.25646379733e-06
2043 -1.14758494282e-06
2044 1.58538089334e-06
2045 3.76369668587e-06
2046 5.40008968036e-06
2047 6.69981575329e-06
2048 7.75385728313e-06
2049 8.58776893672e-06
2050 0.00365975891168
2051 0.00341597527362
2052 0.00303370655697
2053 0.00271669186436
2054 0.00222453156616
2055 0.00174249322352
2056 0.00127311142437
2057 0.00085422552101
2058 0.000460850944838
2059 0.000141977508725
2060 -0.000116170411702
2061 -0.000315308413732
2062 -0.000454283267056
2063 -0.000548302941188
2064 -0.000607325681042
2065 -0.00064037975417
2066 -0.000653889357695
2067 -0.000650455354864
2068 -0.000623787981918
2069 -0.000578132426556
2070 -0.00051798708596
2071 -0.000449595496429
2072 -0.000380849348496
2073 -0.000322475360592
2074 -0.000276401661844
2075 -0.000239410636731
2076 -0.000208824342873
2077 -0.000183506589877
2078 -0.000164010315658
2079 -0.000145411248373
2080 -0.000127178669013
2081 -0.000113492408962
2082 -0.000100751955743
2083 -8.7053019925e-05
2084 -7.53245096452e-05
2085 -6.49647615159e-05
2086 -5.53087563841e-05
2087 -4.7029669594e-05
2088 -3.97743606218e-05
2089 -3.28751712879e-05
2090 -2.69507773693e-05
2091 -2.18857213785e-05
2092 -1.73753025503e-05
2093 -1.343528093e-05
2094 -9.81321174074e-06
2095 -6.86565541703e-06
2096 -4.514830033e-06
2097 -2.5260598422e-06
2098 -8.09570560584e-07
2099 6.57941049024e-07
2100 0.00329030708526
2101 0.00308546472844
2102 0.00276860528828
2103 0.00251707053233
2104 0.00210944946262
2105 0.00170573440313
2106 0.00130505349434
2107 0.000939618899741
2108 0.000585272103556
2109 0.000289022684319
2110 4.0191099752e-05
2111 -0.000162150696153
2112 -0.000311502873277
2113 -0.000424929517497
2114 -0.000505060199198
2115 -0.000559595976867
2116 -0.000590469569735
2117 -0.00059669918626
2118 -0.000574962229515
2119 -0.000532816472572
2120 -0.000479077214587
2121 -0.000421385461299
2122 -0.000365510798599
2123 -0.000318534144067
2124 -0.000281347176866
2125 -0.000250635099584
2126 -0.000224210863495
2127 -0.000201401811256
2128 -0.000183424783704
2129 -0.00016551907853
2130 -0.00014747513559
2131 -0.000133782144986
2132 -0.000120763747297
2133 -0.000106524309836
2134 -9.41748271865e-05
2135 -8.31532198068e-05
2136 -7.26321943875e-05
2137 -6.35894683405e-05
2138 -5.5518062031e-05
2139 -4.77480320181e-05
2140 -4.0994179854e-05
2141 -3.51471361446e-05
2142 -2.98521459791e-05
2143 -2.51475286161e-05
2144 -2.07782656616e-05
2145 -1.71156185465e-05
2146 -1.410884558e-05
2147 -1.15059668481e-05
2148 -9.17457640807e-06
2149 -7.11809305645e-06
2150 0.00296746519631
2151 0.0027929106755
2152 0.00252853446259
2153 0.00232829547801
2154 0.00198854230525
2155 0.00164951238462
2156 0.00130834568011
2157 0.000991234180852
2158 0.000674831108773
2159 0.000404165739484
2160 0.000168698720665
2161 -3.13557589325e-05
2162 -0.000185766622984
2163 -0.000312583359236
2164 -0.000407182229009
2165 -0.000474836717244
2166 -0.000514497527971
2167 -0.000524966399526
2168 -0.000507798329358
2169 -0.000473081814818
2170 -0.00043076667507
2171 -0.000387164960942
2172 -0.000345395652421
2173 -0.00030998248172
2174 -0.000281491993452
2175 -0.000256996049017
2176 -0.000234797210475
2177 -0.000214721523944
2178 -0.000198570987714
2179 -0.000181736150013
2180 -0.000164263321843
2181 -0.000150875640739
2182 -0.000137880097189
2183 -0.000123438369933
2184 -0.000110729429667
2185 -9.92461178901e-05
2186 -8.81527170254e-05
2187 -7.85683511007e-05
2188 -6.99043827277e-05
2189 -6.14975766383e-05
2190 -5.40714138788e-05
2191 -4.75615002416e-05
2192 -4.15830404056e-05
2193 -3.62175343348e-05
2194 -3.11730288008e-05
2195 -2.69008602715e-05
2196 -2.3281430956e-05
2197 -2.01188656455e-05
2198 -1.7225421927e-05
2199 -1.46301834036e-05
2200 0.00268829448994
2201 0.00253837057739
2202 0.0023140056563
2203 0.00215449951312
2204 0.00186996627518
2205 0.00158456528994
2206 0.00129407644038
2207 0.0010200537923
2208 0.000739129879927
2209 0.000493971199373
2210 0.000274503774514
2211 7.96807080152e-05
2212 -7.57868792408e-05
2213 -0.000210186623306
2214 -0.000311700552237
2215 -0.000384589446403
2216 -0.000427438927584
2217 -0.00044121999285
2218 -0.000431513956874
2219 -0.00040832303455
2220 -0.000380290887579
2221 -0.000351526766599
2222 -0.000323216726731
2223 -0.000298487468271
2224 -0.000278014639137
2225 -0.000259214865973
2226 -0.000241149107799
2227 -0.0002238484911
2228 -0.000209656852766
2229 -0.000194182784336
2230 -0.000177603528551
2231 -0.000164768748393
2232 -0.000152020208861
2233 -0.000137611041579
2234 -0.00012481574168
2235 -0.000113144956899
2236 -0.000101740855287
2237 -9.18254345715e-05
2238 -8.27565322998e-05
2239 -7.38881151536e-05
2240 -6.59438128673e-05
2241 -5.89188152921e-05
2242 -5.24580946205e-05
2243 -4.6531528007e-05
2244 -4.09027999438e-05
2245 -3.60911175688e-05
2246 -3.19491995378e-05
2247 -2.82868479736e-05
2248 -2.49205937464e-05
2249 -2.18629557963e-05
2250 0.00245075088248
2251 0.00231860947328
2252 0.00212605769263
2253 0.0020001113978
2254 0.00175967347706
2255 0.00151945070825
2256 0.00127267259107
2257 0.00103674276922
2258 0.000787974994234
2259 0.000566659410429
2260 0.000362487004222
2261 0.000174378345268
2262 2.1111654657e-05
2263 -0.000115238678743
2264 -0.000217442861435
2265 -0.000290895469721
2266 -0.000335648436198
2267 -0.000354854659234
2268 -0.000355526346558
2269 -0.000345780017415
2270 -0.000332166267773
2271 -0.000316992937126
2272 -0.00030050573116
2273 -0.000285012893303
2274 -0.000271602897275
2275 -0.000257942085324
2276 -0.000243739642573
2277 -0.000229172145099
2278 -0.000216943429279
2279 -0.000202929519757
2280 -0.000187472953458
2281 -0.0001753978108
2282 -0.000163171675621
2283 -0.000149129742684
2284 -0.000136479981341
2285 -0.000124857810221
2286 -0.000113348009019
2287 -0.000103300608798
2288 -9.40000888749e-05
2289 -8.48265701969e-05
2290 -7.6551125878e-05
2291 -6.92096959686e-05
2292 -6.23388338529e-05
2293 -5.59709785425e-05
2294 -4.98800300844e-05
2295 -4.46330592063e-05
2296 -4.00642103577e-05
2297 -3.59756119391e-05
2298 -3.21640592862e-05
2299 -2.86665631039e-05
2300 0.00225563761288
2301 0.00213747497906
2302 0.0019690154156
2303 0.00187056889726
2304 0.00166687125147
2305 0.0014638361306
2306 0.00125337107352
2307 0.00104949487487
2308 0.000827372281417
2309 0.000626075038305
2310 0.000434679686386
2311 0.000253832948449
2312 0.000105514479734
2313 -2.8181048783e-05
2314 -0.000127562728906
2315 -0.000200250857953
2316 -0.000247992720734
2317 -0.000274510960754
2318 -0.000286522441522
2319 -0.000289597565959
2320 -0.00028864753909
2321 -0.000284753689672
2322 -0.000277989331723
2323 -0.000270105742204
2324 -0.000262515136714
2325 -0.000253361603419
2326 -0.000242667392508
2327 -0.00023086092864
2328 -0.000220645669663
2329 -0.000208334240454
2330 -0.000194216987913
2331 -0.000183069054498
2332 -0.000171590031226
2333 -0.00015811007344
2334 -0.000145798195398
2335 -0.000134433233996
2336 -0.000122997453706
2337 -0.000113048733352
2338 -0.00010373434279
2339 -9.45330808353e-05
2340 -8.60088316944e-05
2341 -7.84247451936e-05
2342 -7.12288265979e-05
2343 -6.45248160217e-05
2344 -5.80523732373e-05
2345 -5.2458075329e-05
2346 -4.75207104401e-05
2347 -4.30706811892e-05
2348 -3.89165710594e-05
2349 -3.50488393475e-05
2350 0.00210582115518
2351 0.00199507163885
2352 0.00184669085821
2353 0.00176962480147
2354 0.0015945624236
2355 0.00141991970093
2356 0.00123715417926
2357 0.00105653173228
2358 0.000854130046512
2359 0.000667729240119
2360 0.000487090593063
2361 0.000314869757671
2362 0.000174131841785
2363 4.66080053563e-05
2364 -4.82885625689e-05
2365 -0.000120131575546
2366 -0.000171342516594
2367 -0.000205132036995
2368 -0.000227156370427
2369 -0.000240809973704
2370 -0.000249847817218
2371 -0.000254757541361
2372 -0.000255709581077
2373 -0.000253989207321
2374 -0.000251253409213
2375 -0.000246036332826
2376 -0.000238601058977
2377 -0.000229329465301
2378 -0.000221125627341
2379 -0.000210587429285
2380 -0.00019788235647
2381 -0.000187865677951
2382 -0.000177296361507
2383 -0.0001646186022
2384 -0.000152904245158
2385 -0.000142015328635
2386 -0.00013095648251
2387 -0.000121168915198
2388 -0.000111896591002
2389 -0.000102645005631
2390 -9.4009470669e-05
2391 -8.63098036126e-05
2392 -7.8959769764e-05
2393 -7.20669023568e-05
2394 -6.53405950085e-05
2395 -5.94913543333e-05
2396 -5.42684660345e-05
2397 -4.95418149533e-05
2398 -4.51126792472e-05
2399 -4.09279104874e-05
2400 0.00198487221877
2401 0.00187966233132
2402 0.00175197576987
2403 0.00168599557562
2404 0.001532991649
2405 0.00137706425281
2406 0.00121177504774
2407 0.00104554155093
2408 0.000857824463416
2409 0.000683700625318
2410 0.000514724104209
2411 0.00035440549496
2412 0.000224414954465
2413 0.000105757253555
2414 1.62968545213e-05
2415 -5.42080768897e-05
2416 -0.000108179844115
2417 -0.000147591800062
2418 -0.000177131138864
2419 -0.0001985745396
2420 -0.000214925394652
2421 -0.000226394845935
2422 -0.000233281240482
2423 -0.000236454823514
2424 -0.00023777808153
2425 -0.000235939362895
2426 -0.000231455313143
2427 -0.00022468999295
2428 -0.00021848324648
2429 -0.000209778614039
2430 -0.000198759528289
2431 -0.000189963749834
2432 -0.000180391681422
2433 -0.000168654075775
2434 -0.000157634276835
2435 -0.000147414430998
2436 -0.000136795593669
2437 -0.000127371572722
2438 -0.000118357234778
2439 -0.000109301875894
2440 -0.000100734445494
2441 -9.30877847288e-05
2442 -8.56778459131e-05
2443 -7.86801495134e-05
2444 -7.17936485092e-05
2445 -6.57829881671e-05
2446 -6.03759877592e-05
2447 -5.5433754298e-05
2448 -5.07633875102e-05
2449 -4.63458097019e-05
2450 0.0018518430618
2451 0.00175636403455
2452 0.00164922335243
2453 0.00158587861317
2454 0.00144909286065
2455 0.00130666169448
2456 0.00115420781723
2457 0.00100052748029
2458 0.000828744789832
2459 0.000670452928892
2460 0.000517657654465
2461 0.000373773452036
2462 0.000257357485476
2463 0.000149345792283
2464 6.6307755385e-05
2465 -1.95167187801e-06
2466 -5.72128015426e-05
2467 -0.000100217519383
2468 -0.000134837580621
2469 -0.000161761321357
2470 -0.000183367893474
2471 -0.000199694537447
2472 -0.000211123770582
2473 -0.000218268039454
2474 -0.000222989770158
2475 -0.000224152590677
2476 -0.000222332946058
2477 -0.00021786278094
2478 -0.000213559632071
2479 -0.000206583260146
2480 -0.000197131876146
2481 -0.000189610997177
2482 -0.000181230258483
2483 -0.00017059637868
2484 -0.000160425682001
2485 -0.000150945861117
2486 -0.000140932309916
2487 -0.000131993369968
2488 -0.000123326600505
2489 -0.000114589985669
2490 -0.000106209042979
2491 -9.86400885797e-05
2492 -9.12528334285e-05
2493 -8.42150474411e-05
2494 -7.72488197253e-05
2495 -7.11672156248e-05
2496 -6.56439800173e-05
2497 -6.06353048708e-05
2498 -5.58475710107e-05
2499 -5.12510629382e-05
