0 0.150282133041
1 0.0622302538891
2 0.0308785081331
3 0.018021769265
4 0.0120006229968
5 0.00778025198111
6 0.00551041616812
7 0.0040170149429
8 0.00292953386642
9 0.00222859656274
10 0.00170832271685
11 0.00132534470595
12 0.00103778453335
13 0.000807463335883
14 0.000646199827318
15 0.000517613117075
16 0.0004113468736
17 0.000332109276052
18 0.000267323674078
19 0.000214712024627
20 0.000173899162797
21 0.00013871757637
22 0.000108780678861
23 8.365399939e-05
24 6.39758083663e-05
25 5.08173864961e-05
26 4.78773448793e-05
27 5.86576480352e-05
28 8.16812016071e-05
29 0.000105105698197
30 0.000115914460762
31 0.000110424282193
32 9.13335351662e-05
33 6.59097021101e-05
34 4.1440499838e-05
35 2.10123722566e-05
36 5.44096775758e-06
37 -5.64160991599e-06
38 -1.32747055697e-05
39 -1.81258951939e-05
40 -2.10275289488e-05
41 -2.26866072506e-05
42 -2.33623361555e-05
43 -2.33733893477e-05
44 -2.30194020502e-05
45 -2.23780013458e-05
46 -2.16917399215e-05
47 -2.08892010107e-05
48 -2.01264523454e-05
49 -1.93088889429e-05
50 0.0423055102447
51 0.0318832944458
52 0.020171572745
53 0.014177658214
54 0.00949554493681
55 0.00669824437394
56 0.00482684880947
57 0.00360476087478
58 0.00269945398769
59 0.00204958747235
60 0.00159245958849
61 0.001231535999
62 0.000977231071318
63 0.000764518807225
64 0.00061087392898
65 0.000490250469829
66 0.000393201117289
67 0.000319276056752
68 0.00025574215166
69 0.000206246379761
70 0.000167202846887
71 0.000133762744465
72 0.000104886425572
73 8.07596941617e-05
74 6.17961288732e-05
75 4.93516430066e-05
76 4.69119979488e-05
77 5.78690507266e-05
78 8.02964353688e-05
79 0.000102787254429
80 0.000113053033622
81 0.000107625538052
82 8.88304806781e-05
83 6.41456345223e-05
84 4.04140326253e-05
85 2.05667396148e-05
86 5.40516591639e-06
87 -5.4214062851e-06
88 -1.28260037819e-05
89 -1.75666745905e-05
90 -2.04454968967e-05
91 -2.20650709522e-05
92 -2.27071298639e-05
93 -2.2731817727e-05
94 -2.23909332693e-05
95 -2.17773085686e-05
96 -2.11203349372e-05
97 -2.03474303962e-05
98 -1.95926569739e-05
99 -1.87905429824e-05
100 0.0199825204086
101 0.0170817528096
102 0.0127202048575
103 0.0100059736536
104 0.00728885581323
105 0.00543574283667
106 0.00408448614195
107 0.00314060293915
108 0.00240384588292
109 0.00185498365093
110 0.00146086364494
111 0.00114119594737
112 0.000912790334472
113 0.000719053167696
114 0.000577808786917
115 0.000465855077206
116 0.000375009543618
117 0.000305418132675
118 0.000245246281798
119 0.000198112707768
120 0.000160754498616
121 0.00012855451939
122 0.000100704215303
123 7.74345554958e-05
124 5.94347634548e-05
125 4.83153479546e-05
126 4.76261214342e-05
127 6.03502615998e-05
128 8.34951535393e-05
129 0.000104966474568
130 0.00011318765772
131 0.000105911783255
132 8.61603259536e-05
133 6.14108288895e-05
134 3.80811529026e-05
135 1.87899762883e-05
136 4.1422872969e-06
137 -6.26864250977e-06
138 -1.33556771508e-05
139 -1.78805814142e-05
140 -2.06131905283e-05
141 -2.21402465055e-05
142 -2.27267318943e-05
143 -2.27068916049e-05
144 -2.23420011839e-05
145 -2.17138201522e-05
146 -2.10505674687e-05
147 -2.02770984426e-05
148 -1.95230765483e-05
149 -1.87219532429e-05
150 0.0110686799124
151 0.00992103129778
152 0.00802980553257
153 0.00682467275189
154 0.00532601666583
155 0.00418826853583
156 0.00328973113017
157 0.00261362344112
158 0.00205315753339
159 0.00161646773364
160 0.00129488805605
161 0.00102562147184
162 0.000829042472483
163 0.000658846887407
164 0.000533460209532
165 0.000432849571743
166 0.000350145934166
167 0.000286395532361
168 0.000230672635011
169 0.000186730211481
170 0.000151716763487
171 0.000121323957725
172 9.4893778447e-05
173 7.28441616556e-05
174 5.63011986807e-05
175 4.72631637844e-05
176 4.92423571871e-05
177 6.44555682329e-05
178 8.83117456253e-05
179 0.000107981786126
180 0.000113137776171
181 0.000103214805481
182 8.22065019204e-05
183 5.74328944642e-05
184 3.47132536596e-05
185 1.62309890103e-05
186 2.31318497124e-06
187 -7.50791118122e-06
188 -1.41856633056e-05
189 -1.84150854734e-05
190 -2.09343519356e-05
191 -2.23086908373e-05
192 -2.28070591166e-05
193 -2.27209785732e-05
194 -2.23202062111e-05
195 -2.16692407399e-05
196 -2.09916594598e-05
197 -2.02147569574e-05
198 -1.9460458606e-05
199 -1.86611114278e-05
200 0.00672875431786
201 0.00619042702897
202 0.00522405576614
203 0.00467559835877
204 0.00383177056143
205 0.00314936290259
206 0.00257366882479
207 0.00211279778569
208 0.0017048492459
209 0.00137033542311
210 0.00111942322213
211 0.000898566492128
212 0.000735258080582
213 0.000590893503485
214 0.000482903088171
215 0.000394863983546
216 0.000321419125774
217 0.00026410817681
218 0.000213457466413
219 0.000173113067051
220 0.000140737944632
221 0.000112485098996
222 8.77172599903e-05
223 6.72994119769e-05
224 5.28358682305e-05
225 4.67805080915e-05
226 5.23967277504e-05
227 7.05320312083e-05
228 9.46993468969e-05
229 0.00011142427254
230 0.000112444080611
231 9.92815569542e-05
232 7.68916633873e-05
233 5.22670994572e-05
234 3.04204184851e-05
235 1.29840747542e-05
236 -1.7588922748e-08
237 -9.09271242073e-06
238 -1.52285047968e-05
239 -1.90802975826e-05
240 -2.13181371145e-05
241 -2.25369835179e-05
242 -2.29126586406e-05
243 -2.27689741867e-05
244 -2.23182425807e-05
245 -2.16169419551e-05
246 -2.09237390503e-05
247 -2.01522906237e-05
248 -1.94006598541e-05
249 -1.86070027354e-05
250 0.00433794544072
251 0.00400831171633
252 0.00350685376892
253 0.00323493497546
254 0.00275649513403
255 0.00234153186731
256 0.0019786213984
257 0.00167100661884
258 0.00138052418105
259 0.00113438588408
260 0.000943283940725
261 0.000769761323191
262 0.000638895466969
263 0.000518973961304
264 0.000428048143515
265 0.000352815112739
266 0.000288965602311
267 0.000238813384778
268 0.0001937255754
269 0.000157476679647
270 0.000128044421234
271 0.000102107757091
272 7.93058256111e-05
273 6.1125493102e-05
274 4.95399168627e-05
275 4.75623666716e-05
276 5.76179357797e-05
277 7.85244957296e-05
278 0.000101566763723
279 0.000114003616243
280 0.000110088001815
281 9.36160860199e-05
282 7.01045941599e-05
283 4.6022744492e-05
284 2.53924214702e-05
285 9.241874606e-06
286 -2.64340774063e-06
287 -1.08549421925e-05
288 -1.6380321457e-05
289 -1.97768490881e-05
290 -2.17448830534e-05
291 -2.27558547965e-05
292 -2.29951546158e-05
293 -2.27687787568e-05
294 -2.22484172141e-05
295 -2.15364887775e-05
296 -2.08387736553e-05
297 -2.00523413602e-05
298 -1.93063782706e-05
299 -1.8504188706e-05
300 0.00291077839819
301 0.00268779762128
302 0.00241259958189
303 0.00226882004286
304 0.00198618626686
305 0.00173503197391
306 0.00150610865
307 0.00130081077056
308 0.00109933343093
309 0.000921000119655
310 0.000779337541465
311 0.000645843890508
312 0.000543444821434
313 0.000446135413774
314 0.000371735564499
315 0.000308808180375
316 0.000254813019362
317 0.000211693499412
318 0.000172324109804
319 0.000140257439964
320 0.000113933915179
321 9.04533502473e-05
322 7.01795808631e-05
323 5.48563761908e-05
324 4.72202555875e-05
325 5.04996742333e-05
326 6.52789565714e-05
327 8.78851223239e-05
328 0.000108102284441
329 0.000114852111189
330 0.000105473503568
331 8.59913705824e-05
332 6.19545516414e-05
333 3.89222998698e-05
334 1.98203873436e-05
335 5.20765473602e-06
336 -5.41331231316e-06
337 -1.26770965952e-05
338 -1.75067835661e-05
339 -2.04404077609e-05
340 -2.20880949299e-05
341 -2.28766660642e-05
342 -2.29921510173e-05
343 -2.26644566136e-05
344 -2.21044475644e-05
345 -2.13796509585e-05
346 -2.06666805757e-05
347 -1.98976022288e-05
348 -1.9137268633e-05
349 -1.83306490081e-05
350 0.00199380127761
351 0.00186029395583
352 0.00169794584224
353 0.00161600781409
354 0.0014469650774
355 0.0012877423995
356 0.00114252615033
357 0.00100503549289
358 0.000866597152991
359 0.000738729079891
360 0.000635199577672
361 0.00053367288825
362 0.000454182572849
363 0.000377241685984
364 0.000317396078146
365 0.000265882909702
366 0.000220782949648
367 0.000184237679706
368 0.000150361552681
369 0.000122393315795
370 9.90639393672e-05
371 7.83220463706e-05
372 6.10743074589e-05
373 4.95522782929e-05
374 4.71883672668e-05
375 5.66312428486e-05
376 7.56991347859e-05
377 9.79484673505e-05
378 0.000113110144538
379 0.000112864241489
380 9.83131662857e-05
381 7.65204975505e-05
382 5.27050131427e-05
383 3.12222434499e-05
384 1.39483969054e-05
385 1.01004214123e-06
386 -8.25895931001e-06
387 -1.45158495121e-05
388 -1.86524465004e-05
389 -2.1100746449e-05
390 -2.2408664854e-05
391 -2.29673495467e-05
392 -2.29514697612e-05
393 -2.25251597598e-05
394 -2.19306906397e-05
395 -2.117144758e-05
396 -2.04536790525e-05
397 -1.96752810961e-05
398 -1.89096301428e-05
399 -1.81129229308e-05
400 0.00140020544919
401 0.00132231572715
402 0.00121658590568
403 0.00117147429641
404 0.00106249430017
405 0.000961844516195
406 0.000866749757567
407 0.000776220784995
408 0.00067947201375
409 0.000587589798168
410 0.000512456648804
411 0.000435589370968
412 0.000375080886919
413 0.00031492163098
414 0.000267326743747
415 0.000225653020553
416 0.000188404917898
417 0.000157635128324
418 0.000128700910191
419 0.00010451686349
420 8.41329988951e-05
421 6.65347545953e-05
422 5.31086642864e-05
423 4.67270218557e-05
424 5.11029725744e-05
425 6.68020902606e-05
426 8.81957124613e-05
427 0.000107290415929
428 0.000115212678853
429 0.000107570230144
430 8.86615557652e-05
431 6.56060985772e-05
432 4.2758092065e-05
433 2.32324442739e-05
434 8.02445705425e-06
435 -3.14331911453e-06
436 -1.10483734871e-05
437 -1.63068788597e-05
438 -1.97396568708e-05
439 -2.17013078625e-05
440 -2.2671967691e-05
441 -2.30217023621e-05
442 -2.2858379262e-05
443 -2.2370411045e-05
444 -2.17288112221e-05
445 -2.09432000197e-05
446 -2.02073881052e-05
447 -1.94318912592e-05
448 -1.86736051759e-05
449 -1.78858834256e-05
450 0.00100716991191
451 0.000955107754169
452 0.000885100884927
453 0.000858971272913
454 0.000788099177511
455 0.000722576599731
456 0.00065924630209
457 0.00059880069023
458 0.000530484535271
459 0.000465072464549
460 0.000410401113194
461 0.000352613969578
462 0.000306851581014
463 0.000259975331473
464 0.000222394158379
465 0.000188774051749
466 0.000158207227348
467 0.000132389301063
468 0.000107905496846
469 8.71834646034e-05
470 6.99477588186e-05
471 5.61384491252e-05
472 4.78125950138e-05
473 4.82685230761e-05
474 6.01911279755e-05
475 8.05455011896e-05
476 0.000101024668442
477 0.000113485417723
478 0.000112721331543
479 9.8462138322e-05
480 7.6671259686e-05
481 5.3663790177e-05
482 3.25542134061e-05
483 1.53627873101e-05
484 2.29166057894e-06
485 -7.08675017079e-06
486 -1.36709814581e-05
487 -1.79726881774e-05
488 -2.07392374496e-05
489 -2.22167909833e-05
490 -2.28881086432e-05
491 -2.304083413e-05
492 -2.27419398718e-05
493 -2.21801606975e-05
494 -2.14852720813e-05
495 -2.06707561884e-05
496 -1.99438979888e-05
497 -1.91696381731e-05
498 -1.84234821195e-05
499 -1.76275968048e-05
500 0.000736265893765
501 0.000699356382763
502 0.000651842590488
503 0.000636693152833
504 0.000589129866277
505 0.000545136190004
506 0.000502549160707
507 0.000461529165509
508 0.000413144223472
509 0.000366428485208
510 0.000326327976555
511 0.000283325431176
512 0.000248646044407
513 0.000212147829377
514 0.000182461867173
515 0.000155353687755
516 0.000130224954349
517 0.000108833120947
518 8.82471376241e-05
519 7.0988161437e-05
520 5.75728149619e-05
521 4.8871194138e-05
522 4.75119988115e-05
523 5.60936597572e-05
524 7.45766913503e-05
525 9.60443466637e-05
526 0.000111151821936
527 0.000114505137893
528 0.000105177760165
529 8.59888759076e-05
530 6.30543557796e-05
531 4.12723126818e-05
532 2.25102343629e-05
533 7.83967019335e-06
534 -3.03657699458e-06
535 -1.06997175338e-05
536 -1.60243189703e-05
537 -1.94202841467e-05
538 -2.15589852658e-05
539 -2.25952888754e-05
540 -2.29847284066e-05
541 -2.29445267013e-05
542 -2.25365250056e-05
543 -2.19136855567e-05
544 -2.11894909286e-05
545 -2.03752210372e-05
546 -1.96507142626e-05
547 -1.88862344871e-05
548 -1.81409323702e-05
549 -1.73361770827e-05
550 0.000544943496736
551 0.000517352651296
552 0.000484009676496
553 0.000475759388847
554 0.000442759523394
555 0.000412900658197
556 0.000383927448331
557 0.000355453669851
558 0.000320980610772
559 0.000287140431572
560 0.000257805277798
561 0.000225713066374
562 0.000199313901653
563 0.000170839232442
564 0.000147248631791
565 0.000125400084787
566 0.000104894432518
567 8.71734131039e-05
568 7.03606129095e-05
569 5.71767274965e-05
570 4.8981561773e-05
571 4.74072722449e-05
572 5.46672956733e-05
573 7.07308212351e-05
574 9.20612817776e-05
575 0.000109376872606
576 0.000115310773547
577 0.000108896409699
578 9.26973379235e-05
579 7.09554389733e-05
580 4.86880088753e-05
581 2.91198244631e-05
582 1.30659543674e-05
583 9.56038632507e-07
584 -7.81316577808e-06
585 -1.39001210898e-05
586 -1.80711517168e-05
587 -2.067244525e-05
588 -2.22338629473e-05
589 -2.28936473605e-05
590 -2.30327690477e-05
591 -2.2811096707e-05
592 -2.23215193494e-05
593 -2.16310173362e-05
594 -2.08662659945e-05
595 -2.0064669656e-05
596 -1.93305422936e-05
597 -1.85723632467e-05
598 -1.78202617622e-05
599 -1.70161045478e-05
600 0.000406714169126
601 0.000386207683281
602 0.000361891886168
603 0.000357297805039
604 0.000334069679895
605 0.0003134234174
606 0.000293451342298
607 0.000273310667369
608 0.000248654815517
609 0.000223869903907
610 0.000202288107277
611 0.000177900636574
612 0.000157583018833
613 0.000135241204256
614 0.000116490009312
615 9.88453915419e-05
616 8.22380719384e-05
617 6.809207485e-05
618 5.57314270447e-05
619 4.79859581791e-05
620 4.72887318949e-05
621 5.4757210385e-05
622 7.01828734054e-05
623 8.97986069974e-05
624 0.000107871134819
625 0.000115963828779
626 0.000111362027393
627 9.6795692786e-05
628 7.66045928502e-05
629 5.46914497689e-05
630 3.45406705482e-05
631 1.77909979263e-05
632 4.56746647856e-06
633 -5.09875375641e-06
634 -1.19514878589e-05
635 -1.66281688076e-05
636 -1.97863324852e-05
637 -2.16560174022e-05
638 -2.27097385345e-05
639 -2.30330896751e-05
640 -2.29381354419e-05
641 -2.25833283137e-05
642 -2.20124266293e-05
643 -2.12844540849e-05
644 -2.05095519753e-05
645 -1.97100340703e-05
646 -1.89776733341e-05
647 -1.82312264117e-05
648 -1.74685017997e-05
649 -1.66721786732e-05
650 0.000304360983942
651 0.000289357069203
652 0.000271555886879
653 0.000268756445883
654 0.000252452853745
655 0.000237750775583
656 0.000223839570248
657 0.000209257843818
658 0.0001914137843
659 0.000172984557773
660 0.000156803640469
661 0.000138054096789
662 0.000122196580188
663 0.0001046897453
664 8.97233586887e-05
665 7.5679893731e-05
666 6.30356385976e-05
667 5.34087838834e-05
668 4.70605248439e-05
669 4.707919444e-05
670 5.59294864927e-05
671 7.1830599788e-05
672 9.08930958311e-05
673 0.000107327255949
674 0.000116115777127
675 0.000112841871074
676 9.93332812166e-05
677 7.98600945443e-05
678 5.8732142531e-05
679 3.86023754047e-05
680 2.144294647e-05
681 7.7249916501e-06
682 -2.7654134668e-06
683 -1.01952410586e-05
684 -1.53807548671e-05
685 -1.8839242832e-05
686 -2.11151369138e-05
687 -2.23678397302e-05
688 -2.3001756378e-05
689 -2.30329288793e-05
690 -2.27542605205e-05
691 -2.22929564131e-05
692 -2.16575446552e-05
693 -2.08925914457e-05
694 -2.0118021934e-05
695 -1.9320251899e-05
696 -1.85987173945e-05
697 -1.78466413979e-05
698 -1.70793889498e-05
699 -1.6289788763e-05
700 0.000227473415477
701 0.000216651544504
702 0.000203793935722
703 0.000202049871576
704 0.000190457684788
705 0.000179735909427
706 0.000169661529349
707 0.000158904756824
708 0.000145577182304
709 0.000131697591185
710 0.0001192865417
711 0.00010479829755
712 9.23591072714e-05
713 7.86946009337e-05
714 6.72456987783e-05
715 5.73121456732e-05
716 4.9767438401e-05
717 4.67158270382e-05
718 4.88015981735e-05
719 5.81259986839e-05
720 7.52802416638e-05
721 9.42488867986e-05
722 0.000109286956531
723 0.000116040311424
724 0.000113079441003
725 0.000100098464306
726 8.13556082097e-05
727 6.06227674915e-05
728 4.09811909777e-05
729 2.38303576032e-05
730 9.99655425149e-06
731 -7.61845121667e-07
732 -8.79006768055e-06
733 -1.43047905769e-05
734 -1.80853602315e-05
735 -2.05247153685e-05
736 -2.20646487298e-05
737 -2.28066812458e-05
738 -2.30927160891e-05
739 -2.28910933017e-05
740 -2.24819832494e-05
741 -2.19310771081e-05
742 -2.12584597812e-05
743 -2.04747505324e-05
744 -1.97040598281e-05
745 -1.89123034047e-05
746 -1.81969734548e-05
747 -1.74430378489e-05
748 -1.66761155435e-05
749 -1.58892209251e-05
750 0.000169197276896
751 0.000161334563602
752 0.000151745749941
753 0.000150670750687
754 0.000142047642655
755 0.000134212505887
756 0.000126693119469
757 0.000118602151356
758 0.000108454099533
759 9.78609663608e-05
760 8.82045304752e-05
761 7.71604905046e-05
762 6.78118348099e-05
763 5.8209213919e-05
764 5.12756972354e-05
765 4.71400900156e-05
766 4.71291009927e-05
767 5.31428138879e-05
768 6.42188508505e-05
769 8.02231175646e-05
770 9.89508515158e-05
771 0.000112555353166
772 0.000116988464836
773 0.000111799100147
774 9.90682659982e-05
775 8.0620873207e-05
776 6.06666533326e-05
777 4.14994218502e-05
778 2.48021136387e-05
779 1.10734954153e-05
780 4.47387560212e-07
781 -7.66314234937e-06
782 -1.35911799993e-05
783 -1.75157475915e-05
784 -2.01302383837e-05
785 -2.17306686881e-05
786 -2.2674537899e-05
787 -2.29973068402e-05
788 -2.30191786078e-05
789 -2.26331213581e-05
790 -2.21217660546e-05
791 -2.15075145393e-05
792 -2.08085497658e-05
793 -2.0026726424e-05
794 -1.92608343406e-05
795 -1.84782306891e-05
796 -1.77636025737e-05
797 -1.70038267358e-05
798 -1.62424442302e-05
799 -1.54630871357e-05
800 0.000123581237801
801 0.000117889640807
802 0.000110964875798
803 0.000110158967451
804 0.000103693317957
805 9.78989843476e-05
806 9.2161178471e-05
807 8.59698111331e-05
808 7.82967178173e-05
809 7.04230038649e-05
810 6.35303481036e-05
811 5.61644052432e-05
812 5.10316519296e-05
813 4.69198073331e-05
814 4.68544483578e-05
815 5.10847230531e-05
816 6.01530749093e-05
817 7.4206905522e-05
818 8.93990591339e-05
819 0.000103987903536
820 0.00011515407833
821 0.000117259888113
822 0.000109810507034
823 9.55962805479e-05
824 7.78406285245e-05
825 5.84593128545e-05
826 4.02843432852e-05
827 2.42757004254e-05
828 1.1041968115e-05
829 6.31474773091e-07
830 -7.14067955721e-06
831 -1.30364990947e-05
832 -1.72467668682e-05
833 -1.98992165187e-05
834 -2.15664911745e-05
835 -2.25244569828e-05
836 -2.2993242065e-05
837 -2.30017674293e-05
838 -2.27993106755e-05
839 -2.22888259998e-05
840 -2.169121925e-05
841 -2.10314012958e-05
842 -2.0316658064e-05
843 -1.95513804649e-05
844 -1.87923869359e-05
845 -1.80149528458e-05
846 -1.72973445093e-05
847 -1.65387977481e-05
848 -1.57823037834e-05
849 -1.50189668035e-05
850 8.75713498525e-05
851 8.35927139834e-05
852 7.8622776173e-05
853 7.7883234955e-05
854 7.32393476559e-05
855 6.90402973473e-05
856 6.49750218893e-05
857 6.07969038348e-05
858 5.59260865507e-05
859 5.14420239606e-05
860 4.8623097963e-05
861 4.65579914432e-05
862 4.80172323228e-05
863 5.1517992023e-05
864 5.99647766701e-05
865 7.21003281088e-05
866 8.63072201086e-05
867 0.000100984396679
868 0.000110981507154
869 0.000115896839069
870 0.000114844855814
871 0.000105675616868
872 9.03988981721e-05
873 7.2508247729e-05
874 5.43663491991e-05
875 3.71475381215e-05
876 2.23222008828e-05
877 9.93285238744e-06
878 3.97095699621e-08
879 -7.46696000887e-06
880 -1.28880982598e-05
881 -1.70101626448e-05
882 -1.9881637488e-05
883 -2.1546134724e-05
884 -2.24885763621e-05
885 -2.29310972284e-05
886 -2.30310651157e-05
887 -2.28061856656e-05
888 -2.24427198602e-05
889 -2.18370943722e-05
890 -2.11983412767e-05
891 -2.05187787863e-05
892 -1.9810750896e-05
893 -1.9058677846e-05
894 -1.82996982851e-05
895 -1.75267731256e-05
896 -1.68024287729e-05
897 -1.60514718773e-05
898 -1.53034463824e-05
899 -1.45551915873e-05
900 6.09987083786e-05
901 5.81890834302e-05
902 5.49179789535e-05
903 5.47316984014e-05
904 5.19719343041e-05
905 4.97852485872e-05
906 4.82487178295e-05
907 4.72744820204e-05
908 4.66104689199e-05
909 4.73188253787e-05
910 5.09843202491e-05
911 5.58380981821e-05
912 6.50261213476e-05
913 7.47123158047e-05
914 8.77197184193e-05
915 0.000100504919409
916 0.000110623300896
917 0.00011675206967
918 0.000115521113864
919 0.000109005546116
920 9.80245135624e-05
921 8.27288316188e-05
922 6.52954942785e-05
923 4.81736996723e-05
924 3.25609293492e-05
925 1.88899646353e-05
926 7.73293971605e-06
927 -1.27537272806e-06
928 -8.29975686519e-06
929 -1.34754730738e-05
930 -1.70681800238e-05
931 -1.98206730433e-05
932 -2.16658073854e-05
933 -2.25607841632e-05
934 -2.29745749967e-05
935 -2.30290577166e-05
936 -2.28652618727e-05
937 -2.24742893232e-05
938 -2.19981593406e-05
939 -2.13273904135e-05
940 -2.06561761931e-05
941 -1.99816757942e-05
942 -1.92784702224e-05
943 -1.85324194498e-05
944 -1.77733787434e-05
945 -1.69985812016e-05
946 -1.62815200558e-05
947 -1.5536547215e-05
948 -1.48057794017e-05
949 -1.40738177675e-05
950 4.93844060118e-05
951 4.74355864889e-05
952 4.54572264569e-05
953 4.69076239111e-05
954 4.65700220084e-05
955 4.74832576795e-05
956 5.00913875804e-05
957 5.39973044617e-05
958 5.87229984867e-05
959 6.51650345364e-05
960 7.48014791415e-05
961 8.37576980413e-05
962 9.55955344332e-05
963 0.000103917302586
964 0.000112371294365
965 0.000116922627606
966 0.000116413286729
967 0.000111391598472
968 0.00010055792324
969 8.71142968938e-05
970 7.20936066173e-05
971 5.612910442e-05
972 4.05099934741e-05
973 2.65555924403e-05
974 1.45163383143e-05
975 4.50669011645e-06
976 -3.34959136095e-06
977 -9.53917091217e-06
978 -1.43039977388e-05
979 -1.7686266071e-05
980 -1.99098782894e-05
981 -2.16349203866e-05
982 -2.27136812994e-05
983 -2.30412789771e-05
984 -2.30589942449e-05
985 -2.28425415155e-05
986 -2.24955028118e-05
987 -2.19912666382e-05
988 -2.14403963027e-05
989 -2.07384177024e-05
990 -2.00813184275e-05
991 -1.94163785079e-05
992 -1.8724502289e-05
993 -1.79771621819e-05
994 -1.72213994904e-05
995 -1.64504390766e-05
996 -1.57408403105e-05
997 -1.50138178748e-05
998 -1.42964656933e-05
999 -1.35860533829e-05
1000 6.28978486157e-05
1001 6.0773263596e-05
1002 5.91589827574e-05
1003 6.32173010102e-05
1004 6.50235120943e-05
1005 6.8841038713e-05
1006 7.51309152226e-05
1007 8.2472100231e-05
1008 8.94816972329e-05
1009 9.69583712573e-05
1010 0.00010598450788
1011 0.000111313812471
1012 0.000117124231421
1013 0.000116958126073
1014 0.000115438625145
1015 0.00010985036216
1016 0.000100304327087
1017 8.8502468855e-05
1018 7.39952935793e-05
1019 5.93933132173e-05
1020 4.5134286395e-05
1021 3.17087175795e-05
1022 1.96010284465e-05
1023 9.350169341e-06
1024 7.89782706547e-07
1025 -6.08416736262e-06
1026 -1.12907102865e-05
1027 -1.53300378041e-05
1028 -1.84138036569e-05
1029 -2.04984320555e-05
1030 -2.17134596362e-05
1031 -2.26873049419e-05
1032 -2.32088729871e-05
1033 -2.31349160033e-05
1034 -2.28691325126e-05
1035 -2.24649158878e-05
1036 -2.19958834577e-05
1037 -2.1420914861e-05
1038 -2.08473865026e-05
1039 -2.01422534403e-05
1040 -1.94905917632e-05
1041 -1.88294142619e-05
1042 -1.81390321765e-05
1043 -1.73930466654e-05
1044 -1.66397642286e-05
1045 -1.58725366562e-05
1046 -1.51761025691e-05
1047 -1.44663281705e-05
1048 -1.37662247212e-05
1049 -1.30731360068e-05
1050 9.75755660658e-05
1051 9.40755612088e-05
1052 9.13252571197e-05
1053 9.65711302994e-05
1054 9.79673098381e-05
1055 0.000101289400261
1056 0.000106707359516
1057 0.000111935539754
1058 0.000115024524201
1059 0.000117019258241
1060 0.000118918157017
1061 0.00011605763088
1062 0.000112913584108
1063 0.000104692438795
1064 9.57238921426e-05
1065 8.46832333018e-05
1066 7.1997690792e-05
1067 5.9078197392e-05
1068 4.57419030848e-05
1069 3.34454498316e-05
1070 2.21666406529e-05
1071 1.2203257861e-05
1072 3.68500113585e-06
1073 -3.2831425381e-06
1074 -8.98282169793e-06
1075 -1.34527987992e-05
1076 -1.66849133215e-05
1077 -1.91733375617e-05
1078 -2.10479134161e-05
1079 -2.21891415278e-05
1080 -2.26889656624e-05
1081 -2.31343502195e-05
1082 -2.32567098234e-05
1083 -2.29100124353e-05
1084 -2.247502362e-05
1085 -2.19644481095e-05
1086 -2.14172398076e-05
1087 -2.08078908216e-05
1088 -2.02122456588e-05
1089 -1.95226408517e-05
1090 -1.887393833e-05
1091 -1.82151823085e-05
1092 -1.75243384533e-05
1093 -1.67838829644e-05
1094 -1.60352311367e-05
1095 -1.52848528305e-05
1096 -1.46052475398e-05
1097 -1.39177024946e-05
1098 -1.32352725824e-05
1099 -1.25668224276e-05
1100 0.000123323871534
1101 0.000118612865431
1102 0.000114113516823
1103 0.000117751615259
1104 0.00011617011314
1105 0.00011584307856
1106 0.000116483854887
1107 0.000116243213513
1108 0.000113153860521
1109 0.000108740433578
1110 0.000103835952418
1111 9.53993891418e-05
1112 8.71451369387e-05
1113 7.60734119779e-05
1114 6.52799923635e-05
1115 5.40029111081e-05
1116 4.26289793289e-05
1117 3.19034424116e-05
1118 2.17809374471e-05
1119 1.28158621321e-05
1120 4.79672122007e-06
1121 -1.97285074569e-06
1122 -7.52646367701e-06
1123 -1.19516726888e-05
1124 -1.55448215863e-05
1125 -1.82766224367e-05
1126 -2.01227847999e-05
1127 -2.15196474938e-05
1128 -2.2541611618e-05
1129 -2.30282432956e-05
1130 -2.30404660028e-05
1131 -2.31286770817e-05
1132 -2.3000230762e-05
1133 -2.24967155518e-05
1134 -2.19375791398e-05
1135 -2.1357956432e-05
1136 -2.0766824415e-05
1137 -2.01520286271e-05
1138 -1.95692324139e-05
1139 -1.88796902281e-05
1140 -1.82358803063e-05
1141 -1.75721912221e-05
1142 -1.68834158546e-05
1143 -1.61477583917e-05
1144 -1.54067439605e-05
1145 -1.46813895296e-05
1146 -1.40171054651e-05
1147 -1.33491352688e-05
1148 -1.26915964658e-05
1149 -1.20617810702e-05
1150 0.000116821248926
1151 0.00011198869237
1152 0.000106968058585
1153 0.000107901565263
1154 0.000103978326898
1155 0.000100592635678
1156 9.74069193107e-05
1157 9.3345117069e-05
1158 8.70085074578e-05
1159 7.99290484573e-05
1160 7.25587357409e-05
1161 6.33768252586e-05
1162 5.47027316199e-05
1163 4.49573111439e-05
1164 3.58293073516e-05
1165 2.69379386555e-05
1166 1.85124692079e-05
1167 1.08496888513e-05
1168 4.01670157682e-06
1169 -1.92908809707e-06
1170 -7.22473545696e-06
1171 -1.15275810673e-05
1172 -1.49204254025e-05
1173 -1.75337634509e-05
1174 -1.9662833652e-05
1175 -2.11998917755e-05
1176 -2.21003471392e-05
1177 -2.27479563451e-05
1178 -2.31827706756e-05
1179 -2.32381613164e-05
1180 -2.29280493049e-05
1181 -2.27838513552e-05
1182 -2.24926720373e-05
1183 -2.18794357687e-05
1184 -2.12615446527e-05
1185 -2.06512900968e-05
1186 -2.00617261195e-05
1187 -1.94588194065e-05
1188 -1.88795830002e-05
1189 -1.82037099217e-05
1190 -1.75579812838e-05
1191 -1.68917332771e-05
1192 -1.62107346574e-05
1193 -1.54921876423e-05
1194 -1.47748983482e-05
1195 -1.40700195794e-05
1196 -1.3425581192e-05
1197 -1.27827913882e-05
1198 -1.21633888815e-05
1199 -1.15737479589e-05
1200 8.52006843848e-05
1201 8.164632037e-05
1202 7.76092473745e-05
1203 7.68246811771e-05
1204 7.26929895624e-05
1205 6.86745309173e-05
1206 6.44380318457e-05
1207 5.96328125208e-05
1208 5.34292452384e-05
1209 4.69740857794e-05
1210 4.03656346382e-05
1211 3.31167241968e-05
1212 2.62738795163e-05
1213 1.93196836274e-05
1214 1.28107430716e-05
1215 6.72299728423e-06
1216 1.15886549549e-06
1217 -3.81432143261e-06
1218 -8.02847869966e-06
1219 -1.16809278021e-05
1220 -1.49938132381e-05
1221 -1.75789526074e-05
1222 -1.94904200407e-05
1223 -2.08882521031e-05
1224 -2.20219474226e-05
1225 -2.27584058655e-05
1226 -2.30270346322e-05
1227 -2.31801848076e-05
1228 -2.32383748904e-05
1229 -2.30148989272e-05
1230 -2.25086125256e-05
1231 -2.22273425084e-05
1232 -2.18382642361e-05
1233 -2.11709508599e-05
1234 -2.05315483412e-05
1235 -1.99279104363e-05
1236 -1.93482283921e-05
1237 -1.87527147062e-05
1238 -1.81827928019e-05
1239 -1.75069618171e-05
1240 -1.68586703074e-05
1241 -1.61950226183e-05
1242 -1.55245270651e-05
1243 -1.4828436556e-05
1244 -1.41332066185e-05
1245 -1.34495743593e-05
1246 -1.282857399e-05
1247 -1.22167105054e-05
1248 -1.16423161921e-05
1249 -1.11065062756e-05
1250 4.86675103014e-05
1251 4.66971138235e-05
1252 4.42100789235e-05
1253 4.28981044013e-05
1254 3.97771896214e-05
1255 3.65624829865e-05
1256 3.29481184481e-05
1257 2.90304305659e-05
1258 2.44373940534e-05
1259 1.97927092872e-05
1260 1.49714554322e-05
1261 1.01590382713e-05
1262 5.45999963694e-06
1263 1.12907712297e-06
1264 -3.05663945381e-06
1265 -6.85794375477e-06
1266 -1.02347238639e-05
1267 -1.3226356732e-05
1268 -1.56120668164e-05
1269 -1.77023261106e-05
1270 -1.96817864074e-05
1271 -2.11205945818e-05
1272 -2.20558970285e-05
1273 -2.26554184977e-05
1274 -2.31332192952e-05
1275 -2.33482997664e-05
1276 -2.32149908782e-05
1277 -2.30558963689e-05
1278 -2.28897522099e-05
1279 -2.24959411237e-05
1280 -2.18846987243e-05
1281 -2.15212474342e-05
1282 -2.10792772786e-05
1283 -2.04055970733e-05
1284 -1.97781876062e-05
1285 -1.91930747005e-05
1286 -1.86198285868e-05
1287 -1.80260661787e-05
1288 -1.74439542014e-05
1289 -1.67653415298e-05
1290 -1.61222578615e-05
1291 -1.54736165061e-05
1292 -1.48249624044e-05
1293 -1.41541788077e-05
1294 -1.34808666613e-05
1295 -1.28243234607e-05
1296 -1.22397298877e-05
1297 -1.16780799967e-05
1298 -1.11525225292e-05
1299 -1.06712669714e-05
1300 1.91435986365e-05
1301 1.8439622253e-05
1302 1.72962699527e-05
1303 1.60144935811e-05
1304 1.41169766143e-05
1305 1.19704690047e-05
1306 9.39975709408e-06
1307 6.68049091452e-06
1308 3.75210083781e-06
1309 8.13879056176e-07
1310 -2.336153939e-06
1311 -5.16551042998e-06
1312 -8.13817528607e-06
1313 -1.05416419817e-05
1314 -1.30468564175e-05
1315 -1.52520945835e-05
1316 -1.71590793123e-05
1317 -1.88529934354e-05
1318 -2.00568281282e-05
1319 -2.11381216774e-05
1320 -2.22415102123e-05
1321 -2.29456110832e-05
1322 -2.32522338656e-05
1323 -2.33535147184e-05
1324 -2.34099794558e-05
1325 -2.33035530766e-05
1326 -2.29362218631e-05
1327 -2.25914105006e-05
1328 -2.22892928058e-05
1329 -2.17984299757e-05
1330 -2.11345626846e-05
1331 -2.07398866242e-05
1332 -2.02934171761e-05
1333 -1.96358761867e-05
1334 -1.90258220065e-05
1335 -1.84399766029e-05
1336 -1.78610288479e-05
1337 -1.72652452785e-05
1338 -1.66875762875e-05
1339 -1.60170086779e-05
1340 -1.53867043217e-05
1341 -1.47610614719e-05
1342 -1.41319409413e-05
1343 -1.34810409401e-05
1344 -1.28302683973e-05
1345 -1.22107547399e-05
1346 -1.16707441268e-05
1347 -1.11592078042e-05
1348 -1.06874994081e-05
1349 -1.02572165339e-05
1350 -9.58387521015e-07
1351 -8.5781437961e-07
1352 -1.06655444822e-06
1353 -2.16598479016e-06
1354 -3.09975473694e-06
1355 -4.35363728884e-06
1356 -6.02213318436e-06
1357 -7.77762455214e-06
1358 -9.4443084295e-06
1359 -1.11405369765e-05
1360 -1.30838130328e-05
1361 -1.45527017628e-05
1362 -1.63481304964e-05
1363 -1.74890872186e-05
1364 -1.88944439924e-05
1365 -2.00839675593e-05
1366 -2.10411675176e-05
1367 -2.19084968881e-05
1368 -2.23553956925e-05
1369 -2.27903702301e-05
1370 -2.33344525433e-05
1371 -2.35718394296e-05
1372 -2.34945832959e-05
1373 -2.32915670738e-05
1374 -2.31085982221e-05
1375 -2.28180700251e-05
1376 -2.23212561354e-05
1377 -2.18792076075e-05
1378 -2.15107467661e-05
1379 -2.09837136964e-05
1380 -2.03123347702e-05
1381 -1.99211813764e-05
1382 -1.94857281727e-05
1383 -1.88374902287e-05
1384 -1.82341072778e-05
1385 -1.76536406962e-05
1386 -1.70696754493e-05
1387 -1.64744451518e-05
1388 -1.58963539528e-05
1389 -1.52422589461e-05
1390 -1.4635463452e-05
1391 -1.40336657642e-05
1392 -1.34265224914e-05
1393 -1.28052593434e-05
1394 -1.21963724385e-05
1395 -1.16280666451e-05
1396 -1.11431731933e-05
1397 -1.06872978727e-05
1398 -1.02677772055e-05
1399 -9.88129038482e-06
1400 -1.32356942272e-05
1401 -1.2671217176e-05
1402 -1.22894148932e-05
1403 -1.32037467312e-05
1404 -1.35257680115e-05
1405 -1.41617940701e-05
1406 -1.52065253817e-05
1407 -1.63033454698e-05
1408 -1.71670510026e-05
1409 -1.80584360567e-05
1410 -1.92161797084e-05
1411 -1.98500492103e-05
1412 -2.09033654679e-05
1413 -2.12673534812e-05
1414 -2.1983533619e-05
1415 -2.25299934883e-05
1416 -2.28976203571e-05
1417 -2.32507767328e-05
1418 -2.32440194816e-05
1419 -2.32945988555e-05
1420 -2.35065406262e-05
1421 -2.34730523054e-05
1422 -2.31769107218e-05
1423 -2.28092135648e-05
1424 -2.24885217034e-05
1425 -2.21012695084e-05
1426 -2.15418206571e-05
1427 -2.10487713379e-05
1428 -2.06505216877e-05
1429 -2.01313504902e-05
1430 -1.94797111541e-05
1431 -1.90923996931e-05
1432 -1.86602876298e-05
1433 -1.80085053415e-05
1434 -1.74100950066e-05
1435 -1.68309912903e-05
1436 -1.62483067894e-05
1437 -1.56643799064e-05
1438 -1.51071275007e-05
1439 -1.4482230309e-05
1440 -1.38946616127e-05
1441 -1.33089377894e-05
1442 -1.27321954761e-05
1443 -1.21547468052e-05
1444 -1.15941644305e-05
1445 -1.10782409334e-05
1446 -1.06459764952e-05
1447 -1.02484528797e-05
1448 -9.87563402803e-06
1449 -9.52859193194e-06
1450 -2.0096482145e-05
1451 -1.92839539969e-05
1452 -1.85612436344e-05
1453 -1.93471281882e-05
1454 -1.93130937035e-05
1455 -1.95588697799e-05
1456 -2.02199693515e-05
1457 -2.09108173437e-05
1458 -2.12765836762e-05
1459 -2.16868465528e-05
1460 -2.23552814323e-05
1461 -2.24885393096e-05
1462 -2.3072287966e-05
1463 -2.29743290252e-05
1464 -2.32738099913e-05
1465 -2.34412930925e-05
1466 -2.34775469545e-05
1467 -2.35179450979e-05
1468 -2.32573015241e-05
1469 -2.30864341062e-05
1470 -2.3102708079e-05
1471 -2.29176465e-05
1472 -2.25056390699e-05
1473 -2.20503752113e-05
1474 -2.16633119227e-05
1475 -2.12342632814e-05
1476 -2.06600678793e-05
1477 -2.01709620704e-05
1478 -1.97792062065e-05
1479 -1.92694839419e-05
1480 -1.8629934174e-05
1481 -1.82361527655e-05
1482 -1.7798950097e-05
1483 -1.71478088003e-05
1484 -1.65524020974e-05
1485 -1.59829340616e-05
1486 -1.54087191565e-05
1487 -1.48530920705e-05
1488 -1.4316304152e-05
1489 -1.37139817676e-05
1490 -1.31451003878e-05
1491 -1.25909362283e-05
1492 -1.20587895168e-05
1493 -1.15362704003e-05
1494 -1.1030826059e-05
1495 -1.05764199223e-05
1496 -1.02004695142e-05
1497 -9.84986753803e-06
1498 -9.51477583134e-06
1499 -9.19992130847e-06
1500 -2.35263565592e-05
1501 -2.25890520703e-05
1502 -2.17080005647e-05
1503 -2.23961026425e-05
1504 -2.21497743893e-05
1505 -2.21798012456e-05
1506 -2.25969121246e-05
1507 -2.30386675495e-05
1508 -2.31097042607e-05
1509 -2.32357875834e-05
1510 -2.36075145246e-05
1511 -2.34509575338e-05
1512 -2.37605724634e-05
1513 -2.33951362974e-05
1514 -2.34664818142e-05
1515 -2.34137205701e-05
1516 -2.32524846376e-05
1517 -2.31209483838e-05
1518 -2.27329120983e-05
1519 -2.24448912646e-05
1520 -2.23589083148e-05
1521 -2.20910919124e-05
1522 -2.16291480861e-05
1523 -2.11406630499e-05
1524 -2.07379518943e-05
1525 -2.03072878715e-05
1526 -1.97523795073e-05
1527 -1.92803220207e-05
1528 -1.88923274741e-05
1529 -1.83873791772e-05
1530 -1.77541407924e-05
1531 -1.73581946818e-05
1532 -1.69130284096e-05
1533 -1.62721698888e-05
1534 -1.56867373834e-05
1535 -1.51302877723e-05
1536 -1.4587241956e-05
1537 -1.40450430792e-05
1538 -1.35265972777e-05
1539 -1.29477503277e-05
1540 -1.24162293028e-05
1541 -1.19120155572e-05
1542 -1.1433284721e-05
1543 -1.09670987246e-05
1544 -1.05211380209e-05
1545 -1.01202795837e-05
1546 -9.78687388729e-06
1547 -9.47514956808e-06
1548 -9.17419107822e-06
1549 -8.89112804357e-06
1550 -2.48287082296e-05
1551 -2.38508455493e-05
1552 -2.29251137191e-05
1553 -2.3534032194e-05
1554 -2.31757064925e-05
1555 -2.30891576533e-05
1556 -2.33578592063e-05
1557 -2.36456990951e-05
1558 -2.3549226722e-05
1559 -2.35152566719e-05
1560 -2.37119817658e-05
1561 -2.33985765331e-05
1562 -2.35529466255e-05
1563 -2.30554041985e-05
1564 -2.29995129874e-05
1565 -2.28321248149e-05
1566 -2.25745896659e-05
1567 -2.23533981294e-05
1568 -2.19104614344e-05
1569 -2.1572165162e-05
1570 -2.14254660268e-05
1571 -2.11328806527e-05
1572 -2.06692202928e-05
1573 -2.01956550086e-05
1574 -1.98051419825e-05
1575 -1.93832677339e-05
1576 -1.88444327988e-05
1577 -1.83659377499e-05
1578 -1.79762623587e-05
1579 -1.74678335952e-05
1580 -1.68419463566e-05
1581 -1.64374166556e-05
1582 -1.59980250373e-05
1583 -1.53769607154e-05
1584 -1.48288756421e-05
1585 -1.43008737103e-05
1586 -1.37668642123e-05
1587 -1.32452148944e-05
1588 -1.27546170092e-05
1589 -1.22183766991e-05
1590 -1.17333146608e-05
1591 -1.12814896258e-05
1592 -1.08576042822e-05
1593 -1.04500191972e-05
1594 -1.00590918669e-05
1595 -9.70399188363e-06
1596 -9.4080640448e-06
1597 -9.12761961184e-06
1598 -8.86068015715e-06
1599 -8.6105170734e-06
1600 -2.48780146614e-05
1601 -2.39355051993e-05
1602 -2.29794488019e-05
1603 -2.35310785581e-05
1604 -2.31215792037e-05
1605 -2.29788914971e-05
1606 -2.31568878559e-05
1607 -2.33529880659e-05
1608 -2.31808789508e-05
1609 -2.30613863638e-05
1610 -2.31645175037e-05
1611 -2.27915796092e-05
1612 -2.28593317442e-05
1613 -2.23119102898e-05
1614 -2.21883423514e-05
1615 -2.19621285347e-05
1616 -2.16576194296e-05
1617 -2.14044300389e-05
1618 -2.09440155537e-05
1619 -2.05936457524e-05
1620 -2.04386022939e-05
1621 -2.01477639928e-05
1622 -1.97015793838e-05
1623 -1.9234583749e-05
1624 -1.88489101666e-05
1625 -1.8429434443e-05
1626 -1.78953599803e-05
1627 -1.74185346389e-05
1628 -1.70273797291e-05
1629 -1.65219951107e-05
1630 -1.59063075654e-05
1631 -1.55117425711e-05
1632 -1.50878786247e-05
1633 -1.4495204049e-05
1634 -1.39654243755e-05
1635 -1.34553441028e-05
1636 -1.29451096403e-05
1637 -1.24579905799e-05
1638 -1.20108958428e-05
1639 -1.15277235089e-05
1640 -1.1099928036e-05
1641 -1.07074160605e-05
1642 -1.03414062434e-05
1643 -9.9878181043e-06
1644 -9.64160322822e-06
1645 -9.32396912038e-06
1646 -9.063496564e-06
1647 -8.81937442181e-06
1648 -8.57614127865e-06
1649 -8.3435829812e-06
1650 -2.42517919512e-05
1651 -2.33306759247e-05
1652 -2.23907604407e-05
1653 -2.28985057269e-05
1654 -2.2476528891e-05
1655 -2.22993530486e-05
1656 -2.24334924037e-05
1657 -2.25775859196e-05
1658 -2.2367880872e-05
1659 -2.2225808754e-05
1660 -2.22668448343e-05
1661 -2.18723486652e-05
1662 -2.18887511601e-05
1663 -2.13355105138e-05
1664 -2.11843394209e-05
1665 -2.0944094349e-05
1666 -2.0640950486e-05
1667 -2.03862124326e-05
1668 -1.99458482803e-05
1669 -1.96082069202e-05
1670 -1.9453152328e-05
1671 -1.91641760881e-05
1672 -1.87230689446e-05
1673 -1.82658574715e-05
1674 -1.7874228773e-05
1675 -1.7454186612e-05
1676 -1.69281088068e-05
1677 -1.64503836857e-05
1678 -1.60626285739e-05
1679 -1.55719068301e-05
1680 -1.49824414732e-05
1681 -1.46003591493e-05
1682 -1.41923197909e-05
1683 -1.3622759479e-05
1684 -1.3115636082e-05
1685 -1.26362292905e-05
1686 -1.21665513865e-05
1687 -1.17300274441e-05
1688 -1.13339926473e-05
1689 -1.09136632614e-05
1690 -1.05435208117e-05
1691 -1.02044872061e-05
1692 -9.88530576464e-06
1693 -9.57365168299e-06
1694 -9.25876885479e-06
1695 -8.97605851144e-06
1696 -8.74549140402e-06
1697 -8.52583850475e-06
1698 -8.30416385757e-06
1699 -8.08628852502e-06
1700 -2.32446417485e-05
1701 -2.23747423222e-05
1702 -2.14806058846e-05
1703 -2.1951205997e-05
1704 -2.15356566826e-05
1705 -2.13429945249e-05
1706 -2.14518179218e-05
1707 -2.15654423495e-05
1708 -2.13456890837e-05
1709 -2.11929928922e-05
1710 -2.12113416176e-05
1711 -2.08201412726e-05
1712 -2.08236106275e-05
1713 -2.02896905687e-05
1714 -2.01369285192e-05
1715 -1.99050352267e-05
1716 -1.9611444279e-05
1717 -1.9357476739e-05
1718 -1.89330532754e-05
1719 -1.85974386822e-05
1720 -1.84261083606e-05
1721 -1.81307743257e-05
1722 -1.76923830112e-05
1723 -1.72407649298e-05
1724 -1.68505433163e-05
1725 -1.6431783264e-05
1726 -1.59243192749e-05
1727 -1.54583489795e-05
1728 -1.50862549791e-05
1729 -1.46201699834e-05
1730 -1.40599890564e-05
1731 -1.36928445667e-05
1732 -1.33047577688e-05
1733 -1.27689959451e-05
1734 -1.22983161202e-05
1735 -1.18620198739e-05
1736 -1.14485607e-05
1737 -1.10700789711e-05
1738 -1.07313005469e-05
1739 -1.03668289139e-05
1740 -1.00459330673e-05
1741 -9.75154857342e-06
1742 -9.47045720187e-06
1743 -9.19548410875e-06
1744 -8.91402900929e-06
1745 -8.66214256564e-06
1746 -8.45221070955e-06
1747 -8.2501343262e-06
1748 -8.03729926177e-06
1749 -7.82530984049e-06
1750 -2.20826561777e-05
1751 -2.12539390766e-05
1752 -2.04239216139e-05
1753 -2.08656422621e-05
1754 -2.04668590518e-05
1755 -2.02796891532e-05
1756 -2.03707009184e-05
1757 -2.04771004548e-05
1758 -2.0263052835e-05
1759 -2.01149997741e-05
1760 -2.01282274843e-05
1761 -1.97512180648e-05
1762 -1.97514316596e-05
1763 -1.92408134106e-05
1764 -1.9087799301e-05
1765 -1.88600949295e-05
1766 -1.85664009246e-05
1767 -1.83138175289e-05
1768 -1.78993511005e-05
1769 -1.75670414575e-05
1770 -1.73796923129e-05
1771 -1.70917975449e-05
1772 -1.66580755311e-05
1773 -1.6216983462e-05
1774 -1.58313987643e-05
1775 -1.54295658653e-05
1776 -1.49461952041e-05
1777 -1.45008137156e-05
1778 -1.41431014735e-05
1779 -1.36972899297e-05
1780 -1.31618645659e-05
1781 -1.28133493284e-05
1782 -1.24542016961e-05
1783 -1.19641097324e-05
1784 -1.15453719464e-05
1785 -1.11651803991e-05
1786 -1.08024964042e-05
1787 -1.04784791954e-05
1788 -1.01911514595e-05
1789 -9.87168607889e-06
1790 -9.59176512043e-06
1791 -9.33365762801e-06
1792 -9.08633269747e-06
1793 -8.84289853595e-06
1794 -8.59082789925e-06
1795 -8.36334358233e-06
1796 -8.17127174247e-06
1797 -7.98406240036e-06
1798 -7.78000284666e-06
1799 -7.56987205479e-06
1800 -2.09179503488e-05
1801 -2.01504485486e-05
1802 -1.93645263728e-05
1803 -1.97822846642e-05
1804 -1.9403557205e-05
1805 -1.92261414699e-05
1806 -1.93036084175e-05
1807 -1.94000265737e-05
1808 -1.91944568085e-05
1809 -1.90498174144e-05
1810 -1.90506125879e-05
1811 -1.86896382506e-05
1812 -1.86732521907e-05
1813 -1.81769537894e-05
1814 -1.80224379053e-05
1815 -1.77875748537e-05
1816 -1.74927994695e-05
1817 -1.72364947642e-05
1818 -1.68335343718e-05
1819 -1.65048161428e-05
1820 -1.63059180698e-05
1821 -1.60178547967e-05
1822 -1.56027431091e-05
1823 -1.51822255953e-05
1824 -1.48181371624e-05
1825 -1.44360392719e-05
1826 -1.39775605277e-05
1827 -1.3549884888e-05
1828 -1.32058365973e-05
1829 -1.27849791646e-05
1830 -1.22892278559e-05
1831 -1.1979760344e-05
1832 -1.16638413381e-05
1833 -1.12308985852e-05
1834 -1.08742941198e-05
1835 -1.05551416978e-05
1836 -1.02420456729e-05
1837 -9.96477967902e-06
1838 -9.71556553499e-06
1839 -9.4354715984e-06
1840 -9.18761234105e-06
1841 -8.96244580735e-06
1842 -8.74404722056e-06
1843 -8.52949087006e-06
1844 -8.29663301347e-06
1845 -8.08364399613e-06
1846 -7.90052812038e-06
1847 -7.71536346558e-06
1848 -7.50969849573e-06
1849 -7.29394844016e-06
1850 -1.97372962593e-05
1851 -1.90383328048e-05
1852 -1.82790907086e-05
1853 -1.86709076251e-05
1854 -1.83053952696e-05
1855 -1.81365618714e-05
1856 -1.81972158856e-05
1857 -1.82818555206e-05
1858 -1.80790292456e-05
1859 -1.79367148493e-05
1860 -1.79209151092e-05
1861 -1.75809445751e-05
1862 -1.75500142528e-05
1863 -1.70790475622e-05
1864 -1.69208754112e-05
1865 -1.66866814172e-05
1866 -1.63974925091e-05
1867 -1.61393438127e-05
1868 -1.57526022294e-05
1869 -1.54404967911e-05
1870 -1.52452842625e-05
1871 -1.49669613344e-05
1872 -1.4578861252e-05
1873 -1.41770856189e-05
1874 -1.38267193099e-05
1875 -1.34566981189e-05
1876 -1.30231052055e-05
1877 -1.26211077174e-05
1878 -1.2309668033e-05
1879 -1.19328233421e-05
1880 -1.14919244082e-05
1881 -1.12277144976e-05
1882 -1.09622718514e-05
1883 -1.05892938359e-05
1884 -1.0284744162e-05
1885 -1.00117407765e-05
1886 -9.73728892618e-06
1887 -9.50030545103e-06
1888 -9.28557866214e-06
1889 -9.04001422535e-06
1890 -8.82360929868e-06
1891 -8.6268678825e-06
1892 -8.4300418138e-06
1893 -8.23158621717e-06
1894 -8.01021845506e-06
1895 -7.80764158772e-06
1896 -7.62793397178e-06
1897 -7.43896223155e-06
1898 -7.22854912372e-06
1899 -7.00535736358e-06
1900 -1.85292218626e-05
1901 -1.78691880309e-05
1902 -1.71712687329e-05
1903 -1.75256673825e-05
1904 -1.71888309084e-05
1905 -1.70230213414e-05
1906 -1.70734720054e-05
1907 -1.71437754781e-05
1908 -1.69443317456e-05
1909 -1.68085447131e-05
1910 -1.67763952173e-05
1911 -1.64501039605e-05
1912 -1.64049752608e-05
1913 -1.5952903041e-05
1914 -1.57961430505e-05
1915 -1.5568846246e-05
1916 -1.5293653359e-05
1917 -1.50466714291e-05
1918 -1.46842312745e-05
1919 -1.43903645248e-05
1920 -1.41989239077e-05
1921 -1.39306121067e-05
1922 -1.35593831902e-05
1923 -1.31760940149e-05
1924 -1.28523139843e-05
1925 -1.25150187964e-05
1926 -1.21299936293e-05
1927 -1.17723139742e-05
1928 -1.15041874006e-05
1929 -1.11764597911e-05
1930 -1.07913221109e-05
1931 -1.05741838796e-05
1932 -1.0357815612e-05
1933 -1.00343229739e-05
1934 -9.77107668264e-06
1935 -9.5304580439e-06
1936 -9.2885441383e-06
1937 -9.08341028061e-06
1938 -8.9001921605e-06
1939 -8.68360826042e-06
1940 -8.49072905957e-06
1941 -8.31271716062e-06
1942 -8.12869034502e-06
1943 -7.94020276219e-06
1944 -7.72560705303e-06
1945 -7.52608961332e-06
1946 -7.3399062436e-06
1947 -7.14607745186e-06
1948 -6.92793710566e-06
1949 -6.70594646456e-06
1950 -1.7290940467e-05
1951 -1.6667914835e-05
1952 -1.6033645955e-05
1953 -1.63552953678e-05
1954 -1.6039277091e-05
1955 -1.58847602046e-05
1956 -1.59220269623e-05
1957 -1.59763131118e-05
1958 -1.57853499386e-05
1959 -1.56596262546e-05
1960 -1.56182988431e-05
1961 -1.53129984939e-05
1962 -1.52669141187e-05
1963 -1.48417157658e-05
1964 -1.46940793947e-05
1965 -1.44805339502e-05
1966 -1.42206995651e-05
1967 -1.39832879799e-05
1968 -1.36463699079e-05
1969 -1.33650117771e-05
1970 -1.31788409225e-05
1971 -1.29294788989e-05
1972 -1.25876740023e-05
1973 -1.22428674203e-05
1974 -1.19554214876e-05
1975 -1.16573377913e-05
1976 -1.13208624159e-05
1977 -1.10082783159e-05
1978 -1.07869378174e-05
1979 -1.05114091854e-05
1980 -1.01793380474e-05
1981 -1.00036915871e-05
1982 -9.82247422704e-06
1983 -9.53666345356e-06
1984 -9.30615168341e-06
1985 -9.10490678599e-06
1986 -8.89518196662e-06
1987 -8.71793150904e-06
1988 -8.55718875654e-06
1989 -8.35934610959e-06
1990 -8.18016331041e-06
1991 -8.01376781156e-06
1992 -7.83632077829e-06
1993 -7.64929754182e-06
1994 -7.43273575632e-06
1995 -7.2267196182e-06
1996 -7.03276866718e-06
1997 -6.83524688868e-06
1998 -6.61817735507e-06
1999 -6.39695140011e-06
2000 -1.60592154742e-05
2001 -1.5489389067e-05
2002 -1.49026591332e-05
2003 -1.51971784965e-05
2004 -1.49037836017e-05
2005 -1.47624400251e-05
2006 -1.47886296036e-05
2007 -1.48383061492e-05
2008 -1.46580746417e-05
2009 -1.45437045495e-05
2010 -1.45017309311e-05
2011 -1.42143423908e-05
2012 -1.41676288534e-05
2013 -1.37732785677e-05
2014 -1.36300629972e-05
2015 -1.34215742448e-05
2016 -1.31750010045e-05
2017 -1.29496192116e-05
2018 -1.26397378929e-05
2019 -1.23857648064e-05
2020 -1.2222267301e-05
2021 -1.20075000385e-05
2022 -1.17051089911e-05
2023 -1.14032115955e-05
2024 -1.1161769496e-05
2025 -1.09094722869e-05
2026 -1.06226880975e-05
2027 -1.03571277687e-05
2028 -1.01788632538e-05
2029 -9.94581551152e-06
2030 -9.6532715901e-06
2031 -9.50597475714e-06
2032 -9.354480682e-06
2033 -9.10243917577e-06
2034 -8.90744124369e-06
2035 -8.73019625573e-06
2036 -8.5398311369e-06
2037 -8.38476008512e-06
2038 -8.23985967498e-06
2039 -8.05388314342e-06
2040 -7.883483664e-06
2041 -7.71954923707e-06
2042 -7.53979032647e-06
2043 -7.34655406838e-06
2044 -7.12530107475e-06
2045 -6.91599658747e-06
2046 -6.71990636593e-06
2047 -6.52093641337e-06
2048 -6.30351364679e-06
2049 -6.07819789744e-06
2050 -1.48787515714e-05
2051 -1.43558371909e-05
2052 -1.38170426304e-05
2053 -1.40910364235e-05
2054 -1.38182790353e-05
2055 -1.36857882555e-05
2056 -1.37000611763e-05
2057 -1.37427811904e-05
2058 -1.35727623571e-05
2059 -1.34649318031e-05
2060 -1.34170931718e-05
2061 -1.31485685458e-05
2062 -1.31021673818e-05
2063 -1.27362911561e-05
2064 -1.26066562167e-05
2065 -1.24193601425e-05
2066 -1.2197672108e-05
2067 -1.19999821935e-05
2068 -1.17263984923e-05
2069 -1.15076915881e-05
2070 -1.13710753898e-05
2071 -1.11928420301e-05
2072 -1.09343135325e-05
2073 -1.06790931234e-05
2074 -1.04791117086e-05
2075 -1.02699482733e-05
2076 -1.0024952824e-05
2077 -9.79245261021e-06
2078 -9.6439494298e-06
2079 -9.44219157699e-06
2080 -9.18080563508e-06
2081 -9.06115468581e-06
2082 -8.93573646888e-06
2083 -8.71285753377e-06
2084 -8.53914289715e-06
2085 -8.38007283073e-06
2086 -8.2062382173e-06
2087 -8.06292739014e-06
2088 -7.92297128678e-06
2089 -7.74565872141e-06
2090 -7.57373992553e-06
2091 -7.40681004265e-06
2092 -7.21884407623e-06
2093 -7.02436258746e-06
2094 -6.79961629149e-06
2095 -6.5935240195e-06
2096 -6.39825360626e-06
2097 -6.19733892152e-06
2098 -5.97882817887e-06
2099 -5.75238010125e-06
2100 -1.37266939716e-05
2101 -1.32516075981e-05
2102 -1.27510245055e-05
2103 -1.30027192598e-05
2104 -1.27514225584e-05
2105 -1.26337006794e-05
2106 -1.26397031481e-05
2107 -1.26815665932e-05
2108 -1.25286128255e-05
2109 -1.2433555376e-05
2110 -1.23907471506e-05
2111 -1.21525661128e-05
2112 -1.21171094795e-05
2113 -1.17909771244e-05
2114 -1.16820257338e-05
2115 -1.1523393093e-05
2116 -1.13335280816e-05
2117 -1.11665523306e-05
2118 -1.093428354e-05
2119 -1.07533544539e-05
2120 -1.06474991241e-05
2121 -1.05013324535e-05
2122 -1.02844806346e-05
2123 -1.00659054291e-05
2124 -9.89846817556e-06
2125 -9.71825294381e-06
2126 -9.50462426711e-06
2127 -9.30010469974e-06
2128 -9.178723661e-06
2129 -9.0031351271e-06
2130 -8.77213411563e-06
2131 -8.67507418091e-06
2132 -8.56810545973e-06
2133 -8.36602053521e-06
2134 -8.20601668399e-06
2135 -8.05907251256e-06
2136 -7.89004117042e-06
2137 -7.75078682268e-06
2138 -7.60872332789e-06
2139 -7.42553824093e-06
2140 -7.24614949754e-06
2141 -7.07257746277e-06
2142 -6.88305231191e-06
2143 -6.68844523071e-06
2144 -6.46824541847e-06
2145 -6.26236668309e-06
2146 -6.06423247403e-06
2147 -5.8605328767e-06
2148 -5.64311727668e-06
2149 -5.42397442263e-06
2150 -1.26622460528e-05
2151 -1.22245891601e-05
2152 -1.17675361424e-05
2153 -1.20042896309e-05
2154 -1.17745812532e-05
2155 -1.16722415014e-05
2156 -1.16804707495e-05
2157 -1.17253372526e-05
2158 -1.15890899907e-05
2159 -1.15165583163e-05
2160 -1.14843747867e-05
2161 -1.12713290179e-05
2162 -1.12513325387e-05
2163 -1.09645281818e-05
2164 -1.08809207e-05
2165 -1.07497893322e-05
2166 -1.05915650795e-05
2167 -1.04551767723e-05
2168 -1.02601214753e-05
2169 -1.01116901908e-05
2170 -1.00292789691e-05
2171 -9.90940816825e-06
2172 -9.72189724053e-06
2173 -9.5297916384e-06
2174 -9.38619577325e-06
2175 -9.231473743e-06
2176 -9.04567864275e-06
2177 -8.86646954892e-06
2178 -8.76939472904e-06
2179 -8.61583547816e-06
2180 -8.407011567e-06
2181 -8.32260303765e-06
2182 -8.22470389404e-06
2183 -8.03552046972e-06
2184 -7.88217603436e-06
2185 -7.73833851538e-06
2186 -7.56895067496e-06
2187 -7.42519931989e-06
2188 -7.27619172274e-06
2189 -7.0892423642e-06
2190 -6.90613919604e-06
2191 -6.73155392953e-06
2192 -6.54239934563e-06
2193 -6.34709113415e-06
2194 -6.12560604304e-06
2195 -5.91816801493e-06
2196 -5.71782662801e-06
2197 -5.51911670358e-06
2198 -5.31165993966e-06
2199 -5.10728241742e-06
2200 -1.17436390132e-05
2201 -1.13382259316e-05
2202 -1.09137972743e-05
2203 -1.11384864197e-05
2204 -1.09318124366e-05
2205 -1.08439549464e-05
2206 -1.08538337865e-05
2207 -1.09020375896e-05
2208 -1.07828028009e-05
2209 -1.07303057942e-05
2210 -1.07158594385e-05
2211 -1.05290712785e-05
2212 -1.05254562267e-05
2213 -1.02693813122e-05
2214 -1.02097974572e-05
2215 -1.010027001e-05
2216 -9.9674564571e-06
2217 -9.85135248343e-06
2218 -9.68361050114e-06
2219 -9.5577113865e-06
2220 -9.49131902589e-06
2221 -9.39302533367e-06
2222 -9.22792493166e-06
2223 -9.06074048588e-06
2224 -8.94083692988e-06
2225 -8.80624532433e-06
2226 -8.64477166371e-06
2227 -8.48249489674e-06
2228 -8.39903885892e-06
2229 -8.25909984214e-06
2230 -8.0646883248e-06
2231 -7.9853391501e-06
2232 -7.88929982087e-06
2233 -7.70410543976e-06
2234 -7.55037690929e-06
2235 -7.40252634753e-06
2236 -7.22754165501e-06
2237 -7.07715228398e-06
2238 -6.92379367596e-06
2239 -6.73842921354e-06
2240 -6.55574851887e-06
2241 -6.38053856986e-06
2242 -6.19194326756e-06
2243 -5.99319548003e-06
2244 -5.77133150468e-06
2245 -5.56691044083e-06
2246 -5.3749683064e-06
2247 -5.19004882626e-06
2248 -5.00197250865e-06
2249 -4.81899341352e-06
2250 -1.0980782026e-05
2251 -1.05892686757e-05
2252 -1.02006111081e-05
2253 -1.04159548313e-05
2254 -1.02250322943e-05
2255 -1.01518045376e-05
2256 -1.0164985457e-05
2257 -1.0216221045e-05
2258 -1.01122710034e-05
2259 -1.00739769338e-05
2260 -1.0069296058e-05
2261 -9.90125958753e-06
2262 -9.90610125417e-06
2263 -9.67610183876e-06
2264 -9.63082493444e-06
2265 -9.53776048429e-06
2266 -9.42122719432e-06
2267 -9.32307761051e-06
2268 -9.17679108131e-06
2269 -9.07151191498e-06
2270 -9.02031052363e-06
2271 -8.94209448992e-06
2272 -8.79733013454e-06
2273 -8.64991645928e-06
2274 -8.54990148002e-06
2275 -8.42868829304e-06
2276 -8.2823662483e-06
2277 -8.12787469032e-06
2278 -8.04868562026e-06
2279 -7.91390667217e-06
2280 -7.72695674022e-06
2281 -7.64489518791e-06
2282 -7.54457018382e-06
2283 -7.35860903134e-06
2284 -7.19795316683e-06
2285 -7.04525104346e-06
2286 -6.86776423596e-06
2287 -6.71709510176e-06
2288 -6.56343185481e-06
2289 -6.37871227271e-06
2290 -6.19504771265e-06
2291 -6.01888963727e-06
2292 -5.82789655182e-06
2293 -5.63125470961e-06
2294 -5.41912780324e-06
2295 -5.22818457444e-06
2296 -5.05245734196e-06
2297 -4.88575844363e-06
2298 -4.71836420066e-06
2299 -4.55738964152e-06
2300 -1.03282108285e-05
2301 -9.95536050246e-06
2302 -9.59621746369e-06
2303 -9.79859194357e-06
2304 -9.62626041417e-06
2305 -9.56211605858e-06
2306 -9.57426717167e-06
2307 -9.62788277846e-06
2308 -9.53413536789e-06
2309 -9.50759013071e-06
2310 -9.50658912421e-06
2311 -9.35472933949e-06
2312 -9.36777809903e-06
2313 -9.16039330668e-06
2314 -9.12780627096e-06
2315 -9.04951603939e-06
2316 -8.95203579393e-06
2317 -8.86866084967e-06
2318 -8.74391100914e-06
2319 -8.65303423335e-06
2320 -8.61368090106e-06
2321 -8.54610653628e-06
2322 -8.41309346872e-06
2323 -8.2759362158e-06
2324 -8.1832581891e-06
2325 -8.06969372212e-06
2326 -7.93104448263e-06
2327 -7.78290355468e-06
2328 -7.70289187797e-06
2329 -7.56947126746e-06
2330 -7.38288076455e-06
2331 -7.2906938882e-06
2332 -7.1826914772e-06
2333 -6.99542434299e-06
2334 -6.83224597745e-06
2335 -6.68010566652e-06
2336 -6.50191255072e-06
2337 -6.35196064948e-06
2338 -6.19629252997e-06
2339 -6.01356405672e-06
2340 -5.82585877798e-06
2341 -5.65043772345e-06
2342 -5.46576126768e-06
2343 -5.28065861979e-06
2344 -5.0844735779e-06
2345 -4.91215234535e-06
2346 -4.75551473759e-06
2347 -4.61038291569e-06
2348 -4.46837545635e-06
2349 -4.33143671057e-06
2350 -9.76879842841e-06
2351 -9.40946471075e-06
2352 -9.0692332091e-06
2353 -9.26616338887e-06
2354 -9.10393237747e-06
2355 -9.04803249532e-06
2356 -9.06099273503e-06
2357 -9.11767599572e-06
2358 -9.03323309861e-06
2359 -9.01772699382e-06
2360 -9.02516402584e-06
2361 -8.88672718326e-06
2362 -8.90706252995e-06
2363 -8.71791749081e-06
2364 -8.69502897706e-06
2365 -8.62833128284e-06
2366 -8.54299208254e-06
2367 -8.46904862877e-06
2368 -8.35537648347e-06
2369 -8.27400820357e-06
2370 -8.23891193116e-06
2371 -8.17553022569e-06
2372 -8.05102436265e-06
2373 -7.92009436031e-06
2374 -7.82947038385e-06
2375 -7.71705983428e-06
2376 -7.58021145923e-06
2377 -7.42729017223e-06
2378 -7.33927964277e-06
2379 -7.20201041484e-06
2380 -7.01240766633e-06
2381 -6.9154451689e-06
2382 -6.80529227819e-06
2383 -6.62355952489e-06
2384 -6.46292707742e-06
2385 -6.31090208865e-06
2386 -6.13367938355e-06
2387 -5.977555722e-06
2388 -5.8167058158e-06
2389 -5.63430207358e-06
2390 -5.45221412825e-06
2391 -5.28663419073e-06
2392 -5.11788294274e-06
2393 -4.9516024718e-06
2394 -4.77666095143e-06
2395 -4.62672755774e-06
2396 -4.49261095057e-06
2397 -4.37136587755e-06
2398 -4.25419663441e-06
2399 -4.1378264747e-06
2400 -9.29681809752e-06
2401 -8.95241540666e-06
2402 -8.62645856903e-06
2403 -8.81824101554e-06
2404 -8.66833743201e-06
2405 -8.61785725234e-06
2406 -8.6300533493e-06
2407 -8.68675691676e-06
2408 -8.60850353495e-06
2409 -8.59813375153e-06
2410 -8.60945361835e-06
2411 -8.47871244746e-06
2412 -8.50172216837e-06
2413 -8.3237481528e-06
2414 -8.30435843164e-06
2415 -8.24339859764e-06
2416 -8.15996427563e-06
2417 -8.09039518838e-06
2418 -7.98532492674e-06
2419 -7.90451790771e-06
2420 -7.86660659293e-06
2421 -7.80248225866e-06
2422 -7.68055330246e-06
2423 -7.54825694008e-06
2424 -7.45390679e-06
2425 -7.33489202378e-06
2426 -7.19555491267e-06
2427 -7.04018653405e-06
2428 -6.94779124713e-06
2429 -6.81217038115e-06
2430 -6.63031429524e-06
2431 -6.53196579122e-06
2432 -6.41855336995e-06
2433 -6.2379306576e-06
2434 -6.07272866441e-06
2435 -5.91982702286e-06
2436 -5.74208782161e-06
2437 -5.5884321149e-06
2438 -5.43495289867e-06
2439 -5.2668309366e-06
2440 -5.10061290784e-06
2441 -4.9536150678e-06
2442 -4.80442006737e-06
2443 -4.65975848573e-06
2444 -4.50879100063e-06
2445 -4.38355312131e-06
2446 -4.27336338655e-06
2447 -4.17270171855e-06
2448 -4.07187889612e-06
2449 -3.96851916704e-06
2450 -8.8648261141e-06
2451 -8.53261062425e-06
2452 -8.22634870054e-06
2453 -8.40850859204e-06
2454 -8.26724491251e-06
2455 -8.22107328051e-06
2456 -8.23164500563e-06
2457 -8.28711709493e-06
2458 -8.21164784519e-06
2459 -8.20721630081e-06
2460 -8.21603890261e-06
2461 -8.09333074363e-06
2462 -8.11528645636e-06
2463 -7.94730997391e-06
2464 -7.93006600667e-06
2465 -7.87165565808e-06
2466 -7.79093298849e-06
2467 -7.72134128334e-06
2468 -7.61878413839e-06
2469 -7.53956904558e-06
2470 -7.49614123469e-06
2471 -7.42674108013e-06
2472 -7.30039066794e-06
2473 -7.16537845919e-06
2474 -7.06769649325e-06
2475 -6.9471674754e-06
2476 -6.80939009873e-06
2477 -6.65431140163e-06
2478 -6.56005605234e-06
2479 -6.42302134718e-06
2480 -6.24136586656e-06
2481 -6.13685486263e-06
2482 -6.0193567235e-06
2483 -5.84000079258e-06
2484 -5.67451601149e-06
2485 -5.52657654567e-06
2486 -5.35848289525e-06
2487 -5.21686526998e-06
2488 -5.07708898183e-06
2489 -4.92761935179e-06
2490 -4.78101169295e-06
2491 -4.65406043919e-06
2492 -4.52682677091e-06
2493 -4.40484049503e-06
2494 -4.27735855858e-06
2495 -4.17433588242e-06
2496 -4.0819716973e-06
2497 -3.99753445972e-06
2498 -3.90662988401e-06
2499 -3.80724169514e-06
