0 0.01405176551
1 0.0124107491786
2 0.0110415659355
3 0.00942773538011
4 0.00869869420982
5 0.006890387053
6 0.00578393111264
7 0.0047600605575
8 0.00379080831026
9 0.00308466551104
10 0.00248848657279
11 0.00199687087164
12 0.0015919989051
13 0.001238726897
14 0.000987563592551
15 0.00077295056894
16 0.000583861581832
17 0.000437331363293
18 0.0003202487537
19 0.000252178463669
20 0.00027098253064
21 0.000385960549199
22 0.000540039915214
23 0.000620765013839
24 0.000576670043475
25 0.000437060448965
26 0.000273050900352
27 0.000132700894215
28 3.11029062015e-05
29 -3.76813533301e-05
30 -8.00681100946e-05
31 -0.000104613711918
32 -0.000117938515142
33 -0.000122709478292
34 -0.000122534487423
35 -0.00011943239496
36 -0.000115471160553
37 -0.000110448796522
38 -0.000105795140503
39 -0.00010049933611
40 -9.50275995682e-05
41 -8.97336302517e-05
42 -8.41521191504e-05
43 -7.84971494505e-05
44 -7.31093991792e-05
45 -6.76932133388e-05
46 -6.30077721427e-05
47 -5.8708209323e-05
48 -5.52041822472e-05
49 -5.2086431587e-05
50 0.0155088969272
51 0.0138693823449
52 0.0117291234072
53 0.0105747814709
54 0.00863652922071
55 0.00708829783822
56 0.00580627096789
57 0.00475441027959
58 0.00380838715633
59 0.00303228041038
60 0.00244836790251
61 0.0019294533641
62 0.00155252446843
63 0.00120702393892
64 0.000952419272862
65 0.000743183372668
66 0.000566006394518
67 0.000427475205695
68 0.000314230565638
69 0.000257315142044
70 0.000282616175693
71 0.000390152502917
72 0.000524450520999
73 0.000592214872335
74 0.000548901622935
75 0.000417227167806
76 0.000261926430527
77 0.00012773017841
78 2.9566226343e-05
79 -3.70415718969e-05
80 -7.82344937524e-05
81 -0.000102304883018
82 -0.000115136489278
83 -0.000119475423763
84 -0.000119309476559
85 -0.000116446769852
86 -0.000112613281679
87 -0.000107678169841
88 -0.000102932939825
89 -9.77205136595e-05
90 -9.24854626772e-05
91 -8.72571060454e-05
92 -8.17026908736e-05
93 -7.61942071166e-05
94 -7.09180308823e-05
95 -6.56739846123e-05
96 -6.11466005296e-05
97 -5.69931362283e-05
98 -5.3552181861e-05
99 -5.05001073573e-05
100 0.0201953514363
101 0.0176835537993
102 0.014467555899
103 0.0125872057036
104 0.00991180941112
105 0.00788936521725
106 0.00629222437623
107 0.00504864709608
108 0.00398071386544
109 0.00313212693926
110 0.00250463503111
111 0.00195943953634
112 0.00156732969274
113 0.00121271605148
114 0.000952878588063
115 0.000741013956755
116 0.000563347092096
117 0.000428110750749
118 0.000323970380241
119 0.000280724005599
120 0.000313788147349
121 0.00040769447483
122 0.000514914554745
123 0.000566923381055
124 0.000526164065963
125 0.000404009315028
126 0.000255975198731
127 0.000125480926084
128 2.88775430772e-05
129 -3.71386994383e-05
130 -7.80649386469e-05
131 -0.000102005269887
132 -0.000114775289622
133 -0.000119084465164
134 -0.000118931804802
135 -0.000116076637829
136 -0.000112259357505
137 -0.000107366087413
138 -0.00010259062046
139 -9.73736089467e-05
140 -9.21411526042e-05
141 -8.69454583094e-05
142 -8.14394731517e-05
143 -7.5934802695e-05
144 -7.06649933932e-05
145 -6.54523237211e-05
146 -6.09575809523e-05
147 -5.68380701396e-05
148 -5.34196564429e-05
149 -5.0378492684e-05
150 0.0291244438767
151 0.0247107196694
152 0.0191244629336
153 0.0157912407054
154 0.0118107629724
155 0.00902373724491
156 0.00695421743214
157 0.00543681558856
158 0.00420240510356
159 0.00325701957333
160 0.00257283559919
161 0.00199655612206
162 0.00158418855157
163 0.00121770158816
164 0.000951610056014
165 0.000736928571992
166 0.000560252612884
167 0.000431816501164
168 0.000342398596019
169 0.000316513526573
170 0.000353726961352
171 0.000425054142373
172 0.000498269282856
173 0.000532753771803
174 0.000496591454257
175 0.000386978092874
176 0.000248247977927
177 0.000122469910266
178 2.78428829926e-05
179 -3.73761726402e-05
180 -7.80002298706e-05
181 -0.0001017566041
182 -0.000114486431429
183 -0.000118753229856
184 -0.000118626824314
185 -0.000115730436808
186 -0.000111953528037
187 -0.000107109080552
188 -0.000102434439965
189 -9.72319181035e-05
190 -9.19734871699e-05
191 -8.67313747335e-05
192 -8.12694088663e-05
193 -7.5748170303e-05
194 -7.04812197107e-05
195 -6.53016974499e-05
196 -6.08310809148e-05
197 -5.67476241041e-05
198 -5.33529948296e-05
199 -5.03297887787e-05
200 0.0468288402108
201 0.0381594544986
202 0.0265518346283
203 0.0204778327251
204 0.0143046617215
205 0.0104287171303
206 0.00773422310425
207 0.00589153736331
208 0.00446011811037
209 0.00339780521772
210 0.00265353845772
211 0.00203431951064
212 0.00159944360332
213 0.00122265971145
214 0.000950268432165
215 0.000733754990356
216 0.000561168439578
217 0.000444097665969
218 0.000374353070154
219 0.000364034135628
220 0.000395686923635
221 0.000435750966704
222 0.000473112417715
223 0.000492663560906
224 0.000463541606796
225 0.000367790172519
226 0.000239155507883
227 0.0001187976211
228 2.64110032565e-05
229 -3.79366897995e-05
230 -7.82015241842e-05
231 -0.000101788709091
232 -0.000114415194128
233 -0.000118686485402
234 -0.000118457955315
235 -0.000115548606344
236 -0.00011185279942
237 -0.000107013360339
238 -0.000102323070583
239 -9.70987792632e-05
240 -9.17372246628e-05
241 -8.65684708585e-05
242 -8.11011068896e-05
243 -7.56417344594e-05
244 -7.03627774769e-05
245 -6.51423297808e-05
246 -6.07070569951e-05
247 -5.67005417535e-05
248 -5.33429180265e-05
249 -5.0358042483e-05
250 0.0862602119794
251 0.0625213035831
252 0.0374706949582
253 0.0262782697227
254 0.0171155396478
255 0.0118727043187
256 0.00849099159933
257 0.00630893158568
258 0.0046743846647
259 0.00351380652947
260 0.00270822095564
261 0.00205913271579
262 0.00160782241507
263 0.00122047015907
264 0.000943023654533
265 0.000728571999366
266 0.000565712416024
267 0.000467793350542
268 0.000419643732354
269 0.000416288398836
270 0.000429119036033
271 0.000432507164148
272 0.000437871912439
273 0.000448634788718
274 0.000428385212433
275 0.000346705803979
276 0.000228754343659
277 0.000113958752225
278 2.42304660061e-05
279 -3.88619337941e-05
280 -7.844854062e-05
281 -0.000101775559038
282 -0.000114157068284
283 -0.000118303989551
284 -0.00011800932291
285 -0.000115153635561
286 -0.000111467768134
287 -0.000106669097368
288 -0.000102023964397
289 -9.6693288781e-05
290 -9.14240835828e-05
291 -8.62428621936e-05
292 -8.07837797777e-05
293 -7.5329125727e-05
294 -7.00048013414e-05
295 -6.49066520395e-05
296 -6.05617421205e-05
297 -5.65703460975e-05
298 -5.32645168772e-05
299 -5.02767437734e-05
300 0.195377326117
301 0.102546211693
302 0.0503169308256
303 0.0318321104711
304 0.0194481925339
305 0.0130023471611
306 0.00903636715988
307 0.00657561725274
308 0.00480187573686
309 0.00356809954378
310 0.00272228330949
311 0.00205502506657
312 0.00159517025951
313 0.00120313303336
314 0.000928720097972
315 0.000723599119972
316 0.000580322632626
317 0.000506356218586
318 0.000473444654234
319 0.000461182809094
320 0.000443441796815
321 0.000410857004557
322 0.000394792566397
323 0.000402699142699
324 0.00039278295748
325 0.000324859863751
326 0.000216680017636
327 0.000107820771669
328 2.11786963697e-05
329 -4.02098930899e-05
330 -7.87773192617e-05
331 -0.000101502671501
332 -0.000113579490423
333 -0.000117478943375
334 -0.000117217521771
335 -0.00011433374067
336 -0.000110659283487
337 -0.000105931862392
338 -0.000101212545461
339 -9.59207007434e-05
340 -9.06647725681e-05
341 -8.54869466775e-05
342 -8.0122453158e-05
343 -7.46343256779e-05
344 -6.94053190336e-05
345 -6.44401278607e-05
346 -6.01604555491e-05
347 -5.63006429971e-05
348 -5.29846544078e-05
349 -5.001809011e-05
350 0.395315632932
351 0.135400615538
352 0.0583726046217
353 0.0345353300248
354 0.020535656079
355 0.0134419860514
356 0.00921490038794
357 0.00662249631455
358 0.00480411702818
359 0.00354639140327
360 0.00268906559254
361 0.00201958145497
362 0.0015583728147
363 0.00117499749781
364 0.000913012620662
365 0.000728320665654
366 0.000611100343372
367 0.000557569931339
368 0.000523550338151
369 0.000485977029854
370 0.000433135289977
371 0.00037406357443
372 0.000348183929917
373 0.000359678100217
374 0.000360094659952
375 0.000303365157239
376 0.000203952747236
377 0.000100514592284
378 1.71920549725e-05
379 -4.20559646237e-05
380 -7.93431016569e-05
381 -0.000101237656441
382 -0.000112912887932
383 -0.000116563360316
384 -0.000116364766221
385 -0.000113445393803
386 -0.000109768595113
387 -0.000105036558827
388 -0.000100345141561
389 -9.50705604308e-05
390 -8.97965533416e-05
391 -8.46328923549e-05
392 -7.93422664022e-05
393 -7.38390661981e-05
394 -6.87444206791e-05
395 -6.38400421765e-05
396 -5.96676809301e-05
397 -5.58503135384e-05
398 -5.25602259629e-05
399 -4.96731486554e-05
400 0.232108165433
401 0.113036736397
402 0.0540738164773
403 0.0327099166345
404 0.019755475474
405 0.0130333812396
406 0.00894461549043
407 0.00643868110536
408 0.00466644356485
409 0.00343750174381
410 0.00260243109551
411 0.00194913319735
412 0.0015047275277
413 0.00114338764295
414 0.000906060641582
415 0.000750613196862
416 0.000657790684026
417 0.000609008984393
418 0.0005537670228
419 0.000481983221213
420 0.000399676975814
421 0.000327919523941
422 0.000303321060889
423 0.000323163274016
424 0.000332832997391
425 0.000283698073904
426 0.00019074324516
427 9.23594710024e-05
428 1.23233076279e-05
429 -4.45862783317e-05
430 -8.03147166985e-05
431 -0.000101324087054
432 -0.00011244282701
433 -0.000115890024869
434 -0.000115337138805
435 -0.000112449678763
436 -0.000108811946651
437 -0.000104070609326
438 -9.93531301123e-05
439 -9.40846018326e-05
440 -8.87976376135e-05
441 -8.37150761407e-05
442 -7.84198842343e-05
443 -7.30463646492e-05
444 -6.80446312424e-05
445 -6.3225771531e-05
446 -5.91113357712e-05
447 -5.53734703871e-05
448 -5.21599675714e-05
449 -4.93605656715e-05
450 0.0995726329837
451 0.0697922551758
452 0.0414749538126
453 0.0273238229684
454 0.0174400962575
455 0.0118470594129
456 0.00826627518025
457 0.006018893063
458 0.00438872324964
459 0.0032494539391
460 0.0024669295881
461 0.00185423559542
462 0.00144448611837
463 0.00111951419925
464 0.000916894228169
465 0.000789484591904
466 0.000705793771093
467 0.00064041141237
468 0.000551983682779
469 0.000449324527336
470 0.000350549099204
471 0.000278670066473
472 0.000263876903687
473 0.000294555919168
474 0.000310653004113
475 0.000265539667909
476 0.00017716774211
477 8.29225363095e-05
478 6.45248757151e-06
479 -4.77396159286e-05
480 -8.16113423264e-05
481 -0.000101480707182
482 -0.000111903176651
483 -0.000114957177899
484 -0.000114338065529
485 -0.000111345658756
486 -0.000107748337107
487 -0.000103010139258
488 -9.8306568043e-05
489 -9.29818890323e-05
490 -8.77913363955e-05
491 -8.27875935551e-05
492 -7.74904628929e-05
493 -7.22017584514e-05
494 -6.72645436799e-05
495 -6.25168462615e-05
496 -5.85472325081e-05
497 -5.48774935397e-05
498 -5.17687334826e-05
499 -4.90077273348e-05
500 0.0512850254959
501 0.0415668248737
502 0.0290541235922
503 0.0210506914576
504 0.0143891014545
505 0.0101881948903
506 0.00730864785568
507 0.00542236549785
508 0.00400451671531
509 0.00299797557364
510 0.00229560002723
511 0.00175000967852
512 0.00139099836195
513 0.00111258518525
514 0.00094310171264
515 0.000827890702092
516 0.000730264306475
517 0.000635600754042
518 0.000515729625207
519 0.000395150015822
520 0.000293757914723
521 0.000232412234295
522 0.000233124969866
523 0.000274300687728
524 0.000293036214795
525 0.000248647311373
526 0.000162670116333
527 7.2301361689e-05
528 -4.0130049396e-07
529 -5.15766228526e-05
530 -8.33132734405e-05
531 -0.000101919123374
532 -0.000111520448188
533 -0.000114084760584
534 -0.000113230177531
535 -0.000110163255466
536 -0.000106515688501
537 -0.000101703515485
538 -9.69943284774e-05
539 -9.16657786903e-05
540 -8.65584016877e-05
541 -8.15729879652e-05
542 -7.63414797971e-05
543 -7.11761131939e-05
544 -6.63788821835e-05
545 -6.1787768106e-05
546 -5.79276404998e-05
547 -5.43587908072e-05
548 -5.13295986492e-05
549 -4.86092447211e-05
550 0.0298992959128
551 0.0257965719745
552 0.0199032168071
553 0.0155926231458
554 0.0113557086743
555 0.0084095291229
556 0.00623612421198
557 0.00473564573926
558 0.00356383136414
559 0.00271416388881
560 0.00211640677514
561 0.00165439487845
562 0.00135496586919
563 0.00111813535106
564 0.000963809292748
565 0.000838706283911
566 0.000714001807813
567 0.000591211277741
568 0.000453373524507
569 0.000330122664639
570 0.000237633238246
571 0.000193688131078
572 0.000212560738492
573 0.000261801347946
574 0.000278982498134
575 0.000232058049274
576 0.00014696964209
577 6.0383925908e-05
578 -8.23376786857e-06
579 -5.60090184686e-05
580 -8.5288750127e-05
581 -0.000102424064079
582 -0.000111164209537
583 -0.000113181925773
584 -0.000112031186263
585 -0.000108913691832
586 -0.000105161864887
587 -0.000100399428256
588 -9.56612132719e-05
589 -9.04313748034e-05
590 -8.54056805043e-05
591 -8.0386446478e-05
592 -7.52907296454e-05
593 -7.01993204119e-05
594 -6.54767553999e-05
595 -6.10685340136e-05
596 -5.72610696314e-05
597 -5.37915426367e-05
598 -5.08287239005e-05
599 -4.81806543514e-05
600 0.0188140894676
601 0.0167714380682
602 0.0137334561258
603 0.0113928097906
604 0.00875281461191
605 0.00676093283545
606 0.00519159195272
607 0.00405043164957
608 0.00312706008086
609 0.00244201554842
610 0.0019582932597
611 0.00157740826101
612 0.0013271296451
613 0.001110071556
614 0.000950106948163
615 0.000803197460399
616 0.000655354341471
617 0.000517609663973
618 0.00037839059729
619 0.000264203277072
620 0.000187919477296
621 0.000165660315704
622 0.000202529290387
623 0.000255960596673
624 0.000266982910751
625 0.000214665481308
626 0.000129953180451
627 4.72984781591e-05
628 -1.68713077448e-05
629 -6.0924278396e-05
630 -8.75276986496e-05
631 -0.000103024373893
632 -0.00011077784108
633 -0.000112308376906
634 -0.00011086888178
635 -0.000107618062761
636 -0.000103766856774
637 -9.89259870905e-05
638 -9.41728854828e-05
639 -8.90238025982e-05
640 -8.39898350198e-05
641 -7.90308667068e-05
642 -7.40375778226e-05
643 -6.91007318448e-05
644 -6.45361989898e-05
645 -6.02492488946e-05
646 -5.65301539583e-05
647 -5.31941309048e-05
648 -5.02920261208e-05
649 -4.77363897609e-05
650 0.0124587591578
651 0.0113332633221
652 0.00964617322565
653 0.00833919560177
654 0.00669663956423
655 0.00537036391383
656 0.00427502210029
657 0.00343706406028
658 0.00273878349841
659 0.00220555165786
660 0.00182132828912
661 0.00150053377467
662 0.00127483585614
663 0.00105851196543
664 0.000885111576356
665 0.000722645258225
666 0.000567124500036
667 0.000430464843145
668 0.000302096661288
669 0.00020420785931
670 0.000148722163988
671 0.000149957310084
672 0.000202328169014
673 0.000254698982955
674 0.000254994559929
675 0.000195665133365
676 0.000111467692297
677 3.31504054633e-05
678 -2.61514171958e-05
679 -6.61836668343e-05
680 -9.00289815608e-05
681 -0.000103795968169
682 -0.000110467390997
683 -0.000111378130178
684 -0.000109654288814
685 -0.000106195280979
686 -0.000102190878649
687 -9.73163671916e-05
688 -9.26255552766e-05
689 -8.7516040894e-05
690 -8.2509858933e-05
691 -7.76414225107e-05
692 -7.27649911848e-05
693 -6.79437875468e-05
694 -6.3543802351e-05
695 -5.93549647637e-05
696 -5.57645066327e-05
697 -5.25155560054e-05
698 -4.96963462733e-05
699 -4.72204085494e-05
700 0.00859578102925
701 0.00793017981136
702 0.00694107054489
703 0.00619425126251
704 0.00516250424997
705 0.00428574413146
706 0.00353388503399
707 0.00293284441451
708 0.0024097964748
709 0.00199271906453
710 0.00167632363505
711 0.00138981214351
712 0.00117303586395
713 0.000955330793265
714 0.000777738579711
715 0.00061602041018
716 0.000468061169285
717 0.000343341406953
718 0.000232664445249
719 0.000154507418164
720 0.000122390026861
721 0.000147173826528
722 0.000210337735112
723 0.000255009902312
724 0.000241176881273
725 0.000174487704508
726 9.15381590262e-05
727 1.82381559705e-05
728 -3.58013131937e-05
729 -7.15792697217e-05
730 -9.24602691922e-05
731 -0.000104396255773
732 -0.000110007675512
733 -0.000110289483785
734 -0.000108231308753
735 -0.0001045594105
736 -0.000100434755045
737 -9.55510270254e-05
738 -9.0932168063e-05
739 -8.58703724425e-05
740 -8.09575783285e-05
741 -7.61842708398e-05
742 -7.14732165824e-05
743 -6.67905710025e-05
744 -6.25335308731e-05
745 -5.84475070421e-05
746 -5.49864372528e-05
747 -5.18469758721e-05
748 -4.912146646e-05
749 -4.67004525498e-05
750 0.00618011028129
751 0.00575945285368
752 0.00514380280667
753 0.00471181887942
754 0.0040466709609
755 0.00346434288414
756 0.00294511524098
757 0.00250970945341
758 0.00210631946015
759 0.00176565672776
760 0.00149199849536
761 0.00123051646099
762 0.00102386436991
763 0.00081757185219
764 0.000650702220408
765 0.000502967495546
766 0.000371996442059
767 0.000264475129546
768 0.000173599124073
769 0.000117250815325
770 0.000110417165455
771 0.000156879633631
772 0.000223733110883
773 0.00025392024396
774 0.000223959618542
775 0.000150846446987
776 7.04051851334e-05
777 2.88820894928e-06
778 -4.56098397089e-05
779 -7.69638940266e-05
780 -9.48837820995e-05
781 -0.00010505038168
782 -0.000109563635371
783 -0.00010916766764
784 -0.000106659175681
785 -0.000102773463732
786 -9.85520597287e-05
787 -9.36656168505e-05
788 -8.91750357964e-05
789 -8.41346738321e-05
790 -7.9330947792e-05
791 -7.46822665421e-05
792 -7.01176263196e-05
793 -6.56108195071e-05
794 -6.14724035162e-05
795 -5.75079109679e-05
796 -5.41727174994e-05
797 -5.11298658185e-05
798 -4.85048916305e-05
799 -4.61415550906e-05
800 0.00460713225209
801 0.00432273087175
802 0.00392113536146
803 0.00366334720847
804 0.0032153669182
805 0.00281525762106
806 0.00244391498718
807 0.00211587760214
808 0.00179302152344
809 0.00150736637269
810 0.00126987521155
811 0.00103723738563
812 0.000852819858406
813 0.000670573815073
814 0.000524351747041
815 0.000397311752663
816 0.000286401819054
817 0.000197000386058
818 0.000126911082533
819 9.42346983732e-05
820 0.000113690001025
821 0.000176794107109
822 0.000237982448241
823 0.00024818199526
824 0.000202124112348
825 0.000124920864938
826 4.84950807751e-05
827 -1.25274430353e-05
828 -5.5210906565e-05
829 -8.21871656455e-05
830 -9.71510425803e-05
831 -0.000105617369495
832 -0.000108995171243
833 -0.00010790271386
834 -0.00010491988582
835 -0.000100950371906
836 -9.66372508105e-05
837 -9.18270818219e-05
838 -8.7345439818e-05
839 -8.23965071896e-05
840 -7.76783988468e-05
841 -7.31428014421e-05
842 -6.87075929171e-05
843 -6.44016925945e-05
844 -6.03767996634e-05
845 -5.65379863066e-05
846 -5.33240919995e-05
847 -5.03944737672e-05
848 -4.78531426592e-05
849 -4.55601314818e-05
850 0.00350909220626
851 0.00330639366118
852 0.00302438073315
853 0.0028616991038
854 0.0025472589075
855 0.00225918275777
856 0.00198431810723
857 0.00173111330389
858 0.00147194374701
859 0.00123629450889
860 0.00103693944629
861 0.000840923312816
862 0.000685250804684
863 0.000532815685442
864 0.000410451471446
865 0.000304903828144
866 0.000213410922264
867 0.000142288375718
868 9.39741953771e-05
869 8.72989712433e-05
870 0.000131945249115
871 0.000202717275435
872 0.000248165936923
873 0.000235329649839
874 0.000175464443355
875 9.7138288811e-05
876 2.64368281443e-05
877 -2.75380430226e-05
878 -6.43137921252e-05
879 -8.70067929846e-05
880 -9.91563705582e-05
881 -0.000105919533395
882 -0.000108199807339
883 -0.000106471491507
884 -0.000103109096772
885 -9.89641134509e-05
886 -9.45777281734e-05
887 -8.98460781212e-05
888 -8.53894138224e-05
889 -8.05373218114e-05
890 -7.59950249281e-05
891 -7.15912849701e-05
892 -6.73321979766e-05
893 -6.31931765449e-05
894 -5.92613718304e-05
895 -5.55639654367e-05
896 -5.24553561883e-05
897 -4.96461194379e-05
898 -4.71832134262e-05
899 -4.49380177562e-05
900 0.00267623316378
901 0.00252171178971
902 0.00231772708234
903 0.0022118608185
904 0.0019841085773
905 0.00177190308436
906 0.00156634030659
907 0.00137287554958
908 0.00116901310725
909 0.00098184017372
910 0.000821402287781
911 0.000662826399159
912 0.000536628335783
913 0.000412879767301
914 0.000313176904472
915 0.000226777667971
916 0.000153557435849
917 0.000101137474224
918 7.71757932595e-05
919 9.81526045103e-05
920 0.00016228316634
921 0.000228388176669
922 0.000249772690273
923 0.000213969564136
924 0.000144589957002
925 6.84551388764e-05
926 4.93350633125e-06
927 -4.17016384015e-05
928 -7.27085082763e-05
929 -9.13906912456e-05
930 -0.000100915179128
931 -0.000105982224267
932 -0.000107210596337
933 -0.000104835891346
934 -0.00010120685194
935 -9.69172686157e-05
936 -9.25095612645e-05
937 -8.78403841273e-05
938 -8.34499960512e-05
939 -7.87106400258e-05
940 -7.42782049929e-05
941 -7.00434136984e-05
942 -6.59345364035e-05
943 -6.19303192445e-05
944 -5.81043074124e-05
945 -5.45328749291e-05
946 -5.15689148356e-05
947 -4.88522287385e-05
948 -4.64790488588e-05
949 -4.42711426302e-05
950 0.0020137778355
951 0.00190298678977
952 0.00175236905274
953 0.00168071898945
954 0.00151489610897
955 0.0013605220451
956 0.00120819749573
957 0.00106281562181
958 0.000906626506735
959 0.000762309544075
960 0.000636564733225
961 0.000512098984295
962 0.000411375280724
963 0.000312618320176
964 0.000232147213093
965 0.000162565696268
966 0.000107198605524
967 7.58959646197e-05
968 7.95482921371e-05
969 0.000126438059262
970 0.000198475056728
971 0.000246532047376
972 0.000239296754308
973 0.000184603164692
974 0.000110888821545
975 4.00335754368e-05
976 -1.53641674233e-05
977 -5.46192801093e-05
978 -8.01706456535e-05
979 -9.5043252375e-05
980 -0.000102092213857
981 -0.000105587298871
982 -0.000105856069769
983 -0.000102887444063
984 -9.90070365181e-05
985 -9.46435575868e-05
986 -9.02246299084e-05
987 -8.56392030496e-05
988 -8.13623993267e-05
989 -7.67589613086e-05
990 -7.25430300733e-05
991 -6.84707776144e-05
992 -6.4535913705e-05
993 -6.06437389415e-05
994 -5.69453789949e-05
995 -5.35172997795e-05
996 -5.06755434312e-05
997 -4.80747596857e-05
998 -4.57570959026e-05
999 -4.359590495e-05
1000 0.00149836516437
1001 0.00141917152704
1002 0.00130885489817
1003 0.00125978737678
1004 0.00114026195471
1005 0.00102860089532
1006 0.000917250341056
1007 0.000809098315376
1008 0.00069169823831
1009 0.000582092126909
1010 0.000485040563188
1011 0.000388048503135
1012 0.000308020613578
1013 0.000229753075455
1014 0.000165322461984
1015 0.000112083341888
1016 7.62288051844e-05
1017 7.04807632791e-05
1018 0.000103076228414
1019 0.000167149769891
1020 0.000230697603168
1021 0.000250369330819
1022 0.000215763837989
1023 0.000148904135494
1024 7.61680482157e-05
1025 1.29543471571e-05
1026 -3.38956551997e-05
1027 -6.60640681079e-05
1028 -8.65852615471e-05
1029 -9.80491211969e-05
1030 -0.000102809204601
1031 -0.000104897246923
1032 -0.000104290051081
1033 -0.000100836893696
1034 -9.67322926032e-05
1035 -9.22840919284e-05
1036 -8.78790501425e-05
1037 -8.34387767551e-05
1038 -7.93633473307e-05
1039 -7.49082577591e-05
1040 -7.08353235501e-05
1041 -6.69019364639e-05
1042 -6.31107682537e-05
1043 -5.93411843381e-05
1044 -5.57706808924e-05
1045 -5.24633897573e-05
1046 -4.97367657449e-05
1047 -4.72314339864e-05
1048 -4.49690431693e-05
1049 -4.28237989026e-05
1050 0.00110788801697
1051 0.00104972624663
1052 0.000971505322663
1053 0.000937264932294
1054 0.000851625904113
1055 0.000770421342961
1056 0.000689262992755
1057 0.00060926200128
1058 0.000521234196236
1059 0.000437974426669
1060 0.000362923409831
1061 0.000287249928726
1062 0.000223673436694
1063 0.000161939603011
1064 0.000112536627833
1065 7.72527575103e-05
1066 6.56090972303e-05
1067 8.91835213856e-05
1068 0.000145101904634
1069 0.000209967485712
1070 0.000249173209849
1071 0.000236690423997
1072 0.000181147893654
1073 0.000109747420331
1074 4.24237360067e-05
1075 -1.18632964592e-05
1076 -5.02388078599e-05
1077 -7.58686624142e-05
1078 -9.18202418783e-05
1079 -0.000100212160654
1080 -0.000102943372442
1081 -0.000103797156676
1082 -0.000102399059378
1083 -9.85824855102e-05
1084 -9.4374359339e-05
1085 -8.99278573754e-05
1086 -8.56002674461e-05
1087 -8.13311486144e-05
1088 -7.73283333793e-05
1089 -7.30564090606e-05
1090 -6.91149987591e-05
1091 -6.53276206349e-05
1092 -6.16759163157e-05
1093 -5.80362173343e-05
1094 -5.45927586712e-05
1095 -5.1422449896e-05
1096 -4.88022973297e-05
1097 -4.64042593074e-05
1098 -4.41802964849e-05
1099 -4.2059463459e-05
1100 0.000813986379537
1101 0.000772239336206
1102 0.000716867263954
1103 0.000692742941106
1104 0.000631013257362
1105 0.000571988630266
1106 0.000512283985151
1107 0.000452796470294
1108 0.000386229236276
1109 0.000322675050464
1110 0.000264164523491
1111 0.000205037342924
1112 0.000154785045133
1113 0.00010840638636
1114 7.60343674896e-05
1115 6.35886919872e-05
1116 8.11164042467e-05
1117 0.000131290857187
1118 0.00019475949323
1119 0.000240861172978
1120 0.000246385633894
1121 0.000206004763288
1122 0.000139217719508
1123 7.00806269254e-05
1124 1.11495564454e-05
1125 -3.37561259663e-05
1126 -6.41075787657e-05
1127 -8.38523491251e-05
1128 -9.57962794184e-05
1129 -0.000101499222864
1130 -0.000102492839589
1131 -0.000102311045075
1132 -0.00010036091168
1133 -9.63343766228e-05
1134 -9.19399310231e-05
1135 -8.75204926053e-05
1136 -8.33026397563e-05
1137 -7.9193413331e-05
1138 -7.53588563559e-05
1139 -7.12112031843e-05
1140 -6.74159012547e-05
1141 -6.37557100761e-05
1142 -6.02423720853e-05
1143 -5.67134629922e-05
1144 -5.33783158363e-05
1145 -5.03481105451e-05
1146 -4.78227919283e-05
1147 -4.55063903029e-05
1148 -4.3318504469e-05
1149 -4.12521671084e-05
1150 0.000595213914597
1151 0.000564521179239
1152 0.00052544386915
1153 0.000507544818632
1154 0.000462908507637
1155 0.000419450987927
1156 0.000374983728771
1157 0.000329865893926
1158 0.000279006682634
1159 0.000230096660226
1160 0.000184091189668
1161 0.000138526869947
1162 0.000101524437849
1163 7.24388151797e-05
1164 6.23406721709e-05
1165 7.8409745368e-05
1166 0.00012372775559
1167 0.000185994803751
1168 0.000235124543204
1169 0.000248616465137
1170 0.000221362571152
1171 0.000163234659445
1172 9.4568999286e-05
1173 3.26852580118e-05
1174 -1.64767991214e-05
1175 -5.22066794688e-05
1176 -7.53568030989e-05
1177 -8.99718023988e-05
1178 -9.84728623313e-05
1179 -0.000101899771629
1180 -0.00010142673034
1181 -0.000100407689341
1182 -9.79924913905e-05
1183 -9.37099808866e-05
1184 -8.92693617113e-05
1185 -8.49550721065e-05
1186 -8.09279468636e-05
1187 -7.69919522606e-05
1188 -7.33051399717e-05
1189 -6.93470600628e-05
1190 -6.56747923285e-05
1191 -6.21494658888e-05
1192 -5.87734987858e-05
1193 -5.53741626078e-05
1194 -5.21787962903e-05
1195 -4.92631719975e-05
1196 -4.68484669039e-05
1197 -4.45983341577e-05
1198 -4.24635561771e-05
1199 -4.04334329038e-05
1200 0.000429357505576
1201 0.000407605898507
1202 0.000379992931181
1203 0.000366016567152
1204 0.000333413691112
1205 0.000301022340284
1206 0.000267179863162
1207 0.000232430774168
1208 0.000193240628374
1209 0.000155573537408
1210 0.000120618119398
1211 8.90102034128e-05
1212 6.84185454939e-05
1213 6.19351731712e-05
1214 8.01297545622e-05
1215 0.000123749361679
1216 0.000182424404486
1217 0.000233545482776
1218 0.000250695970333
1219 0.00022951100753
1220 0.000179164924619
1221 0.000114795074564
1222 5.14345654602e-05
1223 -5.45202887602e-07
1224 -3.97878832951e-05
1225 -6.713888268e-05
1226 -8.40471876794e-05
1227 -9.43562484357e-05
1228 -9.99901705148e-05
1229 -0.00010152852721
1230 -9.9897905207e-05
1231 -9.82359248688e-05
1232 -9.54576344133e-05
1233 -9.10122411789e-05
1234 -8.66058216474e-05
1235 -8.24750129123e-05
1236 -7.86287397048e-05
1237 -7.48589420316e-05
1238 -7.13611583485e-05
1239 -6.7520469078e-05
1240 -6.39730304249e-05
1241 -6.05844630252e-05
1242 -5.73055177928e-05
1243 -5.40276749268e-05
1244 -5.09568138802e-05
1245 -4.81624539123e-05
1246 -4.58394977316e-05
1247 -4.362107446e-05
1248 -4.15431232424e-05
1249 -3.95891743285e-05
1250 0.000301974083413
1251 0.000286919241388
1252 0.00026759559241
1253 0.000256305431803
1254 0.0002322120624
1255 0.000207807313536
1256 0.000181607906849
1257 0.000154712487129
1258 0.000125391885731
1259 9.8732920032e-05
1260 7.69195756461e-05
1261 6.30373778064e-05
1262 6.56283871518e-05
1263 8.65195255065e-05
1264 0.000130819198377
1265 0.000186529897561
1266 0.000233783286529
1267 0.000253705447677
1268 0.000234862272426
1269 0.000188379429469
1270 0.00012803038075
1271 6.65797824328e-05
1272 1.27667661272e-05
1273 -2.85536792894e-05
1274 -5.84978743983e-05
1275 -7.86093255659e-05
1276 -9.03189853809e-05
1277 -9.7103824318e-05
1278 -0.000100428533016
1279 -0.000100447270041
1280 -9.79574020535e-05
1281 -9.57748887611e-05
1282 -9.27000631533e-05
1283 -8.82311237352e-05
1284 -8.39676635702e-05
1285 -8.00629434613e-05
1286 -7.6403003319e-05
1287 -7.27936435332e-05
1288 -6.93673683757e-05
1289 -6.56244404786e-05
1290 -6.22293973702e-05
1291 -5.89752676045e-05
1292 -5.57906184307e-05
1293 -5.26497786858e-05
1294 -4.97092866657e-05
1295 -4.70336465663e-05
1296 -4.47912536041e-05
1297 -4.26503771952e-05
1298 -4.06326719906e-05
1299 -3.87377390746e-05
1300 0.000202821054065
1301 0.000192872218856
1302 0.000179612939538
1303 0.000170255840939
1304 0.000152610383789
1305 0.000134398845408
1306 0.000115019062356
1307 9.63910999291e-05
1308 7.83487441038e-05
1309 6.57049375457e-05
1310 6.29371227452e-05
1311 7.27515473319e-05
1312 0.000102442567151
1313 0.000144736994523
1314 0.000196954219703
1315 0.000238807494004
1316 0.000254282142617
1317 0.000238346809935
1318 0.000193036169254
1319 0.000135359990704
1320 7.59978558612e-05
1321 2.31145779634e-05
1322 -1.97330908016e-05
1323 -5.09772413751e-05
1324 -7.28443236629e-05
1325 -8.69815893974e-05
1326 -9.45689623784e-05
1327 -9.84959331309e-05
1328 -9.99919709111e-05
1329 -9.88379700854e-05
1330 -9.56611256408e-05
1331 -9.31124571274e-05
1332 -8.99073425292e-05
1333 -8.55163138992e-05
1334 -8.14629812822e-05
1335 -7.77375536038e-05
1336 -7.42155778392e-05
1337 -7.07235374922e-05
1338 -6.74229550099e-05
1339 -6.38189284363e-05
1340 -6.05610949443e-05
1341 -5.74054556619e-05
1342 -5.4308405029e-05
1343 -5.12941560337e-05
1344 -4.84566939968e-05
1345 -4.58752207474e-05
1346 -4.36968171131e-05
1347 -4.16227149825e-05
1348 -3.9671314301e-05
1349 -3.78106176879e-05
1350 0.000126527566807
1351 0.000120469518928
1352 0.000111858349545
1353 0.000104983448364
1354 9.35012260884e-05
1355 8.22278637449e-05
1356 7.18546749918e-05
1357 6.48983424052e-05
1358 6.28086835023e-05
1359 6.99789383221e-05
1360 9.17808390878e-05
1361 0.000124300651339
1362 0.000170792421581
1363 0.000212639585288
1364 0.000246321702044
1365 0.000255325522121
1366 0.000235369218654
1367 0.000193489649405
1368 0.00013708461424
1369 8.03738038117e-05
1370 2.89084198998e-05
1371 -1.32375060629e-05
1372 -4.54127082739e-05
1373 -6.78543319942e-05
1374 -8.31175477524e-05
1375 -9.2499166271e-05
1376 -9.68343908508e-05
1377 -9.85900728599e-05
1378 -9.87067353628e-05
1379 -9.6667497907e-05
1380 -9.30077843694e-05
1381 -9.02581826106e-05
1382 -8.70423968861e-05
1383 -8.27967871185e-05
1384 -7.89734290575e-05
1385 -7.54575377369e-05
1386 -7.20353928023e-05
1387 -6.86447906178e-05
1388 -6.54247295732e-05
1389 -6.19627718908e-05
1390 -5.88251423544e-05
1391 -5.57580062569e-05
1392 -5.27889807084e-05
1393 -4.99115671033e-05
1394 -4.71891663592e-05
1395 -4.47128035928e-05
1396 -4.2629477321e-05
1397 -4.06344156792e-05
1398 -3.87319449283e-05
1399 -3.68946562543e-05
1400 7.74605011466e-05
1401 7.42851250829e-05
1402 6.93407746683e-05
1403 6.7409018958e-05
1404 6.3461048036e-05
1405 6.20932021329e-05
1406 6.56082901557e-05
1407 7.57768741285e-05
1408 9.34672663357e-05
1409 0.000120680589425
1410 0.00015999975024
1411 0.000198059910304
1412 0.000236331403859
1413 0.000253273393227
1414 0.00025308893377
1415 0.000228992148079
1416 0.000185706228446
1417 0.000133738931731
1418 7.91779299551e-05
1419 3.07290350311e-05
1420 -1.01745567785e-05
1421 -4.1797681436e-05
1422 -6.46781124835e-05
1423 -8.00114938323e-05
1424 -9.00626529576e-05
1425 -9.5832116999e-05
1426 -9.769591257e-05
1427 -9.77456771945e-05
1428 -9.67397621546e-05
1429 -9.40997899225e-05
1430 -9.02000678833e-05
1431 -8.73526894432e-05
1432 -8.42267143035e-05
1433 -8.01606811606e-05
1434 -7.65585213702e-05
1435 -7.31715505356e-05
1436 -6.98449591402e-05
1437 -6.65646288282e-05
1438 -6.34832020053e-05
1439 -6.01785981964e-05
1440 -5.71165136854e-05
1441 -5.4122472054e-05
1442 -5.12896833856e-05
1443 -4.85301226005e-05
1444 -4.59000433078e-05
1445 -4.35185382679e-05
1446 -4.15090739286e-05
1447 -3.95995978453e-05
1448 -3.77428701539e-05
1449 -3.59564982542e-05
1450 7.2037071679e-05
1451 7.01970035936e-05
1452 6.78504087926e-05
1453 7.46457213118e-05
1454 8.00181364816e-05
1455 9.07474644093e-05
1456 0.000110177574949
1457 0.000136070682552
1458 0.000165488591795
1459 0.000197828569012
1460 0.000231888947987
1461 0.000251160208433
1462 0.00026059719664
1463 0.000244988838016
1464 0.000215821857945
1465 0.000172877826498
1466 0.000122722571051
1467 7.31876111623e-05
1468 2.76872496431e-05
1469 -9.95364143963e-06
1470 -4.0431758009e-05
1471 -6.28754965162e-05
1472 -7.82692569233e-05
1473 -8.80832225853e-05
1474 -9.42534558342e-05
1475 -9.7260497277e-05
1476 -9.72421400929e-05
1477 -9.60611058049e-05
1478 -9.42996263299e-05
1479 -9.12997858041e-05
1480 -8.7286722965e-05
1481 -8.44436084476e-05
1482 -8.1482279899e-05
1483 -7.76140086624e-05
1484 -7.41528602612e-05
1485 -7.08875657475e-05
1486 -6.76349560387e-05
1487 -6.44963707983e-05
1488 -6.1539456496e-05
1489 -5.83452333416e-05
1490 -5.5341318299e-05
1491 -5.2461432265e-05
1492 -4.97435885857e-05
1493 -4.71024525489e-05
1494 -4.45909708722e-05
1495 -4.23367865651e-05
1496 -4.04135724628e-05
1497 -3.85599900353e-05
1498 -3.6754711434e-05
1499 -3.50222500974e-05
1500 0.000125693518104
1501 0.000122302083609
1502 0.000120527270508
1503 0.000135984969477
1504 0.000147292640738
1505 0.000164395401587
1506 0.000189596324692
1507 0.000216023621067
1508 0.000237154869382
1509 0.000253040638627
1510 0.000261769879165
1511 0.000251841905546
1512 0.00023223817324
1513 0.000195039157308
1514 0.000152861746497
1515 0.000106693275325
1516 6.11984699871e-05
1517 2.06716166779e-05
1518 -1.36966962535e-05
1519 -4.08511868749e-05
1520 -6.2351589237e-05
1521 -7.74791849859e-05
1522 -8.7188129214e-05
1523 -9.29316423577e-05
1524 -9.6168641482e-05
1525 -9.70970302903e-05
1526 -9.57347980148e-05
1527 -9.37380379713e-05
1528 -9.15396798583e-05
1529 -8.83716147278e-05
1530 -8.43689281291e-05
1531 -8.16677182972e-05
1532 -7.88709428455e-05
1533 -7.51759220999e-05
1534 -7.18126915779e-05
1535 -6.86176912742e-05
1536 -6.55016159016e-05
1537 -6.24409360049e-05
1538 -5.96006903061e-05
1539 -5.64727114996e-05
1540 -5.35638261304e-05
1541 -5.08111682219e-05
1542 -4.819954446e-05
1543 -4.56839824805e-05
1544 -4.33109964985e-05
1545 -4.11437903658e-05
1546 -3.92656861951e-05
1547 -3.74792784791e-05
1548 -3.57447367005e-05
1549 -3.40829859464e-05
1550 0.000214601467071
1551 0.000207099621122
1552 0.000203054072498
1553 0.000219061506344
1554 0.000226323216217
1555 0.000236856304585
1556 0.000250817405517
1557 0.00026056518783
1558 0.000259581649949
1559 0.00025085823211
1560 0.000233659193735
1561 0.000203355869646
1562 0.000168790159434
1563 0.000126507798646
1564 8.50556140155e-05
1565 4.53584881626e-05
1566 9.61644586064e-06
1567 -2.04337859504e-05
1568 -4.44511038851e-05
1569 -6.28314290266e-05
1570 -7.72698408781e-05
1571 -8.69196086218e-05
1572 -9.24963817712e-05
1573 -9.52392378944e-05
1574 -9.63432584478e-05
1575 -9.57973368682e-05
1576 -9.35699829376e-05
1577 -9.10299824124e-05
1578 -8.860769141e-05
1579 -8.53641267897e-05
1580 -8.14820203764e-05
1581 -7.8920737884e-05
1582 -7.62841336286e-05
1583 -7.27021975808e-05
1584 -6.95096186327e-05
1585 -6.64344344057e-05
1586 -6.33622333978e-05
1587 -6.04259691867e-05
1588 -5.76765644435e-05
1589 -5.46161734164e-05
1590 -5.17928477167e-05
1591 -4.91366538808e-05
1592 -4.66381931154e-05
1593 -4.42767930991e-05
1594 -4.20227589615e-05
1595 -3.99300553705e-05
1596 -3.8118629721e-05
1597 -3.64015298931e-05
1598 -3.47554775569e-05
1599 -3.31903583545e-05
1600 0.000273471949033
1601 0.000262903522028
1602 0.000254368694719
1603 0.000262076148832
1604 0.000258390900214
1605 0.000255045852393
1606 0.000250857761456
1607 0.000241209436567
1608 0.000221885932276
1609 0.000197253053041
1610 0.000167382584729
1611 0.000131924436193
1612 9.63370305283e-05
1613 5.97876542154e-05
1614 2.60769919807e-05
1615 -3.89480824006e-06
1616 -2.94239970245e-05
1617 -5.0125530679e-05
1618 -6.57584153428e-05
1619 -7.74573313893e-05
1620 -8.67026687541e-05
1621 -9.23838270085e-05
1622 -9.49413069295e-05
1623 -9.54890137877e-05
1624 -9.51261694923e-05
1625 -9.36456935557e-05
1626 -9.08957840141e-05
1627 -8.81017499235e-05
1628 -8.55918662215e-05
1629 -8.2410737113e-05
1630 -7.86948617811e-05
1631 -7.62853786523e-05
1632 -7.37406926176e-05
1633 -7.02629791104e-05
1634 -6.71433997152e-05
1635 -6.41503183606e-05
1636 -6.11908699095e-05
1637 -5.83568881532e-05
1638 -5.56569960443e-05
1639 -5.26784224404e-05
1640 -4.99705957915e-05
1641 -4.74463695606e-05
1642 -4.51105012146e-05
1643 -4.28993524205e-05
1644 -4.07364175176e-05
1645 -3.87169655259e-05
1646 -3.70025752831e-05
1647 -3.53965541572e-05
1648 -3.38146152145e-05
1649 -3.23105202897e-05
1650 0.00026007540269
1651 0.000249309137935
1652 0.000238402516867
1653 0.00023658563744
1654 0.000224522367466
1655 0.000211092683327
1656 0.000195279555647
1657 0.000175576217234
1658 0.000149997127839
1659 0.000122309628732
1660 9.22986199253e-05
1661 6.1651043214e-05
1662 3.24068604937e-05
1663 5.41209912314e-06
1664 -1.9050296106e-05
1665 -3.97546308164e-05
1666 -5.6678949378e-05
1667 -7.00610090761e-05
1668 -7.95039617326e-05
1669 -8.64013374008e-05
1670 -9.19549747875e-05
1671 -9.47876019821e-05
1672 -9.52548574104e-05
1673 -9.44119429656e-05
1674 -9.30892549182e-05
1675 -9.10431783562e-05
1676 -8.80377777165e-05
1677 -8.51158476306e-05
1678 -8.26325440012e-05
1679 -7.95895608317e-05
1680 -7.60407153691e-05
1681 -7.37039370038e-05
1682 -7.12299527897e-05
1683 -6.78552153572e-05
1684 -6.48212040149e-05
1685 -6.19283789543e-05
1686 -5.90684496547e-05
1687 -5.63075854668e-05
1688 -5.36498091527e-05
1689 -5.08016177858e-05
1690 -4.82143084139e-05
1691 -4.58388139185e-05
1692 -4.36537226637e-05
1693 -4.15476406177e-05
1694 -3.94358123598e-05
1695 -3.75164454258e-05
1696 -3.59009033665e-05
1697 -3.43750079772e-05
1698 -3.28852417863e-05
1699 -3.14591849837e-05
1700 0.000190162161544
1701 0.000182149232464
1702 0.000172556260146
1703 0.000165586496232
1704 0.000151754171067
1705 0.000136098231539
1706 0.00011788187632
1707 9.7593853245e-05
1708 7.47102336723e-05
1709 5.14230961184e-05
1710 2.73907290428e-05
1711 4.94016939303e-06
1712 -1.63235810067e-05
1713 -3.42014885232e-05
1714 -5.05709389705e-05
1715 -6.38961716917e-05
1716 -7.43728476799e-05
1717 -8.24268416011e-05
1718 -8.75047830898e-05
1719 -9.10396927706e-05
1720 -9.39555849398e-05
1721 -9.48744989587e-05
1722 -9.39862866954e-05
1723 -9.22576754242e-05
1724 -9.03895538056e-05
1725 -8.80464557581e-05
1726 -8.49741119365e-05
1727 -8.20403816749e-05
1728 -7.96505438444e-05
1729 -7.67588670558e-05
1730 -7.33599444278e-05
1731 -7.11117954361e-05
1732 -6.8743179329e-05
1733 -6.54638975077e-05
1734 -6.24939292783e-05
1735 -5.96836648569e-05
1736 -5.69226334353e-05
1737 -5.42198153925e-05
1738 -5.1645792879e-05
1739 -4.89155111566e-05
1740 -4.64717620949e-05
1741 -4.42675789244e-05
1742 -4.22020968118e-05
1743 -4.01834197572e-05
1744 -3.81687400204e-05
1745 -3.63688699376e-05
1746 -3.48350003047e-05
1747 -3.3396147427e-05
1748 -3.19742898688e-05
1749 -3.06039021567e-05
1750 0.00010439340402
1751 9.99447962652e-05
1752 9.36209045155e-05
1753 8.56539745006e-05
1754 7.44037348268e-05
1755 6.14262220089e-05
1756 4.60659082902e-05
1757 2.97420355531e-05
1758 1.28428767247e-05
1759 -3.91409306367e-06
1760 -2.10113842583e-05
1761 -3.56758717384e-05
1762 -4.99748852659e-05
1763 -6.0652277412e-05
1764 -7.09100871263e-05
1765 -7.89128821045e-05
1766 -8.48331088214e-05
1767 -8.92761080168e-05
1768 -9.14010676333e-05
1769 -9.26983034254e-05
1770 -9.3868883917e-05
1771 -9.36273133952e-05
1772 -9.18994206335e-05
1773 -8.96846220276e-05
1774 -8.75162864827e-05
1775 -8.50516391338e-05
1776 -8.19697071468e-05
1777 -7.91113862035e-05
1778 -7.684001814e-05
1779 -7.40902738414e-05
1780 -7.08018571026e-05
1781 -6.86099847858e-05
1782 -6.62683134253e-05
1783 -6.30414392896e-05
1784 -6.01778468645e-05
1785 -5.74660721199e-05
1786 -5.47096192701e-05
1787 -5.20581487179e-05
1788 -4.95955992621e-05
1789 -4.70131465588e-05
1790 -4.47466365526e-05
1791 -4.26837187279e-05
1792 -4.07067849745e-05
1793 -3.87846680027e-05
1794 -3.68994207665e-05
1795 -3.52251529801e-05
1796 -3.37964831961e-05
1797 -3.24673348444e-05
1798 -3.11326792639e-05
1799 -2.9813459557e-05
1800 3.01045270659e-05
1801 2.87714234446e-05
1802 2.58076122166e-05
1803 1.87662673122e-05
1804 1.12976703271e-05
1805 2.27863588917e-06
1806 -8.87573126243e-06
1807 -2.05166952866e-05
1808 -3.16021367296e-05
1809 -4.2487092598e-05
1810 -5.37261152257e-05
1811 -6.23606810908e-05
1812 -7.14312345584e-05
1813 -7.69772655507e-05
1814 -8.29908682037e-05
1815 -8.73470177543e-05
1816 -9.02190799413e-05
1817 -9.22135672646e-05
1818 -9.24346366209e-05
1819 -9.22900564828e-05
1820 -9.23404767501e-05
1821 -9.13315908702e-05
1822 -8.91691491609e-05
1823 -8.67084518151e-05
1824 -8.44159170151e-05
1825 -8.19217694063e-05
1826 -7.89500819307e-05
1827 -7.62325152026e-05
1828 -7.40721676214e-05
1829 -7.14014601671e-05
1830 -6.81882846928e-05
1831 -6.60325573238e-05
1832 -6.37165174551e-05
1833 -6.06024164257e-05
1834 -5.78683003392e-05
1835 -5.52227261195e-05
1836 -5.24876487927e-05
1837 -4.99467089905e-05
1838 -4.76228740713e-05
1839 -4.52258184977e-05
1840 -4.30990665835e-05
1841 -4.11403016568e-05
1842 -3.92587619078e-05
1843 -3.74798282686e-05
1844 -3.57209508411e-05
1845 -3.4155922317e-05
1846 -3.28230630741e-05
1847 -3.15698302272e-05
1848 -3.02893548929e-05
1849 -2.89981338575e-05
1850 -2.37819721271e-05
1851 -2.3040494843e-05
1852 -2.31875427035e-05
1853 -2.89002386952e-05
1854 -3.29973079002e-05
1855 -3.85556594341e-05
1856 -4.59690321748e-05
1857 -5.36977879627e-05
1858 -6.02725634656e-05
1859 -6.6787054882e-05
1860 -7.37530309617e-05
1861 -7.82712057842e-05
1862 -8.37463647744e-05
1863 -8.59839579288e-05
1864 -8.92227224016e-05
1865 -9.12041540945e-05
1866 -9.2122265401e-05
1867 -9.25394443099e-05
1868 -9.15737112267e-05
1869 -9.0580561967e-05
1870 -8.99666993524e-05
1871 -8.85344209454e-05
1872 -8.61794063633e-05
1873 -8.35918310958e-05
1874 -8.12716217641e-05
1875 -7.8844385443e-05
1876 -7.60249904715e-05
1877 -7.34122401629e-05
1878 -7.13164789529e-05
1879 -6.87032656465e-05
1880 -6.55668017443e-05
1881 -6.34337152508e-05
1882 -6.11867696387e-05
1883 -5.81848081923e-05
1884 -5.54799565253e-05
1885 -5.28567332533e-05
1886 -5.02186749945e-05
1887 -4.78560777207e-05
1888 -4.57017300406e-05
1889 -4.34715324937e-05
1890 -4.14668607187e-05
1891 -3.96217185112e-05
1892 -3.78670635591e-05
1893 -3.62233212128e-05
1894 -3.45827018855e-05
1895 -3.31346092264e-05
1896 -3.19020899151e-05
1897 -3.07153089021e-05
1898 -2.94735649219e-05
1899 -2.81922423901e-05
1900 -5.8694259578e-05
1901 -5.6593816216e-05
1902 -5.48764900458e-05
1903 -5.93558264575e-05
1904 -6.10703844629e-05
1905 -6.40970841487e-05
1906 -6.88061346678e-05
1907 -7.37386792063e-05
1908 -7.72320143105e-05
1909 -8.0847721081e-05
1910 -8.49612384308e-05
1911 -8.68308850912e-05
1912 -8.99468094429e-05
1913 -9.00293724167e-05
1914 -9.14679304162e-05
1915 -9.19383790473e-05
1916 -9.16399347414e-05
1917 -9.11064329685e-05
1918 -8.94668225102e-05
1919 -8.80068230153e-05
1920 -8.70311011609e-05
1921 -8.53824020818e-05
1922 -8.29322422925e-05
1923 -8.03458671098e-05
1924 -7.81486811841e-05
1925 -7.58612996976e-05
1926 -7.32105908895e-05
1927 -7.06656068077e-05
1928 -6.86066353093e-05
1929 -6.60298295024e-05
1930 -6.29539802352e-05
1931 -6.08621340882e-05
1932 -5.86796821234e-05
1933 -5.5725579747e-05
1934 -5.30510150695e-05
1935 -5.05155749113e-05
1936 -4.80301393322e-05
1937 -4.58287351746e-05
1938 -4.38350665552e-05
1939 -4.17448936639e-05
1940 -3.98584984904e-05
1941 -3.81499572823e-05
1942 -3.65352012272e-05
1943 -3.50263335304e-05
1944 -3.35043198761e-05
1945 -3.21719120902e-05
1946 -3.10142622058e-05
1947 -2.98764261931e-05
1948 -2.86307289257e-05
1949 -2.73728538355e-05
1950 -7.92328199508e-05
1951 -7.62529640729e-05
1952 -7.35146629343e-05
1953 -7.70691013471e-05
1954 -7.72427562697e-05
1955 -7.86468271823e-05
1956 -8.15502355158e-05
1957 -8.46166418756e-05
1958 -8.61647499521e-05
1959 -8.79617458393e-05
1960 -9.02103412151e-05
1961 -9.04135317602e-05
1962 -9.20410252498e-05
1963 -9.08213025319e-05
1964 -9.11609508616e-05
1965 -9.07497346176e-05
1966 -8.97569982475e-05
1967 -8.86904993954e-05
1968 -8.67551682498e-05
1969 -8.50427858869e-05
1970 -8.38582939686e-05
1971 -8.21340633084e-05
1972 -7.97135305657e-05
1973 -7.72508787357e-05
1974 -7.51600779297e-05
1975 -7.29403798381e-05
1976 -7.03595257574e-05
1977 -6.78296846154e-05
1978 -6.57916103862e-05
1979 -6.32610616194e-05
1980 -6.02743055315e-05
1981 -5.82376087588e-05
1982 -5.60672101834e-05
1983 -5.31606485622e-05
1984 -5.05950375153e-05
1985 -4.8263331688e-05
1986 -4.59475990111e-05
1987 -4.3900977072e-05
1988 -4.20452271969e-05
1989 -4.00847012773e-05
1990 -3.83332040326e-05
1991 -3.67759461692e-05
1992 -3.53020413802e-05
1993 -3.39095911662e-05
1994 -3.24970750388e-05
1995 -3.12533954951e-05
1996 -3.01385558832e-05
1997 -2.90059563514e-05
1998 -2.77699849785e-05
1999 -2.65227888348e-05
2000 -9.00210297371e-05
2001 -8.66497149168e-05
2002 -8.33494664868e-05
2003 -8.62780087324e-05
2004 -8.55224643879e-05
2005 -8.59327572541e-05
2006 -8.76512931651e-05
2007 -8.95444277653e-05
2008 -8.98711805084e-05
2009 -9.05496144115e-05
2010 -9.16655419385e-05
2011 -9.08743538315e-05
2012 -9.16097365649e-05
2013 -8.97048047103e-05
2014 -8.94059569365e-05
2015 -8.84623026695e-05
2016 -8.70926014179e-05
2017 -8.57273824797e-05
2018 -8.36170085652e-05
2019 -8.17998382211e-05
2020 -8.05498046441e-05
2021 -7.88940397552e-05
2022 -7.65802243882e-05
2023 -7.42292834106e-05
2024 -7.22269788934e-05
2025 -7.00418913837e-05
2026 -6.75082928473e-05
2027 -6.50030021663e-05
2028 -6.29875862369e-05
2029 -6.05265291878e-05
2030 -5.76230922166e-05
2031 -5.559404454e-05
2032 -5.34469241066e-05
2033 -5.06698605416e-05
2034 -4.82955233501e-05
2035 -4.60976397774e-05
2036 -4.39129083122e-05
2037 -4.20418232369e-05
2038 -4.03365655923e-05
2039 -3.85238950197e-05
2040 -3.69267599368e-05
2041 -3.55125519112e-05
2042 -3.41638691601e-05
2043 -3.28793029825e-05
2044 -3.1571982195e-05
2045 -3.03930352077e-05
2046 -2.92810200431e-05
2047 -2.81330223399e-05
2048 -2.69054001633e-05
2049 -2.5650372706e-05
2050 -9.46865755546e-05
2051 -9.1160637354e-05
2052 -8.76125940938e-05
2053 -9.0139322171e-05
2054 -8.8846410575e-05
2055 -8.86525400378e-05
2056 -8.96206435184e-05
2057 -9.07961938099e-05
2058 -9.04164146383e-05
2059 -9.04296152366e-05
2060 -9.08364902598e-05
2061 -8.94899966556e-05
2062 -8.96782189852e-05
2063 -8.73754946135e-05
2064 -8.67237440304e-05
2065 -8.55140953432e-05
2066 -8.39410298807e-05
2067 -8.24485367942e-05
2068 -8.03075535865e-05
2069 -7.85266264066e-05
2070 -7.73082534808e-05
2071 -7.57445225781e-05
2072 -7.35208561119e-05
2073 -7.12380468642e-05
2074 -6.92499852426e-05
2075 -6.70981936034e-05
2076 -6.46037718795e-05
2077 -6.21046048037e-05
2078 -6.01228203982e-05
2079 -5.77241512746e-05
2080 -5.48708067058e-05
2081 -5.28753578453e-05
2082 -5.08222644152e-05
2083 -4.82200937718e-05
2084 -4.59895571456e-05
2085 -4.39484466829e-05
2086 -4.19464789778e-05
2087 -4.02382727229e-05
2088 -3.8666467536e-05
2089 -3.702951239e-05
2090 -3.55808369037e-05
2091 -3.43155774791e-05
2092 -3.30777155366e-05
2093 -3.191652905e-05
2094 -3.0664411338e-05
2095 -2.95084667703e-05
2096 -2.83860709063e-05
2097 -2.72428009108e-05
2098 -2.60323548246e-05
2099 -2.47696439276e-05
2100 -9.54702858796e-05
2101 -9.19593296875e-05
2102 -8.83007763717e-05
2103 -9.05156103839e-05
2104 -8.89453791342e-05
2105 -8.84385638476e-05
2106 -8.89238120519e-05
2107 -8.96679189957e-05
2108 -8.89000557434e-05
2109 -8.85293704854e-05
2110 -8.85159719398e-05
2111 -8.69178844159e-05
2112 -8.68073888889e-05
2113 -8.43709284973e-05
2114 -8.35309720576e-05
2115 -8.22194192236e-05
2116 -8.06021214e-05
2117 -7.91083322753e-05
2118 -7.70730187425e-05
2119 -7.53880842861e-05
2120 -7.42053892182e-05
2121 -7.26519569979e-05
2122 -7.04813585556e-05
2123 -6.82283754006e-05
2124 -6.6259325041e-05
2125 -6.41095383251e-05
2126 -6.16536570393e-05
2127 -5.9199953653e-05
2128 -5.72678909824e-05
2129 -5.49050338708e-05
2130 -5.21366426496e-05
2131 -5.02400878853e-05
2132 -4.83167841154e-05
2133 -4.58898920285e-05
2134 -4.38213306095e-05
2135 -4.19691676328e-05
2136 -4.01213551699e-05
2137 -3.85656083804e-05
2138 -3.71379723393e-05
2139 -3.56501937729e-05
2140 -3.43444776986e-05
2141 -3.32003769951e-05
2142 -3.20725719541e-05
2143 -3.09786412319e-05
2144 -2.97560679253e-05
2145 -2.85851688253e-05
2146 -2.74632940394e-05
2147 -2.6333994488e-05
2148 -2.51208054163e-05
2149 -2.38560382538e-05
2150 -9.38313457044e-05
2151 -9.03856363625e-05
2152 -8.68051509549e-05
2153 -8.88124049785e-05
2154 -8.71172742203e-05
2155 -8.64510550095e-05
2156 -8.6671736959e-05
2157 -8.71643339127e-05
2158 -8.61893043551e-05
2159 -8.56795309323e-05
2160 -8.54432849643e-05
2161 -8.37111956866e-05
2162 -8.34457718178e-05
2163 -8.10086018972e-05
2164 -8.01199913519e-05
2165 -7.88065353107e-05
2166 -7.72432295172e-05
2167 -7.58128137837e-05
2168 -7.38827914434e-05
2169 -7.22620553893e-05
2170 -7.10666296977e-05
2171 -6.95192875169e-05
2172 -6.73801809609e-05
2173 -6.5138839304e-05
2174 -6.31597562111e-05
2175 -6.10296235224e-05
2176 -5.86417948239e-05
2177 -5.62496532946e-05
2178 -5.43679465455e-05
2179 -5.2074065918e-05
2180 -4.9453434159e-05
2181 -4.7681158472e-05
2182 -4.5885567787e-05
2183 -4.36498779115e-05
2184 -4.17708594788e-05
2185 -4.00933862123e-05
2186 -3.8402739472e-05
2187 -3.70042941515e-05
2188 -3.5739391874e-05
2189 -3.44164465073e-05
2190 -3.32350413535e-05
2191 -3.21900124304e-05
2192 -3.11268987681e-05
2193 -3.00471074158e-05
2194 -2.88064032675e-05
2195 -2.76355535001e-05
2196 -2.65193725766e-05
2197 -2.53973240474e-05
2198 -2.41755436048e-05
2199 -2.29330980424e-05
2200 -9.09616513033e-05
2201 -8.76357583236e-05
2202 -8.41571344795e-05
2203 -8.60086329532e-05
2204 -8.43157087401e-05
2205 -8.35859681181e-05
2206 -8.36335740228e-05
2207 -8.39640274111e-05
2208 -8.28926602229e-05
2209 -8.2322389536e-05
2210 -8.20083844921e-05
2211 -8.02627612512e-05
2212 -7.99497796752e-05
2213 -7.75757917814e-05
2214 -7.6740185374e-05
2215 -7.5471008113e-05
2216 -7.39798605352e-05
2217 -7.25766049711e-05
2218 -7.070708937e-05
2219 -6.91024875895e-05
2220 -6.78694790346e-05
2221 -6.63185293297e-05
2222 -6.41685568016e-05
2223 -6.19448553807e-05
2224 -6.00040604665e-05
2225 -5.79214050833e-05
2226 -5.56291129877e-05
2227 -5.32876369377e-05
2228 -5.14646141026e-05
2229 -4.92990277956e-05
2230 -4.68491296466e-05
2231 -4.52054004911e-05
2232 -4.35649628668e-05
2233 -4.15398560983e-05
2234 -3.98483056773e-05
2235 -3.83366520101e-05
2236 -3.68115450898e-05
2237 -3.55766971364e-05
2238 -3.44635806585e-05
2239 -3.32768190487e-05
2240 -3.21917109029e-05
2241 -3.12113122462e-05
2242 -3.0182796977e-05
2243 -2.90806835919e-05
2244 -2.78276918111e-05
2245 -2.6668930311e-05
2246 -2.55611968704e-05
2247 -2.44363442143e-05
2248 -2.32419845059e-05
2249 -2.20684688053e-05
2250 -8.7500072513e-05
2251 -8.42116692003e-05
2252 -8.09344176128e-05
2253 -8.26645015415e-05
2254 -8.09886468783e-05
2255 -8.02656927316e-05
2256 -8.02231336507e-05
2257 -8.04636436883e-05
2258 -7.93861558824e-05
2259 -7.88192492337e-05
2260 -7.84833850325e-05
2261 -7.67870707743e-05
2262 -7.64667065772e-05
2263 -7.42076260636e-05
2264 -7.33996551582e-05
2265 -7.21571962367e-05
2266 -7.06695526875e-05
2267 -6.92699830672e-05
2268 -6.74202199657e-05
2269 -6.58217770107e-05
2270 -6.45409302775e-05
2271 -6.29845971491e-05
2272 -6.08631368943e-05
2273 -5.87114183543e-05
2274 -5.68701026271e-05
2275 -5.48491180807e-05
2276 -5.26361987458e-05
2277 -5.0362552657e-05
2278 -4.86318044933e-05
2279 -4.65994994157e-05
2280 -4.43361250308e-05
2281 -4.28596470621e-05
2282 -4.14171161301e-05
2283 -3.96033409893e-05
2284 -3.80730440658e-05
2285 -3.67277490495e-05
2286 -3.53680662384e-05
2287 -3.42889041085e-05
2288 -3.32965112174e-05
2289 -3.22083809396e-05
2290 -3.11923677226e-05
2291 -3.02461400171e-05
2292 -2.91962732572e-05
2293 -2.80748396964e-05
2294 -2.6839370558e-05
2295 -2.57002546411e-05
2296 -2.45935567131e-05
2297 -2.34756750908e-05
2298 -2.23308330546e-05
2299 -2.12360422027e-05
2300 -8.37150954987e-05
2301 -8.05384036627e-05
2302 -7.74575757581e-05
2303 -7.90638217102e-05
2304 -7.74893929223e-05
2305 -7.67925660133e-05
2306 -7.66946653717e-05
2307 -7.69113485844e-05
2308 -7.58623189642e-05
2309 -7.53405917349e-05
2310 -7.49784224199e-05
2311 -7.33422388962e-05
2312 -7.30123475675e-05
2313 -7.08363348673e-05
2314 -7.00173283042e-05
2315 -6.8769089164e-05
2316 -6.73012688712e-05
2317 -6.58844571099e-05
2318 -6.40666811687e-05
2319 -6.24536013067e-05
2320 -6.11647980005e-05
2321 -5.96395444935e-05
2322 -5.75962217764e-05
2323 -5.55208366788e-05
2324 -5.3722549033e-05
2325 -5.17573552071e-05
2326 -4.9648140348e-05
2327 -4.75182990941e-05
2328 -4.5918545208e-05
2329 -4.40794029726e-05
2330 -4.20462670267e-05
2331 -4.07513961799e-05
2332 -3.9482428955e-05
2333 -3.7847177394e-05
2334 -3.64743902041e-05
2335 -3.52946287268e-05
2336 -3.40773340713e-05
2337 -3.31306871794e-05
2338 -3.2235351704e-05
2339 -3.12361665214e-05
2340 -3.0224956309e-05
2341 -2.92552108698e-05
2342 -2.8177958436e-05
2343 -2.70603137925e-05
2344 -2.58418259462e-05
2345 -2.47103952728e-05
2346 -2.36034451136e-05
2347 -2.25269394482e-05
2348 -2.14722371617e-05
2349 -2.04694779278e-05
2350 -7.99535117839e-05
2351 -7.68699859024e-05
2352 -7.39272302134e-05
2353 -7.54768158143e-05
2354 -7.39601021969e-05
2355 -7.33022631873e-05
2356 -7.3177053454e-05
2357 -7.33781940802e-05
2358 -7.2354025297e-05
2359 -7.18616321037e-05
2360 -7.1491705001e-05
2361 -6.98808815696e-05
2362 -6.95145519155e-05
2363 -6.73914841986e-05
2364 -6.65483365583e-05
2365 -6.5292926566e-05
2366 -6.38254694199e-05
2367 -6.24012082385e-05
2368 -6.06176389675e-05
2369 -5.90605934459e-05
2370 -5.78118596817e-05
2371 -5.6335343389e-05
2372 -5.43671223042e-05
2373 -5.23465130323e-05
2374 -5.06028424227e-05
2375 -4.87454445276e-05
2376 -4.67952544197e-05
2377 -4.48227858201e-05
2378 -4.33964422247e-05
2379 -4.17778110687e-05
2380 -3.99550407703e-05
2381 -3.88240646311e-05
2382 -3.77086576235e-05
2383 -3.62611288498e-05
2384 -3.50624335271e-05
2385 -3.40407109719e-05
2386 -3.29613458347e-05
2387 -3.2085761861e-05
2388 -3.12236192742e-05
2389 -3.02245713667e-05
2390 -2.91829455537e-05
2391 -2.81825104906e-05
2392 -2.71147688038e-05
2393 -2.60236252734e-05
2394 -2.48208928472e-05
2395 -2.36995775486e-05
2396 -2.26278390562e-05
2397 -2.16290326217e-05
2398 -2.06731334221e-05
2399 -1.97581205042e-05
2400 -7.62823272274e-05
2401 -7.33264278938e-05
2402 -7.04985668735e-05
2403 -7.19816887976e-05
2404 -7.05466286241e-05
2405 -6.99022883899e-05
2406 -6.972897022e-05
2407 -6.98798030633e-05
2408 -6.88552162588e-05
2409 -6.83463807961e-05
2410 -6.79434009862e-05
2411 -6.63378287099e-05
2412 -6.59267359309e-05
2413 -6.38414565435e-05
2414 -6.29686427919e-05
2415 -6.17182813088e-05
2416 -6.0250285552e-05
2417 -5.88706185307e-05
2418 -5.71859745433e-05
2419 -5.56685705134e-05
2420 -5.44239786189e-05
2421 -5.29670620077e-05
2422 -5.10707992696e-05
2423 -4.9145987022e-05
2424 -4.75317270498e-05
2425 -4.5820577808e-05
2426 -4.40667909646e-05
2427 -4.23057421347e-05
2428 -4.10762746463e-05
2429 -3.96635664994e-05
2430 -3.80494389013e-05
2431 -3.70682402754e-05
2432 -3.61015382235e-05
2433 -3.48316352907e-05
2434 -3.37685120325e-05
2435 -3.2869844775e-05
2436 -3.18608071357e-05
2437 -3.10252781653e-05
2438 -3.01719513886e-05
2439 -2.91665868127e-05
2440 -2.81062484845e-05
2441 -2.71197097521e-05
2442 -2.60739862091e-05
2443 -2.4996495008e-05
2444 -2.38070785556e-05
2445 -2.27279012443e-05
2446 -2.17342790237e-05
2447 -2.08191742473e-05
2448 -1.99436364514e-05
2449 -1.91133376718e-05
2450 -7.24208623749e-05
2451 -6.95807994299e-05
2452 -6.69223303861e-05
2453 -6.83001942132e-05
2454 -6.69249928856e-05
2455 -6.62949216626e-05
2456 -6.60788773194e-05
2457 -6.61847434635e-05
2458 -6.51542872999e-05
2459 -6.46597813888e-05
2460 -6.42001744358e-05
2461 -6.26395320667e-05
2462 -6.21951086421e-05
2463 -6.01975869614e-05
2464 -5.9355291673e-05
2465 -5.81608613357e-05
2466 -5.6763355294e-05
2467 -5.54338333448e-05
2468 -5.38158062764e-05
2469 -5.23545831168e-05
2470 -5.11338407832e-05
2471 -4.97467479311e-05
2472 -4.79726156457e-05
2473 -4.62053137146e-05
2474 -4.47583684468e-05
2475 -4.32341771034e-05
2476 -4.16890211879e-05
2477 -4.01212186696e-05
2478 -3.90537858148e-05
2479 -3.7793779269e-05
2480 -3.63448130539e-05
2481 -3.55118257153e-05
2482 -3.4704816896e-05
2483 -3.35833553128e-05
2484 -3.26057765491e-05
2485 -3.17680619394e-05
2486 -3.07929481112e-05
2487 -2.99628382066e-05
2488 -2.90836735735e-05
2489 -2.8066995819e-05
2490 -2.7014295475e-05
2491 -2.60438543783e-05
2492 -2.50091032087e-05
2493 -2.3935909629e-05
2494 -2.2785153791e-05
2495 -2.17845070327e-05
2496 -2.08770136586e-05
2497 -2.00628198868e-05
2498 -1.92769778326e-05
2499 -1.85243926597e-05
