0 -1.43406430065e-05
1 -1.34777686233e-05
2 -1.32386759989e-05
3 -1.28850338461e-05
4 -1.36857508979e-05
5 -1.30990753239e-05
6 -1.33009632786e-05
7 -1.33719648274e-05
8 -1.32205078906e-05
9 -1.33045315963e-05
10 -1.33706511344e-05
11 -1.34197881186e-05
12 -1.33846020428e-05
13 -1.31491292801e-05
14 -1.32791982325e-05
15 -1.3271380834e-05
16 -1.31092178221e-05
17 -1.31270737801e-05
18 -1.30878166249e-05
19 -1.30036894596e-05
20 -1.31399286363e-05
21 -1.31291346003e-05
22 -1.30567085319e-05
23 -1.29790005613e-05
24 -1.30120244591e-05
25 -1.29991989657e-05
26 -1.28932808506e-05
27 -1.28190126498e-05
28 -1.28568388369e-05
29 -1.28256376227e-05
30 -1.27246643572e-05
31 -1.27292913151e-05
32 -1.27845888019e-05
33 -1.27364958859e-05
34 -1.26784810491e-05
35 -1.26104451721e-05
36 -1.2613605916e-05
37 -1.25910396229e-05
38 -1.26285870142e-05
39 -1.25954270822e-05
40 -1.25501011015e-05
41 -1.2546086492e-05
42 -1.25154147283e-05
43 -1.24581621791e-05
44 -1.24152402754e-05
45 -1.23474006097e-05
46 -1.23400808012e-05
47 -1.23066996176e-05
48 -1.23138934355e-05
49 -1.22855088782e-05
50 -1.37385668462e-05
51 -1.31600276429e-05
52 -1.26711034385e-05
53 -1.29828928213e-05
54 -1.27678440994e-05
55 -1.27006772621e-05
56 -1.28406027654e-05
57 -1.29612735006e-05
58 -1.29535261801e-05
59 -1.28822473933e-05
60 -1.30274421367e-05
61 -1.28969846217e-05
62 -1.30154821353e-05
63 -1.28026871225e-05
64 -1.28261504694e-05
65 -1.2830896745e-05
66 -1.27846853824e-05
67 -1.2844241663e-05
68 -1.27136683411e-05
69 -1.26632064981e-05
70 -1.28101168751e-05
71 -1.28414364542e-05
72 -1.27595575075e-05
73 -1.26793901175e-05
74 -1.26984179806e-05
75 -1.26667568891e-05
76 -1.25686595898e-05
77 -1.25143648934e-05
78 -1.25465934301e-05
79 -1.25183916317e-05
80 -1.24309148952e-05
81 -1.24603176342e-05
82 -1.2497294408e-05
83 -1.24215011106e-05
84 -1.23676186272e-05
85 -1.23182099216e-05
86 -1.23245752176e-05
87 -1.22980910176e-05
88 -1.23105025346e-05
89 -1.22727929499e-05
90 -1.22409027957e-05
91 -1.2227927181e-05
92 -1.21799694077e-05
93 -1.21220969266e-05
94 -1.20749430519e-05
95 -1.20091338231e-05
96 -1.20039347841e-05
97 -1.19733617645e-05
98 -1.1969805413e-05
99 -1.19353182122e-05
100 -1.37433242926e-05
101 -1.31668584778e-05
102 -1.26769948911e-05
103 -1.29890615832e-05
104 -1.27755485022e-05
105 -1.27081049803e-05
106 -1.28484798877e-05
107 -1.29673466783e-05
108 -1.29599286572e-05
109 -1.28898056512e-05
110 -1.30349937904e-05
111 -1.29036549739e-05
112 -1.30206442849e-05
113 -1.28081444824e-05
114 -1.28324141765e-05
115 -1.28373773544e-05
116 -1.27909112313e-05
117 -1.28500385755e-05
118 -1.27197963978e-05
119 -1.26695613127e-05
120 -1.28173536207e-05
121 -1.284308135e-05
122 -1.27613508813e-05
123 -1.26806927594e-05
124 -1.27002217648e-05
125 -1.26678235079e-05
126 -1.25694778683e-05
127 -1.25162212981e-05
128 -1.25474376851e-05
129 -1.25160006514e-05
130 -1.24252512571e-05
131 -1.24548889679e-05
132 -1.24921246738e-05
133 -1.24156213196e-05
134 -1.23626835573e-05
135 -1.23127146423e-05
136 -1.23192133992e-05
137 -1.22927837247e-05
138 -1.22997428359e-05
139 -1.22619747549e-05
140 -1.22297732009e-05
141 -1.22200583239e-05
142 -1.21760784399e-05
143 -1.21160946217e-05
144 -1.20690191013e-05
145 -1.20024828487e-05
146 -1.1997543117e-05
147 -1.1967564159e-05
148 -1.19637084205e-05
149 -1.19289211956e-05
150 -1.37411185895e-05
151 -1.31817716431e-05
152 -1.26781362033e-05
153 -1.29978015142e-05
154 -1.27820435315e-05
155 -1.27151483338e-05
156 -1.2856444878e-05
157 -1.29725633384e-05
158 -1.29658766353e-05
159 -1.28956445001e-05
160 -1.30400186929e-05
161 -1.29188880639e-05
162 -1.30319876482e-05
163 -1.28150155529e-05
164 -1.28400492437e-05
165 -1.28469294433e-05
166 -1.27964343533e-05
167 -1.28592185844e-05
168 -1.27250498992e-05
169 -1.26731228459e-05
170 -1.28265373489e-05
171 -1.28587005557e-05
172 -1.27831782098e-05
173 -1.26982983632e-05
174 -1.27169032447e-05
175 -1.2687414399e-05
176 -1.25886502811e-05
177 -1.25358792444e-05
178 -1.25649963266e-05
179 -1.25310570095e-05
180 -1.24384007342e-05
181 -1.24652634721e-05
182 -1.250830181e-05
183 -1.24306415846e-05
184 -1.23797654495e-05
185 -1.2324629005e-05
186 -1.23334095341e-05
187 -1.2307159964e-05
188 -1.23245851651e-05
189 -1.22911064282e-05
190 -1.22568823721e-05
191 -1.22419112888e-05
192 -1.22010941981e-05
193 -1.21373364616e-05
194 -1.20905773687e-05
195 -1.20230116438e-05
196 -1.20162194e-05
197 -1.19864036788e-05
198 -1.19823267296e-05
199 -1.19488891683e-05
200 -1.37785872573e-05
201 -1.33122454111e-05
202 -1.26983470769e-05
203 -1.30643291228e-05
204 -1.28127745283e-05
205 -1.27522719553e-05
206 -1.28930950942e-05
207 -1.30268986993e-05
208 -1.30234927633e-05
209 -1.29418918892e-05
210 -1.31074067138e-05
211 -1.29590773231e-05
212 -1.30655778121e-05
213 -1.28596166137e-05
214 -1.2891578855e-05
215 -1.29035985633e-05
216 -1.28572607883e-05
217 -1.29137181592e-05
218 -1.27732134951e-05
219 -1.27145654648e-05
220 -1.28698509982e-05
221 -1.29114445238e-05
222 -1.28303697177e-05
223 -1.27408789895e-05
224 -1.27618170107e-05
225 -1.27288991593e-05
226 -1.26276148995e-05
227 -1.25768105411e-05
228 -1.26145880767e-05
229 -1.25807955738e-05
230 -1.24880087917e-05
231 -1.25149614652e-05
232 -1.25582192638e-05
233 -1.24856490804e-05
234 -1.2424412314e-05
235 -1.23678924972e-05
236 -1.23831412488e-05
237 -1.2353027799e-05
238 -1.23691174542e-05
239 -1.2336109514e-05
240 -1.22908578938e-05
241 -1.22863973669e-05
242 -1.22419840027e-05
243 -1.21874207601e-05
244 -1.21383390029e-05
245 -1.2056281699e-05
246 -1.20484776816e-05
247 -1.20251471737e-05
248 -1.20238263424e-05
249 -1.19958755163e-05
250 -1.38346617244e-05
251 -1.3323426385e-05
252 -1.27340027758e-05
253 -1.31004070133e-05
254 -1.2864662758e-05
255 -1.2786048144e-05
256 -1.29297391561e-05
257 -1.30737061397e-05
258 -1.30486179099e-05
259 -1.29840921245e-05
260 -1.31346836503e-05
261 -1.30000368792e-05
262 -1.31244686044e-05
263 -1.29130061586e-05
264 -1.29370537961e-05
265 -1.29464559263e-05
266 -1.28909957993e-05
267 -1.2953119763e-05
268 -1.28076729357e-05
269 -1.27548972135e-05
270 -1.29144811439e-05
271 -1.29585232481e-05
272 -1.28613712933e-05
273 -1.27867737408e-05
274 -1.28043827997e-05
275 -1.27664116686e-05
276 -1.26669169836e-05
277 -1.26135477137e-05
278 -1.2639298144e-05
279 -1.26107317607e-05
280 -1.25179353582e-05
281 -1.25568157611e-05
282 -1.25941325004e-05
283 -1.2518485986e-05
284 -1.24534712171e-05
285 -1.24031137019e-05
286 -1.24157880413e-05
287 -1.23853767526e-05
288 -1.24071097195e-05
289 -1.23640093188e-05
290 -1.23322574141e-05
291 -1.23250038299e-05
292 -1.22779638156e-05
293 -1.22234937562e-05
294 -1.21628091404e-05
295 -1.20915900276e-05
296 -1.20900292752e-05
297 -1.20595176375e-05
298 -1.20619158615e-05
299 -1.20283711657e-05
300 -1.39239832378e-05
301 -1.32911901849e-05
302 -1.27423725079e-05
303 -1.31006220626e-05
304 -1.28574246964e-05
305 -1.28018978784e-05
306 -1.29439796543e-05
307 -1.30724835567e-05
308 -1.30539444135e-05
309 -1.29920366874e-05
310 -1.31413280675e-05
311 -1.30134524892e-05
312 -1.31462150735e-05
313 -1.29226090709e-05
314 -1.29447353459e-05
315 -1.29452200919e-05
316 -1.28972479507e-05
317 -1.29597485312e-05
318 -1.28164866595e-05
319 -1.27661177177e-05
320 -1.29304884014e-05
321 -1.29561750302e-05
322 -1.28747033242e-05
323 -1.2792713218e-05
324 -1.28088163401e-05
325 -1.27812033785e-05
326 -1.26740720088e-05
327 -1.26199813491e-05
328 -1.26454791741e-05
329 -1.26279130897e-05
330 -1.25209561165e-05
331 -1.25586920139e-05
332 -1.25985977957e-05
333 -1.25133100128e-05
334 -1.24591492707e-05
335 -1.2406568362e-05
336 -1.24153634543e-05
337 -1.23880033962e-05
338 -1.24013944184e-05
339 -1.23628779471e-05
340 -1.23318490484e-05
341 -1.23208407782e-05
342 -1.22812250484e-05
343 -1.2217465555e-05
344 -1.21625003242e-05
345 -1.2099659389e-05
346 -1.20957674713e-05
347 -1.20772260505e-05
348 -1.20678132808e-05
349 -1.20303250583e-05
350 -1.39001261275e-05
351 -1.32716106411e-05
352 -1.2755386996e-05
353 -1.30804404975e-05
354 -1.28725466197e-05
355 -1.27966372272e-05
356 -1.29535174256e-05
357 -1.3057378083e-05
358 -1.30589775844e-05
359 -1.29943589623e-05
360 -1.31458081781e-05
361 -1.30184743255e-05
362 -1.31304066119e-05
363 -1.29137725302e-05
364 -1.29366092028e-05
365 -1.29439179632e-05
366 -1.28909725807e-05
367 -1.29517133973e-05
368 -1.28129881919e-05
369 -1.2768750761e-05
370 -1.29274037525e-05
371 -1.29516854605e-05
372 -1.28741386772e-05
373 -1.27840133907e-05
374 -1.27976610916e-05
375 -1.27737705745e-05
376 -1.26746669977e-05
377 -1.26170124578e-05
378 -1.26471449675e-05
379 -1.26195645701e-05
380 -1.25150139376e-05
381 -1.25449704357e-05
382 -1.25921098779e-05
383 -1.25043752118e-05
384 -1.24685888975e-05
385 -1.24134545706e-05
386 -1.24176639907e-05
387 -1.23868677637e-05
388 -1.24043593791e-05
389 -1.23679167423e-05
390 -1.23331310668e-05
391 -1.23174964995e-05
392 -1.22829070353e-05
393 -1.22115308501e-05
394 -1.21652084117e-05
395 -1.20968120759e-05
396 -1.20953664836e-05
397 -1.2068434023e-05
398 -1.20527467632e-05
399 -1.20210233722e-05
400 -1.38514798185e-05
401 -1.32957995722e-05
402 -1.27589450754e-05
403 -1.30919593485e-05
404 -1.28668301014e-05
405 -1.28049645557e-05
406 -1.29540856009e-05
407 -1.30683848116e-05
408 -1.30689559894e-05
409 -1.29919479416e-05
410 -1.31505000942e-05
411 -1.30060517906e-05
412 -1.31191507169e-05
413 -1.29112927072e-05
414 -1.29355235956e-05
415 -1.29478966516e-05
416 -1.28968947422e-05
417 -1.29534942529e-05
418 -1.28125908533e-05
419 -1.27677981272e-05
420 -1.29174573234e-05
421 -1.29565849343e-05
422 -1.28795994291e-05
423 -1.27849619224e-05
424 -1.2808366675e-05
425 -1.27743766773e-05
426 -1.26722967667e-05
427 -1.26281676617e-05
428 -1.26643626058e-05
429 -1.26282902071e-05
430 -1.25257181831e-05
431 -1.25580121341e-05
432 -1.26032182099e-05
433 -1.25256299623e-05
434 -1.24682472645e-05
435 -1.24178569339e-05
436 -1.24240138216e-05
437 -1.23924592874e-05
438 -1.24075773318e-05
439 -1.23712902557e-05
440 -1.23315780952e-05
441 -1.2320277234e-05
442 -1.22796218902e-05
443 -1.22195206644e-05
444 -1.21735184538e-05
445 -1.2102612497e-05
446 -1.20930067491e-05
447 -1.20652487318e-05
448 -1.20521725506e-05
449 -1.20274154501e-05
450 -1.38451758265e-05
451 -1.33041248251e-05
452 -1.27670410103e-05
453 -1.30917881994e-05
454 -1.28729017479e-05
455 -1.28192920631e-05
456 -1.29582715606e-05
457 -1.30823158078e-05
458 -1.30715818551e-05
459 -1.30000082279e-05
460 -1.31591788673e-05
461 -1.30039098929e-05
462 -1.31249839955e-05
463 -1.29203067056e-05
464 -1.29463287787e-05
465 -1.29574589825e-05
466 -1.29124528648e-05
467 -1.29589286377e-05
468 -1.28225066993e-05
469 -1.27749119342e-05
470 -1.29265600901e-05
471 -1.29627981646e-05
472 -1.28762049184e-05
473 -1.27926734407e-05
474 -1.28195991243e-05
475 -1.27708229844e-05
476 -1.26795102831e-05
477 -1.26298116244e-05
478 -1.26612880838e-05
479 -1.26233448674e-05
480 -1.25258956227e-05
481 -1.2559490397e-05
482 -1.26009526389e-05
483 -1.25231295623e-05
484 -1.24769974175e-05
485 -1.24190405878e-05
486 -1.24310332271e-05
487 -1.24022107045e-05
488 -1.24201355677e-05
489 -1.23755678634e-05
490 -1.23426819294e-05
491 -1.2336394886e-05
492 -1.22917656403e-05
493 -1.22326753985e-05
494 -1.21805518011e-05
495 -1.21014171021e-05
496 -1.20985397096e-05
497 -1.20684337107e-05
498 -1.20632444929e-05
499 -1.20327702515e-05
500 -1.38443254902e-05
501 -1.33070494638e-05
502 -1.27793301249e-05
503 -1.3099752281e-05
504 -1.28832850798e-05
505 -1.28286206524e-05
506 -1.29626207019e-05
507 -1.30943858314e-05
508 -1.30738514342e-05
509 -1.301394652e-05
510 -1.31587668161e-05
511 -1.30149240166e-05
512 -1.31378409396e-05
513 -1.29314332899e-05
514 -1.29571223709e-05
515 -1.29679577679e-05
516 -1.29123012074e-05
517 -1.29701088095e-05
518 -1.283010831e-05
519 -1.27845348637e-05
520 -1.29329550776e-05
521 -1.29708854931e-05
522 -1.28817733939e-05
523 -1.28054583514e-05
524 -1.28265396202e-05
525 -1.2780634658e-05
526 -1.2685800507e-05
527 -1.26390552811e-05
528 -1.26714382392e-05
529 -1.2634415554e-05
530 -1.25343130511e-05
531 -1.25728704344e-05
532 -1.26111601472e-05
533 -1.25298737989e-05
534 -1.24793848613e-05
535 -1.24205771109e-05
536 -1.24322177143e-05
537 -1.23981037149e-05
538 -1.24159795305e-05
539 -1.23669553354e-05
540 -1.23369243301e-05
541 -1.23270891204e-05
542 -1.22844552421e-05
543 -1.2228025331e-05
544 -1.21789928601e-05
545 -1.21066315667e-05
546 -1.21036027133e-05
547 -1.20771126384e-05
548 -1.20723986605e-05
549 -1.2035278266e-05
550 -1.38590983477e-05
551 -1.33048441818e-05
552 -1.27816541973e-05
553 -1.31155228764e-05
554 -1.28877824476e-05
555 -1.28398716003e-05
556 -1.29687429788e-05
557 -1.31025489905e-05
558 -1.30759624195e-05
559 -1.30188933458e-05
560 -1.31571747034e-05
561 -1.3024115701e-05
562 -1.31479305793e-05
563 -1.29410337125e-05
564 -1.29612433804e-05
565 -1.29746153651e-05
566 -1.29199146947e-05
567 -1.29795101916e-05
568 -1.28343119175e-05
569 -1.27921220187e-05
570 -1.2943984216e-05
571 -1.29729402976e-05
572 -1.28943612549e-05
573 -1.28107179721e-05
574 -1.28308649742e-05
575 -1.27942854026e-05
576 -1.26915228911e-05
577 -1.2648818354e-05
578 -1.26766722288e-05
579 -1.26433384669e-05
580 -1.25354130049e-05
581 -1.25768922675e-05
582 -1.26210447069e-05
583 -1.25353463033e-05
584 -1.24775063701e-05
585 -1.24254739734e-05
586 -1.2434437795e-05
587 -1.24101885797e-05
588 -1.24251150511e-05
589 -1.23825737176e-05
590 -1.23568121094e-05
591 -1.23380046758e-05
592 -1.23053868163e-05
593 -1.22423515505e-05
594 -1.21842084148e-05
595 -1.21219934402e-05
596 -1.21091602374e-05
597 -1.20848127867e-05
598 -1.20755805755e-05
599 -1.20388752205e-05
600 -1.38906649641e-05
601 -1.33234352785e-05
602 -1.27849708643e-05
603 -1.31271137456e-05
604 -1.28885984234e-05
605 -1.28488668842e-05
606 -1.29768729141e-05
607 -1.31102957935e-05
608 -1.30853994264e-05
609 -1.30273113522e-05
610 -1.31698108004e-05
611 -1.30317328079e-05
612 -1.31575174957e-05
613 -1.29466648765e-05
614 -1.29720891031e-05
615 -1.29836330237e-05
616 -1.29349352968e-05
617 -1.29880577512e-05
618 -1.28453699062e-05
619 -1.28042767305e-05
620 -1.29476773565e-05
621 -1.2979018547e-05
622 -1.29049337252e-05
623 -1.28160790916e-05
624 -1.28366368668e-05
625 -1.280130609e-05
626 -1.26946974974e-05
627 -1.26554713466e-05
628 -1.26831147626e-05
629 -1.26534146071e-05
630 -1.25372885868e-05
631 -1.2580021921e-05
632 -1.26260617727e-05
633 -1.25458595035e-05
634 -1.24864935639e-05
635 -1.24378097752e-05
636 -1.24467259555e-05
637 -1.24180963894e-05
638 -1.24294025425e-05
639 -1.23879301531e-05
640 -1.2354560019e-05
641 -1.23381938014e-05
642 -1.23052020997e-05
643 -1.22457858508e-05
644 -1.2190451232e-05
645 -1.21270920169e-05
646 -1.21114211863e-05
647 -1.20946483095e-05
648 -1.20780156043e-05
649 -1.20468794149e-05
650 -1.39106594731e-05
651 -1.33386637639e-05
652 -1.27889896515e-05
653 -1.31243885923e-05
654 -1.28917192e-05
655 -1.28476943344e-05
656 -1.29822611939e-05
657 -1.31078268232e-05
658 -1.30907574903e-05
659 -1.30302334343e-05
660 -1.31787744921e-05
661 -1.30347836335e-05
662 -1.31557921407e-05
663 -1.29498339817e-05
664 -1.29773481256e-05
665 -1.2984521869e-05
666 -1.29419318377e-05
667 -1.2990854877e-05
668 -1.28477807053e-05
669 -1.28060742945e-05
670 -1.29513760534e-05
671 -1.29838879538e-05
672 -1.29066371774e-05
673 -1.28244708649e-05
674 -1.28384244465e-05
675 -1.28041091251e-05
676 -1.2702428709e-05
677 -1.2658377359e-05
678 -1.2691594608e-05
679 -1.26626610543e-05
680 -1.25528608687e-05
681 -1.25974240784e-05
682 -1.26387214547e-05
683 -1.25538664957e-05
684 -1.2499394177e-05
685 -1.24496387262e-05
686 -1.24530659728e-05
687 -1.24249078481e-05
688 -1.24387634199e-05
689 -1.23925018735e-05
690 -1.23577908938e-05
691 -1.23442142861e-05
692 -1.23111685804e-05
693 -1.22467150145e-05
694 -1.21937228067e-05
695 -1.21259138074e-05
696 -1.21149785245e-05
697 -1.20941692738e-05
698 -1.20739285977e-05
699 -1.20455493537e-05
700 -1.39007597732e-05
701 -1.33388573072e-05
702 -1.27986074564e-05
703 -1.31265082188e-05
704 -1.29092929742e-05
705 -1.2854422321e-05
706 -1.29890787022e-05
707 -1.31132921348e-05
708 -1.30934487523e-05
709 -1.30374516611e-05
710 -1.31869921419e-05
711 -1.30397749346e-05
712 -1.31616543951e-05
713 -1.29547311496e-05
714 -1.29830791125e-05
715 -1.2992300389e-05
716 -1.29494677223e-05
717 -1.29917771411e-05
718 -1.28573180667e-05
719 -1.28130312222e-05
720 -1.29577955233e-05
721 -1.29865113638e-05
722 -1.29099386053e-05
723 -1.2827920319e-05
724 -1.28416487143e-05
725 -1.28052802941e-05
726 -1.27081892786e-05
727 -1.26609943603e-05
728 -1.2693779013e-05
729 -1.26626025307e-05
730 -1.25523019026e-05
731 -1.25938370058e-05
732 -1.26369355912e-05
733 -1.25520381613e-05
734 -1.25023501629e-05
735 -1.24517025606e-05
736 -1.2453501703e-05
737 -1.24259863003e-05
738 -1.24404918302e-05
739 -1.23917157523e-05
740 -1.23641966974e-05
741 -1.234890682e-05
742 -1.23218145471e-05
743 -1.2254194729e-05
744 -1.22004711277e-05
745 -1.21309670862e-05
746 -1.212342304e-05
747 -1.2102152125e-05
748 -1.20817671109e-05
749 -1.20515514202e-05
750 -1.39125598132e-05
751 -1.33579479481e-05
752 -1.28022530592e-05
753 -1.31376346277e-05
754 -1.29156723293e-05
755 -1.28632185881e-05
756 -1.29973102585e-05
757 -1.31261933559e-05
758 -1.30993143073e-05
759 -1.30476597316e-05
760 -1.31929863635e-05
761 -1.30548983215e-05
762 -1.31694102252e-05
763 -1.29638928241e-05
764 -1.29929367098e-05
765 -1.30014685338e-05
766 -1.29584556042e-05
767 -1.3003303667e-05
768 -1.28646663078e-05
769 -1.28244926365e-05
770 -1.29655909368e-05
771 -1.29977191004e-05
772 -1.29241021881e-05
773 -1.28372645823e-05
774 -1.28506857883e-05
775 -1.28095729965e-05
776 -1.2715611957e-05
777 -1.26739450803e-05
778 -1.27062668912e-05
779 -1.26669864626e-05
780 -1.25601749093e-05
781 -1.26021067398e-05
782 -1.26450695355e-05
783 -1.25596675085e-05
784 -1.25042927746e-05
785 -1.24524942347e-05
786 -1.24546672549e-05
787 -1.24239214626e-05
788 -1.24459592405e-05
789 -1.23931712504e-05
790 -1.23691292302e-05
791 -1.23541785117e-05
792 -1.23278746643e-05
793 -1.22611857364e-05
794 -1.22045944678e-05
795 -1.21372664543e-05
796 -1.21310081704e-05
797 -1.210559505e-05
798 -1.20869083138e-05
799 -1.20556775863e-05
800 -1.3911019738e-05
801 -1.33585325819e-05
802 -1.28082013841e-05
803 -1.31538437367e-05
804 -1.29213809515e-05
805 -1.28782275175e-05
806 -1.30099916832e-05
807 -1.31406520107e-05
808 -1.31100061022e-05
809 -1.30570960279e-05
810 -1.32021352651e-05
811 -1.3058181432e-05
812 -1.3180754167e-05
813 -1.29753247418e-05
814 -1.30019351184e-05
815 -1.30133055464e-05
816 -1.29704324603e-05
817 -1.30113344471e-05
818 -1.28765423252e-05
819 -1.28379626013e-05
820 -1.29720669238e-05
821 -1.30081803669e-05
822 -1.29336656408e-05
823 -1.28455535967e-05
824 -1.28591037511e-05
825 -1.28248852842e-05
826 -1.27227601087e-05
827 -1.26829029825e-05
828 -1.27143276896e-05
829 -1.26781231713e-05
830 -1.25658724027e-05
831 -1.26143071969e-05
832 -1.26550561829e-05
833 -1.25694042239e-05
834 -1.25044134307e-05
835 -1.2465626308e-05
836 -1.24657278812e-05
837 -1.24388596535e-05
838 -1.24546119238e-05
839 -1.24056527452e-05
840 -1.2377685415e-05
841 -1.23594397374e-05
842 -1.23282424366e-05
843 -1.22665735973e-05
844 -1.22091014775e-05
845 -1.21435812954e-05
846 -1.21363540458e-05
847 -1.2111005773e-05
848 -1.2090884999e-05
849 -1.20624634803e-05
850 -1.39133353042e-05
851 -1.3374005567e-05
852 -1.28154420952e-05
853 -1.31592321299e-05
854 -1.29299278101e-05
855 -1.28861338374e-05
856 -1.30190723556e-05
857 -1.31507765946e-05
858 -1.31203850841e-05
859 -1.30665693989e-05
860 -1.32091956379e-05
861 -1.30663834487e-05
862 -1.31884130357e-05
863 -1.29848780831e-05
864 -1.30087458802e-05
865 -1.30252452144e-05
866 -1.29820782723e-05
867 -1.30212257298e-05
868 -1.28848077053e-05
869 -1.28454436806e-05
870 -1.29828124727e-05
871 -1.3014983373e-05
872 -1.29376288034e-05
873 -1.28553930322e-05
874 -1.28673545199e-05
875 -1.28323176079e-05
876 -1.27261678031e-05
877 -1.26916785386e-05
878 -1.27213001826e-05
879 -1.26837990632e-05
880 -1.25688811979e-05
881 -1.2620329952e-05
882 -1.26630137713e-05
883 -1.25811658693e-05
884 -1.25148326153e-05
885 -1.24756001189e-05
886 -1.24703249179e-05
887 -1.24466808967e-05
888 -1.24584971584e-05
889 -1.2408087201e-05
890 -1.23866035962e-05
891 -1.23667170366e-05
892 -1.23366638187e-05
893 -1.2277450051e-05
894 -1.22167798763e-05
895 -1.21541362094e-05
896 -1.21420794397e-05
897 -1.21195645306e-05
898 -1.20975634072e-05
899 -1.20679245216e-05
900 -1.3944323997e-05
901 -1.33703207661e-05
902 -1.28239730533e-05
903 -1.31729811963e-05
904 -1.29443624972e-05
905 -1.28933708808e-05
906 -1.30267061044e-05
907 -1.31624576172e-05
908 -1.31270660162e-05
909 -1.30788929727e-05
910 -1.32240316705e-05
911 -1.3070556774e-05
912 -1.31973368373e-05
913 -1.29886351203e-05
914 -1.3019009738e-05
915 -1.30293193861e-05
916 -1.29939853953e-05
917 -1.30257000062e-05
918 -1.28922891582e-05
919 -1.28550591206e-05
920 -1.29905400387e-05
921 -1.30191315388e-05
922 -1.29487587683e-05
923 -1.28618360835e-05
924 -1.28749163244e-05
925 -1.28405143565e-05
926 -1.27373565366e-05
927 -1.2703319892e-05
928 -1.27332362551e-05
929 -1.26994549529e-05
930 -1.2583754681e-05
931 -1.26335425195e-05
932 -1.26776241873e-05
933 -1.25927598675e-05
934 -1.25334686019e-05
935 -1.24915096424e-05
936 -1.24852817766e-05
937 -1.24637885274e-05
938 -1.24734904206e-05
939 -1.24204596099e-05
940 -1.23940008762e-05
941 -1.2376542721e-05
942 -1.23433327783e-05
943 -1.22839098727e-05
944 -1.22221366117e-05
945 -1.21566381304e-05
946 -1.21489625238e-05
947 -1.21235488319e-05
948 -1.21027536642e-05
949 -1.20718586477e-05
950 -1.39450195697e-05
951 -1.33902480886e-05
952 -1.28397007135e-05
953 -1.3184786882e-05
954 -1.29529105233e-05
955 -1.29080000455e-05
956 -1.30374425582e-05
957 -1.31766940427e-05
958 -1.31369652279e-05
959 -1.30948823868e-05
960 -1.3232311492e-05
961 -1.30817477577e-05
962 -1.32104959836e-05
963 -1.3000890819e-05
964 -1.3036622179e-05
965 -1.30409693857e-05
966 -1.30072391242e-05
967 -1.30390092602e-05
968 -1.29053078913e-05
969 -1.2870348414e-05
970 -1.30033687438e-05
971 -1.30307582117e-05
972 -1.29599154574e-05
973 -1.28748119789e-05
974 -1.2885015988e-05
975 -1.2850546218e-05
976 -1.27493385921e-05
977 -1.27100346246e-05
978 -1.27405750446e-05
979 -1.27022993087e-05
980 -1.25852362568e-05
981 -1.26356373839e-05
982 -1.26820848981e-05
983 -1.25931975311e-05
984 -1.25333399737e-05
985 -1.24922082258e-05
986 -1.24844869225e-05
987 -1.24640162048e-05
988 -1.24717149787e-05
989 -1.24165288739e-05
990 -1.24003021474e-05
991 -1.23828714107e-05
992 -1.23531143729e-05
993 -1.22911831505e-05
994 -1.22313482981e-05
995 -1.21661875659e-05
996 -1.21599950889e-05
997 -1.21374105091e-05
998 -1.21119381659e-05
999 -1.20849398145e-05
1000 -1.39498704334e-05
1001 -1.34130294836e-05
1002 -1.28474314453e-05
1003 -1.31899514779e-05
1004 -1.2957569885e-05
1005 -1.29155976043e-05
1006 -1.30459074645e-05
1007 -1.31842502481e-05
1008 -1.31429686079e-05
1009 -1.31036580191e-05
1010 -1.32422941937e-05
1011 -1.30934159394e-05
1012 -1.32169152124e-05
1013 -1.30075796573e-05
1014 -1.30457338143e-05
1015 -1.3053127002e-05
1016 -1.30135081326e-05
1017 -1.30494298106e-05
1018 -1.29135909159e-05
1019 -1.28816451506e-05
1020 -1.30056119852e-05
1021 -1.30393789942e-05
1022 -1.29686585432e-05
1023 -1.28851613208e-05
1024 -1.28887678816e-05
1025 -1.28613002214e-05
1026 -1.27579202349e-05
1027 -1.27210751038e-05
1028 -1.27524459537e-05
1029 -1.27176126969e-05
1030 -1.25979346699e-05
1031 -1.26494951008e-05
1032 -1.26959886699e-05
1033 -1.26043722798e-05
1034 -1.25396240843e-05
1035 -1.24961556347e-05
1036 -1.24876396467e-05
1037 -1.24694591368e-05
1038 -1.2485896112e-05
1039 -1.24299133808e-05
1040 -1.24107759884e-05
1041 -1.23910780399e-05
1042 -1.23613884919e-05
1043 -1.229976877e-05
1044 -1.22398235988e-05
1045 -1.21711442025e-05
1046 -1.21657093715e-05
1047 -1.21407737209e-05
1048 -1.21138948869e-05
1049 -1.20841320818e-05
1050 -1.39694897977e-05
1051 -1.34242601116e-05
1052 -1.28665090591e-05
1053 -1.32056485803e-05
1054 -1.29792830906e-05
1055 -1.29316530209e-05
1056 -1.30653151455e-05
1057 -1.3202089186e-05
1058 -1.31612817938e-05
1059 -1.31213669749e-05
1060 -1.32620232727e-05
1061 -1.31111259992e-05
1062 -1.3235610144e-05
1063 -1.30292833877e-05
1064 -1.30602259188e-05
1065 -1.30725059525e-05
1066 -1.30319139742e-05
1067 -1.30671841232e-05
1068 -1.29321697676e-05
1069 -1.29018424357e-05
1070 -1.30248452057e-05
1071 -1.30579650827e-05
1072 -1.29835609759e-05
1073 -1.2904994102e-05
1074 -1.29028635149e-05
1075 -1.28802126775e-05
1076 -1.27717531896e-05
1077 -1.27368603734e-05
1078 -1.27670152144e-05
1079 -1.27311089307e-05
1080 -1.26102986627e-05
1081 -1.26641819323e-05
1082 -1.27053014209e-05
1083 -1.2610790713e-05
1084 -1.25518656007e-05
1085 -1.25157926744e-05
1086 -1.2506200689e-05
1087 -1.24895556828e-05
1088 -1.24947920582e-05
1089 -1.24411888016e-05
1090 -1.24186691037e-05
1091 -1.23998863135e-05
1092 -1.23704676727e-05
1093 -1.23113318269e-05
1094 -1.2250038981e-05
1095 -1.21833483864e-05
1096 -1.21765869965e-05
1097 -1.21547217317e-05
1098 -1.21267977249e-05
1099 -1.20952604027e-05
1100 -1.39723783756e-05
1101 -1.34352428166e-05
1102 -1.28811609757e-05
1103 -1.32245318485e-05
1104 -1.29952868197e-05
1105 -1.2944339271e-05
1106 -1.30737169058e-05
1107 -1.32145800745e-05
1108 -1.3171918027e-05
1109 -1.31341934025e-05
1110 -1.32760919459e-05
1111 -1.31230066194e-05
1112 -1.32488320276e-05
1113 -1.30415067018e-05
1114 -1.3074226423e-05
1115 -1.30858537235e-05
1116 -1.30490163526e-05
1117 -1.30761705999e-05
1118 -1.29446962474e-05
1119 -1.29126970646e-05
1120 -1.30386257981e-05
1121 -1.30698576097e-05
1122 -1.29989310549e-05
1123 -1.29184203189e-05
1124 -1.29194409962e-05
1125 -1.28944040967e-05
1126 -1.27841078986e-05
1127 -1.27502682758e-05
1128 -1.27814108459e-05
1129 -1.27444475823e-05
1130 -1.26232545485e-05
1131 -1.26797829244e-05
1132 -1.27254380177e-05
1133 -1.2637651504e-05
1134 -1.25720260717e-05
1135 -1.25372260153e-05
1136 -1.25218347815e-05
1137 -1.25039404809e-05
1138 -1.25120612911e-05
1139 -1.24514694562e-05
1140 -1.2431670665e-05
1141 -1.24106050313e-05
1142 -1.23824877226e-05
1143 -1.23223182066e-05
1144 -1.22552950181e-05
1145 -1.21919360859e-05
1146 -1.21810489869e-05
1147 -1.21598582904e-05
1148 -1.21318597758e-05
1149 -1.21018588278e-05
1150 -1.40026542362e-05
1151 -1.34481360219e-05
1152 -1.28961162186e-05
1153 -1.32371654395e-05
1154 -1.30079716795e-05
1155 -1.29515592548e-05
1156 -1.30838869094e-05
1157 -1.32245497803e-05
1158 -1.31801362062e-05
1159 -1.31447827359e-05
1160 -1.32847476037e-05
1161 -1.31327555498e-05
1162 -1.326023619e-05
1163 -1.30520124644e-05
1164 -1.30870836062e-05
1165 -1.3094375096e-05
1166 -1.3058629292e-05
1167 -1.30815565478e-05
1168 -1.29542433839e-05
1169 -1.2925318895e-05
1170 -1.30494715622e-05
1171 -1.30784122517e-05
1172 -1.30105263453e-05
1173 -1.29259207415e-05
1174 -1.29266393756e-05
1175 -1.29013010655e-05
1176 -1.27950616104e-05
1177 -1.276115151e-05
1178 -1.27884704777e-05
1179 -1.27537508274e-05
1180 -1.26295484723e-05
1181 -1.26862202466e-05
1182 -1.27309025835e-05
1183 -1.2637620613e-05
1184 -1.25739847866e-05
1185 -1.25370751073e-05
1186 -1.25228075558e-05
1187 -1.25051415848e-05
1188 -1.25113232236e-05
1189 -1.24581959142e-05
1190 -1.24384788837e-05
1191 -1.24150914548e-05
1192 -1.23897533636e-05
1193 -1.23325634361e-05
1194 -1.22672879317e-05
1195 -1.22017180381e-05
1196 -1.21923958738e-05
1197 -1.2173115131e-05
1198 -1.21476804239e-05
1199 -1.21103061601e-05
1200 -1.40168408873e-05
1201 -1.34632294118e-05
1202 -1.29101925218e-05
1203 -1.32443219429e-05
1204 -1.30200816901e-05
1205 -1.29621669735e-05
1206 -1.30979737934e-05
1207 -1.32411584931e-05
1208 -1.31919821131e-05
1209 -1.31575263798e-05
1210 -1.3299559016e-05
1211 -1.31439836423e-05
1212 -1.32746534775e-05
1213 -1.30613436991e-05
1214 -1.31023762044e-05
1215 -1.31078324261e-05
1216 -1.30746726644e-05
1217 -1.30953477489e-05
1218 -1.2970686018e-05
1219 -1.29384920822e-05
1220 -1.30595506297e-05
1221 -1.30919259712e-05
1222 -1.30216025683e-05
1223 -1.29364984696e-05
1224 -1.29352756932e-05
1225 -1.29134292508e-05
1226 -1.28066163937e-05
1227 -1.2772567265e-05
1228 -1.28004605282e-05
1229 -1.27648693777e-05
1230 -1.26377834404e-05
1231 -1.26972663255e-05
1232 -1.27426649738e-05
1233 -1.2646995427e-05
1234 -1.25814616278e-05
1235 -1.25460382565e-05
1236 -1.25309787796e-05
1237 -1.25129795903e-05
1238 -1.25272062985e-05
1239 -1.24735721966e-05
1240 -1.24522026753e-05
1241 -1.2427682083e-05
1242 -1.2400797547e-05
1243 -1.23441627318e-05
1244 -1.22772752573e-05
1245 -1.22117679499e-05
1246 -1.22031125547e-05
1247 -1.21782676267e-05
1248 -1.21511543819e-05
1249 -1.21169275353e-05
1250 -1.40274619173e-05
1251 -1.34741605636e-05
1252 -1.2923554112e-05
1253 -1.32543687552e-05
1254 -1.30297461727e-05
1255 -1.29759368514e-05
1256 -1.31132249347e-05
1257 -1.3253740077e-05
1258 -1.32044830294e-05
1259 -1.31731205369e-05
1260 -1.33116009079e-05
1261 -1.31574690603e-05
1262 -1.32891615598e-05
1263 -1.30738875245e-05
1264 -1.31141527307e-05
1265 -1.3123099627e-05
1266 -1.30887388466e-05
1267 -1.31031423073e-05
1268 -1.29802380365e-05
1269 -1.2950276517e-05
1270 -1.30699633191e-05
1271 -1.30985059768e-05
1272 -1.30298856745e-05
1273 -1.29482066727e-05
1274 -1.29443550886e-05
1275 -1.29228349789e-05
1276 -1.28150279122e-05
1277 -1.27801645891e-05
1278 -1.2812725415e-05
1279 -1.27726143781e-05
1280 -1.26477396221e-05
1281 -1.27079892653e-05
1282 -1.27500026945e-05
1283 -1.26540199497e-05
1284 -1.25898287495e-05
1285 -1.2558265838e-05
1286 -1.25441252252e-05
1287 -1.25275804478e-05
1288 -1.25349028229e-05
1289 -1.24765339231e-05
1290 -1.24553648372e-05
1291 -1.24324313808e-05
1292 -1.24056338901e-05
1293 -1.23506635903e-05
1294 -1.22839201741e-05
1295 -1.22203660199e-05
1296 -1.22129828954e-05
1297 -1.21918882212e-05
1298 -1.21615001045e-05
1299 -1.21293338419e-05
1300 -1.40317911552e-05
1301 -1.34829736371e-05
1302 -1.29346257038e-05
1303 -1.32661123292e-05
1304 -1.30414255571e-05
1305 -1.29864333864e-05
1306 -1.31181814638e-05
1307 -1.32645726143e-05
1308 -1.32107430313e-05
1309 -1.31822109111e-05
1310 -1.33192459435e-05
1311 -1.3169028554e-05
1312 -1.33007764478e-05
1313 -1.30867137225e-05
1314 -1.31273807707e-05
1315 -1.31317959061e-05
1316 -1.31018905406e-05
1317 -1.31197915078e-05
1318 -1.29994716118e-05
1319 -1.29701156748e-05
1320 -1.30877002486e-05
1321 -1.31200606595e-05
1322 -1.30497874854e-05
1323 -1.29730092863e-05
1324 -1.29624161428e-05
1325 -1.29415357658e-05
1326 -1.28364599451e-05
1327 -1.27982609481e-05
1328 -1.28305633533e-05
1329 -1.27872713983e-05
1330 -1.2662308845e-05
1331 -1.27238459002e-05
1332 -1.27663743236e-05
1333 -1.26707393002e-05
1334 -1.26098414876e-05
1335 -1.25744778677e-05
1336 -1.25573033538e-05
1337 -1.25401803503e-05
1338 -1.25525057611e-05
1339 -1.24943621452e-05
1340 -1.2471629733e-05
1341 -1.24496665543e-05
1342 -1.24201120126e-05
1343 -1.23639081816e-05
1344 -1.22930479067e-05
1345 -1.22277894535e-05
1346 -1.22172748405e-05
1347 -1.21932439446e-05
1348 -1.21623054814e-05
1349 -1.21285187994e-05
1350 -1.40542513217e-05
1351 -1.35094919151e-05
1352 -1.29664056779e-05
1353 -1.32947709199e-05
1354 -1.3067627467e-05
1355 -1.3007820694e-05
1356 -1.31406546657e-05
1357 -1.328704846e-05
1358 -1.32301493229e-05
1359 -1.32039231925e-05
1360 -1.33409808763e-05
1361 -1.31879996773e-05
1362 -1.33219646654e-05
1363 -1.31059321491e-05
1364 -1.31454094035e-05
1365 -1.31510714173e-05
1366 -1.31150460019e-05
1367 -1.31341751061e-05
1368 -1.30124999775e-05
1369 -1.29806642974e-05
1370 -1.30947945437e-05
1371 -1.31240913616e-05
1372 -1.30530194364e-05
1373 -1.297628321e-05
1374 -1.29670940886e-05
1375 -1.29456579165e-05
1376 -1.28405902656e-05
1377 -1.2803669802e-05
1378 -1.28407146431e-05
1379 -1.27977443855e-05
1380 -1.2670468406e-05
1381 -1.2733194819e-05
1382 -1.27779318719e-05
1383 -1.26798964166e-05
1384 -1.26201691363e-05
1385 -1.25896925176e-05
1386 -1.25690627801e-05
1387 -1.25518519313e-05
1388 -1.25597467812e-05
1389 -1.24987403035e-05
1390 -1.24764444097e-05
1391 -1.24564882482e-05
1392 -1.24281651241e-05
1393 -1.23741655351e-05
1394 -1.23046285107e-05
1395 -1.22404235026e-05
1396 -1.22329238724e-05
1397 -1.22095566762e-05
1398 -1.21771015174e-05
1399 -1.21392736399e-05
1400 -1.40705976588e-05
1401 -1.35265822577e-05
1402 -1.29769718828e-05
1403 -1.33023825211e-05
1404 -1.30816811919e-05
1405 -1.30158899475e-05
1406 -1.31485752801e-05
1407 -1.3292746461e-05
1408 -1.32431399934e-05
1409 -1.32166885882e-05
1410 -1.33500532421e-05
1411 -1.32016703624e-05
1412 -1.33360353293e-05
1413 -1.31196129501e-05
1414 -1.31595244944e-05
1415 -1.31628662528e-05
1416 -1.31252968146e-05
1417 -1.31444758342e-05
1418 -1.30241660449e-05
1419 -1.29942712959e-05
1420 -1.3110661788e-05
1421 -1.31419382072e-05
1422 -1.30706168441e-05
1423 -1.29954564394e-05
1424 -1.29825872082e-05
1425 -1.29632722343e-05
1426 -1.28603053399e-05
1427 -1.28187756504e-05
1428 -1.28507115423e-05
1429 -1.28097630685e-05
1430 -1.26828023538e-05
1431 -1.27448629223e-05
1432 -1.27923903716e-05
1433 -1.26881059228e-05
1434 -1.26309744966e-05
1435 -1.26004813908e-05
1436 -1.2578504696e-05
1437 -1.2562798847e-05
1438 -1.25729541676e-05
1439 -1.25154445987e-05
1440 -1.24920955707e-05
1441 -1.24681690713e-05
1442 -1.24423474567e-05
1443 -1.23895903097e-05
1444 -1.23152517099e-05
1445 -1.22471150011e-05
1446 -1.22360576487e-05
1447 -1.22184968316e-05
1448 -1.21849233486e-05
1449 -1.2146906189e-05
1450 -1.40845955445e-05
1451 -1.35395203368e-05
1452 -1.29858999831e-05
1453 -1.33145618959e-05
1454 -1.30978580299e-05
1455 -1.30238216757e-05
1456 -1.31596580057e-05
1457 -1.33061192192e-05
1458 -1.32509443784e-05
1459 -1.32303469398e-05
1460 -1.33618601301e-05
1461 -1.32158709815e-05
1462 -1.33469833217e-05
1463 -1.3130344377e-05
1464 -1.31707385371e-05
1465 -1.31757289169e-05
1466 -1.31465715536e-05
1467 -1.31606329417e-05
1468 -1.3043816571e-05
1469 -1.30137331751e-05
1470 -1.31278280238e-05
1471 -1.3158085815e-05
1472 -1.3085198359e-05
1473 -1.30097532677e-05
1474 -1.29973913969e-05
1475 -1.29788817842e-05
1476 -1.28745915727e-05
1477 -1.28347300996e-05
1478 -1.28660986909e-05
1479 -1.28231906339e-05
1480 -1.26947542547e-05
1481 -1.27557761884e-05
1482 -1.28039181886e-05
1483 -1.2695484493e-05
1484 -1.26377131865e-05
1485 -1.26103180476e-05
1486 -1.25835890737e-05
1487 -1.25737455937e-05
1488 -1.25822911674e-05
1489 -1.25252611069e-05
1490 -1.24988775501e-05
1491 -1.2474634729e-05
1492 -1.24488587214e-05
1493 -1.23978513248e-05
1494 -1.23205912682e-05
1495 -1.22575272449e-05
1496 -1.22499646242e-05
1497 -1.2232525629e-05
1498 -1.21966444059e-05
1499 -1.21548808413e-05
1500 -1.40984060394e-05
1501 -1.3548070865e-05
1502 -1.30011821528e-05
1503 -1.33301340976e-05
1504 -1.31103412466e-05
1505 -1.3039738991e-05
1506 -1.31737932092e-05
1507 -1.33230358557e-05
1508 -1.3265328099e-05
1509 -1.32477400047e-05
1510 -1.33777248388e-05
1511 -1.32305861436e-05
1512 -1.33635274821e-05
1513 -1.31410692923e-05
1514 -1.31887874447e-05
1515 -1.3192217816e-05
1516 -1.31605927665e-05
1517 -1.31714943932e-05
1518 -1.30580345962e-05
1519 -1.30257120672e-05
1520 -1.31415665751e-05
1521 -1.3169808767e-05
1522 -1.30981375849e-05
1523 -1.30215315692e-05
1524 -1.30088105932e-05
1525 -1.29879013667e-05
1526 -1.2885235163e-05
1527 -1.28479613431e-05
1528 -1.28791030047e-05
1529 -1.28376079252e-05
1530 -1.27089614333e-05
1531 -1.27745011841e-05
1532 -1.28199116893e-05
1533 -1.27121545289e-05
1534 -1.26535235069e-05
1535 -1.26208430205e-05
1536 -1.26011861648e-05
1537 -1.25831274817e-05
1538 -1.25927550271e-05
1539 -1.25327314223e-05
1540 -1.25078899726e-05
1541 -1.24861941413e-05
1542 -1.24603113725e-05
1543 -1.24077210734e-05
1544 -1.23313408551e-05
1545 -1.22668079591e-05
1546 -1.22542781018e-05
1547 -1.22371468503e-05
1548 -1.21999395497e-05
1549 -1.21570722296e-05
1550 -1.41110851886e-05
1551 -1.35589723975e-05
1552 -1.302480991e-05
1553 -1.33511315984e-05
1554 -1.3129776347e-05
1555 -1.30616254788e-05
1556 -1.31936156399e-05
1557 -1.33421991392e-05
1558 -1.32811233957e-05
1559 -1.32647788853e-05
1560 -1.33928443706e-05
1561 -1.32434498285e-05
1562 -1.33782875107e-05
1563 -1.31534463789e-05
1564 -1.32026719704e-05
1565 -1.32046091274e-05
1566 -1.31731155114e-05
1567 -1.31811065737e-05
1568 -1.30729573515e-05
1569 -1.30433183006e-05
1570 -1.31534426338e-05
1571 -1.31831375497e-05
1572 -1.31121446273e-05
1573 -1.30389827641e-05
1574 -1.30275762996e-05
1575 -1.30048934885e-05
1576 -1.29045905604e-05
1577 -1.2860262455e-05
1578 -1.28936649162e-05
1579 -1.28482358959e-05
1580 -1.27189543616e-05
1581 -1.27811726803e-05
1582 -1.2829402448e-05
1583 -1.27199006214e-05
1584 -1.26732918277e-05
1585 -1.26448524314e-05
1586 -1.26143971155e-05
1587 -1.25979586896e-05
1588 -1.26099085115e-05
1589 -1.25492768579e-05
1590 -1.25200939705e-05
1591 -1.2495999497e-05
1592 -1.24667788409e-05
1593 -1.24144348451e-05
1594 -1.23392255122e-05
1595 -1.22746546564e-05
1596 -1.22617005196e-05
1597 -1.22399785051e-05
1598 -1.22055208701e-05
1599 -1.21695404778e-05
1600 -1.41241489719e-05
1601 -1.3587525583e-05
1602 -1.30424697637e-05
1603 -1.33685856241e-05
1604 -1.31455278861e-05
1605 -1.30806962678e-05
1606 -1.32087619454e-05
1607 -1.33555758113e-05
1608 -1.32978649684e-05
1609 -1.327995509e-05
1610 -1.34079268328e-05
1611 -1.32645042661e-05
1612 -1.33984424357e-05
1613 -1.31750581516e-05
1614 -1.32244516053e-05
1615 -1.32243465171e-05
1616 -1.31909995637e-05
1617 -1.32016816215e-05
1618 -1.30921757639e-05
1619 -1.30600993592e-05
1620 -1.31706455384e-05
1621 -1.31979453875e-05
1622 -1.31285992542e-05
1623 -1.3049759446e-05
1624 -1.3038812969e-05
1625 -1.30169854388e-05
1626 -1.29161244517e-05
1627 -1.28724939043e-05
1628 -1.29077890095e-05
1629 -1.28617492584e-05
1630 -1.27292189551e-05
1631 -1.27940088765e-05
1632 -1.28414294344e-05
1633 -1.27304595393e-05
1634 -1.26786570205e-05
1635 -1.26491339629e-05
1636 -1.26189899177e-05
1637 -1.26026828054e-05
1638 -1.26134548473e-05
1639 -1.25510023489e-05
1640 -1.25232718188e-05
1641 -1.25008592985e-05
1642 -1.24730537058e-05
1643 -1.24240310325e-05
1644 -1.23504380376e-05
1645 -1.22857148999e-05
1646 -1.22750481504e-05
1647 -1.22604996105e-05
1648 -1.22205418061e-05
1649 -1.21785614363e-05
1650 -1.41480143494e-05
1651 -1.36055782694e-05
1652 -1.30568820229e-05
1653 -1.33831882567e-05
1654 -1.31596523229e-05
1655 -1.30905594908e-05
1656 -1.32203312132e-05
1657 -1.33660899077e-05
1658 -1.33077607384e-05
1659 -1.33002976628e-05
1660 -1.34215740826e-05
1661 -1.32813216894e-05
1662 -1.34114539383e-05
1663 -1.31905131743e-05
1664 -1.32392152388e-05
1665 -1.32389294263e-05
1666 -1.3208439625e-05
1667 -1.32174637701e-05
1668 -1.3111147666e-05
1669 -1.30800924033e-05
1670 -1.31916138589e-05
1671 -1.32182488525e-05
1672 -1.31479816566e-05
1673 -1.30729398049e-05
1674 -1.30593327353e-05
1675 -1.30374445831e-05
1676 -1.29374382287e-05
1677 -1.28905357863e-05
1678 -1.29279960849e-05
1679 -1.28822002294e-05
1680 -1.27480793593e-05
1681 -1.28088391114e-05
1682 -1.28554279195e-05
1683 -1.27434152012e-05
1684 -1.26927214915e-05
1685 -1.2664825627e-05
1686 -1.26329323627e-05
1687 -1.26188206775e-05
1688 -1.26276265035e-05
1689 -1.25710258681e-05
1690 -1.25429731155e-05
1691 -1.25188088593e-05
1692 -1.24896641033e-05
1693 -1.2442182281e-05
1694 -1.23606150709e-05
1695 -1.22967332534e-05
1696 -1.22848801674e-05
1697 -1.22673066533e-05
1698 -1.22296027578e-05
1699 -1.21883522467e-05
1700 -1.41599951882e-05
1701 -1.36223793472e-05
1702 -1.30772476579e-05
1703 -1.34037094072e-05
1704 -1.3180045875e-05
1705 -1.31063523546e-05
1706 -1.32375049734e-05
1707 -1.33818388298e-05
1708 -1.33235416451e-05
1709 -1.33176965446e-05
1710 -1.34374460858e-05
1711 -1.32963142774e-05
1712 -1.3426580449e-05
1713 -1.32052472202e-05
1714 -1.32522856002e-05
1715 -1.32530247741e-05
1716 -1.32226046526e-05
1717 -1.32282398672e-05
1718 -1.31237241526e-05
1719 -1.30916484423e-05
1720 -1.31987424901e-05
1721 -1.32239169652e-05
1722 -1.31527348012e-05
1723 -1.3078083174e-05
1724 -1.30654779767e-05
1725 -1.30420775967e-05
1726 -1.29465974201e-05
1727 -1.28964997734e-05
1728 -1.29340822594e-05
1729 -1.28882170155e-05
1730 -1.27537814849e-05
1731 -1.28174621543e-05
1732 -1.28704283466e-05
1733 -1.27606248181e-05
1734 -1.27070452479e-05
1735 -1.26746020298e-05
1736 -1.26469925246e-05
1737 -1.26369868648e-05
1738 -1.26472628221e-05
1739 -1.25887299456e-05
1740 -1.25574053791e-05
1741 -1.25342804027e-05
1742 -1.2505327214e-05
1743 -1.24594971433e-05
1744 -1.23764938112e-05
1745 -1.23126770233e-05
1746 -1.22950409068e-05
1747 -1.22765977456e-05
1748 -1.22320515814e-05
1749 -1.2186888554e-05
1750 -1.4169837232e-05
1751 -1.36280700402e-05
1752 -1.30950599865e-05
1753 -1.34216633882e-05
1754 -1.31971089492e-05
1755 -1.31230077852e-05
1756 -1.32498711863e-05
1757 -1.33968041572e-05
1758 -1.33373074818e-05
1759 -1.3331805909e-05
1760 -1.34516180415e-05
1761 -1.33080861185e-05
1762 -1.34398712573e-05
1763 -1.32186824017e-05
1764 -1.32654313757e-05
1765 -1.32685093348e-05
1766 -1.32364749911e-05
1767 -1.32449334521e-05
1768 -1.31428693479e-05
1769 -1.31129146439e-05
1770 -1.32156955372e-05
1771 -1.32495889761e-05
1772 -1.31774065353e-05
1773 -1.31046827875e-05
1774 -1.30890274258e-05
1775 -1.30671274217e-05
1776 -1.29699543957e-05
1777 -1.29167659976e-05
1778 -1.29537406611e-05
1779 -1.29102938842e-05
1780 -1.27758949249e-05
1781 -1.28396113106e-05
1782 -1.28896392572e-05
1783 -1.27744520739e-05
1784 -1.27216655563e-05
1785 -1.26922987227e-05
1786 -1.26573216615e-05
1787 -1.26447669838e-05
1788 -1.26534429047e-05
1789 -1.25909625411e-05
1790 -1.25608192063e-05
1791 -1.25380874642e-05
1792 -1.25084955286e-05
1793 -1.24614324509e-05
1794 -1.23785762298e-05
1795 -1.23165007312e-05
1796 -1.23014332983e-05
1797 -1.22892443115e-05
1798 -1.22482075154e-05
1799 -1.22035081261e-05
1800 -1.41869573326e-05
1801 -1.36549846612e-05
1802 -1.31209604732e-05
1803 -1.34493684134e-05
1804 -1.32243937378e-05
1805 -1.31508739421e-05
1806 -1.32739998456e-05
1807 -1.34212897145e-05
1808 -1.33628173954e-05
1809 -1.3358103344e-05
1810 -1.34761579031e-05
1811 -1.33347177109e-05
1812 -1.34639044257e-05
1813 -1.32404087214e-05
1814 -1.32902584344e-05
1815 -1.32894691996e-05
1816 -1.32552430912e-05
1817 -1.3261848499e-05
1818 -1.31625553143e-05
1819 -1.31332749739e-05
1820 -1.32314618782e-05
1821 -1.3262261889e-05
1822 -1.31909490612e-05
1823 -1.31173034793e-05
1824 -1.31029862035e-05
1825 -1.3080663387e-05
1826 -1.29846557409e-05
1827 -1.29311506728e-05
1828 -1.29683960757e-05
1829 -1.29232702828e-05
1830 -1.27854911394e-05
1831 -1.28499041169e-05
1832 -1.28978934163e-05
1833 -1.27839136991e-05
1834 -1.27390188767e-05
1835 -1.27162474465e-05
1836 -1.2676004862e-05
1837 -1.26624397834e-05
1838 -1.26677999438e-05
1839 -1.26075720849e-05
1840 -1.25736279738e-05
1841 -1.2551011466e-05
1842 -1.25193926129e-05
1843 -1.24768896368e-05
1844 -1.23919958751e-05
1845 -1.23296350682e-05
1846 -1.23145316838e-05
1847 -1.22981715157e-05
1848 -1.22548391221e-05
1849 -1.22081282718e-05
1850 -1.41996468878e-05
1851 -1.36852817392e-05
1852 -1.31351459168e-05
1853 -1.3466498365e-05
1854 -1.32364559517e-05
1855 -1.31648564785e-05
1856 -1.32837273663e-05
1857 -1.34329422001e-05
1858 -1.33735392982e-05
1859 -1.33707586584e-05
1860 -1.34852041129e-05
1861 -1.33510549051e-05
1862 -1.34786086971e-05
1863 -1.32604001297e-05
1864 -1.33115453069e-05
1865 -1.33113106362e-05
1866 -1.32783875489e-05
1867 -1.32812044584e-05
1868 -1.31828706012e-05
1869 -1.31572913491e-05
1870 -1.32523905207e-05
1871 -1.32785357874e-05
1872 -1.32115157544e-05
1873 -1.31356161272e-05
1874 -1.31205395967e-05
1875 -1.30953974732e-05
1876 -1.29998476706e-05
1877 -1.2943043329e-05
1878 -1.29807176045e-05
1879 -1.29347111578e-05
1880 -1.27979012982e-05
1881 -1.28616851933e-05
1882 -1.29106531389e-05
1883 -1.2798843739e-05
1884 -1.27513170803e-05
1885 -1.27259591191e-05
1886 -1.2681143904e-05
1887 -1.26731255268e-05
1888 -1.26794383482e-05
1889 -1.26197507386e-05
1890 -1.25855074734e-05
1891 -1.2564333203e-05
1892 -1.25316883685e-05
1893 -1.2487898195e-05
1894 -1.2400168949e-05
1895 -1.23410303425e-05
1896 -1.23276916202e-05
1897 -1.2309729473e-05
1898 -1.22687460474e-05
1899 -1.22178975218e-05
1900 -1.42184585348e-05
1901 -1.37003704404e-05
1902 -1.31576008079e-05
1903 -1.34833330741e-05
1904 -1.32597526902e-05
1905 -1.31857257742e-05
1906 -1.33052036492e-05
1907 -1.34543730031e-05
1908 -1.33937618565e-05
1909 -1.33961666239e-05
1910 -1.35056995077e-05
1911 -1.3372365752e-05
1912 -1.34954119015e-05
1913 -1.32737497157e-05
1914 -1.33249560536e-05
1915 -1.33229487676e-05
1916 -1.32895855109e-05
1917 -1.32903353277e-05
1918 -1.31936425538e-05
1919 -1.31697145676e-05
1920 -1.32623152011e-05
1921 -1.32880307028e-05
1922 -1.32210836198e-05
1923 -1.31427559973e-05
1924 -1.31327364444e-05
1925 -1.31094084888e-05
1926 -1.30216156582e-05
1927 -1.29641396388e-05
1928 -1.30030646876e-05
1929 -1.2955962809e-05
1930 -1.28190760881e-05
1931 -1.28808939824e-05
1932 -1.29305714315e-05
1933 -1.28169634486e-05
1934 -1.2769217225e-05
1935 -1.27385573569e-05
1936 -1.26909725786e-05
1937 -1.26813941427e-05
1938 -1.26888615826e-05
1939 -1.26285146212e-05
1940 -1.25934568593e-05
1941 -1.25733388464e-05
1942 -1.2539491711e-05
1943 -1.2495684765e-05
1944 -1.24081433728e-05
1945 -1.23527413269e-05
1946 -1.23365793773e-05
1947 -1.23224505684e-05
1948 -1.22754831337e-05
1949 -1.22281967186e-05
1950 -1.42366128661e-05
1951 -1.37094654034e-05
1952 -1.31785154181e-05
1953 -1.35005218772e-05
1954 -1.32772891359e-05
1955 -1.32064114487e-05
1956 -1.33223892945e-05
1957 -1.34664187775e-05
1958 -1.34053616014e-05
1959 -1.34127417159e-05
1960 -1.35161178211e-05
1961 -1.33839045802e-05
1962 -1.35068254041e-05
1963 -1.32829626505e-05
1964 -1.33355767e-05
1965 -1.33355753416e-05
1966 -1.33034857772e-05
1967 -1.3303479671e-05
1968 -1.32152757581e-05
1969 -1.31916746623e-05
1970 -1.32822554272e-05
1971 -1.33090907444e-05
1972 -1.32401621636e-05
1973 -1.31622786302e-05
1974 -1.31503262673e-05
1975 -1.31225948639e-05
1976 -1.30358252283e-05
1977 -1.29720337052e-05
1978 -1.30113003253e-05
1979 -1.29651743656e-05
1980 -1.28288582571e-05
1981 -1.2891314144e-05
1982 -1.29388935836e-05
1983 -1.28247324657e-05
1984 -1.27760324923e-05
1985 -1.27558532975e-05
1986 -1.27089517924e-05
1987 -1.26983850407e-05
1988 -1.27041303014e-05
1989 -1.26417187001e-05
1990 -1.26049524591e-05
1991 -1.2586882691e-05
1992 -1.25524622919e-05
1993 -1.25062756235e-05
1994 -1.24172682138e-05
1995 -1.23599345375e-05
1996 -1.23413953155e-05
1997 -1.23269782179e-05
1998 -1.22813364004e-05
1999 -1.22335582553e-05
2000 -1.42468826643e-05
2001 -1.37252831966e-05
2002 -1.31954423017e-05
2003 -1.35159515327e-05
2004 -1.32927209656e-05
2005 -1.32249079594e-05
2006 -1.33346494713e-05
2007 -1.34793218333e-05
2008 -1.34168879616e-05
2009 -1.34293645638e-05
2010 -1.35326726012e-05
2011 -1.3399887909e-05
2012 -1.35247379589e-05
2013 -1.33060631791e-05
2014 -1.33603013879e-05
2015 -1.3356499044e-05
2016 -1.33241544887e-05
2017 -1.33213104738e-05
2018 -1.32326002349e-05
2019 -1.32097449041e-05
2020 -1.32982452084e-05
2021 -1.33283204518e-05
2022 -1.32565722372e-05
2023 -1.31770759958e-05
2024 -1.31693551604e-05
2025 -1.3140905723e-05
2026 -1.3054748586e-05
2027 -1.29887206293e-05
2028 -1.30298339603e-05
2029 -1.29860834762e-05
2030 -1.28498163986e-05
2031 -1.29097962225e-05
2032 -1.29579089956e-05
2033 -1.2844054391e-05
2034 -1.28029971422e-05
2035 -1.27771723058e-05
2036 -1.27216748134e-05
2037 -1.27158497655e-05
2038 -1.27246540791e-05
2039 -1.26618976721e-05
2040 -1.26264900846e-05
2041 -1.26069507737e-05
2042 -1.25705919912e-05
2043 -1.2522035444e-05
2044 -1.24341728196e-05
2045 -1.23786983339e-05
2046 -1.23587126487e-05
2047 -1.23397391827e-05
2048 -1.22921491463e-05
2049 -1.22390849953e-05
2050 -1.42724122021e-05
2051 -1.37530252364e-05
2052 -1.32253218477e-05
2053 -1.35509700544e-05
2054 -1.33269699413e-05
2055 -1.32598393795e-05
2056 -1.33634561072e-05
2057 -1.3509171026e-05
2058 -1.34471479382e-05
2059 -1.34622441536e-05
2060 -1.35606966191e-05
2061 -1.3427618218e-05
2062 -1.35506318598e-05
2063 -1.33277037427e-05
2064 -1.33820709092e-05
2065 -1.33769797007e-05
2066 -1.33417528114e-05
2067 -1.33390077573e-05
2068 -1.32503187587e-05
2069 -1.32286748633e-05
2070 -1.33128977103e-05
2071 -1.33443697205e-05
2072 -1.32719929263e-05
2073 -1.31945132381e-05
2074 -1.31852783449e-05
2075 -1.31581697979e-05
2076 -1.30732174605e-05
2077 -1.30015396226e-05
2078 -1.30424350082e-05
2079 -1.29993734314e-05
2080 -1.28598043901e-05
2081 -1.29206679244e-05
2082 -1.29677507651e-05
2083 -1.28540357485e-05
2084 -1.28091706116e-05
2085 -1.27823011411e-05
2086 -1.27289440682e-05
2087 -1.27246402993e-05
2088 -1.27291332923e-05
2089 -1.2672246985e-05
2090 -1.26339377325e-05
2091 -1.26178826318e-05
2092 -1.25783748087e-05
2093 -1.25374620995e-05
2094 -1.24434391608e-05
2095 -1.23915885757e-05
2096 -1.23729035704e-05
2097 -1.2353543215e-05
2098 -1.23088768441e-05
2099 -1.22542587565e-05
2100 -1.42973683407e-05
2101 -1.37828457746e-05
2102 -1.32487919051e-05
2103 -1.35741098361e-05
2104 -1.33494388955e-05
2105 -1.32869513932e-05
2106 -1.33819566205e-05
2107 -1.3528727385e-05
2108 -1.34680449451e-05
2109 -1.3484141595e-05
2110 -1.35777495034e-05
2111 -1.34483137966e-05
2112 -1.35700652997e-05
2113 -1.33495290058e-05
2114 -1.34027982799e-05
2115 -1.3399533217e-05
2116 -1.33648283549e-05
2117 -1.3360153366e-05
2118 -1.3275375641e-05
2119 -1.32552083687e-05
2120 -1.33368790158e-05
2121 -1.3363519801e-05
2122 -1.32943080628e-05
2123 -1.3216300169e-05
2124 -1.32080271831e-05
2125 -1.31792558888e-05
2126 -1.30953954563e-05
2127 -1.30209050355e-05
2128 -1.30636602754e-05
2129 -1.30178394131e-05
2130 -1.28789442485e-05
2131 -1.29404924129e-05
2132 -1.29863568965e-05
2133 -1.28749370859e-05
2134 -1.28299224674e-05
2135 -1.28060694987e-05
2136 -1.2745975815e-05
2137 -1.27419047402e-05
2138 -1.27434977772e-05
2139 -1.26820462798e-05
2140 -1.26414623816e-05
2141 -1.26250776134e-05
2142 -1.25872821557e-05
2143 -1.25449367064e-05
2144 -1.2454195943e-05
2145 -1.24021450511e-05
2146 -1.23841368213e-05
2147 -1.23661238255e-05
2148 -1.23204497891e-05
2149 -1.22643127968e-05
2150 -1.4307286024e-05
2151 -1.37925910819e-05
2152 -1.32634530456e-05
2153 -1.35909787398e-05
2154 -1.33650786047e-05
2155 -1.33061294541e-05
2156 -1.33977167177e-05
2157 -1.35449672196e-05
2158 -1.34820114966e-05
2159 -1.35066031244e-05
2160 -1.35972499041e-05
2161 -1.34645565895e-05
2162 -1.35858854836e-05
2163 -1.33685735937e-05
2164 -1.34228599748e-05
2165 -1.34180637211e-05
2166 -1.33827381384e-05
2167 -1.33769241608e-05
2168 -1.32952206346e-05
2169 -1.32773825204e-05
2170 -1.33564087654e-05
2171 -1.33831387681e-05
2172 -1.33152079124e-05
2173 -1.32352351258e-05
2174 -1.32246516396e-05
2175 -1.31953033814e-05
2176 -1.31118275567e-05
2177 -1.30348078969e-05
2178 -1.30809023398e-05
2179 -1.30348183146e-05
2180 -1.28971722097e-05
2181 -1.29589876286e-05
2182 -1.30034950695e-05
2183 -1.28942665961e-05
2184 -1.28476171766e-05
2185 -1.28224756252e-05
2186 -1.27600097112e-05
2187 -1.27565155294e-05
2188 -1.27589656079e-05
2189 -1.27003230349e-05
2190 -1.26582905684e-05
2191 -1.26405536023e-05
2192 -1.25999570013e-05
2193 -1.25551035516e-05
2194 -1.24630208535e-05
2195 -1.24136901377e-05
2196 -1.23921024978e-05
2197 -1.23753259615e-05
2198 -1.23271272301e-05
2199 -1.22678764381e-05
2200 -1.43277860992e-05
2201 -1.38141191761e-05
2202 -1.32839373404e-05
2203 -1.36124020025e-05
2204 -1.33896760627e-05
2205 -1.33330389061e-05
2206 -1.34173188185e-05
2207 -1.35617355668e-05
2208 -1.3495663665e-05
2209 -1.35250251789e-05
2210 -1.36181570851e-05
2211 -1.34842929249e-05
2212 -1.36055420414e-05
2213 -1.33857815084e-05
2214 -1.34443249406e-05
2215 -1.34374254897e-05
2216 -1.3403890405e-05
2217 -1.33954564484e-05
2218 -1.33176254505e-05
2219 -1.3300693853e-05
2220 -1.33753751819e-05
2221 -1.34025629027e-05
2222 -1.33307143518e-05
2223 -1.32505905388e-05
2224 -1.32418587953e-05
2225 -1.32090234982e-05
2226 -1.31293259319e-05
2227 -1.30484038931e-05
2228 -1.30958638465e-05
2229 -1.30510548496e-05
2230 -1.29154194328e-05
2231 -1.29761739951e-05
2232 -1.30166812436e-05
2233 -1.29057143984e-05
2234 -1.28590676869e-05
2235 -1.28345528352e-05
2236 -1.27717962577e-05
2237 -1.27685195404e-05
2238 -1.27701888835e-05
2239 -1.2712800805e-05
2240 -1.26678600474e-05
2241 -1.26486509257e-05
2242 -1.26138019394e-05
2243 -1.25673863026e-05
2244 -1.24733065204e-05
2245 -1.24233041565e-05
2246 -1.24007777706e-05
2247 -1.23839221328e-05
2248 -1.23403270023e-05
2249 -1.22843853393e-05
2250 -1.43578007755e-05
2251 -1.38269997392e-05
2252 -1.3306749375e-05
2253 -1.36366021691e-05
2254 -1.34115182618e-05
2255 -1.33598447668e-05
2256 -1.34394915773e-05
2257 -1.35813077161e-05
2258 -1.35143119672e-05
2259 -1.35471999765e-05
2260 -1.36390856694e-05
2261 -1.35019317696e-05
2262 -1.36203995269e-05
2263 -1.34029180112e-05
2264 -1.3461875432e-05
2265 -1.34542343002e-05
2266 -1.34167496947e-05
2267 -1.34079764903e-05
2268 -1.33307841352e-05
2269 -1.33154709846e-05
2270 -1.33869031724e-05
2271 -1.34164185667e-05
2272 -1.33435522421e-05
2273 -1.32640350937e-05
2274 -1.32626866486e-05
2275 -1.32288886311e-05
2276 -1.3153136818e-05
2277 -1.30668132113e-05
2278 -1.31110610602e-05
2279 -1.3062991267e-05
2280 -1.29279095488e-05
2281 -1.29865556752e-05
2282 -1.30264848931e-05
2283 -1.29189627017e-05
2284 -1.28704645801e-05
2285 -1.28469312327e-05
2286 -1.27816315664e-05
2287 -1.27782582081e-05
2288 -1.2777635808e-05
2289 -1.27188774606e-05
2290 -1.26747786054e-05
2291 -1.26618011256e-05
2292 -1.26260713522e-05
2293 -1.25784885328e-05
2294 -1.24852939167e-05
2295 -1.24369261411e-05
2296 -1.24152039117e-05
2297 -1.23974717096e-05
2298 -1.2350873106e-05
2299 -1.22895176341e-05
2300 -1.43804128471e-05
2301 -1.38415005776e-05
2302 -1.33302887228e-05
2303 -1.36555996803e-05
2304 -1.34373275459e-05
2305 -1.33874066541e-05
2306 -1.34595379034e-05
2307 -1.36013689617e-05
2308 -1.35315979783e-05
2309 -1.35690582031e-05
2310 -1.36547066772e-05
2311 -1.3515940222e-05
2312 -1.36335854112e-05
2313 -1.34182478702e-05
2314 -1.34772862387e-05
2315 -1.34687658565e-05
2316 -1.34343385958e-05
2317 -1.34238731675e-05
2318 -1.33525140123e-05
2319 -1.33360254266e-05
2320 -1.34079808261e-05
2321 -1.34365848383e-05
2322 -1.33618692058e-05
2323 -1.32803443681e-05
2324 -1.32773633627e-05
2325 -1.32434208399e-05
2326 -1.31684424617e-05
2327 -1.30829660845e-05
2328 -1.31260955325e-05
2329 -1.30813658652e-05
2330 -1.2948616072e-05
2331 -1.30044911168e-05
2332 -1.30448384513e-05
2333 -1.29381893733e-05
2334 -1.28861714529e-05
2335 -1.28625656576e-05
2336 -1.27907465651e-05
2337 -1.27906255618e-05
2338 -1.27925329383e-05
2339 -1.27454118564e-05
2340 -1.26962845772e-05
2341 -1.26822129745e-05
2342 -1.2643135592e-05
2343 -1.25936521222e-05
2344 -1.24976699883e-05
2345 -1.24500689367e-05
2346 -1.24249865302e-05
2347 -1.24045436026e-05
2348 -1.23603347711e-05
2349 -1.22954689243e-05
2350 -1.4407144321e-05
2351 -1.3856905675e-05
2352 -1.33448212136e-05
2353 -1.36742129236e-05
2354 -1.3453014161e-05
2355 -1.34050874082e-05
2356 -1.34721592867e-05
2357 -1.36150038518e-05
2358 -1.35429985901e-05
2359 -1.35853707103e-05
2360 -1.36725115672e-05
2361 -1.35316567193e-05
2362 -1.36492761048e-05
2363 -1.34357164102e-05
2364 -1.34955665514e-05
2365 -1.34883855429e-05
2366 -1.34557410581e-05
2367 -1.34450303631e-05
2368 -1.3373933717e-05
2369 -1.33596515026e-05
2370 -1.34305891981e-05
2371 -1.3457073903e-05
2372 -1.33841040344e-05
2373 -1.33023502798e-05
2374 -1.32985182551e-05
2375 -1.3264359567e-05
2376 -1.31925983333e-05
2377 -1.31008324778e-05
2378 -1.31428000686e-05
2379 -1.31008391898e-05
2380 -1.29651187183e-05
2381 -1.30215159101e-05
2382 -1.306141986e-05
2383 -1.29581838937e-05
2384 -1.29071244873e-05
2385 -1.28852956527e-05
2386 -1.28189456068e-05
2387 -1.28152346449e-05
2388 -1.28115520878e-05
2389 -1.27582587848e-05
2390 -1.27033284308e-05
2391 -1.26864031723e-05
2392 -1.26486034886e-05
2393 -1.26013818541e-05
2394 -1.25057138329e-05
2395 -1.24588357318e-05
2396 -1.24305231121e-05
2397 -1.24085060378e-05
2398 -1.23663574129e-05
2399 -1.22972699412e-05
2400 -1.44456611159e-05
2401 -1.38912469247e-05
2402 -1.33735292867e-05
2403 -1.37072598043e-05
2404 -1.34894087179e-05
2405 -1.34414942289e-05
2406 -1.35028371893e-05
2407 -1.36442233636e-05
2408 -1.35696529012e-05
2409 -1.36129885251e-05
2410 -1.37007086274e-05
2411 -1.35553956387e-05
2412 -1.36732919702e-05
2413 -1.34581709429e-05
2414 -1.35172304922e-05
2415 -1.35104343711e-05
2416 -1.34704725805e-05
2417 -1.34587066581e-05
2418 -1.33916525988e-05
2419 -1.33715248587e-05
2420 -1.34370884153e-05
2421 -1.34617908136e-05
2422 -1.3391392395e-05
2423 -1.33078203538e-05
2424 -1.33056438972e-05
2425 -1.32678458003e-05
2426 -1.31985221474e-05
2427 -1.31059600689e-05
2428 -1.31477790214e-05
2429 -1.3108997991e-05
2430 -1.29796289015e-05
2431 -1.30352969982e-05
2432 -1.30714075537e-05
2433 -1.29686504515e-05
2434 -1.29120347439e-05
2435 -1.28953978651e-05
2436 -1.28258488761e-05
2437 -1.28221756086e-05
2438 -1.28190140881e-05
2439 -1.27699211909e-05
2440 -1.27144316449e-05
2441 -1.27024924408e-05
2442 -1.26648858697e-05
2443 -1.26181077173e-05
2444 -1.25223293334e-05
2445 -1.24768746757e-05
2446 -1.24487425044e-05
2447 -1.24239637563e-05
2448 -1.23770562396e-05
2449 -1.23076841521e-05
2450 -1.44679553821e-05
2451 -1.39062019999e-05
2452 -1.3394168286e-05
2453 -1.37264703497e-05
2454 -1.35094690765e-05
2455 -1.3462976063e-05
2456 -1.3520519247e-05
2457 -1.36622266873e-05
2458 -1.35840229215e-05
2459 -1.36346413034e-05
2460 -1.37170065715e-05
2461 -1.35726419302e-05
2462 -1.36896896063e-05
2463 -1.34757914084e-05
2464 -1.35375499384e-05
2465 -1.35318511755e-05
2466 -1.34925281738e-05
2467 -1.34804402482e-05
2468 -1.3416993873e-05
2469 -1.34039506433e-05
2470 -1.34710623035e-05
2471 -1.3497034935e-05
2472 -1.34247122749e-05
2473 -1.33405373249e-05
2474 -1.33397908554e-05
2475 -1.33006176517e-05
2476 -1.32317127216e-05
2477 -1.3132879203e-05
2478 -1.31718026755e-05
2479 -1.31283048089e-05
2480 -1.2993609151e-05
2481 -1.30471095847e-05
2482 -1.30855884109e-05
2483 -1.29852747864e-05
2484 -1.29242384097e-05
2485 -1.29079787287e-05
2486 -1.28374693583e-05
2487 -1.28343905561e-05
2488 -1.28293427417e-05
2489 -1.27836083976e-05
2490 -1.27280558824e-05
2491 -1.27134486202e-05
2492 -1.26733302517e-05
2493 -1.26227833959e-05
2494 -1.25243498427e-05
2495 -1.24797626599e-05
2496 -1.24500296452e-05
2497 -1.24346188554e-05
2498 -1.23933488072e-05
2499 -1.23217687032e-05
