0 0.0118448769338
1 0.0102614107456
2 0.00864096174487
3 0.00671070445422
4 0.00511204990454
5 0.00302846060792
6 0.00139608265632
7 5.81603803195e-05
8 -0.000961053385989
9 -0.00166649824938
10 -0.00212847948747
11 -0.00236447611195
12 -0.00241813407345
13 -0.0023179512032
14 -0.00222048177756
15 -0.00205637982949
16 -0.00185201266505
17 -0.00168132875523
18 -0.00151672441599
19 -0.00135434404243
20 -0.00120072761427
21 -0.00101803829242
22 -0.000828042149678
23 -0.000656998827058
24 -0.000522044691844
25 -0.000414819810797
26 -0.000331542856902
27 -0.000266695262544
28 -0.000215451458442
29 -0.000171203604184
30 -0.000132812308774
31 -9.98561902747e-05
32 -7.02841430333e-05
33 -4.40527953439e-05
34 -2.11852607955e-05
35 -1.24173783685e-06
36 1.64555330888e-05
37 3.15764101823e-05
38 4.50867966653e-05
39 5.60729393597e-05
40 6.50291862978e-05
41 7.29130443839e-05
42 7.91602691575e-05
43 8.38764818384e-05
44 8.76217743326e-05
45 9.0136756886e-05
46 9.24726007766e-05
47 9.38093456884e-05
48 9.49239682068e-05
49 9.51344081674e-05
50 0.0115127685713
51 0.010167922855
52 0.0081992220983
53 0.00668839343438
54 0.00457720483635
55 0.0027604924387
56 0.00113996046184
57 -0.000114761173071
58 -0.00105935033746
59 -0.00167409841974
60 -0.00208949645904
61 -0.00224289873667
62 -0.00230426529679
63 -0.002199113798
64 -0.00208029149502
65 -0.00192510219566
66 -0.0017503799236
67 -0.00159589482805
68 -0.0014238410797
69 -0.00126456895941
70 -0.00111194702263
71 -0.00094128489756
72 -0.000765855777494
73 -0.000610189983376
74 -0.000486207552578
75 -0.000387593440137
76 -0.000311323379295
77 -0.000251570696999
78 -0.000203682618623
79 -0.000162262485607
80 -0.000126058763878
81 -9.47050006931e-05
82 -6.64097833355e-05
83 -4.15094169038e-05
84 -1.96927642404e-05
85 -5.47099098357e-07
86 1.64522475086e-05
87 3.09510438242e-05
88 4.37052618933e-05
89 5.41781206595e-05
90 6.28902287229e-05
91 7.03745989507e-05
92 7.61894593901e-05
93 8.06983151481e-05
94 8.42497137675e-05
95 8.66860520204e-05
96 8.89733498494e-05
97 9.02957267022e-05
98 9.12744408048e-05
99 9.14213047502e-05
100 0.0120332347314
101 0.0105108220625
102 0.00827947234709
103 0.00653586253878
104 0.00424886704116
105 0.00235450292459
106 0.000734375493192
107 -0.000455496342139
108 -0.00130095113799
109 -0.00181515441304
110 -0.00213999831516
111 -0.0022244722782
112 -0.00223610114892
113 -0.00210484715066
114 -0.00197322189319
115 -0.00181751352586
116 -0.00164890816293
117 -0.00149778464321
118 -0.001323951478
119 -0.0011587800918
120 -0.00100499985762
121 -0.000844345268806
122 -0.000687095587937
123 -0.000549623060947
124 -0.000440249860045
125 -0.00035298729307
126 -0.000285059411973
127 -0.000231299096728
128 -0.000187587091805
129 -0.000149359284223
130 -0.000115609399164
131 -8.60610026e-05
132 -5.92496930347e-05
133 -3.56055264052e-05
134 -1.48111102902e-05
135 3.45266578068e-06
136 1.97156527565e-05
137 3.35756479734e-05
138 4.57237184754e-05
139 5.57064877446e-05
140 6.40050346546e-05
141 7.11700940378e-05
142 7.674264157e-05
143 8.09898166005e-05
144 8.4344040903e-05
145 8.6620016662e-05
146 8.8782813057e-05
147 9.00126422149e-05
148 9.09058258612e-05
149 9.09833025521e-05
150 0.012823475583
151 0.0110234994463
152 0.00834600207511
153 0.00623956659227
154 0.00370153422602
155 0.00172036075618
156 0.000137424097409
157 -0.000930228706977
158 -0.00161543769512
159 -0.00197805684465
160 -0.00217365316539
161 -0.0021676478567
162 -0.0021146787278
163 -0.00195282951994
164 -0.00180833663241
165 -0.00165396075986
166 -0.00149177402591
167 -0.00134357411901
168 -0.00117059985387
169 -0.00100658843897
170 -0.000859441334609
171 -0.000715470271769
172 -0.000581018804901
173 -0.000466037007614
174 -0.000375582681618
175 -0.000303810683784
176 -0.000247616904628
177 -0.000202408819058
178 -0.000164689171107
179 -0.000131058374699
180 -0.000100778761652
181 -7.38041278964e-05
182 -4.90466417351e-05
183 -2.71550845313e-05
184 -7.77872114852e-06
185 9.2251754951e-06
186 2.44746856263e-05
187 3.74400276628e-05
188 4.88991838819e-05
189 5.82560159149e-05
190 6.59687314923e-05
191 7.25955339891e-05
192 7.78039675797e-05
193 8.16761623899e-05
194 8.47584850443e-05
195 8.68062764919e-05
196 8.87673532648e-05
197 8.98562842472e-05
198 9.0627834967e-05
199 9.06235208896e-05
200 0.0139925782768
201 0.0118304042969
202 0.00834698882306
203 0.00571704344012
204 0.00286007867603
205 0.000824919765583
206 -0.000641926910437
207 -0.00150599756681
208 -0.00195803671367
209 -0.00211675972862
210 -0.0021559472367
211 -0.00203969741189
212 -0.00191807866933
213 -0.00173276000948
214 -0.00158004244502
215 -0.00142951642874
216 -0.00127544048126
217 -0.00113180590231
218 -0.000968536901949
219 -0.000817439788254
220 -0.000686278958926
221 -0.000564376052669
222 -0.000454547086217
223 -0.000363801874773
224 -0.000294721857636
225 -0.000241425551576
226 -0.000199908390962
227 -0.000165666478008
228 -0.00013575364346
229 -0.00010798643311
230 -8.21009439064e-05
231 -5.83443307897e-05
232 -3.61682377029e-05
233 -1.64112783798e-05
234 1.11850645424e-06
235 1.66064767079e-05
236 3.06299295243e-05
237 4.24481416033e-05
238 5.29317458548e-05
239 6.14525453931e-05
240 6.83433504382e-05
241 7.44834974393e-05
242 7.91453928684e-05
243 8.27105625818e-05
244 8.54238498669e-05
245 8.70426086075e-05
246 8.87680752859e-05
247 8.97467004159e-05
248 9.03961544018e-05
249 9.03282644045e-05
250 0.0156153497164
251 0.0126391670013
252 0.0081349700533
253 0.00475471373187
254 0.00161669345648
255 -0.000346363664755
256 -0.00154425581105
257 -0.0020836757442
258 -0.00221787719175
259 -0.00214149170073
260 -0.00200426012728
261 -0.00179286099366
262 -0.00161639900513
263 -0.00141996675059
264 -0.00126789049546
265 -0.00112762864386
266 -0.000988314286298
267 -0.000860188119508
268 -0.000721595230171
269 -0.000598058285485
270 -0.000492634986273
271 -0.000397129967673
272 -0.000313506305601
273 -0.000247271738843
274 -0.000200387656915
275 -0.000167627710133
276 -0.000143266640031
277 -0.00012210984903
278 -0.000101668831812
279 -8.09650277231e-05
280 -6.03618772323e-05
281 -4.04241479475e-05
282 -2.13622525118e-05
283 -4.20204288757e-06
284 1.11868611276e-05
285 2.49333992639e-05
286 3.74101085892e-05
287 4.7906713041e-05
288 5.7301499213e-05
289 6.47415275284e-05
290 7.09508638177e-05
291 7.63502355298e-05
292 8.03955154972e-05
293 8.34799097416e-05
294 8.56784834228e-05
295 8.71087414519e-05
296 8.86420737682e-05
297 8.93331116451e-05
298 8.98446657134e-05
299 8.95766849013e-05
300 0.0178638242935
301 0.0133958359422
302 0.00742991192442
303 0.00313985895722
304 -8.97799663188e-05
305 -0.00172204060543
306 -0.00242072435078
307 -0.00249495096907
308 -0.00226603798372
309 -0.00194984684798
310 -0.00165917969933
311 -0.0013838575997
312 -0.00117889773069
313 -0.000999067680227
314 -0.000866846875182
315 -0.000751195133934
316 -0.000642142171179
317 -0.000543636820602
318 -0.000445132823036
319 -0.000360042686609
320 -0.000287310632884
321 -0.000222202439193
322 -0.000165911388006
323 -0.000122941704572
324 -9.76868793806e-05
325 -8.59701258473e-05
326 -8.02140638663e-05
327 -7.37003873612e-05
328 -6.39407478393e-05
329 -5.1155576855e-05
330 -3.65622109389e-05
331 -2.0987542398e-05
332 -5.40270203786e-06
333 8.80765324712e-06
334 2.19115425537e-05
335 3.36266351877e-05
336 4.43534237399e-05
337 5.33923361108e-05
338 6.14341898433e-05
339 6.78242530357e-05
340 7.31157278935e-05
341 7.76870085171e-05
342 8.11579247195e-05
343 8.36203738355e-05
344 8.54560832533e-05
345 8.6632869022e-05
346 8.78547830242e-05
347 8.84375612062e-05
348 8.86470434977e-05
349 8.82056429074e-05
350 0.0206691588888
351 0.0138872055728
352 0.00581381686883
353 0.000643967024637
354 -0.00219262461416
355 -0.00305559008523
356 -0.00299749701178
357 -0.00252009188756
358 -0.00194852446149
359 -0.00145376690532
360 -0.00107502727561
361 -0.000796427139649
362 -0.00060837715053
363 -0.000482630126854
364 -0.000394167304548
365 -0.00032320223185
366 -0.000261428777226
367 -0.000206850379933
368 -0.000158970281889
369 -0.000118374288016
370 -8.1581898905e-05
371 -4.90276346171e-05
372 -1.93573074671e-05
373 1.65620520732e-06
374 7.02342774689e-06
375 -1.18335573871e-06
376 -1.4194348057e-05
377 -2.29669710638e-05
378 -2.44196772667e-05
379 -2.00790187376e-05
380 -1.18463197672e-05
381 -9.296667016e-07
382 1.10122823869e-05
383 2.21581814826e-05
384 3.28795913917e-05
385 4.24580574279e-05
386 5.13372734882e-05
387 5.87835302547e-05
388 6.55294211854e-05
389 7.08000108514e-05
390 7.50889060761e-05
391 7.87897023771e-05
392 8.1635405741e-05
393 8.34851591683e-05
394 8.49660512369e-05
395 8.5735411784e-05
396 8.6684085486e-05
397 8.69521432128e-05
398 8.69239967169e-05
399 8.64032074196e-05
400 0.0241946595039
401 0.0133807917751
402 0.00260835027264
403 -0.00276150269473
404 -0.00424064495053
405 -0.00384477911158
406 -0.00286709351512
407 -0.00191585850768
408 -0.00113536312845
409 -0.000605477890527
410 -0.000247282032028
411 -5.21802837467e-05
412 6.21807536898e-05
413 9.7668217554e-05
414 0.000117101150278
415 0.000124858004383
416 0.000124899938693
417 0.000125933013525
418 0.000118986141514
419 0.000113882176124
420 0.000114052926675
421 0.000115190841276
422 0.000119443965987
423 0.000120333622565
424 0.000108467593112
425 8.19184917967e-05
426 5.10712800067e-05
427 2.74902022711e-05
428 1.48560512972e-05
429 1.07060253456e-05
430 1.25790540261e-05
431 1.88635831302e-05
432 2.71327949947e-05
433 3.53102893906e-05
434 4.33908011938e-05
435 5.08585733557e-05
436 5.79243267811e-05
437 6.38024627909e-05
438 6.91916972458e-05
439 7.332275875e-05
440 7.66005810783e-05
441 7.95286167687e-05
442 8.16450589022e-05
443 8.30751323323e-05
444 8.41251497213e-05
445 8.45256281157e-05
446 8.51046663076e-05
447 8.51456791406e-05
448 8.49703295007e-05
449 8.43805911515e-05
450 0.0282387328976
451 0.00976751364481
452 -0.00277431395981
453 -0.00619669645778
454 -0.00513860017785
455 -0.00330167093701
456 -0.00162917011422
457 -0.000520388809028
458 0.000183607904137
459 0.00054745861311
460 0.000754475065604
461 0.000780438752997
462 0.000774020548335
463 0.000691292277065
464 0.0006233727103
465 0.000556130490658
466 0.000488957602928
467 0.000433217802811
468 0.000373448701986
469 0.000325163534086
470 0.000291307639596
471 0.000263460670343
472 0.000244166545886
473 0.000227703718078
474 0.000201315693564
475 0.000158533566385
476 0.000112061471664
477 7.47419479682e-05
478 5.15677287871e-05
479 3.94097342914e-05
480 3.5336843336e-05
481 3.7200344978e-05
482 4.19419800471e-05
483 4.71993442506e-05
484 5.29416008097e-05
485 5.83007411934e-05
486 6.36511049561e-05
487 6.80553730157e-05
488 7.21866011354e-05
489 7.51475543612e-05
490 7.75696358714e-05
491 7.97694640382e-05
492 8.12224140159e-05
493 8.21604915176e-05
494 8.27487942177e-05
495 8.27618390644e-05
496 8.31304533245e-05
497 8.29500557267e-05
498 8.26846158131e-05
499 8.19233650378e-05
500 0.0299166345518
501 -0.000313544525956
502 -0.00877601255204
503 -0.00678170831851
504 -0.00319349362048
505 -0.000763085538425
506 0.000788758165174
507 0.00152828190303
508 0.00181305711156
509 0.00183349761174
510 0.00177984883508
511 0.00159371678433
512 0.00144141337962
513 0.00123299632031
514 0.00107426695578
515 0.00093265774863
516 0.000801138084869
517 0.000695406564463
518 0.000589488597951
519 0.00050452133118
520 0.000441417215153
521 0.000389127718859
522 0.000349821595154
523 0.000319032199776
524 0.000280600430123
525 0.000224825312184
526 0.000165189154704
527 0.000116310325746
528 8.40246793942e-05
529 6.48051545243e-05
530 5.5400211677e-05
531 5.33230039389e-05
532 5.48418031738e-05
533 5.74123228928e-05
534 6.0890062394e-05
535 6.43567506917e-05
536 6.80765433634e-05
537 7.10721909218e-05
538 7.40077901523e-05
539 7.59314718667e-05
540 7.75443516673e-05
541 7.90036805464e-05
542 7.99153843402e-05
543 8.04277425249e-05
544 8.06809142124e-05
545 8.04870838432e-05
546 8.06109855496e-05
547 8.02911004562e-05
548 7.98860199409e-05
549 7.89838363659e-05
550 0.0149987507941
551 -0.0111188847687
552 -0.00707979929731
553 -0.000646280614186
554 0.00220512147515
555 0.00332902705128
556 0.0037287629399
557 0.00366095679595
558 0.003340759304
559 0.00296053572765
560 0.00262942338312
561 0.00224985500237
562 0.00196601431965
563 0.00165391351094
564 0.00141993677124
565 0.0012190634259
566 0.00103834277233
567 0.000894119206832
568 0.000753664105843
569 0.000641667048729
570 0.000556793631924
571 0.000485718295134
572 0.000431817507023
573 0.000389707045871
574 0.000342292924188
575 0.000277105758007
576 0.000207370621449
577 0.0001496898091
578 0.000110187501591
579 8.53927973444e-05
580 7.16066761543e-05
581 6.62201995441e-05
582 6.50200629846e-05
583 6.52755288679e-05
584 6.67691535823e-05
585 6.86371801285e-05
586 7.09137954796e-05
587 7.27798424439e-05
588 7.46361480139e-05
589 7.57473186951e-05
590 7.66796419735e-05
591 7.74689051839e-05
592 7.79872451023e-05
593 7.80742098628e-05
594 7.79639625473e-05
595 7.76362611994e-05
596 7.74920285624e-05
597 7.70575031207e-05
598 7.65102799978e-05
599 7.55648605769e-05
600 -0.0107008934887
601 0.00115990692291
602 0.00777311672374
603 0.00883332547053
604 0.00776006512133
605 0.00671894849305
606 0.00580859710883
607 0.00502309365264
608 0.00426365054365
609 0.00361848364941
610 0.00311290985568
611 0.00262164576255
612 0.00226263027597
613 0.00189644828123
614 0.00162285068809
615 0.00138888953278
616 0.00118221672242
617 0.00101565226373
618 0.000856622820649
619 0.000729168092709
620 0.000630817823478
621 0.000548901772079
622 0.000486092703953
623 0.000436759962061
624 0.000383528082317
625 0.000312310471573
626 0.000236303831725
627 0.000172979409371
628 0.000128685892707
629 0.000100082681544
630 8.31418724948e-05
631 7.52214408916e-05
632 7.18445660108e-05
633 7.03098851158e-05
634 7.02354096507e-05
635 7.07953239401e-05
636 7.19008421748e-05
637 7.27455705817e-05
638 7.37087015179e-05
639 7.41369665831e-05
640 7.44491141039e-05
641 7.47904723546e-05
642 7.4936524311e-05
643 7.47703766218e-05
644 7.4474007969e-05
645 7.39851034317e-05
646 7.3698774851e-05
647 7.32300192531e-05
648 7.25739322397e-05
649 7.16587870365e-05
650 -0.00245842087782
651 0.00311674462449
652 0.00935673191816
653 0.00882582156532
654 0.0079077765893
655 0.00676774072768
656 0.00576442371446
657 0.00494928137783
658 0.00421621647851
659 0.00359682778367
660 0.00310168295255
661 0.00263193899544
662 0.00227987930317
663 0.00192876595648
664 0.0016596815126
665 0.00142666207767
666 0.00122114511569
667 0.00105248543579
668 0.000892109781687
669 0.000762079181945
670 0.00066048383356
671 0.000575789981425
672 0.000510167616486
673 0.000458446078825
674 0.000402435973328
675 0.000328729112669
676 0.000250570072292
677 0.000184903769844
678 0.000138560384048
679 0.000108052979973
680 8.94201302063e-05
681 7.98561588922e-05
682 7.49291580687e-05
683 7.20858226399e-05
684 7.09173710845e-05
685 7.05071573876e-05
686 7.06946873309e-05
687 7.08004633394e-05
688 7.11414296571e-05
689 7.10485126277e-05
690 7.09619152839e-05
691 7.09978607651e-05
692 7.08970462118e-05
693 7.05229222291e-05
694 7.01252943292e-05
695 6.95418244976e-05
696 6.9230341722e-05
697 6.86988186686e-05
698 6.80237162771e-05
699 6.715539067e-05
700 0.0174792423928
701 -0.0123051373224
702 -0.00635991123111
703 -0.000961898273315
704 0.00229434254232
705 0.00335003442626
706 0.00357305611327
707 0.00345923633528
708 0.0032079568674
709 0.00290111143738
710 0.00260075566622
711 0.0022842413616
712 0.0020243946155
713 0.00175316509781
714 0.00153301078755
715 0.00133586090762
716 0.00115722095572
717 0.00100608421364
718 0.000861624117302
719 0.000741567197918
720 0.000646079099629
721 0.000566234978588
722 0.000504166518712
723 0.000454152343453
724 0.000398781092329
725 0.000326011375129
726 0.000249598031546
727 0.000185130351006
728 0.000139355168177
729 0.000108865617362
730 8.99233941732e-05
731 7.96450034727e-05
732 7.39115118512e-05
733 7.03719901317e-05
734 6.8563970713e-05
735 6.75629081406e-05
736 6.71617959716e-05
737 6.68097709464e-05
738 6.67566926871e-05
739 6.63746738138e-05
740 6.6118375646e-05
741 6.59730528303e-05
742 6.57828090208e-05
743 6.5344739967e-05
744 6.49271049667e-05
745 6.43631103035e-05
746 6.40799317741e-05
747 6.35763665915e-05
748 6.29642790489e-05
749 6.21589837852e-05
750 0.0287400624532
751 -0.000223153072456
752 -0.00999623176942
753 -0.00752390380452
754 -0.00354916860073
755 -0.000994298445777
756 0.000482482066084
757 0.0012243247076
758 0.00161223423851
759 0.00174586028239
760 0.00174303601942
761 0.00165940793467
762 0.0015497325815
763 0.00140497457862
764 0.00126785873655
765 0.00113322648865
766 0.00100278914256
767 0.000886207574057
768 0.000770916469625
769 0.00067193802513
770 0.000590829937842
771 0.00052294353797
772 0.000469864729192
773 0.000425264505817
774 0.000373568623787
775 0.000305076475474
776 0.00023404600551
777 0.000174145973693
778 0.000131384912259
779 0.000102715804498
780 8.47997811422e-05
781 7.47210315052e-05
782 6.88576883938e-05
783 6.51946144077e-05
784 6.31645217368e-05
785 6.19400780553e-05
786 6.12770888266e-05
787 6.07549581067e-05
788 6.05658591152e-05
789 6.01159269412e-05
790 5.98558721837e-05
791 5.96976170203e-05
792 5.95167993898e-05
793 5.91685166692e-05
794 5.88303731544e-05
795 5.83976408402e-05
796 5.82009806622e-05
797 5.77766409191e-05
798 5.72929989539e-05
799 5.66114045367e-05
800 0.0262998542513
801 0.00913676807408
802 -0.00440463951966
803 -0.00713946697222
804 -0.00590865394672
805 -0.00384838886089
806 -0.00208396233741
807 -0.000893141949112
808 -5.27635807914e-05
809 0.000453958011764
810 0.000736088352087
811 0.00088969360723
812 0.000945727014596
813 0.00094397020156
814 0.000906109436507
815 0.000848719602733
816 0.000779437371763
817 0.000707908423166
818 0.000631590691082
819 0.000561330067034
820 0.000500895583111
821 0.000450038026175
822 0.000409923692785
823 0.000373928233513
824 0.000328634437496
825 0.000267886558449
826 0.000205361755599
827 0.000152827641621
828 0.000115200383309
829 8.9974577751e-05
830 7.42207257788e-05
831 6.51543058137e-05
832 5.98043569803e-05
833 5.65539637135e-05
834 5.47551740846e-05
835 5.36976962853e-05
836 5.30994836474e-05
837 5.27261888784e-05
838 5.25851351484e-05
839 5.23146291994e-05
840 5.22071987608e-05
841 5.21797471846e-05
842 5.21305574541e-05
843 5.20073576721e-05
844 5.18657113757e-05
845 5.16491775011e-05
846 5.16041641291e-05
847 5.13531931496e-05
848 5.10365785281e-05
849 5.05524875206e-05
850 0.0221156026555
851 0.0122056854507
852 0.00106034873756
853 -0.00380635838124
854 -0.00525046317606
855 -0.00462384740688
856 -0.00343048030857
857 -0.00232544452088
858 -0.00137322417752
859 -0.0006818024973
860 -0.00021535372803
861 0.000117687709267
862 0.000312668928673
863 0.000440263165602
864 0.000498634669294
865 0.000518899734441
866 0.000513793723088
867 0.000491416915865
868 0.000458198372086
869 0.000420740885758
870 0.000384659059919
871 0.000353668062373
872 0.000328947661791
873 0.000303723240515
874 0.000267244953892
875 0.000217080832591
876 0.000165864842426
877 0.000122864072395
878 9.19531720631e-05
879 7.13702810275e-05
880 5.87266465136e-05
881 5.13082098186e-05
882 4.70366978038e-05
883 4.46637251014e-05
884 4.35105910461e-05
885 4.29288415033e-05
886 4.27084743421e-05
887 4.27300757276e-05
888 4.28850148239e-05
889 4.297397877e-05
890 4.32046613427e-05
891 4.34729392551e-05
892 4.37202767619e-05
893 4.39201681222e-05
894 4.40716053803e-05
895 4.41587237591e-05
896 4.43319173413e-05
897 4.43300083795e-05
898 4.42370103111e-05
899 4.39907350937e-05
900 0.0184503892294
901 0.0123982274003
902 0.00431326527917
903 -0.000533898443763
904 -0.00332636884189
905 -0.00397253880936
906 -0.00363113655365
907 -0.00294440244696
908 -0.00216328090979
909 -0.00148937528217
910 -0.000969581631053
911 -0.000544014630774
912 -0.000262689707663
913 -4.06685023961e-05
914 9.43731885831e-05
915 0.000181367679496
916 0.000233975893895
917 0.000258373765601
918 0.000267193418719
919 0.000262697910865
920 0.000251500087258
921 0.000241081393522
922 0.000232378444426
923 0.000219120815876
924 0.000193567237382
925 0.000156399626304
926 0.000118413164299
927 8.62893285495e-05
928 6.30981943907e-05
929 4.79039635821e-05
930 3.89929108055e-05
931 3.37299567547e-05
932 3.09344705656e-05
933 2.98364884174e-05
934 2.96700753746e-05
935 2.98777428301e-05
936 3.03130153705e-05
937 3.09517402701e-05
938 3.1616417295e-05
939 3.2245929199e-05
940 3.29386538586e-05
941 3.36490102386e-05
942 3.43146469727e-05
943 3.49324622425e-05
944 3.54835088642e-05
945 3.59397953298e-05
946 3.64259832601e-05
947 3.67204685366e-05
948 3.69205088961e-05
949 3.69696375032e-05
950 0.0154728163106
951 0.0115970295332
952 0.00586224475286
953 0.00179014143622
954 -0.00132131997125
955 -0.00271656647951
956 -0.00310080433755
957 -0.00290870907548
958 -0.00244230711179
959 -0.00192438439391
960 -0.00146077822233
961 -0.00103246923241
962 -0.000722931348072
963 -0.000451171318164
964 -0.000267632249095
965 -0.000132159719544
966 -3.47012262846e-05
967 2.8555127756e-05
968 7.4043221863e-05
969 9.91366532392e-05
970 0.00011084950422
971 0.000119419525914
972 0.000125923694768
973 0.000125367571674
974 0.000112459709301
975 8.99269525994e-05
976 6.60660778498e-05
977 4.53710082945e-05
978 3.02196599354e-05
979 2.07564703925e-05
980 1.59021746425e-05
981 1.30802970823e-05
982 1.20199977055e-05
983 1.25119757965e-05
984 1.36072324485e-05
985 1.48475217223e-05
986 1.61523584317e-05
987 1.75905413712e-05
988 1.89114851295e-05
989 2.02439989375e-05
990 2.1545793884e-05
991 2.28154470217e-05
992 2.40129468391e-05
993 2.51485505182e-05
994 2.61856735552e-05
995 2.70946153945e-05
996 2.79379041086e-05
997 2.86042754942e-05
998 2.91465392077e-05
999 2.95484451051e-05
1000 0.0131123813571
1001 0.0105025810567
1002 0.00640011896782
1003 0.00320083297645
1004 0.000289279209383
1005 -0.00139782743151
1006 -0.00224613802642
1007 -0.00246825711407
1008 -0.00233445562158
1009 -0.00203267163243
1010 -0.00169508892986
1011 -0.0013298999221
1012 -0.00104115514119
1013 -0.000762751161994
1014 -0.000560522820171
1015 -0.000398963990934
1016 -0.000272184668225
1017 -0.000181602662563
1018 -0.00010787345292
1019 -5.92367407684e-05
1020 -2.87257674032e-05
1021 -4.66454055365e-06
1022 1.55529045202e-05
1023 2.81120906989e-05
1024 2.91770032635e-05
1025 2.17773693618e-05
1026 1.19603306858e-05
1027 2.30939976803e-06
1028 -5.09265535305e-06
1029 -8.97767280469e-06
1030 -9.72438164939e-06
1031 -9.99147438514e-06
1032 -9.14368538262e-06
1033 -6.84092142045e-06
1034 -4.29251199583e-06
1035 -1.82523832439e-06
1036 5.10713830307e-07
1037 2.8782316555e-06
1038 4.98235094762e-06
1039 7.1594956364e-06
1040 9.1925030647e-06
1041 1.11259076142e-05
1042 1.29392088117e-05
1043 1.46776444461e-05
1044 1.62629656669e-05
1045 1.76891821049e-05
1046 1.89390809183e-05
1047 2.00273437023e-05
1048 2.09686906866e-05
1049 2.17469974036e-05
1050 0.0112394533463
1051 0.00938946911799
1052 0.00641303624808
1053 0.00396054703308
1054 0.00143512413038
1055 -0.000266405061671
1056 -0.00134179049189
1057 -0.00184711090485
1058 -0.00199124270242
1059 -0.00190491395686
1060 -0.00171885424485
1061 -0.00145352378419
1062 -0.00122037565044
1063 -0.000969162668885
1064 -0.000773075290313
1065 -0.000606570205611
1066 -0.000466895655512
1067 -0.000361033017088
1068 -0.000269260218365
1069 -0.000204682289709
1070 -0.000161291562518
1071 -0.000125535815098
1072 -9.28678591261e-05
1073 -6.70081647424e-05
1074 -5.14471025769e-05
1075 -4.43634887966e-05
1076 -4.12016206334e-05
1077 -4.09628816507e-05
1078 -4.13857256583e-05
1079 -4.0126901975e-05
1080 -3.69823749309e-05
1081 -3.47488567416e-05
1082 -3.18804992245e-05
1083 -2.76740437464e-05
1084 -2.3615716495e-05
1085 -1.98367306158e-05
1086 -1.63484057289e-05
1087 -1.29507153028e-05
1088 -9.865635815e-06
1089 -6.75871734195e-06
1090 -3.90420803583e-06
1091 -1.24324188335e-06
1092 1.25466277736e-06
1093 3.6500202315e-06
1094 5.83777179324e-06
1095 7.83359037941e-06
1096 9.54721448445e-06
1097 1.11047328108e-05
1098 1.24822185005e-05
1099 1.3676550611e-05
1100 0.00971607479484
1101 0.00836290966061
1102 0.00615813040377
1103 0.00429485554606
1104 0.00218149226075
1105 0.000607880653475
1106 -0.000528568037825
1107 -0.00119282557366
1108 -0.00153525136622
1109 -0.00163062550651
1110 -0.00158993649324
1111 -0.00143661385929
1112 -0.00127684903601
1113 -0.00107440408364
1114 -0.000904609057313
1115 -0.000750003245457
1116 -0.000612508751756
1117 -0.000502582402492
1118 -0.000403590213944
1119 -0.000331441350351
1120 -0.00028164974791
1121 -0.000237485586538
1122 -0.000193425780072
1123 -0.000154216227784
1124 -0.000125141118693
1125 -0.000105238968339
1126 -9.11608007033e-05
1127 -8.27388268547e-05
1128 -7.73142404404e-05
1129 -7.16144276382e-05
1130 -6.49648283326e-05
1131 -6.03927430584e-05
1132 -5.56336369586e-05
1133 -4.9580490883e-05
1134 -4.38675298377e-05
1135 -3.87046930975e-05
1136 -3.397285871e-05
1137 -2.94663888839e-05
1138 -2.54120278279e-05
1139 -2.12820582767e-05
1140 -1.7578118125e-05
1141 -1.41283115859e-05
1142 -1.090493967e-05
1143 -7.80956533215e-06
1144 -4.96590460929e-06
1145 -2.37732423862e-06
1146 -1.45607621008e-07
1147 1.90253543688e-06
1148 3.73859451251e-06
1149 5.37721596236e-06
1150 0.00848209461309
1151 0.00744968965305
1152 0.00578269801595
1153 0.00436461590262
1154 0.00262720550515
1155 0.00123657013324
1156 0.000138974782756
1157 -0.000590133683144
1158 -0.00105553043041
1159 -0.00128559457087
1160 -0.00136671253375
1161 -0.00132018735225
1162 -0.00123746901289
1163 -0.00109446778306
1164 -0.000963008219966
1165 -0.000832120334732
1166 -0.000708371327727
1167 -0.000604866345814
1168 -0.000508603230602
1169 -0.000437163150379
1170 -0.000385886504301
1171 -0.000335172392521
1172 -0.000280239847491
1173 -0.000228635703543
1174 -0.000188279566979
1175 -0.000158482703125
1176 -0.00013630705386
1177 -0.000121696378333
1178 -0.000111665748715
1179 -0.000102419871362
1180 -9.27228040741e-05
1181 -8.60526410201e-05
1182 -7.95080442846e-05
1183 -7.15868408506e-05
1184 -6.43538549092e-05
1185 -5.78358713922e-05
1186 -5.19095695476e-05
1187 -4.62925628206e-05
1188 -4.12509942531e-05
1189 -3.61567252577e-05
1190 -3.15767451563e-05
1191 -2.73076655328e-05
1192 -2.33580582295e-05
1193 -1.9552365248e-05
1194 -1.60383585984e-05
1195 -1.28153590162e-05
1196 -1.00461510195e-05
1197 -7.50039916608e-06
1198 -5.18828442016e-06
1199 -3.05696336856e-06
1200 0.00745215974535
1201 0.0066502898962
1202 0.00536346007147
1203 0.00427797454452
1204 0.00286045044847
1205 0.00166270434003
1206 0.000654787676613
1207 -7.64788411761e-05
1208 -0.000604718804069
1209 -0.000923838001711
1210 -0.00109753480755
1211 -0.00114191980926
1212 -0.00113069112592
1213 -0.00104874479438
1214 -0.000961025437525
1215 -0.000861292308562
1216 -0.000759813595134
1217 -0.000671225356956
1218 -0.000586125107559
1219 -0.000521293958801
1220 -0.000470867734458
1221 -0.00041411267551
1222 -0.000348944662359
1223 -0.000287537228856
1224 -0.000239342866192
1225 -0.000203273333104
1226 -0.000175826079147
1227 -0.000157090732824
1228 -0.000143851989864
1229 -0.000131883386908
1230 -0.00011968218347
1231 -0.000111284138188
1232 -0.000103183548051
1233 -9.35668325109e-05
1234 -8.48807673004e-05
1235 -7.70985850809e-05
1236 -7.00065196951e-05
1237 -6.32775801562e-05
1238 -5.73155886284e-05
1239 -5.12094638684e-05
1240 -4.57420454191e-05
1241 -4.06563415538e-05
1242 -3.59587832398e-05
1243 -3.14362124508e-05
1244 -2.72257957625e-05
1245 -2.33633415023e-05
1246 -2.00513392711e-05
1247 -1.69776644962e-05
1248 -1.41698260086e-05
1249 -1.15465399584e-05
1250 0.00658932106192
1251 0.00595246169989
1252 0.00494194098422
1253 0.00410637901734
1254 0.00294911867435
1255 0.00193250299544
1256 0.00103425851988
1257 0.000338302327328
1258 -0.000209341329884
1259 -0.000579170836624
1260 -0.000816204455762
1261 -0.000932259190637
1262 -0.000981447795047
1263 -0.000956750313118
1264 -0.000912306717909
1265 -0.000847492017099
1266 -0.000773487518986
1267 -0.00070612220716
1268 -0.000638264907495
1269 -0.000583152659749
1270 -0.000533075788786
1271 -0.000469639884544
1272 -0.000396743486566
1273 -0.000329826251659
1274 -0.000278032068476
1275 -0.000239252627513
1276 -0.000209273484664
1277 -0.000188292729209
1278 -0.000173197131635
1279 -0.000159261000633
1280 -0.000145223283763
1281 -0.000135433948489
1282 -0.000125967114142
1283 -0.000114901078559
1284 -0.000104951035512
1285 -9.60260861969e-05
1286 -8.78574079454e-05
1287 -8.00994038862e-05
1288 -7.31311068657e-05
1289 -6.60417525426e-05
1290 -5.97384362759e-05
1291 -5.38887094214e-05
1292 -4.84708177358e-05
1293 -4.32550120425e-05
1294 -3.8368684906e-05
1295 -3.38902299038e-05
1296 -3.00491500904e-05
1297 -2.64670644294e-05
1298 -2.31419004281e-05
1299 -2.00363928466e-05
1300 0.00585921878195
1301 0.00534527992299
1302 0.00453796593037
1303 0.00389132712064
1304 0.00294322259559
1305 0.00208518145224
1306 0.00129863349447
1307 0.000658546207809
1308 0.000120400402658
1309 -0.0002705996463
1310 -0.000545785749784
1311 -0.000713936870217
1312 -0.000810708636702
1313 -0.000835703867144
1314 -0.000831619150853
1315 -0.000801774604179
1316 -0.000758596778949
1317 -0.000716863059739
1318 -0.000668295882585
1319 -0.000621381490772
1320 -0.000569301429256
1321 -0.000500528458089
1322 -0.000424010800102
1323 -0.000356719898522
1324 -0.00030541810089
1325 -0.000267161744424
1326 -0.000237057542574
1327 -0.000215333126418
1328 -0.00019938471938
1329 -0.000184234620194
1330 -0.000168889734182
1331 -0.000158098053448
1332 -0.00014758785124
1333 -0.000135326698786
1334 -0.000124292651558
1335 -0.000114269888936
1336 -0.000105083034018
1337 -9.63800988223e-05
1338 -8.86177435153e-05
1339 -8.06402720765e-05
1340 -7.35319524378e-05
1341 -6.69613271296e-05
1342 -6.08189045177e-05
1343 -5.49091593818e-05
1344 -4.93492341792e-05
1345 -4.42641538122e-05
1346 -3.98849341341e-05
1347 -3.57739463245e-05
1348 -3.19470431563e-05
1349 -2.83684539186e-05
1350 0.00524213995014
1351 0.00481997546134
1352 0.00416607065279
1353 0.00366062514587
1354 0.0028797886037
1355 0.00215621580851
1356 0.00147570609772
1357 0.000898285774492
1358 0.000386972690035
1359 -5.03782879068e-06
1360 -0.000299021483446
1361 -0.000502212486701
1362 -0.000634157222181
1363 -0.000700138541187
1364 -0.000732054441378
1365 -0.000736358335824
1366 -0.000724336027009
1367 -0.000708058687667
1368 -0.000675521617212
1369 -0.000632445651135
1370 -0.000577126268971
1371 -0.00050637297691
1372 -0.000432083616312
1373 -0.000369348472917
1374 -0.000322468313876
1375 -0.000287232231566
1376 -0.000258748969856
1377 -0.000237649486286
1378 -0.000221835335473
1379 -0.000206208259667
1380 -0.000190042532633
1381 -0.000178638087309
1382 -0.000167425631613
1383 -0.000154187740719
1384 -0.000142250586642
1385 -0.000131440368482
1386 -0.000121368370559
1387 -0.000111869591587
1388 -0.000103324648806
1389 -9.45449235144e-05
1390 -8.67537309319e-05
1391 -7.95431658545e-05
1392 -7.27563253824e-05
1393 -6.62301255802e-05
1394 -6.00777824522e-05
1395 -5.44303273613e-05
1396 -4.95608025237e-05
1397 -4.49441380464e-05
1398 -4.06201287385e-05
1399 -3.65617978821e-05
1400 0.00470966930686
1401 0.00435704412721
1402 0.00381762080048
1403 0.00342049207815
1404 0.002776409086
1405 0.00216648549612
1406 0.00158171848241
1407 0.0010686631252
1408 0.000595066667741
1409 0.000215454321153
1410 -8.26251016012e-05
1411 -0.0003063715055
1412 -0.000462353616489
1413 -0.000561085544355
1414 -0.000624316428087
1415 -0.00066021496219
1416 -0.000677109037403
1417 -0.000680992750574
1418 -0.000658043060907
1419 -0.000615558888311
1420 -0.000559469597022
1421 -0.000492602700008
1422 -0.00042621728423
1423 -0.000371936547534
1424 -0.000331752275966
1425 -0.000301238575144
1426 -0.000275592696457
1427 -0.000255840703796
1428 -0.000240574472212
1429 -0.000225088873954
1430 -0.000208628641796
1431 -0.000196902785947
1432 -0.00018528843863
1433 -0.000171261579963
1434 -0.000158700360084
1435 -0.000147216802353
1436 -0.000136454816336
1437 -0.000126340498568
1438 -0.000117192403619
1439 -0.000107797271719
1440 -9.93933562507e-05
1441 -9.15490556397e-05
1442 -8.42118761253e-05
1443 -7.71307007834e-05
1444 -7.038657543e-05
1445 -6.41755325103e-05
1446 -5.8818520816e-05
1447 -5.37740492988e-05
1448 -4.89833646772e-05
1449 -4.44845193651e-05
1450 0.00424850317071
1451 0.00394946343275
1452 0.00349968035208
1453 0.00318689686548
1454 0.00265195145799
1455 0.00213634047647
1456 0.00163613274081
1457 0.00118457426561
1458 0.000751843264045
1459 0.00039333619909
1460 0.000101151010535
1461 -0.000132231315925
1462 -0.000303646339306
1463 -0.000427717349773
1464 -0.000517335159386
1465 -0.000580031369606
1466 -0.000619034013132
1467 -0.000633991448772
1468 -0.000614877463465
1469 -0.000573474352669
1470 -0.000521745733272
1471 -0.000464650434661
1472 -0.000410335730197
1473 -0.000366779170119
1474 -0.000334684153138
1475 -0.000309696426471
1476 -0.000287479813924
1477 -0.000269817883832
1478 -0.000255676628822
1479 -0.000240701961118
1480 -0.000224318066095
1481 -0.000212576052035
1482 -0.000200790222012
1483 -0.00018628672945
1484 -0.00017329469632
1485 -0.000161416077727
1486 -0.000150111695426
1487 -0.000139596566566
1488 -0.000129952800247
1489 -0.000120037960705
1490 -0.000111090434658
1491 -0.000102744408652
1492 -9.49333567896e-05
1493 -8.73846495717e-05
1494 -8.01109854259e-05
1495 -7.34583114596e-05
1496 -6.76960306611e-05
1497 -6.2232592513e-05
1498 -5.70016945271e-05
1499 -5.20742892657e-05
1500 0.00384638516119
1501 0.00358883601442
1502 0.00321207720832
1503 0.00296409621685
1504 0.00251555960412
1505 0.0020804835041
1506 0.00165275435515
1507 0.0012577790043
1508 0.000866659610209
1509 0.000533601721248
1510 0.000253680647998
1511 1.82804227476e-05
1512 -0.000162174361581
1513 -0.00030531412307
1514 -0.000415060670635
1515 -0.000496022877428
1516 -0.000546475745076
1517 -0.000565043068882
1518 -0.000548675694561
1519 -0.000512944715545
1520 -0.000471815355017
1521 -0.000428706121483
1522 -0.000388598504799
1523 -0.000356423426623
1524 -0.000332645213034
1525 -0.000313290908409
1526 -0.000294853146915
1527 -0.000279624998167
1528 -0.000266960247232
1529 -0.00025291273876
1530 -0.000237001391095
1531 -0.000225648964714
1532 -0.000213899063423
1533 -0.000199287935845
1534 -0.0001860972645
1535 -0.000173884457903
1536 -0.000162402902845
1537 -0.000151448695995
1538 -0.000141495197891
1539 -0.000131138971138
1540 -0.000121828617543
1541 -0.000113128102421
1542 -0.000104929098856
1543 -9.6951385956e-05
1544 -8.92476766512e-05
1545 -8.21629468944e-05
1546 -7.59784766534e-05
1547 -7.01476168297e-05
1548 -6.45333399543e-05
1549 -5.92414475759e-05
1550 0.00349377208707
1551 0.00327066510374
1552 0.00295274115884
1553 0.00275472303573
1554 0.00237680956781
1555 0.00200834794249
1556 0.00164287090216
1557 0.00129883770843
1558 0.000947915117697
1559 0.000642218431698
1560 0.000378386782229
1561 0.000146069633728
1562 -3.82485681768e-05
1563 -0.000194105899115
1564 -0.000315245702951
1565 -0.000404278463296
1566 -0.000458121081496
1567 -0.00047823038291
1568 -0.000468252953164
1569 -0.000443979377401
1570 -0.000417359937033
1571 -0.000389964917269
1572 -0.000364017921086
1573 -0.000342844139222
1574 -0.000326952107217
1575 -0.000313021133191
1576 -0.000298391271496
1577 -0.000285519615447
1578 -0.000274626848733
1579 -0.000261647823447
1580 -0.000246509685449
1581 -0.000235636901457
1582 -0.000224299217737
1583 -0.000209806163016
1584 -0.000196883722227
1585 -0.000184709726011
1586 -0.000172947079985
1587 -0.000161871603481
1588 -0.000151775691412
1589 -0.000141148675664
1590 -0.000131527849933
1591 -0.000122527133562
1592 -0.00011399227404
1593 -0.000105684309364
1594 -9.76368046968e-05
1595 -9.01932817962e-05
1596 -8.36798434838e-05
1597 -7.74972692009e-05
1598 -7.15919951096e-05
1599 -6.60460315144e-05
1600 0.00318479888
1601 0.0029931566165
1602 0.00271798358662
1603 0.00256029193364
1604 0.00224027729271
1605 0.001927955851
1606 0.00161614937736
1607 0.00131778789529
1608 0.00100544067491
1609 0.000726989333884
1610 0.000480937434418
1611 0.000254968849171
1612 7.10647456704e-05
1613 -9.04736296167e-05
1614 -0.000214442439529
1615 -0.000304312504591
1616 -0.000359065572686
1617 -0.000383541347363
1618 -0.000384493116067
1619 -0.000374963741913
1620 -0.00036413089938
1621 -0.000351619287694
1622 -0.000338445791048
1623 -0.000326819084827
1624 -0.000317922394994
1625 -0.000309029936731
1626 -0.000297995922703
1627 -0.000287740571012
1628 -0.000278754823875
1629 -0.000267145960339
1630 -0.000252980148987
1631 -0.000242929198244
1632 -0.000232154855545
1633 -0.000218019811665
1634 -0.00020526531339
1635 -0.000193250699727
1636 -0.000181587170903
1637 -0.000170548373523
1638 -0.000160418662289
1639 -0.000149663813531
1640 -0.000139939948986
1641 -0.000130800125508
1642 -0.000122075825614
1643 -0.000113562035888
1644 -0.000105264801454
1645 -9.75386332405e-05
1646 -9.07875122993e-05
1647 -8.44042309104e-05
1648 -7.82026465765e-05
1649 -7.23673639072e-05
1650 0.00292023168531
1651 0.00275053855371
1652 0.00251128795611
1653 0.00238685384968
1654 0.00211489684027
1655 0.00184916145548
1656 0.00158464623416
1657 0.00132697502319
1658 0.00104921684434
1659 0.000796695976448
1660 0.000566747779942
1661 0.000348409050701
1662 0.000168623000512
1663 7.81218575185e-06
1664 -0.000113453418219
1665 -0.000201940969206
1666 -0.000259353622195
1667 -0.000291611320368
1668 -0.000305987877115
1669 -0.000311511731512
1670 -0.000315052637094
1671 -0.000315318930388
1672 -0.000312820507873
1673 -0.000309432401182
1674 -0.000306468075529
1675 -0.000302037820582
1676 -0.000294443520983
1677 -0.000286681876471
1678 -0.000279679838836
1679 -0.000269627979597
1680 -0.000256677531375
1681 -0.00024749778078
1682 -0.00023748034166
1683 -0.000223932199664
1684 -0.000211667845027
1685 -0.00020005224901
1686 -0.000188623030628
1687 -0.000177806334267
1688 -0.000167766206449
1689 -0.000157121626926
1690 -0.000147362909241
1691 -0.000138123916971
1692 -0.000129262125098
1693 -0.000120607983561
1694 -0.000112029799493
1695 -0.000104111166918
1696 -9.71665301325e-05
1697 -9.05697423321e-05
1698 -8.41985315713e-05
1699 -7.81823241644e-05
1700 0.00270221018232
1701 0.0025515269843
1702 0.0023416561464
1703 0.0022451818052
1704 0.00201268310798
1705 0.0017853936208
1706 0.001560165362
1707 0.00133579401928
1708 0.00108562788376
1709 0.000852871351593
1710 0.000636235326291
1711 0.00042595991152
1712 0.000253342032654
1713 9.74042490968e-05
1714 -1.92600311397e-05
1715 -0.0001069021341
1716 -0.000168767562056
1717 -0.00020997350672
1718 -0.00023703963611
1719 -0.00025544312769
1720 -0.000270583051408
1721 -0.000280985446653
1722 -0.000287008771922
1723 -0.000290260784694
1724 -0.000292350107301
1725 -0.000291833058189
1726 -0.000287525972988
1727 -0.000282204801925
1728 -0.000277171954312
1729 -0.000268788674162
1730 -0.000257272948211
1731 -0.00024927648104
1732 -0.000240325520628
1733 -0.000227623640603
1734 -0.000215960249494
1735 -0.000204805874535
1736 -0.000193879722685
1737 -0.000183477943171
1738 -0.000173701386186
1739 -0.000163174730086
1740 -0.0001534626136
1741 -0.00014427105888
1742 -0.000135390553042
1743 -0.000126688675092
1744 -0.000117980713269
1745 -0.000109938005326
1746 -0.000102821671236
1747 -9.60994409777e-05
1748 -8.95390720734e-05
1749 -8.33637841569e-05
1750 0.00253678747841
1751 0.00239822143596
1752 0.00221303817049
1753 0.00213770219098
1754 0.0019351823677
1755 0.00173683253129
1756 0.0015388079644
1757 0.00133731047376
1758 0.00110579429453
1759 0.00088728211916
1760 0.000682300791827
1761 0.000482329597652
1762 0.000320167534098
1763 0.000172135528963
1764 6.08386945812e-05
1765 -2.62202420701e-05
1766 -9.2457979106e-05
1767 -0.000141402784631
1768 -0.000178580030588
1769 -0.000206908754276
1770 -0.000230788803099
1771 -0.000249024484099
1772 -0.000261703262658
1773 -0.000270328338032
1774 -0.000276593275311
1775 -0.000279583800675
1776 -0.000278192988012
1777 -0.000275234140635
1778 -0.000272145000913
1779 -0.000265557740655
1780 -0.00025560904785
1781 -0.000248836768537
1782 -0.000240885101302
1783 -0.000229055603531
1784 -0.000218239750617
1785 -0.000207832194375
1786 -0.000197347112136
1787 -0.000187364493682
1788 -0.000177926688495
1789 -0.000167621556028
1790 -0.000158137620534
1791 -0.000149087142607
1792 -0.000140278134824
1793 -0.000131591464593
1794 -0.000122873039813
1795 -0.000114821636281
1796 -0.000107702060595
1797 -0.000100996735966
1798 -9.43996223938e-05
1799 -8.81479475009e-05
1800 0.00240223689841
1801 0.00227494186445
1802 0.00210834992321
1803 0.0020441011657
1804 0.00186165136105
1805 0.00168132634468
1806 0.00149903572123
1807 0.0013114925067
1808 0.0010949120857
1809 0.000890694208754
1810 0.000700245173991
1811 0.00051556202741
1812 0.000367107952239
1813 0.000229378313681
1814 0.000124285638079
1815 3.85267148298e-05
1816 -3.05815900646e-05
1817 -8.49087063883e-05
1818 -0.000129182586303
1819 -0.000164531619424
1820 -0.000194611151488
1821 -0.000218399376633
1822 -0.000236184440987
1823 -0.000249055874696
1824 -0.000258893594645
1825 -0.000264913443711
1826 -0.00026627034039
1827 -0.000265631776487
1828 -0.000264478271104
1829 -0.000259648622025
1830 -0.000251294054395
1831 -0.000245838691074
1832 -0.000239024522138
1833 -0.000228349692313
1834 -0.000218648840364
1835 -0.00020917582128
1836 -0.000199286696286
1837 -0.000189854837995
1838 -0.000180827965922
1839 -0.00017094237644
1840 -0.00016169881838
1841 -0.000152868951252
1842 -0.000144189652345
1843 -0.000135674751235
1844 -0.000126999731556
1845 -0.000118998149033
1846 -0.000111920182091
1847 -0.000105190742085
1848 -9.85665065102e-05
1849 -9.22645193272e-05
1850 0.00224529417397
1851 0.00213127505322
1852 0.00197995284224
1853 0.001919301551
1854 0.00175168618678
1855 0.00158553851506
1856 0.00141656091355
1857 0.00124412566401
1858 0.00104705118153
1859 0.000863212371668
1860 0.000693261218556
1861 0.000528755894521
1862 0.000396490574953
1863 0.000270640432627
1864 0.000172542987981
1865 8.9303669664e-05
1866 1.9222499197e-05
1867 -3.81628782026e-05
1868 -8.69468760135e-05
1869 -0.000126923388082
1870 -0.000161239653005
1871 -0.000188990193181
1872 -0.00021072101009
1873 -0.000227008033858
1874 -0.000239810943096
1875 -0.000248444774805
1876 -0.000252310712957
1877 -0.000253807805295
1878 -0.000254549213853
1879 -0.000251510383311
1880 -0.000244889870275
1881 -0.000240790658918
1882 -0.000235266822973
1883 -0.000225881918743
1884 -0.000217196644494
1885 -0.000208593571216
1886 -0.000199415206813
1887 -0.000190739083356
1888 -0.000182296284846
1889 -0.000172897751427
1890 -0.000164027953277
1891 -0.000155523059085
1892 -0.000147069766653
1893 -0.000138732611453
1894 -0.000130186244604
1895 -0.000122354712416
1896 -0.000115399695588
1897 -0.00010872697973
1898 -0.000102170036585
1899 -9.5848378507e-05
1900 0.00203816996137
1901 0.00193716795873
1902 0.00180496814856
1903 0.00174781766038
1904 0.00159891047976
1905 0.00145054585071
1906 0.0013011531131
1907 0.00115029941422
1908 0.000979035492663
1909 0.000820753148268
1910 0.000674390172157
1911 0.000530949971453
1912 0.000414713023313
1913 0.000300288516259
1914 0.000209332145042
1915 0.000129419481985
1916 5.98780675876e-05
1917 1.24323714614e-06
1918 -5.00126803942e-05
1919 -9.28143508786e-05
1920 -0.000129846875947
1921 -0.00016043512593
1922 -0.000185111005263
1923 -0.000204133851505
1924 -0.000219485445217
1925 -0.000230484161087
1926 -0.000236764678949
1927 -0.000240357110566
1928 -0.00024294013147
1929 -0.000241667236952
1930 -0.000236777445902
1931 -0.000234056128526
1932 -0.000229875382369
1933 -0.000221781167633
1934 -0.000214224241442
1935 -0.000206511712873
1936 -0.000198145926855
1937 -0.000190193237684
1938 -0.00018241632686
1939 -0.000173557900427
1940 -0.000165132172265
1941 -0.000157024721428
1942 -0.000148880609963
1943 -0.000140830000557
1944 -0.000132527879271
1945 -0.000124937209967
1946 -0.000118108102209
1947 -0.000111602495015
1948 -0.000105081467286
1949 -9.88651454728e-05
1950 0.00180391396339
1951 0.00171666520031
1952 0.00160364035662
1953 0.00155557900945
1954 0.00142851555625
1955 0.00130339456132
1956 0.00117840556679
1957 0.00105288576558
1958 0.000909310718766
1959 0.000776713629499
1960 0.000652903422984
1961 0.000528628947515
1962 0.000426800950139
1963 0.000322658673182
1964 0.000238417556419
1965 0.000162259768732
1966 9.4161535024e-05
1967 3.5501531188e-05
1968 -1.69758741425e-05
1969 -6.14154578667e-05
1970 -0.000100164141929
1971 -0.000132758468124
1972 -0.000159693403358
1973 -0.000180979832327
1974 -0.000198392130303
1975 -0.00021140201903
1976 -0.000219775071275
1977 -0.000225251950736
1978 -0.000229552889301
1979 -0.000230034486883
1980 -0.000226891519854
1981 -0.000225614719738
1982 -0.00022274725271
1983 -0.000216006439664
1984 -0.000209609413434
1985 -0.000203100451014
1986 -0.00019566446798
1987 -0.000188508635719
1988 -0.000181394327659
1989 -0.000173112760692
1990 -0.000165184863716
1991 -0.000157555748424
1992 -0.00014980176641
1993 -0.000142074245028
1994 -0.000134060176883
1995 -0.000126698315524
1996 -0.00012005593719
1997 -0.000113730714939
1998 -0.000107369262399
1999 -0.000101266021917
2000 0.00158687459121
2001 0.00151279882735
2002 0.00141582757606
2003 0.00137961283128
2004 0.0012744229843
2005 0.00117236657396
2006 0.00107115977361
2007 0.000969748530691
2008 0.000850509672412
2009 0.00073982710166
2010 0.000635024818985
2011 0.000526298814561
2012 0.000436441767568
2013 0.000341012357235
2014 0.000262676197726
2015 0.000190034567093
2016 0.000123789387719
2017 6.57746376816e-05
2018 1.29494708323e-05
2019 -3.22839618414e-05
2020 -7.19885470951e-05
2021 -0.000105923259619
2022 -0.000134571768082
2023 -0.000157662082775
2024 -0.000176872268286
2025 -0.000191694320413
2026 -0.000201960310573
2027 -0.000209223086771
2028 -0.000215150617396
2029 -0.000217346955707
2030 -0.000215923634115
2031 -0.000216021894789
2032 -0.000214501076394
2033 -0.000209138912263
2034 -0.000204051898554
2035 -0.000198490622202
2036 -0.00019188977078
2037 -0.000185656607997
2038 -0.000179309754019
2039 -0.000171688008553
2040 -0.000164356818776
2041 -0.000157213056478
2042 -0.000149893195969
2043 -0.000142546174745
2044 -0.000134899150382
2045 -0.000127857788871
2046 -0.000121457209643
2047 -0.000115305006038
2048 -0.000109106912862
2049 -0.000103102784067
2050 0.00141419470039
2051 0.00134959827372
2052 0.00126588909196
2053 0.00124106000754
2054 0.00115402829397
2055 0.00107080606274
2056 0.000988973538326
2057 0.000906720180015
2058 0.000806522855645
2059 0.00071267157257
2060 0.000622224837735
2061 0.000525540815766
2062 0.000444940959325
2063 0.000356374368653
2064 0.000283133578698
2065 0.000213866685555
2066 0.00014969618727
2067 9.28287175385e-05
2068 4.02588908348e-05
2069 -5.19100671977e-06
2070 -4.53205145167e-05
2071 -8.00639473677e-05
2072 -0.000110006728015
2073 -0.00013453659775
2074 -0.000155174768982
2075 -0.000171563735707
2076 -0.000183514553355
2077 -0.000192365079916
2078 -0.000199779169889
2079 -0.000203581175035
2080 -0.000203776664056
2081 -0.000205254345319
2082 -0.0002050169129
2083 -0.000201010091579
2084 -0.000197039719969
2085 -0.000192536856832
2086 -0.000186964111106
2087 -0.000181611406996
2088 -0.000175962331199
2089 -0.000169137757912
2090 -0.000162393369029
2091 -0.000155863300569
2092 -0.000149018727151
2093 -0.000142220987932
2094 -0.000134900056565
2095 -0.000128253850904
2096 -0.000122167111727
2097 -0.00011626870651
2098 -0.000110321114152
2099 -0.000104497193791
2100 0.00128592875084
2101 0.00122835607677
2102 0.00115406757945
2103 0.00113763909579
2104 0.00106421681388
2105 0.000995357566842
2106 0.000927643585917
2107 0.000859576420047
2108 0.000773540264981
2109 0.00069213885373
2110 0.000612530742929
2111 0.000525319914426
2112 0.000452120228382
2113 0.000369463789448
2114 0.00030065083331
2115 0.000234660646936
2116 0.000172695166363
2117 0.000117211890768
2118 6.52917252089e-05
2119 2.00238489157e-05
2120 -2.01598994263e-05
2121 -5.53441427955e-05
2122 -8.62003943885e-05
2123 -0.000111846506864
2124 -0.000133675959686
2125 -0.000151362387115
2126 -0.000164803547817
2127 -0.000175152962049
2128 -0.000183976916084
2129 -0.000189248082622
2130 -0.000191044036959
2131 -0.000193822229474
2132 -0.000194801453192
2133 -0.000192141607351
2134 -0.000189333089507
2135 -0.000185935182224
2136 -0.000181250501062
2137 -0.000176761425949
2138 -0.000171853423492
2139 -0.000165699076503
2140 -0.00015959122258
2141 -0.000153662520961
2142 -0.00014738842097
2143 -0.000141059200605
2144 -0.000134223783901
2145 -0.000127963795638
2146 -0.000122220614073
2147 -0.000116631601794
2148 -0.000110938251675
2149 -0.000105335121705
2150 0.001191298791
2151 0.00113845931398
2152 0.00107184278721
2153 0.00106141142068
2154 0.000997741332987
2155 0.000939148516895
2156 0.000881790003461
2157 0.000823881700002
2158 0.000748071020458
2159 0.000676433802561
2160 0.000604982431605
2161 0.00052499117309
2162 0.000457859914994
2163 0.000380298056342
2164 0.000315526084249
2165 0.000252608493389
2166 0.000192911549918
2167 0.000139010104389
2168 8.80990958076e-05
2169 4.3377721455e-05
2170 3.47899948657e-06
2171 -3.18583864063e-05
2172 -6.33069711068e-05
2173 -8.97902591569e-05
2174 -0.000112531396037
2175 -0.000131299627857
2176 -0.000146040124674
2177 -0.000157741926076
2178 -0.000167847699392
2179 -0.000174503720075
2180 -0.00017779965056
2181 -0.000181767247678
2182 -0.000183876844498
2183 -0.000182510842764
2184 -0.000180821423942
2185 -0.000178433125503
2186 -0.000174686790318
2187 -0.000171064487604
2188 -0.000166955658746
2189 -0.000161597262176
2190 -0.000156164336259
2191 -0.000150841453477
2192 -0.000145102741021
2193 -0.000139260880183
2194 -0.000132884902522
2195 -0.000127071595272
2196 -0.00012165709
2197 -0.000116414750213
2198 -0.000110998019755
2199 -0.000105631311509
2200 0.00112066708029
2201 0.00107146396477
2202 0.00101026624571
2203 0.0010037978473
2204 0.000947464065358
2205 0.000896224875359
2206 0.000846036606869
2207 0.000795361359953
2208 0.00072716131263
2209 0.000662882222001
2210 0.000598223442595
2211 0.000524131949346
2212 0.000462110922671
2213 0.000388870748601
2214 0.000327898378196
2215 0.000267913710019
2216 0.000210576910069
2217 0.000158404799694
2218 0.000108751046219
2219 6.48336566263e-05
2220 2.54348107861e-05
2221 -9.77646929841e-06
2222 -4.1562088606e-05
2223 -6.86134782833e-05
2224 -9.20414293099e-05
2225 -0.000111687875556
2226 -0.000127570240637
2227 -0.000140449557347
2228 -0.000151645607149
2229 -0.000159559024605
2230 -0.000164234092417
2231 -0.000169262320487
2232 -0.000172412089991
2233 -0.000172236639888
2234 -0.000171630001646
2235 -0.000170233423146
2236 -0.000167432235252
2237 -0.000164655553524
2238 -0.000161319534837
2239 -0.000156748029068
2240 -0.000151984719848
2241 -0.000147280530931
2242 -0.000142194952149
2243 -0.000136873686685
2244 -0.00013097974304
2245 -0.00012559941788
2246 -0.000120574218071
2247 -0.00011569787275
2248 -0.000110653636485
2249 -0.000105600891864
2250 0.00106481660411
2251 0.00101734392631
2252 0.00096122563759
2253 0.000957449443852
2254 0.000906306168427
2255 0.000860769005305
2256 0.000816023950061
2257 0.00077084379283
2258 0.000708760967444
2259 0.0006503601658
2260 0.000591065363441
2261 0.000522006167992
2262 0.000464368220568
2263 0.000395241654845
2264 0.000337733240679
2265 0.000280640335259
2266 0.000225624551471
2267 0.000175359236743
2268 0.00012713692981
2269 8.42611802105e-05
2270 4.55915586942e-05
2271 1.07624397662e-05
2272 -2.11025848896e-05
2273 -4.85044290781e-05
2274 -7.24331973685e-05
2275 -9.27976175776e-05
2276 -0.000109630636526
2277 -0.000123502088512
2278 -0.000135590106571
2279 -0.00014457561133
2280 -0.000150471513476
2281 -0.000156452160045
2282 -0.000160623154643
2283 -0.000161619505862
2284 -0.000161990967326
2285 -0.000161536961759
2286 -0.000159620997099
2287 -0.000157660634768
2288 -0.000155072800945
2289 -0.000151255179381
2290 -0.000147209298484
2291 -0.000143216701428
2292 -0.000138717256156
2293 -0.000133936825707
2294 -0.000128572914618
2295 -0.000123675520301
2296 -0.000119081362164
2297 -0.000114577255131
2298 -0.000109840504893
2299 -0.000105041163916
2300 0.0010164718507
2301 0.000971105908521
2302 0.000919208171548
2303 0.000916966949614
2304 0.00087054252753
2305 0.00082939065205
2306 0.000788743416662
2307 0.000748106638544
2308 0.000691009717025
2309 0.000637669658777
2310 0.00058280217452
2311 0.000518270011238
2312 0.000464676210053
2313 0.000399420462562
2314 0.000345204914108
2315 0.000290967755216
2316 0.000238423591128
2317 0.000190110968673
2318 0.000143510658549
2319 0.000101761220289
2320 6.4001430956e-05
2321 2.97093872975e-05
2322 -2.06018439828e-06
2323 -2.96205054654e-05
2324 -5.38528576754e-05
2325 -7.4742545899e-05
2326 -9.23084720828e-05
2327 -0.000107052166615
2328 -0.000119915613137
2329 -0.00012988316103
2330 -0.000136887910467
2331 -0.00014372393842
2332 -0.000148811952826
2333 -0.000150836450531
2334 -0.000152101885406
2335 -0.000152512785454
2336 -0.000151382089536
2337 -0.000150249785833
2338 -0.00014845677014
2339 -0.000145524818989
2340 -0.000142111899012
2341 -0.000138740006864
2342 -0.000134809016164
2343 -0.000130567914176
2344 -0.0001257112701
2345 -0.00012130706184
2346 -0.000117117133985
2347 -0.000112973841292
2348 -0.000108613675208
2349 -0.000104109480671
2350 0.000973110043526
2351 0.000929430450932
2352 0.00088062515569
2353 0.000879997076983
2354 0.000837019732822
2355 0.000799538001394
2356 0.000762438224313
2357 0.000725681074379
2358 0.000672938850008
2359 0.000624076898249
2360 0.000573467480388
2361 0.000513039621315
2362 0.000463170168535
2363 0.00040154841571
2364 0.000350524447644
2365 0.000299121722239
2366 0.000249045041594
2367 0.000202743403703
2368 0.000157758921969
2369 0.000117320780129
2370 8.06039243351e-05
2371 4.69870375456e-05
2372 1.55089216892e-05
2373 -1.20366729705e-05
2374 -3.63917505259e-05
2375 -5.76352434832e-05
2376 -7.57797394734e-05
2377 -9.12129089899e-05
2378 -0.000104692346184
2379 -0.000115485607531
2380 -0.000123419844889
2381 -0.000131023706353
2382 -0.000136894821951
2383 -0.000139887699243
2384 -0.000142037844319
2385 -0.000143282191694
2386 -0.000143053535394
2387 -0.000142648842625
2388 -0.000141528863822
2389 -0.000139255563774
2390 -0.000136462702557
2391 -0.000133682334781
2392 -0.00013036883418
2393 -0.000126720579797
2394 -0.000122418949979
2395 -0.000118516638324
2396 -0.000114731548312
2397 -0.000110964880691
2398 -0.000106991440331
2399 -0.000102792153202
2400 0.000933156369359
2401 0.000891451942514
2402 0.000845194456399
2403 0.000845817026566
2404 0.000806181166413
2405 0.000771744045153
2406 0.000737592970656
2407 0.000704045367027
2408 0.000655120498837
2409 0.000610047684047
2410 0.000563225321037
2411 0.000506491413183
2412 0.000460091830618
2413 0.00040186877551
2414 0.000353826567675
2415 0.000305177612302
2416 0.000257358807039
2417 0.000213115331214
2418 0.00016993206038
2419 0.000130838893557
2420 9.52611815887e-05
2421 6.24930948603e-05
2422 3.15139071146e-05
2423 4.17551900752e-06
2424 -2.01124005535e-05
2425 -4.15140945497e-05
2426 -6.00201906158e-05
2427 -7.59636751941e-05
2428 -8.99144622659e-05
2429 -0.000101377439829
2430 -0.000110173369489
2431 -0.000118415438953
2432 -0.000124951803113
2433 -0.00012879398376
2434 -0.000131686882459
2435 -0.00013375081374
2436 -0.000134296381725
2437 -0.000134619632549
2438 -0.000134202234169
2439 -0.00013267542542
2440 -0.000130556075285
2441 -0.000128441691484
2442 -0.000125723247011
2443 -0.000122642082624
2444 -0.000118888477439
2445 -0.000115485773177
2446 -0.000112133917903
2447 -0.000108732290276
2448 -0.000105088448817
2449 -0.000101232846589
2450 0.000893715302724
2451 0.000853716105394
2452 0.000810499448252
2453 0.000811803157386
2454 0.000775055628398
2455 0.000743447188625
2456 0.000712031792129
2457 0.000681467798331
2458 0.00063599952289
2459 0.000594725067951
2460 0.000551195140021
2461 0.000498184258399
2462 0.000455021246489
2463 0.000400161816625
2464 0.000355123907918
2465 0.00030919019541
2466 0.000263792305796
2467 0.000221631314055
2468 0.000180291998101
2469 0.000142747649423
2470 0.000108402405036
2471 7.65430043511e-05
2472 4.61152005156e-05
2473 1.90783593525e-05
2474 -5.02469180145e-06
2475 -2.6484010819e-05
2476 -4.523673149e-05
2477 -6.15579152602e-05
2478 -7.58694818924e-05
2479 -8.78421944514e-05
2480 -9.73033658929e-05
2481 -0.000106074702239
2482 -0.000113240075906
2483 -0.000117855521773
2484 -0.000121438167554
2485 -0.000124217576085
2486 -0.000125496729515
2487 -0.000126504963486
2488 -0.000126726632733
2489 -0.000125904701096
2490 -0.000124435191397
2491 -0.000122894240644
2492 -0.000120733806742
2493 -0.000118173962165
2494 -0.000114937343284
2495 -0.00011201436328
2496 -0.000109079053092
2497 -0.000106167817308
2498 -0.000102948333577
2499 -9.94116813224e-05
