0 0.0517603885288
1 -0.0208740395975
2 -0.0182079160729
3 -0.00777222041671
4 -0.00087220329557
5 0.00243992077177
6 0.00402438840917
7 0.00457004583389
8 0.00455420041531
9 0.00439660279536
10 0.00413255786894
11 0.00382116063525
12 0.00348945721256
13 0.00312153815275
14 0.00286970686966
15 0.00261305325086
16 0.00234760181249
17 0.00214247118342
18 0.00194845890619
19 0.00177015715587
20 0.00164615518898
21 0.00153343571626
22 0.00144652433012
23 0.0013662911621
24 0.00126626617556
25 0.00112260410057
26 0.000965492746342
27 0.000833964485226
28 0.000743040508528
29 0.000675327334276
30 0.000623815309918
31 0.000590341054686
32 0.000565856300233
33 0.000540169273907
34 0.000516184428591
35 0.000492776139465
36 0.000472850869852
37 0.00045223488081
38 0.000434163432543
39 0.00041376821211
40 0.00039367399087
41 0.000375602577116
42 0.000357499493188
43 0.000339416024853
44 0.000322511174922
45 0.000305780893761
46 0.000291352934198
47 0.000276890982537
48 0.000263939380729
49 0.000250782093731
50 0.0181041933814
51 0.0209219579939
52 0.00619230642118
53 0.00153255400945
54 0.00107006910012
55 0.00191512125095
56 0.0027576444567
57 0.00325845558462
58 0.00344564226125
59 0.00341610131064
60 0.00334512951669
61 0.00313573823879
62 0.00295770072292
63 0.00270135147603
64 0.00250081132972
65 0.00230484530315
66 0.00210990812112
67 0.00194995301102
68 0.00177215135283
69 0.00162480071832
70 0.00152076886448
71 0.00142902928821
72 0.00135283978336
73 0.00128113078008
74 0.00118790070711
75 0.00105341578588
76 0.000908498959041
77 0.00078813276321
78 0.000703789743355
79 0.000641488127239
80 0.000594399886943
81 0.00056456517563
82 0.000541174840849
83 0.000516098105571
84 0.000493799609572
85 0.000472576096209
86 0.00045400640202
87 0.000434362600966
88 0.00041649144879
89 0.000397022362451
90 0.000378369723795
91 0.000360947826105
92 0.000343226728485
93 0.000325970879982
94 0.000309731349125
95 0.000293812646023
96 0.000280112622752
97 0.000266352662537
98 0.000253757245848
99 0.000241047332988
100 0.0140952569287
101 0.00225388177451
102 0.00283068220294
103 0.000334360256266
104 -0.000586535598314
105 -0.000217666202617
106 0.000553698180294
107 0.00126041052231
108 0.00176400845329
109 0.00204311592729
110 0.00222766061627
111 0.00224734725452
112 0.00223390200835
113 0.00212935446838
114 0.00203768317299
115 0.0019276157363
116 0.00180205606617
117 0.00169487301997
118 0.00156348649413
119 0.00145179489054
120 0.00137459123653
121 0.0013042843275
122 0.00124533233682
123 0.00118578552884
124 0.00110355122922
125 0.000982232653468
126 0.000850915537821
127 0.000742164014496
128 0.000666167323407
129 0.000610002825957
130 0.000567374641686
131 0.000540660550713
132 0.000519756512729
133 0.000496861367223
134 0.000476417585891
135 0.000456791749157
136 0.000439595509487
137 0.000421228877061
138 0.000404302270839
139 0.000385920663714
140 0.000368233415298
141 0.000351794903301
142 0.00033500358912
143 0.000318436494564
144 0.000302860345263
145 0.000287535615231
146 0.000274365264153
147 0.000261104282414
148 0.000248936669872
149 0.000236628697302
150 0.0428045426658
151 -0.00171588110766
152 -0.00820446240795
153 -0.00701156007745
154 -0.00521539969397
155 -0.00373240965608
156 -0.00236873299984
157 -0.00122083524313
158 -0.000297749742907
159 0.000349590018868
160 0.000829540935663
161 0.00111858618291
162 0.00130343487389
163 0.00138250252943
164 0.00142538391893
165 0.00142383048366
166 0.00138711463548
167 0.00134874118155
168 0.00127777660492
169 0.00121311509636
170 0.00117195875716
171 0.0011317108526
172 0.00109619059748
173 0.00105323636501
174 0.000986555819013
175 0.000883975183839
176 0.000771439094028
177 0.000678476537717
178 0.00061379503247
179 0.000566126874212
180 0.000529727654936
181 0.000507224971554
182 0.000489992032761
183 0.000470128360401
184 0.000452314867641
185 0.000434775135684
186 0.000419588429124
187 0.000403030129934
188 0.000388044805662
189 0.000371299814286
190 0.000354899319686
191 0.000339522231507
192 0.000323962119455
193 0.000308327203119
194 0.000293677183343
195 0.00027917588866
196 0.000266687325976
197 0.000254100927217
198 0.000242529288697
199 0.000230810682387
200 0.0449554700741
201 0.0134982775243
202 -0.00519092588163
203 -0.00894525184167
204 -0.00820228932761
205 -0.0066193695675
206 -0.0049918962222
207 -0.00356613254387
208 -0.00232606386756
209 -0.00136672272091
210 -0.000634374689059
211 -9.40860503962e-05
212 0.000283623300129
213 0.00054761879557
214 0.000729319610229
215 0.000842974954004
216 0.000904312928947
217 0.000941259418621
218 0.000938847398648
219 0.000927701611905
220 0.000926899510451
221 0.000921193178926
222 0.000911937926069
223 0.000889740291969
224 0.000843141565212
225 0.000763386502657
226 0.000673584393765
227 0.00059979465479
228 0.000549251322581
229 0.000511929760715
230 0.000483177910058
231 0.000466005019041
232 0.000452951012025
233 0.000437094377666
234 0.000422115999276
235 0.000407408982542
236 0.000394835332906
237 0.000380421619308
238 0.00036741301351
239 0.000352588671474
240 0.000337609177816
241 0.000324071462157
242 0.000309847616843
243 0.000295758651911
244 0.000282217552183
245 0.000268467096857
246 0.00025688487488
247 0.000245296373016
248 0.000234534683239
249 0.000223626093196
250 0.0390974869073
251 0.0202738533887
252 0.0020538743439
253 -0.00546601114412
254 -0.00780188878882
255 -0.00752530576584
256 -0.00645483245893
257 -0.00519950969585
258 -0.00391522894357
259 -0.00282703954937
260 -0.0019574560127
261 -0.0012402475164
262 -0.000715607403206
263 -0.000296022563065
264 7.79231326848e-06
265 0.000227179943262
266 0.00038270978646
267 0.000494671400159
268 0.000562898157589
269 0.000607926281124
270 0.000648466769847
271 0.00067738708391
272 0.000696588612507
273 0.000699587986904
274 0.000676622393923
275 0.000623478588217
276 0.000559988979591
277 0.000507363370091
278 0.000471867435803
279 0.000446364890043
280 0.000426343237445
281 0.000415713137289
282 0.00040732696559
283 0.000395850142602
284 0.000384670757851
285 0.000373587041298
286 0.000363788606672
287 0.000352134743726
288 0.000341692704487
289 0.000328906194346
290 0.000316426773036
291 0.000304673541005
292 0.000292143659427
293 0.000279640422662
294 0.000267298407923
295 0.000255158245658
296 0.000244848248206
297 0.000234133724946
298 0.000224380054364
299 0.000214236992643
300 0.0329817264002
301 0.0212428736872
302 0.00723611428462
303 -0.000785917404868
304 -0.00526129084233
305 -0.00659755409677
306 -0.00655487109405
307 -0.00584303900766
308 -0.00482955995357
309 -0.00382760279038
310 -0.00296752987566
311 -0.0021852070296
312 -0.00158984234994
313 -0.00106369361747
314 -0.000672036585869
315 -0.000368787635123
316 -0.000133906616961
317 4.25500996998e-05
318 0.000175551687602
319 0.000272007598834
320 0.000350037102725
321 0.000411472293042
322 0.000461365511013
323 0.000490453878904
324 0.000494188305981
325 0.000470634081007
326 0.000434617034057
327 0.000404356718361
328 0.000385035365155
329 0.000371936595456
330 0.00036086674398
331 0.000356734699703
332 0.000353827186366
333 0.000347114722061
334 0.000340606096986
335 0.00033329921866
336 0.00032667552055
337 0.000318281687612
338 0.00031036628283
339 0.000300433699753
340 0.000290414287706
341 0.000280748178628
342 0.000270457911758
343 0.000259637401314
344 0.000249179992692
345 0.000238793535741
346 0.000229768536922
347 0.000220525743812
348 0.000211664446682
349 0.00020252536067
350 0.0275859711426
351 0.0200549288198
352 0.00989117444893
353 0.0028962547454
354 -0.00227919982706
355 -0.00470996139638
356 -0.00565382980681
357 -0.0056142845758
358 -0.00506091175266
359 -0.00431158043675
360 -0.00359244166363
361 -0.00285221233381
362 -0.00225730141286
363 -0.00168955943868
364 -0.00125337383535
365 -0.000897712544665
366 -0.000606480438696
367 -0.000382059454455
368 -0.000197454059165
369 -5.93061903634e-05
370 4.91185210781e-05
371 0.000140640535924
372 0.000219264614242
373 0.000276092212636
374 0.000307737390742
375 0.000313141805779
376 0.000304793936122
377 0.000296217660127
378 0.000292611055849
379 0.00029101978979
380 0.000289621711744
381 0.00029200637536
382 0.000294815705772
383 0.000293460047606
384 0.000291922904823
385 0.000288716722301
386 0.0002855823226
387 0.000280549766916
388 0.000275745204649
389 0.000268809279211
390 0.000261380498364
391 0.000254042026261
392 0.000246097986728
393 0.00023724925612
394 0.000228879158256
395 0.000220108999067
396 0.000212621285901
397 0.000204626173105
398 0.000196939134463
399 0.00018910283299
400 0.0232146200972
401 0.0182536634553
402 0.0108640001267
403 0.0052588745433
404 0.000278177546598
405 -0.002641996183
406 -0.00425275973738
407 -0.00482544526751
408 -0.00475520490924
409 -0.00433456374061
410 -0.00383970357983
411 -0.0032191558673
412 -0.00269222601629
413 -0.00214360444649
414 -0.00170601527953
415 -0.00133206270744
416 -0.00101064348001
417 -0.000756921687704
418 -0.000537383811488
419 -0.0003701826288
420 -0.000239199967152
421 -0.000122465320999
422 -1.68292313402e-05
423 6.80901732553e-05
424 0.000126889965524
425 0.00015927524389
426 0.000175957264339
427 0.000187426187213
428 0.000198147261319
429 0.000207534531294
430 0.000215329218435
431 0.000224395368835
432 0.000232595866159
433 0.00023691130985
434 0.000239504300065
435 0.000240740179899
436 0.000241441918354
437 0.000240014809654
438 0.00023830675814
439 0.000234478125512
440 0.000229823493844
441 0.000225145129209
442 0.000219473353091
443 0.000213123711724
444 0.000206763652217
445 0.00019981969617
446 0.000193788292955
447 0.000187299369984
448 0.000181057862553
449 0.00017459748659
450 0.0197945078365
451 0.0163119874643
452 0.0109000758362
453 0.00655647191269
454 0.00216141569102
455 -0.000804125569662
456 -0.00275295468941
457 -0.0037570720655
458 -0.00410042292934
459 -0.00401841097325
460 -0.0037728272963
461 -0.00332151122035
462 -0.00290826323436
463 -0.00242363587151
464 -0.00202070009849
465 -0.00165819554089
466 -0.00133344041771
467 -0.0010693651054
468 -0.000833380767253
469 -0.000650027489202
470 -0.000504118229431
471 -0.000366408272304
472 -0.000235645783478
473 -0.000125001299773
474 -4.23021559879e-05
475 1.42553561496e-05
476 5.24035176101e-05
477 8.06595757884e-05
478 0.000103680930386
479 0.000123114703584
480 0.000139302973077
481 0.000154583888557
482 0.000167943324484
483 0.000177532205405
484 0.000184985713822
485 0.000190435851491
486 0.000195027856235
487 0.000197317619117
488 0.000198889393391
489 0.000198132853719
490 0.000196554299031
491 0.000194588320763
492 0.000191368919494
493 0.000187372533215
494 0.000182998329133
495 0.000177914403481
496 0.000173680125615
497 0.000168774522994
498 0.000164094804865
499 0.000158887323758
500 0.0170442026163
501 0.0144913651497
502 0.0104619030973
503 0.007135498532
504 0.00341866793293
505 0.000655186618014
506 -0.00138192687726
507 -0.00262900268302
508 -0.00327844677877
509 -0.00348776645562
510 -0.00347435762114
511 -0.00321442651496
512 -0.00293441744946
513 -0.00254251640015
514 -0.00220029732367
515 -0.00187387905351
516 -0.00156672847937
517 -0.00131441304052
518 -0.00107871231846
519 -0.000891079236808
520 -0.000735999404033
521 -0.000581123541054
522 -0.000428314375101
523 -0.000296463724131
524 -0.000194185287247
525 -0.000118113155666
526 -6.30337112724e-05
527 -2.13390799517e-05
528 1.17144118715e-05
529 3.97740414149e-05
530 6.3328169187e-05
531 8.42338342397e-05
532 0.000102470417004
533 0.00011709438227
534 0.00012903875446
535 0.00013880879407
536 0.000147070785892
537 0.000152876371754
538 0.000157689160299
539 0.000160153156329
540 0.000161546053447
541 0.000162181252804
542 0.000161591076335
543 0.000159998396765
544 0.000157840272065
545 0.000154929329549
546 0.000152413366114
547 0.000149231803553
548 0.000146026712647
549 0.000142156613871
550 0.0148115058213
551 0.012857547749
552 0.00979790856172
553 0.00726963511183
554 0.00418086093331
555 0.00172640347641
556 -0.000238697804796
557 -0.00157820152265
558 -0.00242332172567
559 -0.00284985846445
560 -0.00303391881218
561 -0.00295431939206
562 -0.00280996144632
563 -0.00252524896137
564 -0.0022588289935
565 -0.00198701957976
566 -0.00171723073145
567 -0.00149227101885
568 -0.00127026540788
569 -0.00108652234934
570 -0.000926759626161
571 -0.000758000232718
572 -0.000588935645693
573 -0.000440989706777
574 -0.000324954585821
575 -0.000235560057714
576 -0.000168051287155
577 -0.000116613334233
578 -7.59074374613e-05
579 -4.10111696491e-05
580 -1.11025615806e-05
581 1.45928109264e-05
582 3.72632005804e-05
583 5.65378640443e-05
584 7.27429978214e-05
585 8.66823911713e-05
586 9.84556069072e-05
587 0.000107872845317
588 0.000115831744533
589 0.000121572390771
590 0.000125897608144
591 0.000129118779792
592 0.000131202934901
593 0.000131905380685
594 0.000131860216254
595 0.000131141833627
596 0.000130281902666
597 0.00012881252208
598 0.000127051519189
599 0.000124666606522
600 0.0129720923323
601 0.0114382958079
602 0.00905677148038
603 0.0071296795583
604 0.00458531709882
605 0.00246587157948
606 0.000657191530255
607 -0.000672645747408
608 -0.00161889862263
609 -0.00219100531207
610 -0.0025274473564
611 -0.00259892743364
612 -0.00257899945734
613 -0.0024026612761
614 -0.00222072502959
615 -0.00201348611174
616 -0.00179531684417
617 -0.001607586225
618 -0.00140793772558
619 -0.00123179049233
620 -0.00106945939675
621 -0.000892465113566
622 -0.000713452366259
623 -0.000556173435545
624 -0.000433092442688
625 -0.000336531897163
626 -0.000261369232665
627 -0.000203709702428
628 -0.000157683741427
629 -0.000117781298911
630 -8.25454539243e-05
631 -5.29003494775e-05
632 -2.64839368784e-05
633 -2.94910953384e-06
634 1.73058121169e-05
635 3.50081529734e-05
636 5.01050727997e-05
637 6.28548019821e-05
638 7.38367046229e-05
639 8.26036132818e-05
640 8.96804231352e-05
641 9.55526081693e-05
642 0.000100084708882
643 0.000103164552827
644 0.000105345239385
645 0.000106615409609
646 0.000107541661166
647 0.000107803561678
648 0.000107500620796
649 0.000106649567772
650 0.0114188197963
651 0.010196404078
652 0.00831202329701
653 0.00682769185712
654 0.0047446639815
655 0.00293904255047
656 0.00132528750067
657 6.52753369581e-05
658 -0.000908639231447
659 -0.00156396304971
660 -0.00200487048537
661 -0.00219613205911
662 -0.00228063073978
663 -0.00220747784547
664 -0.00210863474402
665 -0.00197058347281
666 -0.00181105766223
667 -0.00166469866318
668 -0.00148942328597
669 -0.00132270269235
670 -0.00116210897571
671 -0.000982734510552
672 -0.000800759536643
673 -0.000642472494723
674 -0.000518683590881
675 -0.000420626687564
676 -0.000342496588384
677 -0.000281487927858
678 -0.00023248886046
679 -0.00018914465179
680 -0.000149835790624
681 -0.000117082714319
682 -8.7499917093e-05
683 -6.01884264552e-05
684 -3.63648755838e-05
685 -1.53101396931e-05
686 2.81977216407e-06
687 1.86364302173e-05
688 3.24648293927e-05
689 4.40321865186e-05
690 5.37654327287e-05
691 6.21172064054e-05
692 6.89931425481e-05
693 7.4301084688e-05
694 7.8608001338e-05
695 8.18028461039e-05
696 8.45380199006e-05
697 8.63784024179e-05
698 8.75871830907e-05
699 8.81984113404e-05
700 0.0100875477771
701 0.00910605117338
702 0.00760261689973
703 0.00645181480505
704 0.00474675159827
705 0.00321518008817
706 0.0018010870018
707 0.000642967175343
708 -0.000310013591143
709 -0.0010012807836
710 -0.00150367300295
711 -0.00178398986689
712 -0.00195284872953
713 -0.0019694665378
714 -0.00194803653976
715 -0.00187913954592
716 -0.00177600057159
717 -0.00166788983
718 -0.00151743636484
719 -0.00136177001584
720 -0.00120651492193
721 -0.00103067782589
722 -0.000853831520511
723 -0.000701766528275
724 -0.000583500718797
725 -0.000488557560723
726 -0.000411249224161
727 -0.00034943572414
728 -0.000299291399458
729 -0.00025383162839
730 -0.000211626494633
731 -0.0001765955704
732 -0.000144603525216
733 -0.00011423085716
734 -8.75014574078e-05
735 -6.35301649779e-05
736 -4.26945445273e-05
737 -2.41421173874e-05
738 -7.79322502079e-06
739 6.35705926385e-06
740 1.85628075381e-05
741 2.91754208768e-05
742 3.82441570986e-05
743 4.57263808874e-05
744 5.20255223766e-05
745 5.71130860056e-05
746 6.1543768939e-05
747 6.49511015103e-05
748 6.76731955052e-05
749 6.96644777055e-05
750 0.00897108596956
751 0.00816816400361
752 0.00693868963097
753 0.00604674108232
754 0.00463907799816
755 0.00334881063367
756 0.00212377511177
757 0.00108111999234
758 0.000177658412655
759 -0.00051490371311
760 -0.00104553916195
761 -0.00138789046675
762 -0.00161990706118
763 -0.00171255415716
764 -0.00175931293876
765 -0.00175143502921
766 -0.00169721485768
767 -0.00162325020545
768 -0.00149516997675
769 -0.00135341784319
770 -0.00120726174878
771 -0.00104221458258
772 -0.000878228405712
773 -0.000738441116387
774 -0.000630467366697
775 -0.000541884031292
776 -0.000468200573897
777 -0.000407913079884
778 -0.000358098355259
779 -0.000311573309
780 -0.000267696923453
781 -0.000231172587439
782 -0.000197412605925
783 -0.000164600500593
784 -0.000135407196424
785 -0.000109012010899
786 -8.59179559996e-05
787 -6.494587082e-05
788 -4.64795409304e-05
789 -2.99727061269e-05
790 -1.55442128396e-05
791 -2.85795443985e-06
792 8.17978604347e-06
793 1.77096076052e-05
794 2.58708162861e-05
795 3.27650359708e-05
796 3.87709646271e-05
797 4.36637015609e-05
798 4.78322258522e-05
799 5.11630021563e-05
800 0.00800706835695
801 0.00733891827986
802 0.00633085569678
803 0.00563714013621
804 0.00446652529275
805 0.00338278961405
806 0.00232859765207
807 0.00140219581895
808 0.000564287008126
809 -0.00010620182517
810 -0.000641614063449
811 -0.00102070444738
812 -0.00129910105707
813 -0.00145258578661
814 -0.00155404171957
815 -0.00159557593701
816 -0.00158142839363
817 -0.00153616252483
818 -0.00143065648413
819 -0.00130425243368
820 -0.00117131821829
821 -0.00102388809163
822 -0.000879074567988
823 -0.000756491906263
824 -0.000662001594439
825 -0.00058262980983
826 -0.000513900871095
827 -0.000456611998362
828 -0.000408359357452
829 -0.000362096197203
830 -0.000317286457023
831 -0.000280238645895
832 -0.000245337419644
833 -0.000210725570588
834 -0.000179472878196
835 -0.000151354896251
836 -0.000126370009134
837 -0.000103385761477
838 -8.3086180034e-05
839 -6.45580871737e-05
840 -4.81422341127e-05
841 -3.36087985278e-05
842 -2.07917607105e-05
843 -9.42966530482e-06
844 4.55906752683e-07
845 9.01132435941e-06
846 1.64692089993e-05
847 2.27907965378e-05
848 2.82897936507e-05
849 3.29021355584e-05
850 0.00717967152666
851 0.00662174934825
852 0.00577914108888
853 0.00523287639644
854 0.00425993545156
855 0.00334697677963
856 0.00244471254841
857 0.00162968833904
858 0.000865560923046
859 0.000230992434984
860 -0.000292667638973
861 -0.000691249639184
862 -0.000998810776076
863 -0.0011973272108
864 -0.00133908855041
865 -0.00141849309543
866 -0.00143720485892
867 -0.00141656185943
868 -0.00133140685744
869 -0.00122208097363
870 -0.00110837375055
871 -0.000983754487894
872 -0.000862510156718
873 -0.000760282137453
874 -0.000680636001554
875 -0.000611413059038
876 -0.000548868558547
877 -0.000495808832484
878 -0.00044997470875
879 -0.000404778637184
880 -0.000359951300651
881 -0.000323054199354
882 -0.000287779513351
883 -0.000252068154841
884 -0.000219426950149
885 -0.000189919508947
886 -0.00016345132463
887 -0.000138935643767
888 -0.000117132544735
889 -9.69199403161e-05
890 -7.89178286513e-05
891 -6.27847859825e-05
892 -4.83957235022e-05
893 -3.54254572522e-05
894 -2.39751079274e-05
895 -1.39261010278e-05
896 -5.12966169201e-06
897 2.51327723352e-06
898 9.24141535958e-06
899 1.50313375397e-05
900 0.00647769295343
901 0.00598648950712
902 0.00528411313934
903 0.00485487347232
904 0.00404120932137
905 0.00326944276201
906 0.00249960244153
907 0.00178861704024
908 0.00109886115857
909 0.000508307183185
910 6.02305220468e-06
911 -0.000399470663292
912 -0.000722870120712
913 -0.000951593971754
914 -0.00112254245332
915 -0.00122949691634
916 -0.00127470716758
917 -0.00127273379005
918 -0.00120695740012
919 -0.00111808521338
920 -0.00102805789558
921 -0.000930202247544
922 -0.000835026598971
923 -0.000752987291945
924 -0.000688494234664
925 -0.000629826301387
926 -0.000574376760054
927 -0.000526003553834
928 -0.000483313348134
929 -0.000440100346224
930 -0.000396015607038
931 -0.000359733087226
932 -0.000324662049909
933 -0.000288303593047
934 -0.000255008699959
935 -0.000224578027258
936 -0.000197095023959
937 -0.000171477813021
938 -0.000148515405031
939 -0.000126917426877
940 -0.000107591087679
941 -9.01625244447e-05
942 -7.44012733459e-05
943 -6.00375672417e-05
944 -4.72031434761e-05
945 -3.58234506698e-05
946 -2.58443606321e-05
947 -1.70021631805e-05
948 -9.16264742867e-06
949 -2.28541204016e-06
950 0.005863510506
951 0.00544957982182
952 0.00485232722689
953 0.00451187058558
954 0.0038276554178
955 0.00317784046136
956 0.0025207253776
957 0.00190230384559
958 0.00128192092617
959 0.000735385412913
960 0.0002579660956
961 -0.000146189553787
962 -0.000475198517384
963 -0.000723454448137
964 -0.000913619102492
965 -0.00103935056575
966 -0.00110180260025
967 -0.00111448916003
968 -0.001068467787
969 -0.00100381292319
970 -0.000940662912237
971 -0.000870687823401
972 -0.000800387493525
973 -0.000737906345733
974 -0.000687512781381
975 -0.000639103573922
976 -0.000590852102311
977 -0.000547278233051
978 -0.000508267205974
979 -0.000467360048983
980 -0.000424722198325
981 -0.000389687928323
982 -0.000355467749961
983 -0.000319016402411
984 -0.000285532357786
985 -0.000254734039149
986 -0.000226733183255
987 -0.000200465330115
988 -0.000176763585911
989 -0.000154141891337
990 -0.000133942519405
991 -0.000115489561913
992 -9.86412474922e-05
993 -8.30755680106e-05
994 -6.907718594e-05
995 -5.65364767598e-05
996 -4.5541978719e-05
997 -3.56446966782e-05
998 -2.67959561465e-05
999 -1.89499905523e-05
1000 0.00535548777975
1001 0.0050019266477
1002 0.00448559086484
1003 0.0042156320986
1004 0.00363639035709
1005 0.00308527772466
1006 0.0025221332475
1007 0.00198014885372
1008 0.00141931552576
1009 0.000912850252612
1010 0.000461373164666
1011 6.5359154858e-05
1012 -0.000260672592438
1013 -0.000518141674484
1014 -0.000716679824668
1015 -0.000851963743405
1016 -0.000924269763916
1017 -0.000950331853973
1018 -0.000926443248567
1019 -0.000888601487791
1020 -0.000852280503023
1021 -0.000809022747506
1022 -0.000761291178583
1023 -0.000716366585549
1024 -0.00067857942771
1025 -0.000640167944823
1026 -0.000598794013659
1027 -0.000560589247289
1028 -0.000525582393798
1029 -0.00048772175239
1030 -0.000447012924735
1031 -0.000413683704341
1032 -0.000380705703739
1033 -0.000344712856121
1034 -0.000311437935567
1035 -0.000280667339775
1036 -0.000252591613927
1037 -0.000226095593656
1038 -0.000202131952972
1039 -0.000178799341917
1040 -0.000157869121847
1041 -0.000138618316983
1042 -0.000120906237748
1043 -0.00010438123574
1044 -8.94232817124e-05
1045 -7.5870905167e-05
1046 -6.40197633508e-05
1047 -5.32078870908e-05
1048 -4.34851468604e-05
1049 -3.47809650903e-05
1050 0.00494405554913
1051 0.00462826877349
1052 0.00418191797097
1053 0.00396439992381
1054 0.0034667528676
1055 0.00298866871109
1056 0.00249828669844
1057 0.00201678241849
1058 0.00150631520183
1059 0.0010372527542
1060 0.000614996281432
1061 0.000234665018891
1062 -8.02881093921e-05
1063 -0.000336784596484
1064 -0.000533820483571
1065 -0.000671311107478
1066 -0.000751653953241
1067 -0.000791841017922
1068 -0.000791971104932
1069 -0.000780341424823
1070 -0.000768999595848
1071 -0.000748455555367
1072 -0.000719867933105
1073 -0.000690289124569
1074 -0.0006636399152
1075 -0.000634281437152
1076 -0.000599401380134
1077 -0.000566573073623
1078 -0.000535668651315
1079 -0.00050104971686
1080 -0.000462792927994
1081 -0.000431635661251
1082 -0.000400139222
1083 -0.000365130202213
1084 -0.000332815539284
1085 -0.000302696747034
1086 -0.000274891525106
1087 -0.000248486068597
1088 -0.000224191092763
1089 -0.000200543280728
1090 -0.000179145565829
1091 -0.000159407486249
1092 -0.000141073085324
1093 -0.000123839235957
1094 -0.00010811469725
1095 -9.37672925956e-05
1096 -8.12004846848e-05
1097 -6.96492434608e-05
1098 -5.91810080445e-05
1099 -4.97296301007e-05
1100 0.00457095337976
1101 0.0042900039198
1102 0.00389605828742
1103 0.00371835894292
1104 0.00328126819849
1105 0.00286124968559
1106 0.00242949739329
1107 0.00200254635212
1108 0.00154123315255
1109 0.00111301436825
1110 0.000724865453975
1111 0.000367132323989
1112 7.06692597593e-05
1113 -0.000176413946608
1114 -0.000366419380932
1115 -0.000503202527395
1116 -0.000592120418338
1117 -0.000647046054428
1118 -0.000669981901384
1119 -0.00068119888424
1120 -0.000690867518102
1121 -0.000688923896992
1122 -0.000676579073037
1123 -0.000659621539931
1124 -0.000643103023221
1125 -0.000621602159717
1126 -0.000593103582762
1127 -0.000565571480174
1128 -0.000538978186666
1129 -0.00050786938259
1130 -0.000472460950119
1131 -0.000443821839041
1132 -0.00041449955229
1133 -0.000381143188608
1134 -0.000349768193154
1135 -0.000320559442929
1136 -0.000293230278028
1137 -0.000267192047477
1138 -0.000243183076239
1139 -0.000219365299224
1140 -0.000197865915968
1141 -0.000177829713899
1142 -0.000159116047234
1143 -0.000141362404491
1144 -0.000125022986826
1145 -0.000110106319118
1146 -9.69481316912e-05
1147 -8.48163549009e-05
1148 -7.374954207e-05
1149 -6.36976616883e-05
1150 0.0042052984651
1151 0.00394746748078
1152 0.00359833531471
1153 0.00345101237826
1154 0.00306862081876
1155 0.00270125412387
1156 0.00232624089586
1157 0.00195150726804
1158 0.00153958867573
1159 0.0011533598608
1160 0.000800478316618
1161 0.000469223423993
1162 0.000195047148663
1163 -3.82375050273e-05
1164 -0.000219114760158
1165 -0.000355064103092
1166 -0.000452239014284
1167 -0.00052077744538
1168 -0.000562753083384
1169 -0.000592417432175
1170 -0.000618205956028
1171 -0.000630907070104
1172 -0.000631644990584
1173 -0.000625112121511
1174 -0.000617148969887
1175 -0.000602878383177
1176 -0.000580702260082
1177 -0.000558286581325
1178 -0.000535851047521
1179 -0.000508555563769
1180 -0.000476189805835
1181 -0.000450269204336
1182 -0.000423237767086
1183 -0.000391575216731
1184 -0.000361803137651
1185 -0.000333793380231
1186 -0.000307459522054
1187 -0.000282152634351
1188 -0.000258661031139
1189 -0.000235226631818
1190 -0.000213840128692
1191 -0.000193733391035
1192 -0.000174906451299
1193 -0.00015690269232
1194 -0.000140209133221
1195 -0.000124850893027
1196 -0.000111300387009
1197 -9.87536092116e-05
1198 -8.72375646785e-05
1199 -7.66322824845e-05
1200 0.00384067278902
1201 0.00361107277628
1202 0.00330293336365
1203 0.00318172700106
1204 0.00285115843792
1205 0.00253298645672
1206 0.00220878874751
1207 0.00188060650893
1208 0.0015124214503
1209 0.00116466220729
1210 0.000846002884649
1211 0.000542896655213
1212 0.00029328873771
1213 7.56666704631e-05
1214 -9.54877203746e-05
1215 -0.000230346337906
1216 -0.000333951536521
1217 -0.000413039418445
1218 -0.000469342070371
1219 -0.000512563809815
1220 -0.00055033740205
1221 -0.000574497654731
1222 -0.000585463460401
1223 -0.000587766452573
1224 -0.00058711384568
1225 -0.000579501608417
1226 -0.00056307278561
1227 -0.000545615729287
1228 -0.000527476472722
1229 -0.000503949383153
1230 -0.000474863680615
1231 -0.000451949326369
1232 -0.00042748186758
1233 -0.00039789966453
1234 -0.000369892199944
1235 -0.000343431315073
1236 -0.000318314734776
1237 -0.000293965767848
1238 -0.000271405342118
1239 -0.00024842309036
1240 -0.000227329510421
1241 -0.000207364166
1242 -0.000188558094973
1243 -0.000170476629822
1244 -0.000153578099941
1245 -0.000137973101827
1246 -0.000124182883412
1247 -0.000111292122527
1248 -9.9443171242e-05
1249 -8.84869684829e-05
1250 0.00350423752957
1251 0.00329989100151
1252 0.00302833572973
1253 0.00292775792025
1254 0.00263860391717
1255 0.00236092388415
1256 0.00207683533139
1257 0.00178651459179
1258 0.00145776292638
1259 0.00114733389053
1260 0.000863254539485
1261 0.00059077627886
1262 0.000366920996905
1263 0.000165931590767
1264 4.95873462898e-06
1265 -0.000127478814169
1266 -0.000234708740267
1267 -0.000320602224721
1268 -0.000386830273249
1269 -0.000439909409816
1270 -0.000486357105399
1271 -0.000518912488787
1272 -0.00053817246854
1273 -0.000548050773837
1274 -0.000553668676721
1275 -0.000551912377349
1276 -0.000540849064285
1277 -0.000528110569035
1278 -0.000514338689873
1279 -0.000494485551221
1280 -0.000469029347563
1281 -0.000449162486217
1282 -0.000427284833772
1283 -0.000400104852481
1284 -0.000374171246691
1285 -0.000349550025089
1286 -0.000325907627194
1287 -0.000302766777445
1288 -0.000280984081035
1289 -0.000258616382479
1290 -0.000238059530741
1291 -0.000218491447798
1292 -0.000199930597486
1293 -0.000181992249807
1294 -0.000165099019722
1295 -0.000149442005976
1296 -0.000135572561002
1297 -0.000122563125494
1298 -0.000110480434037
1299 -9.93039194177e-05
1300 0.00317718564814
1301 0.00299632668438
1302 0.00275600546886
1303 0.00267022824428
1304 0.00241539077861
1305 0.00217068079098
1306 0.00192105661126
1307 0.00166796443126
1308 0.00137907649616
1309 0.00110789061163
1310 0.00086047944729
1311 0.000619891583699
1312 0.000421277728041
1313 0.000236831669069
1314 8.60695295546e-05
1315 -4.25083712099e-05
1316 -0.000150846077613
1317 -0.000240758625271
1318 -0.000313561877655
1319 -0.000373324258669
1320 -0.000425845551834
1321 -0.000464951679196
1322 -0.000490758042805
1323 -0.00050702389429
1324 -0.000517932760758
1325 -0.000521441914386
1326 -0.000515505087145
1327 -0.000507131364632
1328 -0.000497375426461
1329 -0.00048124155804
1330 -0.000459372929098
1331 -0.000442622408239
1332 -0.000423570527619
1333 -0.00039895037152
1334 -0.00037528777444
1335 -0.000352445624816
1336 -0.000330325186398
1337 -0.000308512125727
1338 -0.000287986872152
1339 -0.000266486249083
1340 -0.000246580742473
1341 -0.000227572914924
1342 -0.000209356637795
1343 -0.000191668956572
1344 -0.000174873933253
1345 -0.000159274508211
1346 -0.00014541149316
1347 -0.000132346815257
1348 -0.000120183573551
1349 -0.000108888414176
1350 0.00284376774892
1351 0.00268537347903
1352 0.00247562639209
1353 0.00240246320985
1354 0.00218123963693
1355 0.00196945675847
1356 0.00175686507009
1357 0.00154167148309
1358 0.00129448329798
1359 0.00106252675629
1360 0.000850494382665
1361 0.000639204706583
1362 0.000463535498203
1363 0.000294063910854
1364 0.000153010419797
1365 2.90196409186e-05
1366 -7.86139185482e-05
1367 -0.000170203333729
1368 -0.000247008786674
1369 -0.000311077100184
1370 -0.000367739408308
1371 -0.000411495514055
1372 -0.00044255523766
1373 -0.000463958423447
1374 -0.000479732036274
1375 -0.000487882019474
1376 -0.000486557646322
1377 -0.000482506454071
1378 -0.000476792060713
1379 -0.000464435471509
1380 -0.000446068891243
1381 -0.000432445933972
1382 -0.000416315022424
1383 -0.000394263884593
1384 -0.000372964948778
1385 -0.000352278855278
1386 -0.000331784841537
1387 -0.000311459677118
1388 -0.000292095073065
1389 -0.000271565450909
1390 -0.000252539461952
1391 -0.000234289802484
1392 -0.000216658781921
1393 -0.000199440793261
1394 -0.000182977265508
1395 -0.000167610980923
1396 -0.000153957828761
1397 -0.000140987908592
1398 -0.000128834502822
1399 -0.000117473308987
1400 0.00252008048567
1401 0.0023827883791
1402 0.0022011965627
1403 0.00214286983341
1404 0.00195745610089
1405 0.00177966847431
1406 0.00160413933118
1407 0.00142577604155
1408 0.00121845229789
1409 0.00102146192098
1410 0.000840074433234
1411 0.000654289490581
1412 0.000498098780359
1413 0.000341713559997
1414 0.000209618712188
1415 9.05511098751e-05
1416 -1.53474823793e-05
1417 -0.000106953370967
1418 -0.000186014105767
1419 -0.000252909164653
1420 -0.000312449369872
1421 -0.000359791964409
1422 -0.000395120738896
1423 -0.000420891796506
1424 -0.000440686914791
1425 -0.000453042655357
1426 -0.000456037641085
1427 -0.000455804166979
1428 -0.000453543707765
1429 -0.000444882026284
1430 -0.000430077320682
1431 -0.000419453643855
1432 -0.000406233283501
1433 -0.000386684239678
1434 -0.000367847645771
1435 -0.000349238707241
1436 -0.000330520054625
1437 -0.000311845391477
1438 -0.000293890563362
1439 -0.000274590387687
1440 -0.000256530660979
1441 -0.00023903459749
1442 -0.000222147105967
1443 -0.000205512623181
1444 -0.000189411365572
1445 -0.000174327304926
1446 -0.000160931823844
1447 -0.000148257808419
1448 -0.000136227121568
1449 -0.000124934820482
1450 0.00224381479912
1451 0.00212452625385
1452 0.00196866334254
1453 0.00192584240241
1454 0.00177184301226
1455 0.00162407119471
1456 0.00148111460749
1457 0.00133428423564
1458 0.00115861538045
1459 0.000990477425598
1460 0.000833661272769
1461 0.000668181886484
1462 0.00052766939822
1463 0.000382346212498
1464 0.000258272535701
1465 0.000144210243092
1466 4.0777801245e-05
1467 -4.99290290727e-05
1468 -0.000130020773575
1469 -0.000198533534613
1470 -0.000259753492668
1471 -0.000309613996408
1472 -0.000348314962855
1473 -0.000377643399624
1474 -0.000401000159114
1475 -0.000417031210332
1476 -0.000423849780467
1477 -0.000427346818647
1478 -0.000428475189685
1479 -0.000423173510529
1480 -0.000411767667941
1481 -0.000404025887229
1482 -0.000393594594817
1483 -0.000376627594734
1484 -0.000360144092737
1485 -0.000343726850766
1486 -0.000326765762355
1487 -0.000309895505998
1488 -0.000293341465982
1489 -0.000275323592025
1490 -0.000258302523229
1491 -0.000241751064187
1492 -0.000225685727766
1493 -0.000209775219652
1494 -0.000194183511119
1495 -0.000179639522402
1496 -0.000166695238335
1497 -0.000154343212336
1498 -0.000142505642204
1499 -0.000131324435726
1500 0.00202983510238
1501 0.00192405800599
1502 0.0017900858555
1503 0.00175968292589
1504 0.00162965886266
1505 0.0015068787213
1506 0.0013887765259
1507 0.00126632393017
1508 0.00111509839485
1509 0.000968939338074
1510 0.000831111773627
1511 0.000681381414339
1512 0.00055368361663
1513 0.000417407149453
1514 0.000300684279322
1515 0.000191391561791
1516 9.08176737021e-05
1517 1.70197316796e-06
1518 -7.8459931292e-05
1519 -0.000147641085039
1520 -0.000209731326211
1521 -0.000261304159107
1522 -0.000302667752782
1523 -0.000334886110894
1524 -0.000361217240833
1525 -0.000380364788208
1526 -0.000390715117486
1527 -0.000397636125782
1528 -0.000401924949768
1529 -0.000399907700196
1530 -0.000391765029328
1531 -0.000386920259596
1532 -0.000379072208061
1533 -0.000364764708374
1534 -0.000350568978137
1535 -0.000336108217173
1536 -0.000321222430121
1537 -0.000305817640527
1538 -0.000290790118538
1539 -0.000274059430775
1540 -0.000258256367392
1541 -0.000242801349751
1542 -0.000227646042162
1543 -0.000212493958339
1544 -0.000197574041694
1545 -0.000183570550463
1546 -0.000171040613935
1547 -0.000159103812209
1548 -0.00014756382964
1549 -0.000136611524036
1550 0.00187089935189
1551 0.00177560506793
1552 0.00165846214792
1553 0.00163693337244
1554 0.00152493102611
1555 0.00142044052017
1556 0.00132070361325
1557 0.00121615265281
1558 0.00108309640181
1559 0.000953529440221
1560 0.000830351379655
1561 0.000693035773709
1562 0.000575970657937
1563 0.00044750576946
1564 0.000337355842114
1565 0.000232794849073
1566 0.000135441766349
1567 4.83831660449e-05
1568 -3.11198960159e-05
1569 -0.000100300172218
1570 -0.000162524991385
1571 -0.000215217660825
1572 -0.000258588884778
1573 -0.000293277924676
1574 -0.000322129845308
1575 -0.000343988596658
1576 -0.000357494265768
1577 -0.000367248583581
1578 -0.000374491853211
1579 -0.000375376891491
1580 -0.000370291592084
1581 -0.000367956644804
1582 -0.000362712137295
1583 -0.000350892279358
1584 -0.000339312011429
1585 -0.000327038235232
1586 -0.000313727034597
1587 -0.000300055517213
1588 -0.000286610248648
1589 -0.000271258065058
1590 -0.000256603016754
1591 -0.000242209763342
1592 -0.000227979892717
1593 -0.000213699888659
1594 -0.000199553893846
1595 -0.0001861949082
1596 -0.000174223395717
1597 -0.000162697472579
1598 -0.000151586814546
1599 -0.000141030209615
1600 0.00175206349326
1601 0.00166655608858
1602 0.0015591447467
1603 0.00154420544937
1604 0.00144535389331
1605 0.0013543545972
1606 0.00126794448281
1607 0.00117661247326
1608 0.00105785066869
1609 0.000940928795225
1610 0.000829495223399
1611 0.000702762841056
1612 0.000594546519465
1613 0.00047310804021
1614 0.00036893733758
1615 0.000268978066751
1616 0.000175010033727
1617 9.03913895058e-05
1618 1.20444953454e-05
1619 -5.65652071224e-05
1620 -0.000118441822526
1621 -0.000171667342026
1622 -0.000216509011542
1623 -0.00025299293734
1624 -0.000283831202604
1625 -0.000308033781719
1626 -0.00032424034925
1627 -0.000336709111465
1628 -0.000346567406443
1629 -0.00035019944062
1630 -0.000347902149364
1631 -0.000348047763291
1632 -0.000345116877786
1633 -0.000335701567856
1634 -0.000326194755726
1635 -0.000315888946323
1636 -0.000304434443058
1637 -0.000292476409421
1638 -0.000280542335168
1639 -0.000266591188555
1640 -0.000253266486213
1641 -0.00024008133322
1642 -0.000226920791684
1643 -0.000213632217354
1644 -0.000200336363534
1645 -0.000187690057888
1646 -0.000176372066558
1647 -0.000165471316327
1648 -0.000154732971594
1649 -0.000144464428305
1650 0.00165992761717
1651 0.00157964468806
1652 0.00148044234797
1653 0.00147020984544
1654 0.00138130078766
1655 0.00129975088396
1656 0.001223915545
1657 0.00114279367877
1658 0.00103505682192
1659 0.000929202365553
1660 0.000826947463813
1661 0.000709189212289
1662 0.0006086319868
1663 0.000493812357744
1664 0.000395355542671
1665 0.000300044368018
1666 0.000209697863962
1667 0.000127824518413
1668 5.10602472845e-05
1669 -1.65336283926e-05
1670 -7.76368046053e-05
1671 -0.000130990944831
1672 -0.000176775604326
1673 -0.000214750817966
1674 -0.00024712495752
1675 -0.000273248456731
1676 -0.000291843017582
1677 -0.000306586142917
1678 -0.000318752816139
1679 -0.000324891934167
1680 -0.000325192656637
1681 -0.000327399652386
1682 -0.000326621702481
1683 -0.000319497980528
1684 -0.000312099802522
1685 -0.000303745881751
1686 -0.000294060496766
1687 -0.000283810060143
1688 -0.000273354441163
1689 -0.0002609825894
1690 -0.000248960130425
1691 -0.000236923746368
1692 -0.000224809706178
1693 -0.000212523420861
1694 -0.000199960703911
1695 -0.000188091744917
1696 -0.000177421419862
1697 -0.000167060612362
1698 -0.000156847319489
1699 -0.000147002340136
1700 0.00158141570319
1701 0.00150653018383
1702 0.00141462718947
1703 0.00140781300093
1704 0.0013267029101
1705 0.00125245466306
1706 0.00118489865098
1707 0.00111193666006
1708 0.00101331407599
1709 0.000916191824442
1710 0.000822182111311
1711 0.000712184931987
1712 0.000618713828168
1713 0.000509992095003
1714 0.000416968233252
1715 0.000326317197376
1716 0.000239703347857
1717 0.000160776964894
1718 8.60082046835e-05
1719 1.98433244598e-05
1720 -4.00745558442e-05
1721 -9.3063860562e-05
1722 -0.000139303988049
1723 -0.000178224571594
1724 -0.000211770301405
1725 -0.000239389924225
1726 -0.0002600409761
1727 -0.00027674752805
1728 -0.000290860339773
1729 -0.000299188748227
1730 -0.000301855671276
1731 -0.000306116160142
1732 -0.000307494915072
1733 -0.000302576121865
1734 -0.000297062676739
1735 -0.000290437748607
1736 -0.000282600771812
1737 -0.000274065733113
1738 -0.00026514434208
1739 -0.000254176391329
1740 -0.000243403687554
1741 -0.000232588492333
1742 -0.000221583115985
1743 -0.000210334336238
1744 -0.000198656146934
1745 -0.000187581442106
1746 -0.000177520997474
1747 -0.000167763826711
1748 -0.000157987928523
1749 -0.000148545619623
1750 0.00151119118043
1751 0.00144004325031
1752 0.0013552095594
1753 0.0013510009779
1754 0.00127627066051
1755 0.00120848375158
1756 0.00114730040366
1757 0.0010815293066
1758 0.000990657426162
1759 0.000901152185846
1760 0.000814565277218
1761 0.000711569381459
1762 0.000624727794266
1763 0.000521848723597
1764 0.000434149929467
1765 0.000348154494154
1766 0.000265362275625
1767 0.00018963045535
1768 0.000117106616235
1769 5.26395873629e-05
1770 -5.85901466315e-06
1771 -5.82136423792e-05
1772 -0.000104633498294
1773 -0.000144195368726
1774 -0.000178562044236
1775 -0.000207407729088
1776 -0.000229687136007
1777 -0.000248076187565
1778 -0.000263824002406
1779 -0.000274104227577
1780 -0.00027890889422
1781 -0.000284948104304
1782 -0.000288050956477
1783 -0.000285008300256
1784 -0.000281361653563
1785 -0.000276555054191
1786 -0.000270224838194
1787 -0.000263206093623
1788 -0.000255730540278
1789 -0.000246116248048
1790 -0.000236671634917
1791 -0.000227076387836
1792 -0.000217180792718
1793 -0.000206939589233
1794 -0.000196195096414
1795 -0.000185977917873
1796 -0.000176694395749
1797 -0.00016767136848
1798 -0.000158491769651
1799 -0.000149534586693
1800 0.00144644998166
1801 0.00138010732577
1802 0.00130017798
1803 0.00129815182931
1804 0.00122894440726
1805 0.00116677637827
1806 0.00111103673647
1807 0.00105127974856
1808 0.000967405297825
1809 0.000884724140306
1810 0.000804664989585
1811 0.000708374827207
1812 0.000627447945759
1813 0.000530105639537
1814 0.000447620209364
1815 0.000366040660286
1816 0.00028708031307
1817 0.000214580613957
1818 0.000144544335012
1819 8.2002438057e-05
1820 2.51302882816e-05
1821 -2.62473014833e-05
1822 -7.24905111241e-05
1823 -0.0001122842213
1824 -0.000147182349829
1825 -0.000176873650638
1826 -0.000200492321688
1827 -0.000220290244218
1828 -0.00023739468713
1829 -0.000249295157367
1830 -0.000255945043356
1831 -0.000263547692763
1832 -0.000268202706997
1833 -0.000267037859363
1834 -0.000265293291044
1835 -0.000262266654213
1836 -0.00025740220181
1837 -0.000251867034348
1838 -0.000245742769374
1839 -0.00023756265376
1840 -0.000229327715979
1841 -0.000220930022907
1842 -0.000212106523717
1843 -0.000202964212721
1844 -0.000193112048053
1845 -0.000183727948193
1846 -0.000175179418206
1847 -0.000166746290763
1848 -0.000158113039427
1849 -0.000149633364654
1850 0.00138410109993
1851 0.00132286604211
1852 0.00124605639317
1853 0.00124591166847
1854 0.00118127195086
1855 0.00112423738466
1856 0.00107330366301
1857 0.00101906634634
1858 0.000941499929343
1859 0.000865224427439
1860 0.00079116648299
1861 0.000701569707413
1862 0.000626350455023
1863 0.000534754271665
1864 0.00045730529735
1865 0.000380215452683
1866 0.000305161081147
1867 0.000235890862775
1868 0.00016847643558
1869 0.000108083419989
1870 5.29851698676e-05
1871 2.78074570532e-06
1872 -4.30005818118e-05
1873 -8.27594075307e-05
1874 -0.000117883020908
1875 -0.000148105075905
1876 -0.000172719742441
1877 -0.000193577394938
1878 -0.000211793590428
1879 -0.000225099084572
1880 -0.000233443588531
1881 -0.00024238740583
1882 -0.000248497653488
1883 -0.000249086614799
1884 -0.000248874865933
1885 -0.00024730926506
1886 -0.000243856751557
1887 -0.000239861763339
1888 -0.000235111602625
1889 -0.000228289878969
1890 -0.000221309098065
1891 -0.000214108923464
1892 -0.000206353737457
1893 -0.000198192900649
1894 -0.000189236664019
1895 -0.000180743811575
1896 -0.000172956933084
1897 -0.000165154441944
1898 -0.000157138811888
1899 -0.000149117170946
1900 0.00132405448997
1901 0.00126554232989
1902 0.00119392237884
1903 0.00119460011055
1904 0.00113511304829
1905 0.0010823245299
1906 0.00103606888293
1907 0.000986653290921
1908 0.000914835090948
1909 0.000844690451502
1910 0.000776068965504
1911 0.000692449923924
1912 0.000622436202169
1913 0.000536004983863
1914 0.000463402053238
1915 0.000390656278449
1916 0.000319525346819
1917 0.000253575960542
1918 0.000188995332101
1919 0.00013091582694
1920 7.77972807209e-05
1921 2.89717874269e-05
1922 -1.60514218151e-05
1923 -5.54985337642e-05
1924 -9.0589314922e-05
1925 -0.000121100997403
1926 -0.000146513060329
1927 -0.000168267874821
1928 -0.000187383202637
1929 -0.000201872188371
1930 -0.000211663662114
1931 -0.000221756259731
1932 -0.000229147600381
1933 -0.00023126547339
1934 -0.000232496396154
1935 -0.000232245368476
1936 -0.000230160896783
1937 -0.000227489163909
1938 -0.000224041643116
1939 -0.000218506199583
1940 -0.000212723017762
1941 -0.000206664888542
1942 -0.000199942889282
1943 -0.000192773650939
1944 -0.000184748964726
1945 -0.000177134087719
1946 -0.000170031784175
1947 -0.000162941699012
1948 -0.000155430749802
1949 -0.000147973431368
1950 0.00126535087294
1951 0.00120909975888
1952 0.00114267340519
1953 0.00114419626041
1954 0.00108894624833
1955 0.00104054027454
1956 0.000998228754702
1957 0.000952922578596
1958 0.000886525782285
1959 0.000822084747815
1960 0.000758501228317
1961 0.000680576898204
1962 0.000615683508798
1963 0.000534332997235
1964 0.000466453322105
1965 0.000398099807029
1966 0.00033087447063
1967 0.000268308916856
1968 0.000206645776076
1969 0.000150917196726
1970 9.98494760687e-05
1971 5.25318978998e-05
1972 8.41494726885e-06
1973 -3.05471403306e-05
1974 -6.53541939477e-05
1975 -9.5942093866e-05
1976 -0.000121823243741
1977 -0.000144186267195
1978 -0.000163944254547
1979 -0.000179419294631
1980 -0.000190451067021
1981 -0.00020155086617
1982 -0.000209999533123
1983 -0.000213503966456
1984 -0.000216039674659
1985 -0.000217283028928
1986 -0.000216535527749
1987 -0.000215104246728
1988 -0.000212831388973
1989 -0.00020849220702
1990 -0.000203827560052
1991 -0.000198869822817
1992 -0.00019315503661
1993 -0.000186911534995
1994 -0.000179758807939
1995 -0.000172911277868
1996 -0.000166491428538
1997 -0.000160045376957
1998 -0.000153132386029
1999 -0.000146186145997
2000 0.00120761849037
2001 0.00115483521517
2002 0.00109229427966
2003 0.00109465706977
2004 0.00104331987564
2005 0.000998924525863
2006 0.000960012285731
2007 0.000918887908053
2008 0.000857448278226
2009 0.00079829077004
2010 0.000739721734976
2011 0.000667052747924
2012 0.000607120906398
2013 0.000530870930404
2014 0.00046746704093
2015 0.000403097172488
2016 0.00033959733149
2017 0.000280259661457
2018 0.000221427816229
2019 0.000168114507559
2020 0.000119166912742
2021 7.34919464694e-05
2022 3.04335344125e-05
2023 -7.84986605524e-06
2024 -4.22266694171e-05
2025 -7.27101700985e-05
2026 -9.88540391209e-05
2027 -0.000121643530896
2028 -0.000141876501363
2029 -0.000158153945789
2030 -0.000170235417841
2031 -0.000182141817422
2032 -0.00019154983787
2033 -0.000196327218503
2034 -0.000200185631207
2035 -0.000202514449833
2036 -0.000202835307904
2037 -0.000202652244693
2038 -0.00020155758349
2039 -0.000198369922738
2040 -0.000194804020926
2041 -0.000190837765749
2042 -0.00018607104977
2043 -0.000180704007257
2044 -0.000174420692179
2045 -0.000168369149738
2046 -0.000162623502807
2047 -0.00015674456126
2048 -0.000150378302294
2049 -0.000143880137895
2050 0.00115271889265
2051 0.0011029235933
2052 0.00104415847978
2053 0.00104771180733
2054 0.000999923486411
2055 0.000958992876384
2056 0.00092315300189
2057 0.000885811023594
2058 0.000829041631263
2059 0.000774609708312
2060 0.000720372915852
2061 0.000652632048168
2062 0.000597112513468
2063 0.000525365143303
2064 0.000466177046311
2065 0.000405718446922
2066 0.000345788762551
2067 0.000289677681289
2068 0.000233656596944
2069 0.000182751984548
2070 0.000135910009437
2071 9.19729892218e-05
2072 5.0104759775e-05
2073 1.26699732771e-05
2074 -2.10932159803e-05
2075 -5.12809412449e-05
2076 -7.74933308338e-05
2077 -0.000100508172421
2078 -0.000121012061046
2079 -0.000137868416665
2080 -0.000150780994047
2081 -0.000163391941821
2082 -0.000173593970427
2083 -0.000179491566564
2084 -0.00018435431301
2085 -0.000187723101981
2086 -0.00018919486759
2087 -0.000190107908599
2088 -0.000189987020302
2089 -0.000187959073318
2090 -0.000185365961345
2091 -0.000182420684289
2092 -0.000178529731283
2093 -0.000174132991123
2094 -0.000168586226995
2095 -0.000163334707355
2096 -0.000158270977029
2097 -0.000152991650631
2098 -0.000147223172383
2099 -0.00014122447324
2100 0.00109943734469
2101 0.00105269255199
2102 0.000996881007391
2103 0.0010011031061
2104 0.000956646650238
2105 0.000919233420925
2106 0.000886051355881
2107 0.000852211529043
2108 0.000799864886594
2109 0.000749738164382
2110 0.000699607272927
2111 0.000636737990169
2112 0.000585410598008
2113 0.000518242644063
2114 0.000463014166005
2115 0.000406388727741
2116 0.000349934780647
2117 0.00029689409972
2118 0.00024366892713
2119 0.000195150385639
2120 0.000150409820974
2121 0.000108181107467
2122 6.76389533591e-05
2123 3.1150538177e-05
2124 -1.88801119832e-06
2125 -3.16333788231e-05
2126 -5.77595946085e-05
2127 -8.08760089671e-05
2128 -0.00010152644439
2129 -0.00011879203617
2130 -0.000132445825011
2131 -0.000145623882783
2132 -0.000156485507035
2133 -0.000163392651479
2134 -0.000169190452642
2135 -0.000173553737384
2136 -0.000175955477269
2137 -0.000177832672137
2138 -0.000178624746817
2139 -0.000177521052989
2140 -0.000175854172962
2141 -0.000173795748739
2142 -0.000170788814503
2143 -0.000167179475044
2144 -0.000162468100411
2145 -0.00015792570666
2146 -0.000153505986544
2147 -0.000148822173713
2148 -0.000143589728672
2149 -0.000138094063728
2150 0.00104705590289
2151 0.0010028118218
2152 0.000950600519654
2153 0.000955557790531
2154 0.00091417289261
2155 0.000879929265302
2156 0.000849554246298
2157 0.000818866286772
2158 0.000770432693695
2159 0.000724786160648
2160 0.000678465344234
2161 0.000619832599493
2162 0.000572459414263
2163 0.000509631499132
2164 0.000458205076526
2165 0.000405112411184
2166 0.000351967229914
2167 0.00030189955993
2168 0.000251469839071
2169 0.000205359333773
2170 0.000162736335645
2171 0.000122272328515
2172 8.31223355398e-05
2173 4.76687073223e-05
2174 1.54677676663e-05
2175 -1.37047138367e-05
2176 -3.95901953001e-05
2177 -6.26601770136e-05
2178 -8.33217422843e-05
2179 -0.000100889092027
2180 -0.000115137256427
2181 -0.000128734565409
2182 -0.000140119530018
2183 -0.000147889435757
2184 -0.000154498604574
2185 -0.000159695464084
2186 -0.000162980267059
2187 -0.000165726669142
2188 -0.000167406889435
2189 -0.000167268586525
2190 -0.000166456334298
2191 -0.000165194575149
2192 -0.000162948069164
2193 -0.000160068623886
2194 -0.000156077772738
2195 -0.000152234507096
2196 -0.000148377132594
2197 -0.000144274302443
2198 -0.000139552761997
2199 -0.00013454250918
2200 0.000997625507504
2201 0.00095579778134
2202 0.000906536956312
2203 0.000912019516059
2204 0.000873756872669
2205 0.000842340208888
2206 0.000814273971078
2207 0.000786257717709
2208 0.000741366515256
2209 0.000699610311229
2210 0.000657161335804
2211 0.000602488508263
2212 0.000558748057498
2213 0.000499762183006
2214 0.000452013630346
2215 0.000402245762634
2216 0.000352326786941
2217 0.000305095021299
2218 0.000257393894174
2219 0.000213622576951
2220 0.000173040104981
2221 0.000134377707053
2222 9.66273858112e-05
2223 6.23147329298e-05
2224 3.1064986573e-05
2225 2.55450103291e-06
2226 -2.2970319689e-05
2227 -4.5871841051e-05
2228 -6.64057916272e-05
2229 -8.41427400195e-05
2230 -9.88458984753e-05
2231 -0.000112726730595
2232 -0.000124518493143
2233 -0.000132997878906
2234 -0.000140331511073
2235 -0.000146269409406
2236 -0.000150363679064
2237 -0.00015388674084
2238 -0.000156348220746
2239 -0.000157055013437
2240 -0.000156990298277
2241 -0.000156457299486
2242 -0.000155020529492
2243 -0.000152834417653
2244 -0.000149516271463
2245 -0.000146287436043
2246 -0.00014299741964
2247 -0.000139446906737
2248 -0.000135316441821
2249 -0.000130854271907
2250 0.000950993450025
2251 0.000910283077795
2252 0.000864519535696
2253 0.000870431850311
2254 0.000834672152891
2255 0.000805996547722
2256 0.000780152536177
2257 0.000754550981229
2258 0.000713021350631
2259 0.000674719390591
2260 0.000635565391427
2261 0.000584549851079
2262 0.000544074761205
2263 0.000488908492106
2264 0.00044449100398
2265 0.000397914260432
2266 0.000350944866017
2267 0.0003065013567
2268 0.000261398713733
2269 0.000219955033262
2270 0.000181417933163
2271 0.00014459955893
2272 0.000108326778667
2273 7.5207690411e-05
2274 4.49988758523e-05
2275 1.72265984537e-05
2276 -7.84054303531e-06
2277 -3.04716094757e-05
2278 -5.07536826877e-05
2279 -6.85354323266e-05
2280 -8.35536026689e-05
2281 -9.76119126207e-05
2282 -0.000109761504115
2283 -0.000118883963862
2284 -0.000126795630498
2285 -0.000133377251304
2286 -0.000138166297686
2287 -0.000142377262165
2288 -0.00014550176719
2289 -0.000146924331924
2290 -0.000147582820325
2291 -0.000147815669103
2292 -0.000147047328314
2293 -0.000145499989738
2294 -0.000142838801177
2295 -0.000140215955237
2296 -0.000137487008873
2297 -0.000134455848494
2298 -0.000130815258884
2299 -0.000126799530451
2300 0.000905714019179
2301 0.000866736288667
2302 0.000824133981876
2303 0.000830029143373
2304 0.000797128107083
2305 0.00077077876697
2306 0.000746778830524
2307 0.000723511073763
2308 0.00068498677615
2309 0.000649951556413
2310 0.000613637641114
2311 0.000566103203028
2312 0.000528758079708
2313 0.000477197558674
2314 0.000435894034165
2315 0.000392341450127
2316 0.000348350352508
2317 0.000306534081839
2318 0.000264048329879
2319 0.000224780587513
2320 0.000188277339662
2321 0.000153218431887
2322 0.000118405238868
2323 8.649921923e-05
2324 5.73356960928e-05
2325 3.03767489797e-05
2326 5.86209124402e-06
2327 -1.64216593354e-05
2328 -3.64058355318e-05
2329 -5.41670776009e-05
2330 -6.94079625858e-05
2331 -8.35632384383e-05
2332 -9.5968936518e-05
2333 -0.00010559032046
2334 -0.000113979735365
2335 -0.000121095725594
2336 -0.000126432900536
2337 -0.000131256599912
2338 -0.000135007145266
2339 -0.000137214307616
2340 -0.000138467704649
2341 -0.000139308641549
2342 -0.000139122947258
2343 -0.000138149433198
2344 -0.000136059335036
2345 -0.000134004706396
2346 -0.000131768955435
2347 -0.000129222822111
2348 -0.000126120220699
2349 -0.000122567568767
2350 0.000862591184203
2351 0.000825073150136
2352 0.000784829465225
2353 0.000791180955628
2354 0.000760393388628
2355 0.000736200799532
2356 0.000714052013715
2357 0.00069297448629
2358 0.00065726583391
2359 0.00062527344132
2360 0.00059192897471
2361 0.000547598601846
2362 0.000513155884865
2363 0.000464931257641
2364 0.00042656950359
2365 0.000385914470074
2366 0.000344713889852
2367 0.000305416293939
2368 0.000265306143975
2369 0.000228212455798
2370 0.000193663531694
2371 0.000160318119885
2372 0.00012701947165
2373 9.63574654641e-05
2374 6.82731906627e-05
2375 4.21657368051e-05
2376 1.82582578359e-05
2377 -3.63491735471e-06
2378 -2.32466653839e-05
2379 -4.08903166698e-05
2380 -5.62228177198e-05
2381 -7.0405389949e-05
2382 -8.29580303817e-05
2383 -9.30024022371e-05
2384 -0.000101834290296
2385 -0.000109414994346
2386 -0.000115346546826
2387 -0.000120640499176
2388 -0.00012486408191
2389 -0.000127594974268
2390 -0.000129376225294
2391 -0.000130721982075
2392 -0.000131104791053
2393 -0.000130704863206
2394 -0.000129190379501
2395 -0.000127676545943
2396 -0.000125914185176
2397 -0.000123844683882
2398 -0.000121260962024
2399 -0.000118154961687
2400 0.000821995019151
2401 0.000786247445113
2402 0.000747999422183
2403 0.00075470470767
2404 0.00072619989106
2405 0.000703861520411
2406 0.000683317396554
2407 0.000664079630263
2408 0.000630909081718
2409 0.000601482304568
2410 0.000570789450582
2411 0.000529333394843
2412 0.000497566918991
2413 0.000452384154023
2414 0.00041668593398
2415 0.00037872442842
2416 0.000339918465051
2417 0.000303012770166
2418 0.000265289916737
2419 0.000230180754125
2420 0.000197494053356
2421 0.000165878684607
2422 0.000134134875534
2423 0.000104741894726
2424 7.77957967378e-05
2425 5.25848184287e-05
2426 2.93743123525e-05
2427 7.97932384906e-06
2428 -1.11839117336e-05
2429 -2.86033397695e-05
2430 -4.39616618731e-05
2431 -5.80958464521e-05
2432 -7.07096695508e-05
2433 -8.106569524e-05
2434 -9.01940212769e-05
2435 -9.81792981456e-05
2436 -0.000104536159389
2437 -0.00011025482934
2438 -0.000114938614393
2439 -0.0001182277503
2440 -0.000120526988562
2441 -0.000122407270882
2442 -0.000123293901076
2443 -0.000123403893747
2444 -0.00012242515298
2445 -0.000121427646193
2446 -0.000120151822342
2447 -0.000118524883258
2448 -0.000116363125884
2449 -0.000113722901583
2450 0.000782234809448
2451 0.000748009020992
2452 0.000712274119781
2453 0.000718945130089
2454 0.000692430042496
2455 0.000671895792315
2456 0.00065292664139
2457 0.000635471634988
2458 0.000604609853491
2459 0.000577851688342
2460 0.000549381795859
2461 0.000510844065265
2462 0.00048151635942
2463 0.000439295736058
2464 0.000406215317802
2465 0.000370812962417
2466 0.000334486680199
2467 0.000299871046517
2468 0.000264422575569
2469 0.000231424735371
2470 0.000200586299416
2471 0.000170616515466
2472 0.000140287415533
2473 0.000112109844039
2474 8.62660540152e-05
2475 6.19266258625e-05
2476 3.93913152357e-05
2477 1.8499369475e-05
2478 -2.04273368807e-07
2479 -1.73599833014e-05
2480 -3.26631292584e-05
2481 -4.66835927912e-05
2482 -5.93273409984e-05
2483 -6.99151630208e-05
2484 -7.92636958353e-05
2485 -8.75317460997e-05
2486 -9.42516468004e-05
2487 -0.00010033753744
2488 -0.000105392114332
2489 -0.000109146391198
2490 -0.000111899360188
2491 -0.000114192416502
2492 -0.000115513317932
2493 -0.000116059202428
2494 -0.000115559015068
2495 -0.000115040221919
2496 -0.000114213463917
2497 -0.000113132589224
2498 -0.000111473783739
2499 -0.000109253130995
