0 -0.00764877837307
1 -0.00693310843291
2 -0.00644371248337
3 -0.00581468730264
4 -0.00569862058349
5 -0.00482281837812
6 -0.00429735171735
7 -0.00372659647319
8 -0.00310689749196
9 -0.00261308847891
10 -0.00215294169523
11 -0.00174311838059
12 -0.00138418215237
13 -0.00106047835336
14 -0.000808642970195
15 -0.000589787019492
16 -0.000399921120947
17 -0.000251228826384
18 -0.000137987462643
19 -5.95687249976e-05
20 -3.63959040024e-06
21 3.97853540376e-05
22 7.94978019734e-05
23 0.000116990849149
24 0.000152192142242
25 0.000181025571135
26 0.000200481669541
27 0.000213804347756
28 0.000223790297693
29 0.000227447732548
30 0.000225506315397
31 0.000223121745559
32 0.000219869722012
33 0.00021280394827
34 0.000204619138216
35 0.000195665283414
36 0.000187886782902
37 0.000179486509366
38 0.0001721203541
39 0.000163533758041
40 0.000154914263756
41 0.000147119494041
42 0.000139247523162
43 0.000131317594959
44 0.000123918192436
45 0.000116687530888
46 0.000110595500013
47 0.000104686919995
48 9.95551236977e-05
49 9.44530045345e-05
50 -0.00748776368381
51 -0.00693827877368
52 -0.00624087162206
53 -0.00600565190747
54 -0.00531875187978
55 -0.00470534700572
56 -0.00413637176468
57 -0.00358837837024
58 -0.00301665044514
59 -0.00248955545492
60 -0.0020528005286
61 -0.00163394672604
62 -0.00130239618584
63 -0.000990181896122
64 -0.000741266215625
65 -0.000529526039654
66 -0.000351866664571
67 -0.000215087717485
68 -0.000113051085232
69 -4.53759273109e-05
70 3.1238653582e-06
71 4.12005664297e-05
72 7.67770047826e-05
73 0.00011216250357
74 0.000146607482813
75 0.000175048399125
76 0.00019470507535
77 0.000208562875733
78 0.000218414462953
79 0.000222042400712
80 0.00022038182636
81 0.000218553327747
82 0.000214913782684
83 0.000207285376114
84 0.000199245445724
85 0.000190787419474
86 0.00018320426093
87 0.00017485323018
88 0.000167233809679
89 0.000158771419301
90 0.0001505679727
91 0.000142857342084
92 0.000134957539138
93 0.00012723997779
94 0.000120005706549
95 0.000113007836784
96 0.000107128543632
97 0.000101415789475
98 9.63447404433e-05
99 9.13476093572e-05
100 -0.00791190645095
101 -0.00730710794122
102 -0.00653428320026
103 -0.00623968336425
104 -0.00547196550462
105 -0.00478915949295
106 -0.00415997317847
107 -0.00356665537949
108 -0.00296373474419
109 -0.00241811417364
110 -0.00196945652553
111 -0.00154683511491
112 -0.00121231786276
113 -0.000901698328798
114 -0.000654622545924
115 -0.000448789307357
116 -0.000282787710906
117 -0.000160613130014
118 -7.39420878642e-05
119 -1.82405289698e-05
120 2.08788756109e-05
121 5.05930090971e-05
122 8.02032073814e-05
123 0.00011298578924
124 0.000147276748748
125 0.000176583689146
126 0.000197158481838
127 0.000211609894092
128 0.000221597295298
129 0.000224996122753
130 0.000222949810463
131 0.000220770128717
132 0.000216749797214
133 0.000208731588852
134 0.000200384204786
135 0.000191635573084
136 0.000183804694823
137 0.000175239436138
138 0.000167368012962
139 0.000158789545222
140 0.000150502904442
141 0.000142775331286
142 0.000134862138782
143 0.000127091529097
144 0.00011983966732
145 0.000112814987146
146 0.000106921867612
147 0.000101194611101
148 9.6109818887e-05
149 9.11082856218e-05
150 -0.00856149705048
151 -0.00788242570082
152 -0.00697442796338
153 -0.00658633646162
154 -0.00568723853996
155 -0.00489610184483
156 -0.00417575276455
157 -0.00351532002549
158 -0.00286755794467
159 -0.00229610908874
160 -0.00183161972821
161 -0.00140589407217
162 -0.00106874938096
163 -0.000764765090038
164 -0.00052791678821
165 -0.000339041540944
166 -0.000194943543775
167 -9.31041880072e-05
168 -2.41173012967e-05
169 1.92761450517e-05
170 4.85633725477e-05
171 6.78623822065e-05
172 8.84686483056e-05
173 0.000116096772858
174 0.000149117846967
175 0.000179254187024
176 0.00020098396846
177 0.000216239427618
178 0.000226441171041
179 0.000229593424644
180 0.000227066039077
181 0.000224297147106
182 0.000219856490715
183 0.000211263417955
184 0.000202473656334
185 0.000193192130374
186 0.00018503314494
187 0.000176151033416
188 0.000168195112424
189 0.000159487711168
190 0.000151019392317
191 0.000143086652164
192 0.000135114526033
193 0.000127229577671
194 0.000119934442695
195 0.000112853109161
196 0.000106896975134
197 0.000101129379693
198 9.60135748243e-05
199 9.10079749808e-05
200 -0.00952771513706
201 -0.00881035043016
202 -0.00759629558666
203 -0.00708639704978
204 -0.00596443925244
205 -0.0050178352648
206 -0.00416625220374
207 -0.00342069988386
208 -0.00271450678583
209 -0.0021086103427
210 -0.00162753681642
211 -0.00119871474011
212 -0.000866517897535
213 -0.000583510759308
214 -0.000371080537869
215 -0.000211424712022
216 -9.65115453945e-05
217 -1.71536826774e-05
218 3.45913124345e-05
219 6.69328743894e-05
220 8.72995044624e-05
221 9.54715921043e-05
222 0.000103919942259
223 0.00012314813256
224 0.00015299943998
225 0.000183154984966
226 0.000206028846551
227 0.000222284493287
228 0.000233067807532
229 0.000236043141163
230 0.000232981210187
231 0.00022954654643
232 0.000224382402809
233 0.000215192924566
234 0.000205530601113
235 0.000195656349572
236 0.000187127575804
237 0.00017774751715
238 0.000169423204918
239 0.000160467999406
240 0.000151629715399
241 0.000143682751503
242 0.000135527522189
243 0.000127662518096
244 0.000120265971267
245 0.0001129551787
246 0.000106926286583
247 0.000101171430739
248 9.60359226435e-05
249 9.10509296191e-05
250 -0.010882473336
251 -0.0099445425207
252 -0.00841611159581
253 -0.00766986943869
254 -0.0062700939053
255 -0.00509544275842
256 -0.00407570605849
257 -0.00322214068439
258 -0.00244891760708
259 -0.0018195101117
260 -0.00132850093231
261 -0.000918203456894
262 -0.000610362765754
263 -0.000368233850133
264 -0.000195614991601
265 -7.41232096626e-05
266 8.18879869163e-06
267 6.55834807962e-05
268 0.000100898424331
269 0.000123257023706
270 0.000135809175143
271 0.000132999037227
272 0.000127064545638
273 0.000135004379577
274 0.000158897679614
275 0.000187766937521
276 0.000211551959344
277 0.000228777459623
278 0.000239709842303
279 0.000242670082568
280 0.000239049104309
281 0.000235163241878
282 0.000229031607949
283 0.000218977981172
284 0.000208516694926
285 0.000198125767009
286 0.000188998204571
287 0.000179146668673
288 0.000170543180873
289 0.000161134220837
290 0.000152275537421
291 0.000144112153366
292 0.00013578327862
293 0.000127813762474
294 0.000120212475903
295 0.00011296289973
296 0.00010693737821
297 0.000101050749724
298 9.59098569141e-05
299 9.08441402547e-05
300 -0.0127921786566
301 -0.0113918253203
302 -0.00940537018938
303 -0.00829383668782
304 -0.00649211596952
305 -0.00504977471409
306 -0.00382940850672
307 -0.00285881428774
308 -0.00204139760111
309 -0.00140984283562
310 -0.000937356977211
311 -0.000575110129274
312 -0.000315973624434
313 -0.000135338576402
314 -1.28923218009e-05
315 6.74859685845e-05
316 0.000118501182294
317 0.000155123733591
318 0.000174424624045
319 0.000186360949665
320 0.000191438380606
321 0.00017792188158
322 0.000157869196046
323 0.000151561506909
324 0.000166695980947
325 0.000192818706477
326 0.000216691850056
327 0.000234803606031
328 0.000246229518378
329 0.000249363264639
330 0.000244825264318
331 0.000240145189354
332 0.000233215863802
333 0.000222117402053
334 0.00021112482323
335 0.000200030653081
336 0.000190265309112
337 0.00017999950307
338 0.000170875107924
339 0.000161266462393
340 0.000152213712093
341 0.000143833548529
342 0.000135490713857
343 0.000127329642488
344 0.000119746827233
345 0.000112551441509
346 0.00010645016371
347 0.00010064146604
348 9.53631574953e-05
349 9.02502179064e-05
350 -0.0152538708722
351 -0.0132926741217
352 -0.0105800521382
353 -0.00887810622546
354 -0.00657131921968
355 -0.00478151600721
356 -0.0033571448977
357 -0.00229735816426
358 -0.00147900633702
359 -0.000892607337106
360 -0.000477876397661
361 -0.000195388017339
362 -5.63187355773e-06
363 0.000103092960234
364 0.000173873495581
365 0.000215154808684
366 0.000236198218824
367 0.000252230197844
368 0.00025475679407
369 0.000255035269946
370 0.000251693038649
371 0.000228596566238
372 0.000194903134898
373 0.000173041096442
374 0.000177046417686
375 0.000198464463619
376 0.000221895960669
377 0.000240627135731
378 0.000252661815134
379 0.000255479508017
380 0.000250457626173
381 0.000244801220882
382 0.000237177128416
383 0.000225159678534
384 0.000213780829017
385 0.000201924461954
386 0.000191485378443
387 0.000180683061556
388 0.000171231610433
389 0.00016135970812
390 0.000152031644801
391 0.000143433294382
392 0.000135046071431
393 0.000126708898696
394 0.000119178296064
395 0.000111883097056
396 0.000105766862515
397 9.98566098205e-05
398 9.45040136401e-05
399 8.94434157829e-05
400 -0.0186016373923
401 -0.0158493928922
402 -0.0118844231406
403 -0.00932159546845
404 -0.0063309365553
405 -0.00419609939625
406 -0.00259870819019
407 -0.00152637266159
408 -0.000771726760246
409 -0.000290608560169
410 2.77737163829e-05
411 0.000203756534937
412 0.000312723594882
413 0.000348180699022
414 0.000368098611381
415 0.000371275697396
416 0.00036250009983
417 0.000356520510166
418 0.000340365805035
419 0.000327042362158
420 0.000313895397488
421 0.000282283445967
422 0.000236145575175
423 0.000198743119545
424 0.000190384333102
425 0.000205222383424
426 0.000227063577945
427 0.000246488729577
428 0.000259126524927
429 0.000261710101549
430 0.000256230375553
431 0.000249840583744
432 0.000241288956705
433 0.000228614805219
434 0.000215990756933
435 0.000203551766561
436 0.000192566704629
437 0.000181271195955
438 0.000171392741955
439 0.000161233068955
440 0.000151618941722
441 0.000142927877586
442 0.000134364680695
443 0.000126092572078
444 0.000118510494727
445 0.000111151964187
446 0.00010491581207
447 9.89838607501e-05
448 9.36459500946e-05
449 8.86431299735e-05
450 -0.0234589773544
451 -0.0191219601331
452 -0.0131774158548
453 -0.00930265564456
454 -0.005562437162
455 -0.00314588881783
456 -0.00149890958327
457 -0.000525878339402
458 6.83294963884e-05
459 0.000382520018896
460 0.000569350830246
461 0.000619751739437
462 0.000641972748462
463 0.000602579651131
464 0.000570656036218
465 0.000534208464688
466 0.000494529022607
467 0.000464232390026
468 0.00042822554057
469 0.000399740163751
470 0.000376067757895
471 0.000335514588036
472 0.000278150582898
473 0.00022679323826
474 0.000205546062337
475 0.000212525702982
476 0.000232264456568
477 0.000251579072826
478 0.000264442679906
479 0.00026695553334
480 0.00026114967155
481 0.000254063189878
482 0.000244585689291
483 0.000231106153873
484 0.000217973528148
485 0.000204736302914
486 0.000193303888599
487 0.000181610858714
488 0.000171403959134
489 0.000160842825415
490 0.00015113939851
491 0.000142371412325
492 0.000133652110508
493 0.000125324079975
494 0.00011762412266
495 0.000110168683085
496 0.000103980741754
497 9.80139838396e-05
498 9.27394539812e-05
499 8.76915923955e-05
500 -0.0306345894825
501 -0.0231020963885
502 -0.0139217278734
503 -0.00823248522879
504 -0.00388682302875
505 -0.00145192165109
506 -2.38065752933e-06
507 0.000707765881052
508 0.00102664860098
509 0.00111706388512
510 0.00113517913661
511 0.00104878998034
512 0.000977034390323
513 0.000860204223657
514 0.000774457369795
515 0.000696997934938
516 0.000624219667921
517 0.00057020667505
518 0.000513356570711
519 0.000469475605637
520 0.000434512243523
521 0.000385435581498
522 0.000318513348793
523 0.000254976068753
524 0.000221226973606
525 0.000220285630921
526 0.000237045522441
527 0.000256083710322
528 0.000269179117266
529 0.000271670921778
530 0.000265386321756
531 0.00025774359208
532 0.000247418213097
533 0.00023312021708
534 0.000219235191763
535 0.00020540819073
536 0.000193479929621
537 0.000181312018035
538 0.000170782635351
539 0.000159931077291
540 0.000150122075523
541 0.000141202943831
542 0.000132450384582
543 0.000124114663938
544 0.000116431897091
545 0.0001090439926
546 0.000102851175728
547 9.69193475693e-05
548 9.16541474121e-05
549 8.65694850851e-05
550 -0.0415124811512
551 -0.0267128422322
552 -0.0126372408997
553 -0.00505834458215
554 -0.000870307043307
555 0.00100757780007
556 0.00187535945108
557 0.00212103098164
558 0.0020535429146
559 0.00187106175222
560 0.00169559915481
561 0.00146718837535
562 0.00129860543689
563 0.00110542248608
564 0.00096611704278
565 0.000848864473085
566 0.000744756674352
567 0.000667410159691
568 0.000590593384432
569 0.000532155806721
570 0.000486576917024
571 0.000429119414309
572 0.000354697402135
573 0.000280677354502
574 0.000236017428124
575 0.000227640921548
576 0.000241119564389
577 0.00025962468123
578 0.000272651044767
579 0.000275141657174
580 0.00026830416384
581 0.000260146732131
582 0.00024927868017
583 0.000234257455689
584 0.000219659821244
585 0.000205484039305
586 0.000193086852908
587 0.000180762677642
588 0.000169914232984
589 0.000158971041737
590 0.000149088509461
591 0.00013996554019
592 0.000131287115074
593 0.000122848886659
594 0.000115065288023
595 0.000107801314362
596 0.000101523263418
597 9.56294990263e-05
598 9.03491278638e-05
599 8.53000253098e-05
600 -0.0568129685456
601 -0.0244991014568
602 -0.00634087174691
603 0.00128904199459
604 0.00356128545142
605 0.00405354843942
606 0.00393090652768
607 0.0035482272203
608 0.00303856042045
609 0.00256802089733
610 0.00220071915476
611 0.00183607586523
612 0.00157850186603
613 0.00131695277338
614 0.00113124199446
615 0.000978339677201
616 0.000847412868026
617 0.00074906388321
618 0.000655506121984
619 0.000584386628254
620 0.000528927258357
621 0.000464642451983
622 0.000384048319095
623 0.000301916829082
624 0.00024850192944
625 0.0002336304417
626 0.000244096174173
627 0.000261885989668
628 0.00027478380472
629 0.000277214594731
630 0.000269875744965
631 0.000261253681661
632 0.000249868129637
633 0.000234468017245
634 0.000219392435032
635 0.000204908360844
636 0.000192177339942
637 0.000179539297644
638 0.000168443924573
639 0.000157405317165
640 0.000147351240104
641 0.000138226773848
642 0.000129543477763
643 0.000121164557002
644 0.000113444954935
645 0.000106214507093
646 9.99461531679e-05
647 9.41602803017e-05
648 8.8860897678e-05
649 8.39043454443e-05
650 -0.0549343132058
651 -0.00351656958336
652 0.00749467015842
653 0.00993762375959
654 0.008433059739
655 0.0069684988368
656 0.00571633932463
657 0.00470496691996
658 0.00380972259744
659 0.00310110397211
660 0.00257966167566
661 0.00211073336991
662 0.00178392402821
663 0.00147358636468
664 0.00125302420134
665 0.00107326035138
666 0.000922838087766
667 0.000808845234333
668 0.000702911465637
669 0.000622223046144
670 0.000559509252545
671 0.000489916554682
672 0.000404553685707
673 0.000317079761026
674 0.000257266790283
675 0.000237594551442
676 0.00024580343862
677 0.0002626758186
678 0.000275422121901
679 0.000277653724468
680 0.000270202787806
681 0.000261213132251
682 0.000249284439424
683 0.000233446277376
684 0.000218171452528
685 0.00020342556197
686 0.000190388385191
687 0.000177626250821
688 0.000166462301635
689 0.000155317959916
690 0.00014524269734
691 0.000136165959304
692 0.000127515443542
693 0.000119138883486
694 0.000111513494968
695 0.000104318776237
696 9.81556056192e-05
697 9.23990720579e-05
698 8.71389745719e-05
699 8.22751930119e-05
700 0.00738084295968
701 0.0261109425967
702 0.0212770523023
703 0.0160518118858
704 0.0115130118525
705 0.00866220492337
706 0.00668139812722
707 0.00530403370984
708 0.00420240079233
709 0.00337518031243
710 0.00277292922301
711 0.00225408537324
712 0.00189212586431
713 0.00155858635426
714 0.00131990960548
715 0.00112650603548
716 0.000965567918961
717 0.000842550175914
718 0.000730484209283
719 0.000644129344339
720 0.00057672847205
721 0.000503524942706
722 0.000415291258181
723 0.000324697380554
724 0.000261437159009
725 0.000238997009068
726 0.000245800234167
727 0.000261904609718
728 0.000274236244154
729 0.0002761269548
730 0.000268448769448
731 0.000259099877601
732 0.000246938569018
733 0.000230940802062
734 0.000215643664333
735 0.000200802233393
736 0.000187668404519
737 0.00017490189501
738 0.000163739337129
739 0.00015261183622
740 0.000142686593907
741 0.000133662526296
742 0.000125161279477
743 0.000116849217032
744 0.0001093183351
745 0.000102216568079
746 9.61747340483e-05
747 9.05020082086e-05
748 8.53277070201e-05
749 8.05363540825e-05
750 -0.0339378541689
751 0.0150726253698
752 0.0181360864538
753 0.0142480797815
754 0.0108152446636
755 0.00832258178765
756 0.00647342758328
757 0.00516996065469
758 0.00412618546617
759 0.00333567695014
760 0.0027477685813
761 0.00224646265674
762 0.00188884417031
763 0.00156280297272
764 0.00132589687788
765 0.00113304777224
766 0.000972322017782
767 0.000848612413455
768 0.00073590224196
769 0.000648690782681
770 0.000579507078592
771 0.000505099424915
772 0.000415838043572
773 0.000324375520086
774 0.00026055708733
775 0.000237561668966
776 0.000243952288262
777 0.000259652689245
778 0.000271479183253
779 0.00027284513227
780 0.000265072888918
781 0.000255538963395
782 0.000243244429248
783 0.00022725529749
784 0.000211902984909
785 0.000197122142912
786 0.000184062372555
787 0.00017135722782
788 0.00016039391925
789 0.000149346129552
790 0.000139610147805
791 0.000130719858499
792 0.000122362520974
793 0.000114209895674
794 0.000106795153362
795 9.98561210464e-05
796 9.39443195897e-05
797 8.83543551887e-05
798 8.33099752876e-05
799 7.86233675422e-05
800 -0.0606007483217
801 -0.0180479624214
802 0.00237899842589
803 0.00617575047137
804 0.00682845526755
805 0.0061185182225
806 0.00517374813332
807 0.0043424565936
808 0.0036009993727
809 0.00299131806866
810 0.00251012405098
811 0.00208652398858
812 0.00177535297543
813 0.001486094922
814 0.00127048208437
815 0.00109281956489
816 0.000943060902542
817 0.000825982767711
818 0.000719232346389
819 0.000635477664003
820 0.000567520242187
821 0.000494093296422
822 0.00040556635397
823 0.000315797369641
824 0.000254354684696
825 0.000233308797839
826 0.0002401150495
827 0.000255504457761
828 0.00026671454448
829 0.000267753735297
830 0.000259750304432
831 0.000250268803967
832 0.000237966271829
833 0.0002221808273
834 0.000206901736656
835 0.000192578075546
836 0.00017967912885
837 0.000167255253499
838 0.000156396864901
839 0.000145626638391
840 0.000136051520667
841 0.000127322709529
842 0.000119108347215
843 0.000111209174901
844 0.000103973574061
845 9.72275996661e-05
846 9.14563005478e-05
847 8.60136738469e-05
848 8.11001429829e-05
849 7.65675135521e-05
850 -0.0465623901646
851 -0.027173647372
852 -0.00913513913924
853 -0.00185791550175
854 0.00190729401696
855 0.00305774080365
856 0.00324329298496
857 0.00306100330378
858 0.00275118455198
859 0.00241262011172
860 0.00210080598403
861 0.00180083577622
862 0.00156585229528
863 0.00133727572252
864 0.00115963641956
865 0.00100951179309
866 0.000880081221758
867 0.000776721314643
868 0.00068126758135
869 0.000605013931907
870 0.000541500837753
871 0.000470735405108
872 0.000384828796569
873 0.00029946604226
874 0.000243210820941
875 0.000226043817438
876 0.000234202275502
877 0.000249458565366
878 0.000259950618062
879 0.000260538380397
880 0.00025245050591
881 0.000243074423739
882 0.000231041321573
883 0.000215719591445
884 0.000200835617866
885 0.000186889720942
886 0.000174267298091
887 0.00016224419101
888 0.000151640612194
889 0.000141187023152
890 0.00013197837325
891 0.000123493189649
892 0.000115538976709
893 0.000107908911019
894 0.000100874806025
895 9.43666608936e-05
896 8.87375114367e-05
897 8.34936923761e-05
898 7.87307271736e-05
899 7.43440257099e-05
900 -0.0340822811555
901 -0.0248769618859
902 -0.0133415435764
903 -0.00671211006822
904 -0.00204314286574
905 0.000184474885217
906 0.00123456901031
907 0.0016356642405
908 0.00175219241153
909 0.00170268582561
910 0.00158379005797
911 0.00142822798756
912 0.00128664044842
913 0.00113282672357
914 0.00100471656429
915 0.00089032378836
916 0.000788617341541
917 0.000704256929712
918 0.000624769345404
919 0.000559402422962
920 0.000502402747336
921 0.000436055650974
922 0.000354859704507
923 0.000276275211479
924 0.000227879321665
925 0.000216259485325
926 0.000226434783345
927 0.000241498005405
928 0.000251242110832
929 0.000251474259078
930 0.000243448299521
931 0.000234244121143
932 0.000222627536111
933 0.000207861150352
934 0.000193674122794
935 0.00018023461377
936 0.000168084996514
937 0.000156559503583
938 0.000146339951299
939 0.000136274366214
940 0.000127374215594
941 0.000119241496163
942 0.000111561141194
943 0.000104225787278
944 9.7458026185e-05
945 9.11795609163e-05
946 8.58013914562e-05
947 8.07435750216e-05
948 7.61809120898e-05
949 7.19605673642e-05
950 -0.0255349746067
951 -0.0206811195205
952 -0.0136230172182
953 -0.00871371168383
954 -0.00446497425241
955 -0.00196325135555
956 -0.000470323529343
957 0.000318705609479
958 0.000766376066224
959 0.00096544587165
960 0.00102693710508
961 0.00101383154308
962 0.000967663737489
963 0.000893442731627
964 0.000819521809354
965 0.000745839036641
966 0.000675545713023
967 0.000614085061642
968 0.000553452754189
969 0.000501186261763
970 0.000452299956998
971 0.000391747072521
972 0.000316968518823
973 0.000247900029711
974 0.000209456762806
975 0.000204399349648
976 0.00021674775185
977 0.000231443614418
978 0.000240372506322
979 0.000240151945362
980 0.000232332495322
981 0.000223512062815
982 0.000212499994345
983 0.00019846574764
984 0.000185051810469
985 0.000172336586133
986 0.000160813685324
987 0.000149907097522
988 0.000140185724669
989 0.000130621424832
990 0.000122262876071
991 0.000114523759249
992 0.00010723646851
993 0.000100225035517
994 9.37896370645e-05
995 8.77997535542e-05
996 8.26765208196e-05
997 7.78709223722e-05
998 7.34898110584e-05
999 6.94902905378e-05
1000 -0.0196799655774
1001 -0.0168529757503
1002 -0.0124308210832
1003 -0.00903793881889
1004 -0.00561828821754
1005 -0.00330471917099
1006 -0.00171786923317
1007 -0.000745431984856
1008 -9.41305723263e-05
1009 0.000283129232576
1010 0.000488832271821
1011 0.000597347293559
1012 0.000637860390755
1013 0.000638931235454
1014 0.000618182410421
1015 0.000586141267957
1016 0.000548377471858
1017 0.000511256282954
1018 0.000470932566781
1019 0.000432984447688
1020 0.000393019887379
1021 0.000339449953816
1022 0.000273163364821
1023 0.00021601959918
1024 0.000188990812509
1025 0.000190849613396
1026 0.000205127707882
1027 0.000219415088058
1028 0.000227524832327
1029 0.000227102555073
1030 0.000219640400995
1031 0.000211374047906
1032 0.000201084791702
1033 0.000187983757692
1034 0.000175418895788
1035 0.000163538084398
1036 0.000152772332001
1037 0.000142602049391
1038 0.000133593059666
1039 0.000124614519541
1040 0.000116732653314
1041 0.000109422824758
1042 0.00010254923243
1043 9.5935151176e-05
1044 8.98534629015e-05
1045 8.4159484852e-05
1046 7.93137131455e-05
1047 7.47548623074e-05
1048 7.06034093339e-05
1049 6.68037435355e-05
1050 -0.0155482870493
1051 -0.0137490109934
1052 -0.0108831301211
1053 -0.008576684276
1054 -0.00596097545634
1055 -0.00400253626338
1056 -0.00252352716317
1057 -0.00152041453457
1058 -0.00077924157639
1059 -0.000295912281192
1060 8.6287877609e-06
1061 0.000209829415804
1062 0.000321207998879
1063 0.000387113277376
1064 0.000414479408894
1065 0.000421217346639
1066 0.000414956872947
1067 0.000401630401771
1068 0.000381718681341
1069 0.000358205407811
1070 0.00032754579882
1071 0.000281686688127
1072 0.00022599260568
1073 0.00018273679462
1074 0.000167717152233
1075 0.000175967948249
1076 0.000191697294945
1077 0.00020540552935
1078 0.000212715116688
1079 0.000212157863291
1080 0.000205264544289
1081 0.000197742294487
1082 0.000188274635386
1083 0.000176282433383
1084 0.000164866452347
1085 0.000154068082254
1086 0.000144164208711
1087 0.000134808868396
1088 0.000126398037753
1089 0.000118115125293
1090 0.000110766405921
1091 0.00010396922976
1092 9.75573538859e-05
1093 9.13978683388e-05
1094 8.56934964044e-05
1095 8.03638812131e-05
1096 7.58087306916e-05
1097 7.15505256819e-05
1098 6.76488416943e-05
1099 6.40689141653e-05
1100 -0.0125182058079
1101 -0.0113061809301
1102 -0.00937393570277
1103 -0.00780414575099
1104 -0.00583685867547
1105 -0.00425445250803
1106 -0.00296853175786
1107 -0.00202847462811
1108 -0.00127966625006
1109 -0.00075211877108
1110 -0.000392022809182
1111 -0.000128571042684
1112 3.45450922595e-05
1113 0.000151563538364
1114 0.000219107863298
1115 0.000259404395414
1116 0.000281470950069
1117 0.000290211387647
1118 0.000289398568127
1119 0.000279513577923
1120 0.000257909145068
1121 0.000220854983504
1122 0.00017795471779
1123 0.000149702032651
1124 0.000146251314207
1125 0.000159744207698
1126 0.000176374436565
1127 0.00018935251053
1128 0.000196009664753
1129 0.000195514854317
1130 0.000189413265381
1131 0.000182814763246
1132 0.000174471100062
1133 0.000163847525208
1134 0.000153556419022
1135 0.000143881736662
1136 0.000134887259028
1137 0.000126405849494
1138 0.000118799316565
1139 0.000111184368626
1140 0.000104475930388
1141 9.82088574618e-05
1142 9.2307638198e-05
1143 8.66114530356e-05
1144 8.12884363844e-05
1145 7.63563890567e-05
1146 7.21028406363e-05
1147 6.81519514592e-05
1148 6.4525638948e-05
1149 6.11987235952e-05
1150 -0.0102547153258
1151 -0.00938567537713
1152 -0.00803498034138
1153 -0.00695314418071
1154 -0.00547950913365
1155 -0.00422821622411
1156 -0.00315569349874
1157 -0.00232118672845
1158 -0.00161481818688
1159 -0.00108769749852
1160 -0.000706537460314
1161 -0.000408585986665
1162 -0.000212075388333
1163 -5.81682048185e-05
1164 4.0094899157e-05
1165 0.000107722385213
1166 0.000153640150005
1167 0.000181711851253
1168 0.000197780161585
1169 0.000200080255803
1170 0.000187133525385
1171 0.000160197030002
1172 0.000131687350246
1173 0.000118411797675
1174 0.000124939248132
1175 0.000142224163843
1176 0.000159179329926
1177 0.000171373785612
1178 0.000177510617902
1179 0.000177352864528
1180 0.000172234871112
1181 0.000166703016797
1182 0.000159557068064
1183 0.000150315437692
1184 0.000141367525076
1185 0.000132866526447
1186 0.000124942406417
1187 0.000117427877353
1188 0.000110639615235
1189 0.000103870190815
1190 9.78211454147e-05
1191 9.21321721828e-05
1192 8.67880129939e-05
1193 8.16121991923e-05
1194 7.67431336445e-05
1195 7.21963811772e-05
1196 6.83017385761e-05
1197 6.46784167309e-05
1198 6.13516880807e-05
1199 5.82440679282e-05
1200 -0.00850713244692
1201 -0.00786650815787
1202 -0.00689020314999
1203 -0.00613370503171
1204 -0.00502548576225
1205 -0.00404561093215
1206 -0.00317094566666
1207 -0.00245519259441
1208 -0.0018159422777
1209 -0.00131685398194
1210 -0.00093985594937
1211 -0.000628812646086
1212 -0.000415224158568
1213 -0.000237339217817
1214 -0.000117855199363
1215 -2.95116868707e-05
1216 3.53137631969e-05
1217 7.93065066239e-05
1218 0.000109575927577
1219 0.000122464372622
1220 0.000118176199325
1221 0.00010271506493
1222 8.93029852011e-05
1223 8.96235240981e-05
1224 0.000103835448741
1225 0.000123400495768
1226 0.00014014172749
1227 0.000151635517586
1228 0.00015756881538
1229 0.000157971288844
1230 0.000154070658171
1231 0.000149781694228
1232 0.000143973856932
1233 0.000136249407714
1234 0.000128677410563
1235 0.000121441737263
1236 0.000114620817038
1237 0.000108127666859
1238 0.000102280780769
1239 9.63303971399e-05
1240 9.09655549428e-05
1241 8.58938190193e-05
1242 8.11007344314e-05
1243 7.64461675162e-05
1244 7.20293306068e-05
1245 6.79061133662e-05
1246 6.4380570024e-05
1247 6.10604658019e-05
1248 5.80232366094e-05
1249 5.51980072423e-05
1250 -0.00713901698643
1251 -0.00665211115051
1252 -0.00592654832406
1253 -0.00539138862421
1254 -0.00454852763425
1255 -0.00378354312461
1256 -0.00307834626263
1257 -0.00247627660359
1258 -0.00191392612699
1259 -0.00145839467204
1260 -0.00110103634839
1261 -0.000793226007702
1262 -0.000575148815278
1263 -0.000384685018583
1264 -0.000252062658572
1265 -0.000149663009314
1266 -7.08267755109e-05
1267 -1.43875580211e-05
1268 2.72821159201e-05
1269 4.93781473266e-05
1270 5.41678170851e-05
1271 5.11039664021e-05
1272 5.19727543362e-05
1273 6.32536732692e-05
1274 8.25505643453e-05
1275 0.000103064565797
1276 0.000119356718982
1277 0.000130371225336
1278 0.000136421603998
1279 0.000137634449403
1280 0.000135200495624
1281 0.000132258717981
1282 0.000127854265056
1283 0.000121730074822
1284 0.000115607162586
1285 0.000109705064341
1286 0.000104041657052
1287 9.86162424562e-05
1288 9.36322291973e-05
1289 8.8497797978e-05
1290 8.38633734953e-05
1291 7.94459570076e-05
1292 7.52342197126e-05
1293 7.11206153928e-05
1294 6.71827204841e-05
1295 6.35081425135e-05
1296 6.03625498202e-05
1297 5.74021896214e-05
1298 5.46542256956e-05
1299 5.21056434268e-05
1300 -0.00605041067862
1301 -0.00567217507251
1302 -0.00511877059093
1303 -0.00473666839626
1304 -0.00408855658991
1305 -0.00348806423185
1306 -0.00292128121189
1307 -0.00242259381711
1308 -0.001936066551
1309 -0.00153019953143
1310 -0.00120200250852
1311 -0.000908412049014
1312 -0.000694895351372
1313 -0.00050105049619
1314 -0.000362196452179
1315 -0.000251193673527
1316 -0.000163053196877
1317 -9.74943743985e-05
1318 -4.67105215771e-05
1319 -1.62711323266e-05
1320 -2.00125756188e-06
1321 6.9162964309e-06
1322 1.96305480811e-05
1323 3.85449998791e-05
1324 6.06472952383e-05
1325 8.1250103842e-05
1326 9.71509081313e-05
1327 0.000108026746494
1328 0.000114464395759
1329 0.000116778618139
1330 0.000115944531171
1331 0.00011443785734
1332 0.000111534918661
1333 0.000107035584881
1334 0.000102410465479
1335 9.78014274023e-05
1336 9.32956072637e-05
1337 8.89361854354e-05
1338 8.48990505326e-05
1339 8.06267600232e-05
1340 7.67211087445e-05
1341 7.29587998558e-05
1342 6.93248353031e-05
1343 6.57456168951e-05
1344 6.22758399314e-05
1345 5.90393614782e-05
1346 5.6258381568e-05
1347 5.36316804763e-05
1348 5.1190555145e-05
1349 4.8904885592e-05
1350 -0.00517712944462
1351 -0.00487621423457
1352 -0.00444560561715
1353 -0.00416886298285
1354 -0.00366443479928
1355 -0.00318950632465
1356 -0.00273582335063
1357 -0.00232451211822
1358 -0.00190836051938
1359 -0.00155223205044
1360 -0.00125719754097
1361 -0.000983408105754
1362 -0.000780712387621
1363 -0.000589739852543
1364 -0.000449871343102
1365 -0.000334836103825
1366 -0.000240457171512
1367 -0.000168156841965
1368 -0.00010981757867
1369 -7.17254087617e-05
1370 -4.85399615607e-05
1371 -2.97450397233e-05
1372 -8.73684786547e-06
1373 1.45876220388e-05
1374 3.77871011141e-05
1375 5.80744458496e-05
1376 7.37848605086e-05
1377 8.4906343315e-05
1378 9.20618117272e-05
1379 9.57044454783e-05
1380 9.65498250028e-05
1381 9.65126641297e-05
1382 9.51290334421e-05
1383 9.22455170275e-05
1384 8.91175856161e-05
1385 8.58423357901e-05
1386 8.25004210868e-05
1387 7.91976262591e-05
1388 7.60470853588e-05
1389 7.26182634418e-05
1390 6.94431710895e-05
1391 6.63434537567e-05
1392 6.33200855606e-05
1393 6.02967877459e-05
1394 5.7325671925e-05
1395 5.45413286157e-05
1396 5.21529704843e-05
1397 4.98782022092e-05
1398 4.77388460614e-05
1399 4.57083687622e-05
1400 -0.00446225449023
1401 -0.00421759259943
1402 -0.00387373483733
1403 -0.00367201404778
1404 -0.00327678945754
1405 -0.0028989388642
1406 -0.00253546666003
1407 -0.00219755682454
1408 -0.00184564143988
1409 -0.00153642501093
1410 -0.00127509164957
1411 -0.00102522721626
1412 -0.000836987606012
1413 -0.000653527015955
1414 -0.00051633224733
1415 -0.000400065126759
1416 -0.000301710852199
1417 -0.000224239558734
1418 -0.000159963740161
1419 -0.000115777602398
1420 -8.5975955288e-05
1421 -6.07011768673e-05
1422 -3.49301124825e-05
1423 -9.53847868614e-06
1424 1.39039222268e-05
1425 3.39207472169e-05
1426 4.9816648246e-05
1427 6.15520809493e-05
1428 6.96573389654e-05
1429 7.47489465491e-05
1430 7.73305539305e-05
1431 7.87702238463e-05
1432 7.88997194542e-05
1433 7.76057649507e-05
1434 7.59300445489e-05
1435 7.39470868244e-05
1436 7.17651741984e-05
1437 6.95068833375e-05
1438 6.72691969958e-05
1439 6.46878198236e-05
1440 6.22228110786e-05
1441 5.97596360952e-05
1442 5.73398963393e-05
1443 5.4855691252e-05
1444 5.23568686863e-05
1445 5.00026176036e-05
1446 4.79773371444e-05
1447 4.60679598015e-05
1448 4.42297317549e-05
1449 4.24726763568e-05
1450 -0.00387281196093
1451 -0.00367008777041
1452 -0.00339155555821
1453 -0.0032446322908
1454 -0.00293096794746
1455 -0.00262776071357
1456 -0.002336404496
1457 -0.00205964329205
1458 -0.00176173551014
1459 -0.00149598254561
1460 -0.00126697594154
1461 -0.00104158006528
1462 -0.000869014966552
1463 -0.000695381245514
1464 -0.00056256052268
1465 -0.00044652264806
1466 -0.000345636633718
1467 -0.000264253994645
1468 -0.000196666375188
1469 -0.000149421350582
1470 -0.000116453144541
1471 -8.81692886415e-05
1472 -6.02967182683e-05
1473 -3.41434785261e-05
1474 -1.0707576272e-05
1475 9.33211865829e-06
1476 2.57738948749e-05
1477 3.84051607436e-05
1478 4.76631430794e-05
1479 5.42304144311e-05
1480 5.85448668371e-05
1481 6.14439554723e-05
1482 6.3042745703e-05
1483 6.33024187607e-05
1484 6.30030845919e-05
1485 6.22687590836e-05
1486 6.11916805082e-05
1487 5.99509867238e-05
1488 5.85680106428e-05
1489 5.67961939562e-05
1490 5.50315405715e-05
1491 5.32151808922e-05
1492 5.13676575302e-05
1493 4.94084742919e-05
1494 4.73898856125e-05
1495 4.54895345935e-05
1496 4.38477388151e-05
1497 4.22720542765e-05
1498 4.07267619815e-05
1499 3.9231612933e-05
1500 -0.00338260002576
1501 -0.00321144483408
1502 -0.00298442812276
1503 -0.00287673187981
1504 -0.00262393562646
1505 -0.00238070815396
1506 -0.00214590216228
1507 -0.00191927454518
1508 -0.00166768715375
1509 -0.00143996029952
1510 -0.00124051783058
1511 -0.00103833231908
1512 -0.000881281137352
1513 -0.000717253892314
1514 -0.000588892873892
1515 -0.000472841186709
1516 -0.000370397601413
1517 -0.000288394774026
1518 -0.000221913513277
1519 -0.000175708044774
1520 -0.00014304633107
1521 -0.000114169899714
1522 -8.56053088248e-05
1523 -5.90814600949e-05
1524 -3.54857854793e-05
1525 -1.50530902518e-05
1526 2.23228095103e-06
1527 1.59484091266e-05
1528 2.64562524744e-05
1529 3.45102237373e-05
1530 4.04926366762e-05
1531 4.47820132679e-05
1532 4.7764107609e-05
1533 4.95063901312e-05
1534 5.05055274631e-05
1535 5.09346141108e-05
1536 5.093767869e-05
1537 5.06083605937e-05
1538 5.00446866948e-05
1539 4.90489821969e-05
1540 4.79748597814e-05
1541 4.67859896461e-05
1542 4.54831795087e-05
1543 4.40233282721e-05
1544 4.24856897974e-05
1545 4.1003246927e-05
1546 3.97110321455e-05
1547 3.84613089421e-05
1548 3.72098620541e-05
1549 3.59862243549e-05
1550 -0.00297198648062
1551 -0.00282647147223
1552 -0.00263948443531
1553 -0.00256017036213
1554 -0.00235480332837
1555 -0.00215806592863
1556 -0.00196805479416
1557 -0.00178186965902
1558 -0.00156904606614
1559 -0.00137395748939
1560 -0.00120025459286
1561 -0.00101845687266
1562 -0.000874496162024
1563 -0.000718566450878
1564 -0.000592919837734
1565 -0.000477833173556
1566 -0.000377978426955
1567 -0.000301070678521
1568 -0.000240881596239
1569 -0.00019909588059
1570 -0.000168418683132
1571 -0.000139878085671
1572 -0.000110887084042
1573 -8.38832485187e-05
1574 -5.98268105557e-05
1575 -3.86891807425e-05
1576 -2.03782849082e-05
1577 -5.44140037402e-06
1578 6.30337620576e-06
1579 1.58137820668e-05
1580 2.33540857241e-05
1581 2.89302426833e-05
1582 3.32019582739e-05
1583 3.63111688489e-05
1584 3.85398004153e-05
1585 4.00709192155e-05
1586 4.10327379888e-05
1587 4.15797620737e-05
1588 4.1790870558e-05
1589 4.15376811204e-05
1590 4.1098976251e-05
1591 4.04826032822e-05
1592 3.96889667252e-05
1593 3.87196169664e-05
1594 3.76428390716e-05
1595 3.65708478006e-05
1596 3.5631547305e-05
1597 3.46846730124e-05
1598 3.3730952963e-05
1599 3.27947290989e-05
1600 -0.00262656820843
1601 -0.0025039232174
1602 -0.00234480624964
1603 -0.00228681965757
1604 -0.00211835939156
1605 -0.00195804985599
1606 -0.0018033255353
1607 -0.00164954542918
1608 -0.00146920474331
1609 -0.00130055618233
1610 -0.00114740804363
1611 -0.000982193441527
1612 -0.000846825405029
1613 -0.000697130352838
1614 -0.00057476390267
1615 -0.000465554475104
1616 -0.000375505682496
1617 -0.000310017010207
1618 -0.000259113855012
1619 -0.000222464935208
1620 -0.000193798053367
1621 -0.000165244106646
1622 -0.000135557724243
1623 -0.00010766938985
1624 -8.29164530264e-05
1625 -6.09246300481e-05
1626 -4.15098260597e-05
1627 -2.54135398463e-05
1628 -1.25212254886e-05
1629 -1.67998411236e-06
1630 7.2904046316e-06
1631 1.40457456922e-05
1632 1.94836324055e-05
1633 2.3836724688e-05
1634 2.71616187319e-05
1635 2.96780272506e-05
1636 3.15410878889e-05
1637 3.28948449973e-05
1638 3.38156637605e-05
1639 3.42455250644e-05
1640 3.4413478131e-05
1641 3.43427264433e-05
1642 3.40426287604e-05
1643 3.3546774672e-05
1644 3.29039358626e-05
1645 3.22233482096e-05
1646 3.16285716254e-05
1647 3.10049836723e-05
1648 3.03220518669e-05
1649 2.96341243586e-05
1650 -0.0023349050969
1651 -0.00222781733441
1652 -0.00209234677904
1653 -0.00204999166736
1654 -0.00191054507677
1655 -0.00177773762939
1656 -0.00165083433141
1657 -0.0015218586452
1658 -0.00136608183094
1659 -0.00121806782695
1660 -0.00107813363872
1661 -0.000924121141044
1662 -0.000794243981093
1663 -0.000652903674465
1664 -0.000540465030569
1665 -0.0004461242614
1666 -0.000373045584469
1667 -0.000321729398925
1668 -0.000279687159365
1669 -0.000246696338708
1670 -0.00021879622732
1671 -0.00018952812803
1672 -0.000158744749313
1673 -0.000129902889141
1674 -0.000104265629445
1675 -8.1383838023e-05
1676 -6.09165272601e-05
1677 -4.37367226996e-05
1678 -2.98281854698e-05
1679 -1.7812881077e-05
1680 -7.56328836725e-06
1681 2.36345219347e-07
1682 6.69356414512e-06
1683 1.21425354861e-05
1684 1.64489375882e-05
1685 1.98497581531e-05
1686 2.25310365115e-05
1687 2.46174437654e-05
1688 2.61843023587e-05
1689 2.72541785727e-05
1690 2.79869785485e-05
1691 2.8418378879e-05
1692 2.85795451492e-05
1693 2.8526175386e-05
1694 2.82796420534e-05
1695 2.79756842926e-05
1696 2.7702182944e-05
1697 2.73707378423e-05
1698 2.69693809455e-05
1699 2.65353154165e-05
1700 -0.0020826095481
1701 -0.00198946458493
1702 -0.00187437017579
1703 -0.00184250004074
1704 -0.00172524452587
1705 -0.00161268312907
1706 -0.00150520112734
1707 -0.0013928573513
1708 -0.00125372592503
1709 -0.00111816661701
1710 -0.00098641459162
1711 -0.000842134931976
1712 -0.000721913967088
1713 -0.000597453102772
1714 -0.000505271276889
1715 -0.000432928012131
1716 -0.000378439152007
1717 -0.000338957727324
1718 -0.000302329180172
1719 -0.000270465116733
1720 -0.000241846816902
1721 -0.000211357130708
1722 -0.000179359452348
1723 -0.000149559757904
1724 -0.000123183254714
1725 -9.95266059621e-05
1726 -7.82346049588e-05
1727 -6.01387981341e-05
1728 -4.53831686973e-05
1729 -3.2392786872e-05
1730 -2.10766084478e-05
1731 -1.24213544322e-05
1732 -5.11674264389e-06
1733 1.28330558266e-06
1734 6.45464724164e-06
1735 1.06359097499e-05
1736 1.40409361072e-05
1737 1.67730804072e-05
1738 1.89242583089e-05
1739 2.05661431317e-05
1740 2.18074780446e-05
1741 2.27002939877e-05
1742 2.32947606312e-05
1743 2.36551607623e-05
1744 2.38036656244e-05
1745 2.38629486524e-05
1746 2.38912669629e-05
1747 2.38427232825e-05
1748 2.36954792475e-05
1749 2.34912655639e-05
1750 -0.00185499169625
1751 -0.00177277476335
1752 -0.00167589788965
1753 -0.00164908105037
1754 -0.00154789873767
1755 -0.00144925414677
1756 -0.00135253794774
1757 -0.00124954523522
1758 -0.00112122412104
1759 -0.000995426651591
1760 -0.000874244884552
1761 -0.000747300493832
1762 -0.000648151586998
1763 -0.000550594106368
1764 -0.000484607006693
1765 -0.000433779977045
1766 -0.0003931314812
1767 -0.000360243380454
1768 -0.000325088829386
1769 -0.000292363026754
1770 -0.000262183452889
1771 -0.000230522191187
1772 -0.000197364624496
1773 -0.000166789382588
1774 -0.00013975905162
1775 -0.000115532295171
1776 -9.35303170304e-05
1777 -7.46977914905e-05
1778 -5.92638455415e-05
1779 -4.55143481756e-05
1780 -3.33306342779e-05
1781 -2.39650671843e-05
1782 -1.59265916842e-05
1783 -8.69365414829e-06
1784 -2.79097407506e-06
1785 2.05872205846e-06
1786 6.09682444163e-06
1787 9.39617173744e-06
1788 1.20615683033e-05
1789 1.42138415422e-05
1790 1.59083294481e-05
1791 1.72196274967e-05
1792 1.8212565215e-05
1793 1.89529706234e-05
1794 1.94752747491e-05
1795 1.98774364701e-05
1796 2.0202174169e-05
1797 2.04276715954e-05
1798 2.05334261028e-05
1799 2.05519617762e-05
1800 -0.00162996570225
1801 -0.00155992122803
1802 -0.00147781845512
1803 -0.00145107868922
1804 -0.00136129067534
1805 -0.00127188756049
1806 -0.00118169914808
1807 -0.00108642214136
1808 -0.000971842109072
1809 -0.000863081392863
1810 -0.000764189319651
1811 -0.000666218786742
1812 -0.00059692956467
1813 -0.000527825914664
1814 -0.00048420522119
1815 -0.000447235070286
1816 -0.000412966599116
1817 -0.000381384669661
1818 -0.00034505731843
1819 -0.00031048763546
1820 -0.000278615867547
1821 -0.000245779336728
1822 -0.000211888658849
1823 -0.000180846640513
1824 -0.000153522049257
1825 -0.000128970827697
1826 -0.000106555587968
1827 -8.72590424457e-05
1828 -7.1381840607e-05
1829 -5.705921572e-05
1830 -4.41916306586e-05
1831 -3.42746976132e-05
1832 -2.56519867495e-05
1833 -1.77564775493e-05
1834 -1.12671241951e-05
1835 -5.86833856993e-06
1836 -1.29568240674e-06
1837 2.48725412798e-06
1838 5.60817414002e-06
1839 8.21426281459e-06
1840 1.03132719978e-05
1841 1.20108518098e-05
1842 1.33764618819e-05
1843 1.44793808005e-05
1844 1.53523201342e-05
1845 1.60658225971e-05
1846 1.66559438217e-05
1847 1.71218771794e-05
1848 1.74529096454e-05
1849 1.76752117583e-05
1850 -0.00139000806529
1851 -0.00133348346251
1852 -0.00126342668547
1853 -0.0012366039461
1854 -0.00115782468751
1855 -0.00107980382249
1856 -0.00100176180043
1857 -0.000923407814359
1858 -0.000833356271806
1859 -0.000753077993368
1860 -0.000686175863177
1861 -0.000620084812683
1862 -0.000577928180856
1863 -0.000528891164989
1864 -0.000497448178348
1865 -0.000465684320336
1866 -0.000432069466609
1867 -0.00039875323546
1868 -0.000360269647696
1869 -0.000324008729663
1870 -0.000290849167213
1871 -0.000257280760203
1872 -0.000223187714438
1873 -0.000192021395649
1874 -0.00016467116593
1875 -0.000140033039866
1876 -0.000117473964242
1877 -9.79282218746e-05
1878 -8.18078164988e-05
1879 -6.71004065648e-05
1880 -5.37490419328e-05
1881 -4.34223440456e-05
1882 -3.43735607244e-05
1883 -2.59633281277e-05
1884 -1.89881612457e-05
1885 -1.31397705819e-05
1886 -8.12711648288e-06
1887 -3.94287511796e-06
1888 -4.34596848895e-07
1889 2.56366397382e-06
1890 5.0293948776e-06
1891 7.08230881888e-06
1892 8.79544433237e-06
1893 1.02334869031e-05
1894 1.14273971954e-05
1895 1.24242169785e-05
1896 1.32602392556e-05
1897 1.39509302734e-05
1898 1.44899170487e-05
1899 1.48968397872e-05
1900 -0.00115515222582
1901 -0.00111026617987
1902 -0.00105153309287
1903 -0.00103141891733
1904 -0.000968740098493
1905 -0.000909220877252
1906 -0.000853995367279
1907 -0.00080234994666
1908 -0.000742537304901
1909 -0.000692540380211
1910 -0.000653761590682
1911 -0.000609818193731
1912 -0.000582971307001
1913 -0.000541997020877
1914 -0.000513588393041
1915 -0.000481249599235
1916 -0.000445529887785
1917 -0.000409820048639
1918 -0.000369574270636
1919 -0.000332224119195
1920 -0.000298497953534
1921 -0.000264893189179
1922 -0.000231037853596
1923 -0.000200153297078
1924 -0.000173203507989
1925 -0.00014882640183
1926 -0.000126455900139
1927 -0.00010687682393
1928 -9.06881164456e-05
1929 -7.57544538244e-05
1930 -6.20922506372e-05
1931 -5.14956090978e-05
1932 -4.21523514714e-05
1933 -3.33372710748e-05
1934 -2.59958862815e-05
1935 -1.97837671688e-05
1936 -1.44062119158e-05
1937 -9.87529901169e-06
1938 -6.04640552694e-06
1939 -2.70629227928e-06
1940 9.13905473498e-08
1941 2.46513043101e-06
1942 4.4910247118e-06
1943 6.227531172e-06
1944 7.70558892642e-06
1945 8.95541596833e-06
1946 1.00138389509e-05
1947 1.09095356175e-05
1948 1.16284755596e-05
1949 1.22068863221e-05
1950 -0.000977617546082
1951 -0.000940217861826
1952 -0.000890523620689
1953 -0.000883937794372
1954 -0.000839213980382
1955 -0.000801059244695
1956 -0.00077037656152
1957 -0.000743345119434
1958 -0.000706722426499
1959 -0.00067663500529
1960 -0.000652777700311
1961 -0.000617981774121
1962 -0.000595482169987
1963 -0.000554876915491
1964 -0.000524816416865
1965 -0.000490061342391
1966 -0.000452035879087
1967 -0.000414569225908
1968 -0.000373613965507
1969 -0.00033598623871
1970 -0.000302401325297
1971 -0.000269351832441
1972 -0.000236112883334
1973 -0.00020589430557
1974 -0.000179497688938
1975 -0.000155498134151
1976 -0.000133453336253
1977 -0.000113979462815
1978 -9.78992622661e-05
1979 -8.29517942038e-05
1980 -6.91737241248e-05
1981 -5.84659964319e-05
1982 -4.89434481318e-05
1983 -3.98610714525e-05
1984 -3.22603861218e-05
1985 -2.58132812761e-05
1986 -2.01415866046e-05
1987 -1.53288117086e-05
1988 -1.1224619446e-05
1989 -7.57699544332e-06
1990 -4.48079163747e-06
1991 -1.82607930012e-06
1992 4.7496626665e-07
1993 2.47417067794e-06
1994 4.20107352534e-06
1995 5.67387790285e-06
1996 6.92788477818e-06
1997 7.99633511977e-06
1998 8.87850429408e-06
1999 9.60900443835e-06
2000 -0.000887638473271
2001 -0.000853068548083
2002 -0.000809567033508
2003 -0.00081493499303
2004 -0.000783525756775
2005 -0.000760081012086
2006 -0.000744727814012
2007 -0.000731235046439
2008 -0.000704900124572
2009 -0.000682104698299
2010 -0.000661815090748
2011 -0.000627553832006
2012 -0.000603651947873
2013 -0.000560913018231
2014 -0.000528206459745
2015 -0.000491105581556
2016 -0.000451636762499
2017 -0.000413411929013
2018 -0.000372573891592
2019 -0.000335541114619
2020 -0.000302750529459
2021 -0.000270759871738
2022 -0.000238494463533
2023 -0.000209192446836
2024 -0.000183659821128
2025 -0.000160298713161
2026 -0.00013875119418
2027 -0.000119608346785
2028 -0.000103801712955
2029 -8.90044533481e-05
2030 -7.52354589675e-05
2031 -6.44997581976e-05
2032 -5.49113512374e-05
2033 -4.56617467296e-05
2034 -3.79143915913e-05
2035 -3.1245591089e-05
2036 -2.5327810652e-05
2037 -2.03019587836e-05
2038 -1.59690437151e-05
2039 -1.20535575161e-05
2040 -8.70437751296e-06
2041 -5.8046841439e-06
2042 -3.26553287622e-06
2043 -1.04227405524e-06
2044 9.00447546254e-07
2045 2.5666690916e-06
2046 3.99120330198e-06
2047 5.21344891078e-06
2048 6.24778917378e-06
2049 7.12224170122e-06
2050 -0.00086411049752
2051 -0.000829446716529
2052 -0.000789678802788
2053 -0.000800846044242
2054 -0.000775153541901
2055 -0.000757165104368
2056 -0.000746443490248
2057 -0.000736118689176
2058 -0.000711095615888
2059 -0.000688064753533
2060 -0.000665594092888
2061 -0.000629004921331
2062 -0.00060222440369
2063 -0.000557304117105
2064 -0.000522799364142
2065 -0.000484729368637
2066 -0.00044506247101
2067 -0.000407313135086
2068 -0.000367534266846
2069 -0.000331774815803
2070 -0.000300170401435
2071 -0.000269540945653
2072 -0.000238569095696
2073 -0.000210472149205
2074 -0.000185905583938
2075 -0.000163395871427
2076 -0.000142519272016
2077 -0.000123820806074
2078 -0.000108406981208
2079 -9.3877885338e-05
2080 -8.02176791132e-05
2081 -6.95801033052e-05
2082 -6.00126495969e-05
2083 -5.06911529194e-05
2084 -4.28282741836e-05
2085 -3.60373524425e-05
2086 -2.99587307113e-05
2087 -2.47598516604e-05
2088 -2.02285906639e-05
2089 -1.61141829276e-05
2090 -1.2554244125e-05
2091 -9.4635937095e-06
2092 -6.72640522842e-06
2093 -4.32549249639e-06
2094 -2.1933643068e-06
2095 -3.66184145168e-07
2096 1.20184305902e-06
2097 2.56210899178e-06
2098 3.73813189352e-06
2099 4.74859112387e-06
2100 -0.000862748177473
2101 -0.000828114754013
2102 -0.000789728012691
2103 -0.000801141996065
2104 -0.000776321233329
2105 -0.000758673588517
2106 -0.000746702490561
2107 -0.000734810334375
2108 -0.000707964475977
2109 -0.000682644469276
2110 -0.000657304822168
2111 -0.000619063302489
2112 -0.000590397527729
2113 -0.000545086292952
2114 -0.000510179308943
2115 -0.000472604076605
2116 -0.00043397354683
2117 -0.000397543660281
2118 -0.000359556952213
2119 -0.000325508704187
2120 -0.000295435770953
2121 -0.000266270929587
2122 -0.000236873773757
2123 -0.000210099705854
2124 -0.00018667512561
2125 -0.000165090445864
2126 -0.000145002585371
2127 -0.000126898294445
2128 -0.000111990278135
2129 -9.77822583328e-05
2130 -8.43481619259e-05
2131 -7.38781581813e-05
2132 -6.43954950505e-05
2133 -5.50782898603e-05
2134 -4.71706023374e-05
2135 -4.03083635058e-05
2136 -3.40779721458e-05
2137 -2.87500187167e-05
2138 -2.40668656561e-05
2139 -1.97779882079e-05
2140 -1.60529395295e-05
2141 -1.28087429606e-05
2142 -9.91725448883e-06
2143 -7.3671094976e-06
2144 -5.08738613462e-06
2145 -3.12229001451e-06
2146 -1.42974405479e-06
2147 5.23734585353e-08
2148 1.35577403553e-06
2149 2.4895623165e-06
2150 -0.000853668462034
2151 -0.000819651830919
2152 -0.00078287663897
2153 -0.000792605710098
2154 -0.000767265969964
2155 -0.000748515664588
2156 -0.000734373418277
2157 -0.000720253292489
2158 -0.000691677262334
2159 -0.0006651977955
2160 -0.000638207009139
2161 -0.000599490124149
2162 -0.000570463596314
2163 -0.000526284105924
2164 -0.000492337614982
2165 -0.00045618319179
2166 -0.000419364487248
2167 -0.000384829886223
2168 -0.000349060058281
2169 -0.000317056865256
2170 -0.000288761961458
2171 -0.00026134356554
2172 -0.000233629291425
2173 -0.000208270922684
2174 -0.000186036371042
2175 -0.000165489398654
2176 -0.000146286943023
2177 -0.000128873033923
2178 -0.000114556496435
2179 -0.000100762911469
2180 -8.76339178558e-05
2181 -7.73880843214e-05
2182 -6.80404721697e-05
2183 -5.87900180558e-05
2184 -5.08809892223e-05
2185 -4.39769043686e-05
2186 -3.76647877112e-05
2187 -3.22618281228e-05
2188 -2.74845547564e-05
2189 -2.30848542055e-05
2190 -1.92373451104e-05
2191 -1.5873981386e-05
2192 -1.28583543233e-05
2193 -1.01911635902e-05
2194 -7.78620599245e-06
2195 -5.70752720403e-06
2196 -3.89827516128e-06
2197 -2.30424374222e-06
2198 -8.87260086407e-07
2199 3.55732002592e-07
2200 -0.000829581635274
2201 -0.000797056635392
2202 -0.000761823530935
2203 -0.000769629035282
2204 -0.000744405071702
2205 -0.000724981961913
2206 -0.00070919342348
2207 -0.000693618461179
2208 -0.000664575942402
2209 -0.000638088435835
2210 -0.000611248233748
2211 -0.0005735583171
2212 -0.000545419161216
2213 -0.000503241722102
2214 -0.000471222558714
2215 -0.000437117593598
2216 -0.000402641148915
2217 -0.000370305764176
2218 -0.00033699803347
2219 -0.000307174625098
2220 -0.000280737103729
2221 -0.000255170964367
2222 -0.000229111614794
2223 -0.000205263072197
2224 -0.000184338597633
2225 -0.000164851361648
2226 -0.000146635175312
2227 -0.000129943227319
2228 -0.000116230919814
2229 -0.000102916880889
2230 -9.01504222757e-05
2231 -8.01590570077e-05
2232 -7.09750135364e-05
2233 -6.18174858003e-05
2234 -5.3958386041e-05
2235 -4.70776554341e-05
2236 -4.07465103874e-05
2237 -3.53179337365e-05
2238 -3.04921860813e-05
2239 -2.60256661723e-05
2240 -2.20968461465e-05
2241 -1.86546201415e-05
2242 -1.55673203549e-05
2243 -1.2804541318e-05
2244 -1.02913025572e-05
2245 -8.10994894584e-06
2246 -6.19879479521e-06
2247 -4.50647146834e-06
2248 -2.99323104505e-06
2249 -1.65160931788e-06
2250 -0.000792275188047
2251 -0.000760868459919
2252 -0.000728142118583
2253 -0.000734520580182
2254 -0.000709900825829
2255 -0.000690849532508
2256 -0.000674665574522
2257 -0.000658832129599
2258 -0.000630681206148
2259 -0.000605241381767
2260 -0.000579462434202
2261 -0.000543766917977
2262 -0.000517224855073
2263 -0.000477861781262
2264 -0.00044809811481
2265 -0.000416442803644
2266 -0.000384423610063
2267 -0.000354529968189
2268 -0.000323708416619
2269 -0.000296155115193
2270 -0.00027165172052
2271 -0.000247988312851
2272 -0.000223662304814
2273 -0.000201353376541
2274 -0.000181847948087
2275 -0.000163477612526
2276 -0.000146246157753
2277 -0.000130263763103
2278 -0.000117133238942
2279 -0.000104278261892
2280 -9.18977796905e-05
2281 -8.21916193388e-05
2282 -7.32301762204e-05
2283 -6.42435366664e-05
2284 -5.64782320993e-05
2285 -4.96709566497e-05
2286 -4.33637156495e-05
2287 -3.79543568141e-05
2288 -3.31201367609e-05
2289 -2.86245384548e-05
2290 -2.4662832157e-05
2291 -2.11890344552e-05
2292 -1.80399796132e-05
2293 -1.52011184678e-05
2294 -1.25980242089e-05
2295 -1.03310033166e-05
2296 -8.33660699046e-06
2297 -6.56142518942e-06
2298 -4.9577955517e-06
2299 -3.52184539826e-06
2300 -0.000745897185079
2301 -0.000716453762903
2302 -0.00068635241269
2303 -0.000691581312313
2304 -0.000668625683875
2305 -0.000650524312212
2306 -0.000634689839188
2307 -0.000619566366686
2308 -0.000593052620178
2309 -0.000569442942002
2310 -0.000545219731214
2311 -0.000512091077299
2312 -0.00048764500836
2313 -0.000451388649449
2314 -0.000424102968037
2315 -0.000395051447609
2316 -0.000365762798305
2317 -0.000338306734529
2318 -0.000310100538511
2319 -0.000284716740946
2320 -0.000262178873381
2321 -0.000240306269877
2322 -0.000217675380277
2323 -0.000196856320009
2324 -0.000178615505881
2325 -0.000161346260761
2326 -0.000145043215412
2327 -0.000129842708943
2328 -0.000117307055833
2329 -0.0001049881015
2330 -9.30388435336e-05
2331 -8.36423148624e-05
2332 -7.4941193892e-05
2333 -6.614829986e-05
2334 -5.85119139279e-05
2335 -5.18198306279e-05
2336 -4.55679320531e-05
2337 -4.02353779436e-05
2338 -3.54466148338e-05
2339 -3.09898871645e-05
2340 -2.70016706763e-05
2341 -2.34998849682e-05
2342 -2.02956118684e-05
2343 -1.73929537852e-05
2344 -1.47106535491e-05
2345 -1.23744172037e-05
2346 -1.03077757678e-05
2347 -8.45991551686e-06
2348 -6.78005311334e-06
2349 -5.25898772466e-06
2350 -0.000695927132718
2351 -0.00066837940017
2352 -0.0006405195087
2353 -0.000645391149861
2354 -0.00062403476831
2355 -0.000607319830298
2356 -0.000592489051377
2357 -0.000578578315781
2358 -0.000554129628957
2359 -0.00053270150997
2360 -0.00051065694562
2361 -0.000480277531617
2362 -0.000458107780327
2363 -0.000424972412556
2364 -0.000400226647544
2365 -0.000373819484859
2366 -0.000347167744616
2367 -0.000322120821545
2368 -0.000296306352103
2369 -0.000273085116685
2370 -0.000252412160059
2371 -0.000232255954869
2372 -0.000211325100431
2373 -0.000191948188251
2374 -0.000174904409369
2375 -0.00015867269502
2376 -0.000143290593175
2377 -0.000128779257269
2378 -0.000116847179821
2379 -0.000105082804348
2380 -9.3559365499e-05
2381 -8.45224825898e-05
2382 -7.61067039901e-05
2383 -6.75714121143e-05
2384 -6.01322500515e-05
2385 -5.36080463678e-05
2386 -4.74926592479e-05
2387 -4.22347625996e-05
2388 -3.7487862392e-05
2389 -3.30436205118e-05
2390 -2.90460411444e-05
2391 -2.553192021e-05
2392 -2.2302094468e-05
2393 -1.93628463495e-05
2394 -1.66258291091e-05
2395 -1.4236271551e-05
2396 -1.21084495894e-05
2397 -1.01987076859e-05
2398 -8.45254000289e-06
2399 -6.85696669938e-06
2400 -0.000645954960653
2401 -0.000620520083935
2402 -0.000594751244099
2403 -0.000599440643791
2404 -0.000580053408025
2405 -0.000564809804851
2406 -0.000551162771592
2407 -0.000538569405403
2408 -0.000516288410138
2409 -0.000496962986472
2410 -0.000477110288009
2411 -0.000449421805076
2412 -0.000429515795698
2413 -0.000399360282148
2414 -0.000377022661034
2415 -0.000353131832926
2416 -0.000328778323759
2417 -0.000306000818895
2418 -0.000282533924524
2419 -0.000261223071751
2420 -0.000242258534059
2421 -0.000223748777211
2422 -0.000204429361553
2423 -0.000186383447408
2424 -0.000170506307956
2425 -0.000155241823143
2426 -0.000140764942558
2427 -0.000127016664545
2428 -0.000115721393223
2429 -0.000104545850587
2430 -9.35496019494e-05
2431 -8.48806788012e-05
2432 -7.67688875988e-05
2433 -6.85226048574e-05
2434 -6.12916973875e-05
2435 -5.49857831562e-05
2436 -4.90115762948e-05
2437 -4.3874757898e-05
2438 -3.92139266377e-05
2439 -3.48288970374e-05
2440 -3.08501912324e-05
2441 -2.73526730444e-05
2442 -2.41086323832e-05
2443 -2.11444733078e-05
2444 -1.83660125496e-05
2445 -1.59340959542e-05
2446 -1.37575518699e-05
2447 -1.17917423788e-05
2448 -9.98672389534e-06
2449 -8.3351686561e-06
2450 -0.000596841048586
2451 -0.000573292199042
2452 -0.00054995110631
2453 -0.000554348493105
2454 -0.000536804120176
2455 -0.000523131608504
2456 -0.000510819702225
2457 -0.000499673387677
2458 -0.000479512822702
2459 -0.000462472960145
2460 -0.000444603336697
2461 -0.000419689256897
2462 -0.000401920130266
2463 -0.000374681868634
2464 -0.000354702915116
2465 -0.000333177752584
2466 -0.00031115491226
2467 -0.000290504471226
2468 -0.000269208637911
2469 -0.000249894358551
2470 -0.000232594308495
2471 -0.000215592964301
2472 -0.000197649262755
2473 -0.000180832521661
2474 -0.00016603305941
2475 -0.000151700087714
2476 -0.000138058024178
2477 -0.000125003366276
2478 -0.000114306750576
2479 -0.000103637452994
2480 -9.30817329759e-05
2481 -8.48044015812e-05
2482 -7.70710841072e-05
2483 -6.91550437652e-05
2484 -6.21654121677e-05
2485 -5.60794050195e-05
2486 -5.02691356847e-05
2487 -4.52610341793e-05
2488 -4.06837792696e-05
2489 -3.6369857404e-05
2490 -3.24250394705e-05
2491 -2.8937944756e-05
2492 -2.5691275637e-05
2493 -2.27080346462e-05
2494 -1.98958008453e-05
2495 -1.74330143817e-05
2496 -1.52186593307e-05
2497 -1.32297998929e-05
2498 -1.13916877526e-05
2499 -9.69618604923e-06
