0 5.32831787161e-05
1 5.00693430289e-05
2 4.91656536859e-05
3 4.78309300144e-05
4 5.07701083404e-05
5 4.85564201861e-05
6 4.92577484962e-05
7 4.94668303923e-05
8 4.8845042405e-05
9 4.9086882566e-05
10 4.92518712271e-05
11 4.9346385593e-05
12 4.9125216055e-05
13 4.81654701042e-05
14 4.85315199658e-05
15 4.83887319977e-05
16 4.76795746115e-05
17 4.7616235649e-05
18 4.73398890053e-05
19 4.68962548726e-05
20 4.72318710722e-05
21 4.70363909808e-05
22 4.66144071905e-05
23 4.61692149149e-05
24 4.61078334592e-05
25 4.58759596382e-05
26 4.53174541315e-05
27 4.48637399782e-05
28 4.47904666647e-05
29 4.44713232009e-05
30 4.39114565655e-05
31 4.37065287845e-05
32 4.36609262961e-05
33 4.326239356e-05
34 4.28280758568e-05
35 4.23562505819e-05
36 4.21116204875e-05
37 4.1777775721e-05
38 4.16282354438e-05
39 4.12459655545e-05
40 4.08245894196e-05
41 4.05244947975e-05
42 4.01350122436e-05
43 3.9660550546e-05
44 3.92286012965e-05
45 3.8718867026e-05
46 3.83839248864e-05
47 3.79651283693e-05
48 3.76587502649e-05
49 3.72441152088e-05
50 5.10457164635e-05
51 4.88888937244e-05
52 4.70572699172e-05
53 4.81937907094e-05
54 4.73657727645e-05
55 4.70809903532e-05
56 4.75537445658e-05
57 4.79487134986e-05
58 4.78601667455e-05
59 4.75312496553e-05
60 4.79900047926e-05
61 4.74291631748e-05
62 4.77744586795e-05
63 4.69005104053e-05
64 4.68828698834e-05
65 4.6790058652e-05
66 4.65051524745e-05
67 4.65965355286e-05
68 4.59949618636e-05
69 4.5677606412e-05
70 4.60554419145e-05
71 4.60134001398e-05
72 4.55627147364e-05
73 4.51144159351e-05
74 4.50086714112e-05
75 4.47163320855e-05
76 4.41914782123e-05
77 4.38124179219e-05
78 4.37257610213e-05
79 4.34235342429e-05
80 4.291550141e-05
81 4.27994877935e-05
82 4.26975521458e-05
83 4.22141002922e-05
84 4.18012771582e-05
85 4.13979154492e-05
86 4.11706935411e-05
87 4.08311815554e-05
88 4.06092426153e-05
89 4.02212167822e-05
90 3.98503815583e-05
91 3.95310804882e-05
92 3.90977144484e-05
93 3.86312382863e-05
94 3.81961932931e-05
95 3.77024015155e-05
96 3.73838548813e-05
97 3.69838344918e-05
98 3.66574741923e-05
99 3.62368279999e-05
100 5.10633931643e-05
101 4.89142680206e-05
102 4.70791384533e-05
103 4.8216670323e-05
104 4.73943196481e-05
105 4.7108465386e-05
106 4.75828353929e-05
107 4.79710824222e-05
108 4.78836950939e-05
109 4.75589666174e-05
110 4.801761851e-05
111 4.74534491416e-05
112 4.77931407195e-05
113 4.69201884045e-05
114 4.69054058924e-05
115 4.68132723766e-05
116 4.65273277268e-05
117 4.66170441922e-05
118 4.60165546036e-05
119 4.56998647052e-05
120 4.6080693871e-05
121 4.60186729779e-05
122 4.5568423002e-05
123 4.51183189423e-05
124 4.50142493827e-05
125 4.47192670604e-05
126 4.41934893741e-05
127 4.38179157484e-05
128 4.3727691903e-05
129 4.34143444639e-05
130 4.28953298847e-05
131 4.27801313684e-05
132 4.26791233226e-05
133 4.2193384651e-05
134 4.17837416728e-05
135 4.13786248525e-05
136 4.11519032669e-05
137 4.08126229394e-05
138 4.05733818196e-05
139 4.01853987904e-05
140 3.98138257052e-05
141 3.95050035625e-05
142 3.90838419895e-05
143 3.8611053434e-05
144 3.81763904791e-05
145 3.76805260405e-05
146 3.7362901606e-05
147 3.69647218071e-05
148 3.66376199231e-05
149 3.62162611613e-05
150 5.10551972424e-05
151 4.89696680547e-05
152 4.70833615662e-05
153 4.82490778246e-05
154 4.74183758084e-05
155 4.71344745552e-05
156 4.76122220509e-05
157 4.79902438841e-05
158 4.79054671544e-05
159 4.7580262273e-05
160 4.80358556683e-05
161 4.75090293798e-05
162 4.78342978366e-05
163 4.69449094481e-05
164 4.69327708893e-05
165 4.68474158573e-05
166 4.6546794344e-05
167 4.66494620053e-05
168 4.60347096121e-05
169 4.57118692513e-05
170 4.61125269556e-05
171 4.607319616e-05
172 4.56443873404e-05
173 4.51791124246e-05
174 4.50714443451e-05
175 4.47860906009e-05
176 4.42584513279e-05
177 4.38840583134e-05
178 4.37860669071e-05
179 4.34638696619e-05
180 4.29380493001e-05
181 4.28132375445e-05
182 4.27310211696e-05
183 4.22410065197e-05
184 4.18376046925e-05
185 4.14153171678e-05
186 4.11954729406e-05
187 4.08562688998e-05
188 4.06498109961e-05
189 4.02743481327e-05
190 3.98955935898e-05
191 3.95697984191e-05
192 3.91572245244e-05
193 3.86723624021e-05
194 3.82378743413e-05
195 3.7738228862e-05
196 3.74145550845e-05
197 3.7016112612e-05
198 3.66876212596e-05
199 3.62692261584e-05
200 5.11944046092e-05
201 4.94543696085e-05
202 4.71584013138e-05
203 4.84959247053e-05
204 4.75322750583e-05
205 4.72718982519e-05
206 4.77476702962e-05
207 4.81907703718e-05
208 4.81177464701e-05
209 4.77502330861e-05
210 4.82829836022e-05
211 4.7655937767e-05
212 4.79566097409e-05
213 4.71070343943e-05
214 4.71194595313e-05
215 4.70520467248e-05
216 4.67656260678e-05
217 4.68446660296e-05
218 4.62064538491e-05
219 4.58587875157e-05
220 4.62652775742e-05
221 4.625840757e-05
222 4.58091472145e-05
223 4.53267733107e-05
224 4.52263708565e-05
225 4.49281994374e-05
226 4.43908639278e-05
227 4.4022363151e-05
228 4.3952897906e-05
229 4.36299541761e-05
230 4.31025593009e-05
231 4.29766159699e-05
232 4.28938577924e-05
233 4.24191456693e-05
234 4.19806186997e-05
235 4.15524486056e-05
236 4.13520477141e-05
237 4.09990607177e-05
238 4.07866927021e-05
239 4.0411402319e-05
240 3.99972023001e-05
241 3.97021496828e-05
242 3.92773952168e-05
243 3.88183651189e-05
244 3.83754006077e-05
245 3.78316739393e-05
246 3.75037153445e-05
247 3.71225838926e-05
248 3.68001860871e-05
249 3.63952583644e-05
250 5.14027479785e-05
251 4.94959026701e-05
252 4.7290772264e-05
253 4.8629769863e-05
254 4.77246132677e-05
255 4.7396930869e-05
256 4.78831421383e-05
257 4.83635342926e-05
258 4.82102061551e-05
259 4.79052882314e-05
260 4.83829842654e-05
261 4.78057641286e-05
262 4.81714189723e-05
263 4.730114042e-05
264 4.72840950796e-05
265 4.72066843212e-05
266 4.68867424505e-05
267 4.69856388721e-05
268 4.63290799372e-05
269 4.60017643128e-05
270 4.64228433131e-05
271 4.64237927652e-05
272 4.59170145649e-05
273 4.5486130687e-05
274 4.53732206211e-05
275 4.50565303783e-05
276 4.45247309748e-05
277 4.41463432178e-05
278 4.40350991594e-05
279 4.37290559359e-05
280 4.32009014467e-05
281 4.31138109413e-05
282 4.30102999887e-05
283 4.25245764344e-05
284 4.20726361285e-05
285 4.16634806787e-05
286 4.14538676884e-05
287 4.10988128125e-05
288 4.09033840075e-05
289 4.04952637325e-05
290 4.01215249455e-05
291 3.98168197889e-05
292 3.93828544354e-05
293 3.89229608718e-05
294 3.84442182559e-05
295 3.79309979379e-05
296 3.7619863009e-05
297 3.72164199575e-05
298 3.69035563349e-05
299 3.64820777663e-05
300 5.17346166136e-05
301 4.93761131252e-05
302 4.73218199445e-05
303 4.8630556493e-05
304 4.76977163874e-05
305 4.74555417643e-05
306 4.79357132247e-05
307 4.83589014995e-05
308 4.82296744702e-05
309 4.79342381485e-05
310 4.84069660427e-05
311 4.78544365191e-05
312 4.82504813873e-05
313 4.73354977407e-05
314 4.73114413553e-05
315 4.72015963421e-05
316 4.69086203623e-05
317 4.70086586144e-05
318 4.63596100227e-05
319 4.60406078583e-05
320 4.64785206187e-05
321 4.64142353718e-05
322 4.59625173891e-05
323 4.55053961587e-05
324 4.53869123006e-05
325 4.5106062223e-05
326 4.45474067456e-05
327 4.41663020171e-05
328 4.40538172298e-05
329 4.37849093094e-05
330 4.32084707979e-05
331 4.31175318788e-05
332 4.30223277308e-05
333 4.25045888151e-05
334 4.20877532487e-05
335 4.16712926154e-05
336 4.14489471688e-05
337 4.1103403186e-05
338 4.08814130341e-05
339 4.04876338465e-05
340 4.01161858126e-05
341 3.97996787671e-05
342 3.93882555051e-05
343 3.89003229671e-05
344 3.84383738809e-05
345 3.79498585959e-05
346 3.76315966956e-05
347 3.72625197475e-05
348 3.69154071523e-05
349 3.64821533539e-05
350 5.16459968218e-05
351 4.9303366961e-05
352 4.73701154045e-05
353 4.85556011695e-05
354 4.77536980142e-05
355 4.74358965521e-05
356 4.79707674713e-05
357 4.83027953706e-05
358 4.82478380718e-05
359 4.79424270995e-05
360 4.84229561212e-05
361 4.78722699807e-05
362 4.81921200769e-05
363 4.73025744901e-05
364 4.72810961165e-05
365 4.71958342989e-05
366 4.68848010642e-05
367 4.69784830379e-05
368 4.63457069937e-05
369 4.60485430712e-05
370 4.6465832378e-05
371 4.6396507877e-05
372 4.595846435e-05
373 4.54728244923e-05
374 4.53455708873e-05
375 4.5077794771e-05
376 4.45468307125e-05
377 4.41531139442e-05
378 4.40562028864e-05
379 4.3753497939e-05
380 4.31850099392e-05
381 4.30679511432e-05
382 4.29968624275e-05
383 4.24708722683e-05
384 4.21146197735e-05
385 4.16894145383e-05
386 4.1451782275e-05
387 4.10950896674e-05
388 4.08857371744e-05
389 4.04981241073e-05
390 4.0114689946e-05
391 3.97838620689e-05
392 3.93874799305e-05
393 3.88761487089e-05
394 3.84400314189e-05
395 3.79348990614e-05
396 3.76237037594e-05
397 3.72304815361e-05
398 3.68650703698e-05
399 3.64484394162e-05
400 5.14652525064e-05
401 4.93932315085e-05
402 4.73833033695e-05
403 4.85982916785e-05
404 4.77323841458e-05
405 4.74665958485e-05
406 4.79726395294e-05
407 4.83431921915e-05
408 4.82842477722e-05
409 4.79330923871e-05
410 4.84396052211e-05
411 4.78260712528e-05
412 4.81501594092e-05
413 4.72926115583e-05
414 4.7276095857e-05
415 4.72090292226e-05
416 4.69047682068e-05
417 4.69832513317e-05
418 4.6342572017e-05
419 4.60432168002e-05
420 4.6428457081e-05
421 4.64115587215e-05
422 4.59753695896e-05
423 4.54734765789e-05
424 4.53800220252e-05
425 4.50767755333e-05
426 4.45354518006e-05
427 4.41879622273e-05
428 4.41112567804e-05
429 4.37790905838e-05
430 4.32171489009e-05
431 4.31071283191e-05
432 4.30291441486e-05
433 4.25359060393e-05
434 4.21083137799e-05
435 4.16982834235e-05
436 4.14665067107e-05
437 4.11069169923e-05
438 4.0889724268e-05
439 4.05022515523e-05
440 4.01031537467e-05
441 3.97851705571e-05
442 3.93703315267e-05
443 3.88925525507e-05
444 3.84568304153e-05
445 3.79440390195e-05
446 3.76084565334e-05
447 3.72123199628e-05
448 3.68544350636e-05
449 3.64568621461e-05
450 5.14418194704e-05
451 4.94241333917e-05
452 4.74133272431e-05
453 4.85975905667e-05
454 4.77547918872e-05
455 4.75194826128e-05
456 4.79878594531e-05
457 4.83943222243e-05
458 4.82935422443e-05
459 4.79623207872e-05
460 4.84708725174e-05
461 4.7817453445e-05
462 4.81705726107e-05
463 4.73244770534e-05
464 4.73141921249e-05
465 4.72424097994e-05
466 4.69595190844e-05
467 4.70011407157e-05
468 4.63762476474e-05
469 4.60665857131e-05
470 4.64584500161e-05
471 4.64309590356e-05
472 4.59605937034e-05
473 4.54975089176e-05
474 4.5416041915e-05
475 4.50610719926e-05
476 4.45566885091e-05
477 4.41897701433e-05
478 4.40966477834e-05
479 4.37577327771e-05
480 4.32128075263e-05
481 4.31069365729e-05
482 4.30162149962e-05
483 4.25221395082e-05
484 4.21310364085e-05
485 4.16960337461e-05
486 4.14825972909e-05
487 4.1131266109e-05
488 4.09221995491e-05
489 4.05084514593e-05
490 4.01300799774e-05
491 3.98266399965e-05
492 3.9398890369e-05
493 3.89236145505e-05
494 3.84688647094e-05
495 3.79315469906e-05
496 3.76151293545e-05
497 3.72116878825e-05
498 3.68755876263e-05
499 3.64615198375e-05
500 5.14386544323e-05
501 4.94349817617e-05
502 4.74589127497e-05
503 4.8627048267e-05
504 4.77931680884e-05
505 4.75538425435e-05
506 4.80036756084e-05
507 4.84385516731e-05
508 4.83014624848e-05
509 4.80130526299e-05
510 4.84686972548e-05
511 4.7857008325e-05
512 4.82165359096e-05
513 4.73638697228e-05
514 4.73520806335e-05
515 4.72788940028e-05
516 4.69573051828e-05
517 4.70394854906e-05
518 4.64014394049e-05
519 4.6098640386e-05
520 4.64786024694e-05
521 4.64566431798e-05
522 4.59770557377e-05
523 4.55389801318e-05
524 4.54367439252e-05
525 4.50912294025e-05
526 4.45742762542e-05
527 4.42171409455e-05
528 4.41266565518e-05
529 4.3790325257e-05
530 4.32359207549e-05
531 4.31460047257e-05
532 4.30441429534e-05
533 4.25381200442e-05
534 4.21323318936e-05
535 4.16941132726e-05
536 4.14793000922e-05
537 4.11106754511e-05
538 4.09010392761e-05
539 4.04729421345e-05
540 4.01032798832e-05
541 3.97890144385e-05
542 3.93671423693e-05
543 3.88998602024e-05
544 3.84544817238e-05
545 3.79364106649e-05
546 3.76191117605e-05
547 3.72257261786e-05
548 3.68906825707e-05
549 3.64572168668e-05
550 5.14935403014e-05
551 4.94267808416e-05
552 4.74674995467e-05
553 4.86854905264e-05
554 4.78096985571e-05
555 4.75952813032e-05
556 4.80260339907e-05
557 4.84683082067e-05
558 4.83087163724e-05
559 4.80305983168e-05
560 4.84620499952e-05
561 4.78897443601e-05
562 4.82522988434e-05
563 4.73975770789e-05
564 4.73656121132e-05
565 4.73013539796e-05
566 4.69829612323e-05
567 4.70711794816e-05
568 4.6414197871e-05
569 4.61232317169e-05
570 4.65149508716e-05
571 4.64607993841e-05
572 4.60179585691e-05
573 4.55537886947e-05
574 4.5447875969e-05
575 4.51342008115e-05
576 4.4589346077e-05
577 4.42456250768e-05
578 4.41392135558e-05
579 4.38149960209e-05
580 4.32338602999e-05
581 4.31533071968e-05
582 4.30702538583e-05
583 4.25490759976e-05
584 4.21188201795e-05
585 4.17023329313e-05
586 4.14783432847e-05
587 4.11409732779e-05
588 4.09213353716e-05
589 4.05129230234e-05
590 4.01555396027e-05
591 3.98128708555e-05
592 3.94206957031e-05
593 3.89328007493e-05
594 3.84592939507e-05
595 3.7970573179e-05
596 3.76237594505e-05
597 3.72359412855e-05
598 3.68874156293e-05
599 3.64543086573e-05
600 5.16108159659e-05
601 4.94958151162e-05
602 4.74797638782e-05
603 4.87284106971e-05
604 4.78125732006e-05
605 4.76283875375e-05
606 4.80557881543e-05
607 4.84965118516e-05
608 4.83429924878e-05
609 4.8060907379e-05
610 4.85075571875e-05
611 4.79165998693e-05
612 4.82861308872e-05
613 4.74166971911e-05
614 4.7403459076e-05
615 4.73322238095e-05
616 4.70351866532e-05
617 4.70996623895e-05
618 4.64512779031e-05
619 4.61637677214e-05
620 4.65249789139e-05
621 4.64789068153e-05
622 4.60514593939e-05
623 4.55685691777e-05
624 4.54635940096e-05
625 4.51539583666e-05
626 4.45954342052e-05
627 4.42632267471e-05
628 4.41555411693e-05
629 4.38431118947e-05
630 4.32338911624e-05
631 4.31570293355e-05
632 4.30797929105e-05
633 4.25761847214e-05
634 4.21403142865e-05
635 4.17341775672e-05
636 4.15092751071e-05
637 4.11570888079e-05
638 4.0925385828e-05
639 4.05197021882e-05
640 4.01381554224e-05
641 3.98024612838e-05
642 3.94089570218e-05
643 3.89313875629e-05
644 3.84656000029e-05
645 3.79732505708e-05
646 3.76174187962e-05
647 3.72509795827e-05
648 3.68806769744e-05
649 3.64625176187e-05
650 5.16850982889e-05
651 4.95523559999e-05
652 4.74946291621e-05
653 4.87181735966e-05
654 4.78239707148e-05
655 4.76238039599e-05
656 4.80753550676e-05
657 4.84868853375e-05
658 4.83621158557e-05
659 4.80709394526e-05
660 4.85395110133e-05
661 4.79266482394e-05
662 4.82785070212e-05
663 4.74267600152e-05
664 4.74208395466e-05
665 4.73334358673e-05
666 4.70581884789e-05
667 4.71072466061e-05
668 4.64571337292e-05
669 4.61670870576e-05
670 4.65346266095e-05
671 4.64923619625e-05
672 4.60533545788e-05
673 4.55935201914e-05
674 4.54649614045e-05
675 4.51585920182e-05
676 4.46166762697e-05
677 4.42673717632e-05
678 4.41781876915e-05
679 4.38679374873e-05
680 4.32793501645e-05
681 4.32078422301e-05
682 4.3113999242e-05
683 4.25943318287e-05
684 4.21737346667e-05
685 4.17635561547e-05
686 4.15201181197e-05
687 4.11688250488e-05
688 4.09443818085e-05
689 4.0523381575e-05
690 4.01369220199e-05
691 3.98090923835e-05
692 3.94149400809e-05
693 3.89216041274e-05
694 3.84623613526e-05
695 3.79566789869e-05
696 3.76138997361e-05
697 3.7235301021e-05
698 3.68540688846e-05
699 3.64435766023e-05
700 5.16483155538e-05
701 4.95530588625e-05
702 4.75302765027e-05
703 4.87259224596e-05
704 4.78889514366e-05
705 4.76484440165e-05
706 4.81001647165e-05
707 4.85065358596e-05
708 4.83713467807e-05
709 4.80966890579e-05
710 4.85686958804e-05
711 4.79437472968e-05
712 4.82984976602e-05
713 4.74430244537e-05
714 4.74397835705e-05
715 4.73594763893e-05
716 4.70830276324e-05
717 4.71078554442e-05
718 4.64883371363e-05
719 4.61887006372e-05
720 4.65537846962e-05
721 4.6497597703e-05
722 4.60605458186e-05
723 4.56008853393e-05
724 4.54709813371e-05
725 4.5157152803e-05
726 4.46306213203e-05
727 4.42700302421e-05
728 4.41788503004e-05
729 4.38604852843e-05
730 4.32697559794e-05
731 4.31877035054e-05
732 4.30993811874e-05
733 4.25792615142e-05
734 4.21740436653e-05
735 4.17604831982e-05
736 4.15111631822e-05
737 4.11614518037e-05
738 4.09383032408e-05
739 4.05091359232e-05
740 4.01443311311e-05
741 3.9810677847e-05
742 3.94339923318e-05
743 3.89301800772e-05
744 3.84682150139e-05
745 3.79569039292e-05
746 3.76232989351e-05
747 3.72428624078e-05
748 3.68600105345e-05
749 3.64438036755e-05
750 5.16921533032e-05
751 4.96239531578e-05
752 4.75437540922e-05
753 4.87670824617e-05
754 4.79124078052e-05
755 4.76807257328e-05
756 4.81301925432e-05
757 4.85536358141e-05
758 4.83922461875e-05
759 4.81333666774e-05
760 4.85896569652e-05
761 4.79978867094e-05
762 4.83252891943e-05
763 4.74746622658e-05
764 4.7473570501e-05
765 4.73903312673e-05
766 4.71128373925e-05
767 4.71463027065e-05
768 4.65114682552e-05
769 4.62260553115e-05
770 4.65775486756e-05
771 4.65328996528e-05
772 4.61056182608e-05
773 4.56285628406e-05
774 4.5497031123e-05
775 4.51660785387e-05
776 4.46500163695e-05
777 4.43076739639e-05
778 4.4214184118e-05
779 4.38677807727e-05
780 4.32883228931e-05
781 4.32067766477e-05
782 4.31172534446e-05
783 4.25947136056e-05
784 4.21703606568e-05
785 4.17524758321e-05
786 4.15038067641e-05
787 4.11432277347e-05
788 4.09433528001e-05
789 4.05008323772e-05
790 4.0146410192e-05
791 3.98131789065e-05
792 3.94381635516e-05
793 3.89365008879e-05
794 3.84653151461e-05
795 3.7959755166e-05
796 3.76290723206e-05
797 3.72359503357e-05
798 3.68574588542e-05
799 3.6437608713e-05
800 5.1686426838e-05
801 4.96261032984e-05
802 4.75657771305e-05
803 4.88271030931e-05
804 4.7933350219e-05
805 4.77359861549e-05
806 4.81766602578e-05
807 4.86064485094e-05
808 4.84308766512e-05
809 4.8167130338e-05
810 4.86220723952e-05
811 4.80085764985e-05
812 4.83651131824e-05
813 4.75144547301e-05
814 4.75041424266e-05
815 4.74307389991e-05
816 4.71533295078e-05
817 4.71720777317e-05
818 4.65505813836e-05
819 4.6270303502e-05
820 4.65963582439e-05
821 4.65652726267e-05
822 4.61342407618e-05
823 4.56521649765e-05
824 4.55204532237e-05
825 4.52127029288e-05
826 4.46679166851e-05
827 4.43311284863e-05
828 4.42339859988e-05
829 4.38972199511e-05
830 4.32988687205e-05
831 4.32383091358e-05
832 4.31405023399e-05
833 4.26162637036e-05
834 4.21599697865e-05
835 4.1783881864e-05
836 4.15274814736e-05
837 4.11783408951e-05
838 4.09578149979e-05
839 4.05263438226e-05
840 4.0158683929e-05
841 3.98145605798e-05
842 3.94241786741e-05
843 3.89370674526e-05
844 3.84625314565e-05
845 3.79615909015e-05
846 3.76273515443e-05
847 3.72333909788e-05
848 3.68503433758e-05
849 3.64376414738e-05
850 5.16950224683e-05
851 4.96835597382e-05
852 4.75925870645e-05
853 4.88469572577e-05
854 4.79648337866e-05
855 4.77649535681e-05
856 4.82097976482e-05
857 4.86432245994e-05
858 4.84683413358e-05
859 4.82009900196e-05
860 4.86467284678e-05
861 4.80371273204e-05
862 4.83913198828e-05
863 4.75472473817e-05
864 4.75266009942e-05
865 4.74713700068e-05
866 4.7192407703e-05
867 4.72042964743e-05
868 4.6576503157e-05
869 4.62929862856e-05
870 4.66299923759e-05
871 4.65843465842e-05
872 4.61428483777e-05
873 4.5680870288e-05
874 4.55429429709e-05
875 4.5231748324e-05
876 4.46725006118e-05
877 4.43534655313e-05
878 4.42493649562e-05
879 4.39075406065e-05
880 4.32997389625e-05
881 4.32484714835e-05
882 4.31564453974e-05
883 4.26440352036e-05
884 4.2182415501e-05
885 4.18040479826e-05
886 4.15296054711e-05
887 4.1190054207e-05
888 4.09561637436e-05
889 4.05197030655e-05
890 4.01712768525e-05
891 3.98212071241e-05
892 3.94334394304e-05
893 3.89529345558e-05
894 3.84680085101e-05
895 3.79748539803e-05
896 3.762550053e-05
897 3.72387809407e-05
898 3.68493645378e-05
899 3.64324819158e-05
900 5.18101496527e-05
901 4.96698288891e-05
902 4.76241885819e-05
903 4.88978277492e-05
904 4.80181250174e-05
905 4.77914081998e-05
906 4.82375254967e-05
907 4.8685701964e-05
908 4.84921149156e-05
909 4.82452985226e-05
910 4.86998667241e-05
911 4.80508150147e-05
912 4.84220642917e-05
913 4.75588412033e-05
914 4.75614209821e-05
915 4.74833556365e-05
916 4.72322782953e-05
917 4.72168423702e-05
918 4.65993584856e-05
919 4.63229469532e-05
920 4.66525647799e-05
921 4.65937338353e-05
922 4.61761979552e-05
923 4.56972640498e-05
924 4.55625818311e-05
925 4.52529719974e-05
926 4.47033749021e-05
927 4.43852012071e-05
928 4.42812488321e-05
929 4.39512575467e-05
930 4.33398855351e-05
931 4.32822153744e-05
932 4.31937204819e-05
933 4.26706634921e-05
934 4.22310625643e-05
935 4.18429873174e-05
936 4.15642698397e-05
937 4.12305375796e-05
938 4.09886057828e-05
939 4.05430183738e-05
940 4.01782355031e-05
941 3.98346207865e-05
942 3.94362939272e-05
943 3.89544516567e-05
944 3.84654035294e-05
945 3.79633597192e-05
946 3.76258797765e-05
947 3.72301295829e-05
948 3.68431907904e-05
949 3.64218251419e-05
950 5.18127310842e-05
951 4.97438246964e-05
952 4.76825068092e-05
953 4.89414687693e-05
954 4.80495744319e-05
955 4.78452229021e-05
956 4.82766952463e-05
957 4.87375647313e-05
958 4.85276876185e-05
959 4.8302981337e-05
960 4.87288376601e-05
961 4.80901460043e-05
962 4.84681501616e-05
963 4.76012399681e-05
964 4.76227519984e-05
965 4.75225231419e-05
966 4.72767672832e-05
967 4.72609389882e-05
968 4.66418858376e-05
969 4.63728964431e-05
970 4.66930191856e-05
971 4.66291769633e-05
972 4.62092941122e-05
973 4.57361307533e-05
974 4.55906446931e-05
975 4.5280129521e-05
976 4.47364951737e-05
977 4.43994433279e-05
978 4.42968514391e-05
979 4.39510446588e-05
980 4.33344242269e-05
981 4.32780151136e-05
982 4.31965827463e-05
983 4.26595544651e-05
984 4.22175969991e-05
985 4.18315051779e-05
986 4.15473443665e-05
987 4.12162863235e-05
988 4.09671593605e-05
989 4.051444668e-05
990 4.01806790736e-05
991 3.98363995897e-05
992 3.94475110203e-05
993 3.89573835256e-05
994 3.8473193635e-05
995 3.79712542488e-05
996 3.76370680953e-05
997 3.72483832805e-05
998 3.68470742188e-05
999 3.64357184228e-05
1000 5.18307473145e-05
1001 4.98284146517e-05
1002 4.7711114619e-05
1003 4.89604477888e-05
1004 4.80665666545e-05
1005 4.78729591039e-05
1006 4.83074423623e-05
1007 4.87647052824e-05
1008 4.8548834054e-05
1009 4.83340817032e-05
1010 4.87639825626e-05
1011 4.81310940127e-05
1012 4.84894698187e-05
1013 4.76232093488e-05
1014 4.7653108919e-05
1015 4.75633153209e-05
1016 4.72958084533e-05
1017 4.7294391188e-05
1018 4.66671214526e-05
1019 4.64082770423e-05
1020 4.66955522312e-05
1021 4.66536276063e-05
1022 4.62335361492e-05
1023 4.57653934368e-05
1024 4.55962006753e-05
1025 4.53092739057e-05
1026 4.47574011006e-05
1027 4.4428040808e-05
1028 4.43274253371e-05
1029 4.39923944656e-05
1030 4.33660693706e-05
1031 4.3312478719e-05
1032 4.32300805202e-05
1033 4.26830620743e-05
1034 4.22243599266e-05
1035 4.18298947002e-05
1036 4.15423594716e-05
1037 4.12178810935e-05
1038 4.09953107385e-05
1039 4.05389464334e-05
1040 4.01950583736e-05
1041 3.98428125931e-05
1042 3.94531756337e-05
1043 3.89631268262e-05
1044 3.8477699741e-05
1045 3.79644620576e-05
1046 3.76312822534e-05
1047 3.72349612315e-05
1048 3.6828865048e-05
1049 3.64089846947e-05
1050 5.19036363723e-05
1051 4.98700943019e-05
1052 4.77818621629e-05
1053 4.90185229911e-05
1054 4.81467893435e-05
1055 4.79320061077e-05
1056 4.83786281459e-05
1057 4.88298062248e-05
1058 4.86153214413e-05
1059 4.83979757194e-05
1060 4.88348641219e-05
1061 4.81941415097e-05
1062 4.85556003761e-05
1063 4.76997976175e-05
1064 4.77028960779e-05
1065 4.76301916888e-05
1066 4.73584853443e-05
1067 4.73540751676e-05
1068 4.67291039202e-05
1069 4.64753102692e-05
1070 4.675819398e-05
1071 4.67131025347e-05
1072 4.62792585412e-05
1073 4.58275684468e-05
1074 4.56374774017e-05
1075 4.53663149284e-05
1076 4.47960793536e-05
1077 4.44724587354e-05
1078 4.43665919145e-05
1079 4.40269964194e-05
1080 4.33960122833e-05
1081 4.33490703009e-05
1082 4.32476898029e-05
1083 4.26904049145e-05
1084 4.22500830175e-05
1085 4.18783871417e-05
1086 4.15862024822e-05
1087 4.12652934612e-05
1088 4.10061387706e-05
1089 4.05561283408e-05
1090 4.02005556761e-05
1091 3.98501713826e-05
1092 3.94604099471e-05
1093 3.89768099987e-05
1094 3.84863387541e-05
1095 3.79779773058e-05
1096 3.76398030288e-05
1097 3.72511026798e-05
1098 3.68407902543e-05
1099 3.64149500774e-05
1100 5.19143566051e-05
1101 4.99108542516e-05
1102 4.78361773645e-05
1103 4.90884068142e-05
1104 4.82058253485e-05
1105 4.79785507074e-05
1106 4.8409077329e-05
1107 4.88750891572e-05
1108 4.86534419685e-05
1109 4.84438116167e-05
1110 4.88848392498e-05
1111 4.82356684821e-05
1112 4.86015908223e-05
1113 4.77416677691e-05
1114 4.77506594444e-05
1115 4.76750170242e-05
1116 4.74162030221e-05
1117 4.73818801495e-05
1118 4.67690356656e-05
1119 4.65086789991e-05
1120 4.68010672596e-05
1121 4.67484725981e-05
1122 4.63260883907e-05
1123 4.58668480863e-05
1124 4.56867600312e-05
1125 4.54063982589e-05
1126 4.48289485377e-05
1127 4.45080427814e-05
1128 4.44044975044e-05
1129 4.40604432647e-05
1130 4.34273150969e-05
1131 4.33880031015e-05
1132 4.33004496781e-05
1133 4.27640722731e-05
1134 4.23004978464e-05
1135 4.19317850276e-05
1136 4.16195485325e-05
1137 4.12935356958e-05
1138 4.10421545069e-05
1139 4.05693796355e-05
1140 4.02209770666e-05
1141 3.98623888887e-05
1142 3.94753728366e-05
1143 3.89876050731e-05
1144 3.84792756097e-05
1145 3.79798010035e-05
1146 3.76284232927e-05
1147 3.72408215446e-05
1148 3.68291503495e-05
1149 3.64066569627e-05
1150 5.20268344769e-05
1151 4.99587091021e-05
1152 4.78916111615e-05
1153 4.91350790272e-05
1154 4.82525414115e-05
1155 4.80048292853e-05
1156 4.84460357536e-05
1157 4.89110152579e-05
1158 4.86825889382e-05
1159 4.84813516577e-05
1160 4.89148517025e-05
1161 4.82692960847e-05
1162 4.86407614236e-05
1163 4.77771024973e-05
1164 4.7794089009e-05
1165 4.77021698309e-05
1166 4.74466825111e-05
1167 4.73964800006e-05
1168 4.67980601858e-05
1169 4.65480110793e-05
1170 4.68332465393e-05
1171 4.67717772296e-05
1172 4.63592704375e-05
1173 4.5884988753e-05
1174 4.57030721507e-05
1175 4.54209251093e-05
1176 4.48566247638e-05
1177 4.45345311045e-05
1178 4.44170052166e-05
1179 4.40797454104e-05
1180 4.34356558324e-05
1181 4.33958031592e-05
1182 4.33039279463e-05
1183 4.27487287777e-05
1184 4.22908536278e-05
1185 4.19145267e-05
1186 4.16050272798e-05
1187 4.12788436431e-05
1188 4.10204062645e-05
1189 4.05702050097e-05
1190 4.02208260298e-05
1191 3.98541588706e-05
1192 3.94745531801e-05
1193 3.89949982722e-05
1194 3.84906898961e-05
1195 3.79837860667e-05
1196 3.76355148981e-05
1197 3.72523005455e-05
1198 3.68463839658e-05
1199 3.64018547929e-05
1200 5.20795332365e-05
1201 5.00147336071e-05
1202 4.79437627788e-05
1203 4.91614085818e-05
1204 4.8297112514e-05
1205 4.80436424328e-05
1206 4.84974633338e-05
1207 4.89714199861e-05
1208 4.87250604326e-05
1209 4.85267712837e-05
1210 4.89673644171e-05
1211 4.83082481119e-05
1212 4.86908471916e-05
1213 4.7808172765e-05
1214 4.78462366941e-05
1215 4.77470243685e-05
1216 4.75002404615e-05
1217 4.74411217571e-05
1218 4.68515075378e-05
1219 4.65890185842e-05
1220 4.68623760828e-05
1221 4.6812212012e-05
1222 4.63903363231e-05
1223 4.59134184464e-05
1224 4.57238326109e-05
1225 4.5452877153e-05
1226 4.48858070571e-05
1227 4.45622877083e-05
1228 4.44456505877e-05
1229 4.41044466586e-05
1230 4.34498385591e-05
1231 4.3418182401e-05
1232 4.33273760402e-05
1233 4.2763373647e-05
1234 4.22983184777e-05
1235 4.19258963141e-05
1236 4.16127093307e-05
1237 4.12843805713e-05
1238 4.10502620173e-05
1239 4.05971257605e-05
1240 4.02412855845e-05
1241 3.98698675173e-05
1242 3.9484370999e-05
1243 3.90053295817e-05
1244 3.84950130837e-05
1245 3.798722994e-05
1246 3.76395256816e-05
1247 3.72391713114e-05
1248 3.68275322012e-05
1249 3.63909067024e-05
1250 5.21189906302e-05
1251 5.00552910589e-05
1252 4.79932590201e-05
1253 4.9198462321e-05
1254 4.83326035989e-05
1255 4.80941357289e-05
1256 4.85531508495e-05
1257 4.90169165417e-05
1258 4.87698695703e-05
1259 4.85826027668e-05
1260 4.90096239205e-05
1261 4.83553289517e-05
1262 4.87411140995e-05
1263 4.78507673822e-05
1264 4.78854312914e-05
1265 4.77981725516e-05
1266 4.75463448917e-05
1267 4.74640210434e-05
1268 4.6880055346e-05
1269 4.66247580726e-05
1270 4.68923608747e-05
1271 4.68277985557e-05
1272 4.64111694355e-05
1273 4.59454140622e-05
1274 4.57457763257e-05
1275 4.54750443731e-05
1276 4.49037492969e-05
1277 4.45765291441e-05
1278 4.44746171399e-05
1279 4.41171542357e-05
1280 4.34691164578e-05
1281 4.34388070112e-05
1282 4.33355956778e-05
1283 4.27696803215e-05
1284 4.23080413358e-05
1285 4.19471038943e-05
1286 4.16355448303e-05
1287 4.1310644369e-05
1288 4.10531626348e-05
1289 4.05842816898e-05
1290 4.02278996036e-05
1291 3.98601800951e-05
1292 3.94739424216e-05
1293 3.89988659295e-05
1294 3.84879354075e-05
1295 3.79848450955e-05
1296 3.76394556321e-05
1297 3.72487048774e-05
1298 3.68264193541e-05
1299 3.63943898829e-05
1300 5.21350693902e-05
1301 5.00879842282e-05
1302 4.80342457589e-05
1303 4.92418147246e-05
1304 4.83755378512e-05
1305 4.81324624303e-05
1306 4.8570729358e-05
1307 4.90558873426e-05
1308 4.87916149596e-05
1309 4.86144226289e-05
1310 4.90356744269e-05
1311 4.83952812898e-05
1312 4.87806926049e-05
1313 4.78942302115e-05
1314 4.79296802529e-05
1315 4.78253816547e-05
1316 4.75889552306e-05
1317 4.75183849966e-05
1318 4.69428850057e-05
1319 4.66888591396e-05
1320 4.6947972078e-05
1321 4.68958904414e-05
1322 4.64724017977e-05
1323 4.60227514321e-05
1324 4.57984659191e-05
1325 4.55288583634e-05
1326 4.49658199418e-05
1327 4.46259911089e-05
1328 4.45217734723e-05
1329 4.41524495866e-05
1330 4.35031488371e-05
1331 4.34757025827e-05
1332 4.3372722816e-05
1333 4.28068027965e-05
1334 4.23544998059e-05
1335 4.19798767347e-05
1336 4.16572133951e-05
1337 4.13291739599e-05
1338 4.10861922058e-05
1339 4.06168814037e-05
1340 4.02542157058e-05
1341 3.98880023375e-05
1342 3.94918184034e-05
1343 3.90118148977e-05
1344 3.84875028395e-05
1345 3.79783701802e-05
1346 3.76225206821e-05
1347 3.72222582013e-05
1348 3.6797300836e-05
1349 3.63600886752e-05
1350 5.22185109027e-05
1351 5.01864470061e-05
1352 4.81521266055e-05
1353 4.93479102949e-05
1354 4.84722943836e-05
1355 4.82110796942e-05
1356 4.86530536998e-05
1357 4.91377900578e-05
1358 4.88617667573e-05
1359 4.86926044944e-05
1360 4.91133669828e-05
1361 4.84622814752e-05
1362 4.88551465918e-05
1363 4.79608448988e-05
1364 4.79912460525e-05
1365 4.78907138346e-05
1366 4.76314815295e-05
1367 4.75644184312e-05
1368 4.69832873664e-05
1369 4.67196342087e-05
1370 4.69654428032e-05
1371 4.69017250586e-05
1372 4.64745775835e-05
1373 4.60244221461e-05
1374 4.58041020963e-05
1375 4.55316988192e-05
1376 4.49678485863e-05
1377 4.46314561769e-05
1378 4.45423580553e-05
1379 4.41730967467e-05
1380 4.35151266173e-05
1381 4.34903863448e-05
1382 4.33933544323e-05
1383 4.28185279745e-05
1384 4.23690582532e-05
1385 4.20088965691e-05
1386 4.16737827924e-05
1387 4.13440203262e-05
1388 4.10854127332e-05
1389 4.0606164642e-05
1390 4.02437443341e-05
1391 3.98824467717e-05
1392 3.94888374937e-05
1393 3.90143265142e-05
1394 3.84926225168e-05
1395 3.79855437363e-05
1396 3.76368595895e-05
1397 3.7236927512e-05
1398 3.68060781545e-05
1399 3.6356010523e-05
1400 5.22792299227e-05
1401 5.02498858358e-05
1402 4.81912295864e-05
1403 4.93758904014e-05
1404 4.8524003511e-05
1405 4.82403723312e-05
1406 4.86815146453e-05
1407 4.91577170288e-05
1408 4.89082154585e-05
1409 4.87377540374e-05
1410 4.91444348176e-05
1411 4.85097146448e-05
1412 4.89034383745e-05
1413 4.80071364066e-05
1414 4.80384144149e-05
1415 4.79287473183e-05
1416 4.76631637559e-05
1417 4.75955416473e-05
1418 4.70185886158e-05
1419 4.67609454879e-05
1420 4.70137435466e-05
1421 4.69559385668e-05
1422 4.65268776025e-05
1423 4.60811872608e-05
1424 4.58469020256e-05
1425 4.55806998507e-05
1426 4.50229314129e-05
1427 4.46695416393e-05
1428 4.45617272535e-05
1429 4.41982339632e-05
1430 4.35402843266e-05
1431 4.35118551039e-05
1432 4.3422469008e-05
1433 4.28261219918e-05
1434 4.23838784951e-05
1435 4.2022574243e-05
1436 4.16817337866e-05
1437 4.13556084312e-05
1438 4.11028116918e-05
1439 4.06331762735e-05
1440 4.02656343226e-05
1441 3.9890808001e-05
1442 3.95032605445e-05
1443 3.90310585863e-05
1444 3.84937161584e-05
1445 3.79739195803e-05
1446 3.76135205214e-05
1447 3.72289062036e-05
1448 3.67934797697e-05
1449 3.63419119436e-05
1450 5.23312234967e-05
1451 5.02978904268e-05
1452 4.82242442199e-05
1453 4.94208095905e-05
1454 4.85835746598e-05
1455 4.82691317834e-05
1456 4.87216354698e-05
1457 4.92059053352e-05
1458 4.89354889666e-05
1459 4.87861244102e-05
1460 4.91854361792e-05
1461 4.85589535439e-05
1462 4.89401504544e-05
1463 4.80424914357e-05
1464 4.80748337813e-05
1465 4.79704145133e-05
1466 4.77343638891e-05
1467 4.76473967134e-05
1468 4.70821288627e-05
1469 4.68228120251e-05
1470 4.70663148279e-05
1471 4.70038074332e-05
1472 4.65682013346e-05
1473 4.61205139161e-05
1474 4.58868105764e-05
1475 4.56222522336e-05
1476 4.50589663525e-05
1477 4.47097979049e-05
1478 4.45985973966e-05
1479 4.4227347309e-05
1480 4.35633694242e-05
1481 4.35300425768e-05
1482 4.34412814228e-05
1483 4.28301926828e-05
1484 4.23847755425e-05
1485 4.20322076949e-05
1486 4.16749353245e-05
1487 4.13660872877e-05
1488 4.11067910976e-05
1489 4.06371489153e-05
1490 4.02590512361e-05
1491 3.98818710438e-05
1492 3.94930389387e-05
1493 3.90248464372e-05
1494 3.84778930322e-05
1495 3.79717697485e-05
1496 3.76202507696e-05
1497 3.72344972164e-05
1498 3.67908262015e-05
1499 3.63274661418e-05
1500 5.23825213689e-05
1501 5.03295854046e-05
1502 4.82808438504e-05
1503 4.94783242771e-05
1504 4.86294192303e-05
1505 4.83274344238e-05
1506 4.8773020064e-05
1507 4.92671362112e-05
1508 4.89869572957e-05
1509 4.88481799655e-05
1510 4.92412476553e-05
1511 4.86099857312e-05
1512 4.89971629402e-05
1513 4.80776901235e-05
1514 4.81359088303e-05
1515 4.8024957764e-05
1516 4.77791096668e-05
1517 4.76799358355e-05
1518 4.71258475109e-05
1519 4.68576352727e-05
1520 4.71062686218e-05
1521 4.70355475156e-05
1522 4.66032110188e-05
1523 4.61504061871e-05
1524 4.5914317646e-05
1525 4.5640376439e-05
1526 4.50816382814e-05
1527 4.47403549054e-05
1528 4.46269226264e-05
1529 4.42591415656e-05
1530 4.35933856891e-05
1531 4.35733690853e-05
1532 4.34740074824e-05
1533 4.28639166337e-05
1534 4.24141240762e-05
1535 4.2043113621e-05
1536 4.1706987645e-05
1537 4.1370613305e-05
1538 4.11130944054e-05
1539 4.06331593166e-05
1540 4.02583424261e-05
1541 3.98875349633e-05
1542 3.94968289126e-05
1543 3.90226844363e-05
1544 3.84769141977e-05
1545 3.79650294213e-05
1546 3.75974214275e-05
1547 3.72112093714e-05
1548 3.67627577373e-05
1549 3.62949845607e-05
1550 5.24296179363e-05
1551 5.03700194862e-05
1552 4.83684214749e-05
1553 4.95559372665e-05
1554 4.87010235435e-05
1555 4.84077982579e-05
1556 4.88453864554e-05
1557 4.93366343875e-05
1558 4.90435625328e-05
1559 4.89088625074e-05
1560 4.92942323454e-05
1561 4.86541256166e-05
1562 4.9047560375e-05
1563 4.81187642263e-05
1564 4.81816729154e-05
1565 4.80644983619e-05
1566 4.78183113099e-05
1567 4.77077698487e-05
1568 4.71718425647e-05
1569 4.69122469443e-05
1570 4.71393339092e-05
1571 4.70726150713e-05
1572 4.66415855751e-05
1573 4.61998425446e-05
1574 4.59670463552e-05
1575 4.56856717882e-05
1576 4.51338246059e-05
1577 4.47670889322e-05
1578 4.46598412028e-05
1579 4.42775637101e-05
1580 4.36086039186e-05
1581 4.35759311634e-05
1582 4.34844458314e-05
1583 4.28675500298e-05
1584 4.24555128239e-05
1585 4.20965030818e-05
1586 4.17242601676e-05
1587 4.13912380606e-05
1588 4.11392058474e-05
1589 4.06558650567e-05
1590 4.02661863454e-05
1591 3.98864187661e-05
1592 3.94842053337e-05
1593 3.90097027031e-05
1594 3.84661396827e-05
1595 3.79529052951e-05
1596 3.75824533418e-05
1597 3.71817644477e-05
1598 3.67398719696e-05
1599 3.62902604275e-05
1600 5.2478147078e-05
1601 5.0476026911e-05
1602 4.84338401622e-05
1603 4.96203951189e-05
1604 4.87589445439e-05
1605 4.84777019681e-05
1606 4.89004161868e-05
1607 4.9384682412e-05
1608 4.91035400568e-05
1609 4.89625567462e-05
1610 4.93469490742e-05
1611 4.87280968987e-05
1612 4.91174991892e-05
1613 4.81932698347e-05
1614 4.82558348475e-05
1615 4.81303490911e-05
1616 4.78765757073e-05
1617 4.7774661403e-05
1618 4.72328817684e-05
1619 4.69635653715e-05
1620 4.7190859416e-05
1621 4.71145111166e-05
1622 4.66880780017e-05
1623 4.62254351968e-05
1624 4.59929894498e-05
1625 4.5713340099e-05
1626 4.51585199584e-05
1627 4.47928788814e-05
1628 4.46905823841e-05
1629 4.43048470645e-05
1630 4.36239881882e-05
1631 4.35983272957e-05
1632 4.3502529955e-05
1633 4.28796743792e-05
1634 4.24493816094e-05
1635 4.20854675622e-05
1636 4.17129366905e-05
1637 4.13791298274e-05
1638 4.11220320834e-05
1639 4.06318176008e-05
1640 4.02450386329e-05
1641 3.98690112947e-05
1642 3.94695844389e-05
1643 3.90036222922e-05
1644 3.84633259368e-05
1645 3.79484398095e-05
1646 3.7582740439e-05
1647 3.72009727934e-05
1648 3.67419353038e-05
1649 3.62738603012e-05
1650 5.25668047188e-05
1651 5.05430170461e-05
1652 4.84871954151e-05
1653 4.96742616219e-05
1654 4.88108058246e-05
1655 4.85134977549e-05
1656 4.89421903143e-05
1657 4.94221165112e-05
1658 4.913826131e-05
1659 4.90352161116e-05
1660 4.93943046544e-05
1661 4.8786423276e-05
1662 4.91611819446e-05
1663 4.82452224499e-05
1664 4.83044113391e-05
1665 4.81774021464e-05
1666 4.79329611549e-05
1667 4.78241226307e-05
1668 4.72927326725e-05
1669 4.70259595976e-05
1670 4.72553114878e-05
1671 4.71752730693e-05
1672 4.67443681947e-05
1673 4.62937198989e-05
1674 4.60505085157e-05
1675 4.57692558595e-05
1676 4.52160138965e-05
1677 4.48377165596e-05
1678 4.47410821443e-05
1679 4.43546238596e-05
1680 4.36671255653e-05
1681 4.36262614024e-05
1682 4.35258854946e-05
1683 4.28983158385e-05
1684 4.24700012654e-05
1685 4.21099179781e-05
1686 4.17302428182e-05
1687 4.14016547819e-05
1688 4.1136651363e-05
1689 4.06631208944e-05
1690 4.02736490983e-05
1691 3.9890446793e-05
1692 3.94853141988e-05
1693 3.90222872433e-05
1694 3.84570926523e-05
1695 3.79429831547e-05
1696 3.75721809242e-05
1697 3.71798074842e-05
1698 3.67254144487e-05
1699 3.62581685996e-05
1700 5.26113060527e-05
1701 5.06053637563e-05
1702 4.85626452481e-05
1703 4.97500745545e-05
1704 4.88859019015e-05
1705 4.85712171048e-05
1706 4.90046393355e-05
1707 4.94788405308e-05
1708 4.91946071944e-05
1709 4.9096921542e-05
1710 4.94496917482e-05
1711 4.88379456945e-05
1712 4.92124201625e-05
1713 4.82943274525e-05
1714 4.83465987538e-05
1715 4.82224104626e-05
1716 4.7977241849e-05
1717 4.78552508137e-05
1718 4.73294032568e-05
1719 4.70579809488e-05
1720 4.72704234112e-05
1721 4.71840908428e-05
1722 4.67489493932e-05
1723 4.62987087897e-05
1724 4.60577463557e-05
1725 4.57701673156e-05
1726 4.52313410704e-05
1727 4.48408426435e-05
1728 4.47432092729e-05
1729 4.43553122127e-05
1730 4.36657221146e-05
1731 4.363292881e-05
1732 4.35519959851e-05
1733 4.29302937721e-05
1734 4.24909923649e-05
1735 4.21145510092e-05
1736 4.17470576322e-05
1737 4.1429567701e-05
1738 4.11671122715e-05
1739 4.06858965972e-05
1740 4.02845018444e-05
1741 3.99026375664e-05
1742 3.94962856074e-05
1743 3.90364682378e-05
1744 3.84654748089e-05
1745 3.79498468534e-05
1746 3.75604078834e-05
1747 3.71637484593e-05
1748 3.66889434541e-05
1749 3.62097806189e-05
1750 5.26478625026e-05
1751 5.06264328681e-05
1752 4.86286142735e-05
1753 4.98163491401e-05
1754 4.89486257592e-05
1755 4.86321126232e-05
1756 4.90492899906e-05
1757 4.95326238662e-05
1758 4.92434486521e-05
1759 4.9146474405e-05
1760 4.94987678469e-05
1761 4.88775916944e-05
1762 4.92568379088e-05
1763 4.8338544364e-05
1764 4.83888998836e-05
1765 4.82722010787e-05
1766 4.80202586498e-05
1767 4.79072859318e-05
1768 4.73890995874e-05
1769 4.71240326325e-05
1770 4.7319773266e-05
1771 4.72628847865e-05
1772 4.68227948929e-05
1773 4.63778666344e-05
1774 4.61247105442e-05
1775 4.5840724534e-05
1776 4.52946025467e-05
1777 4.48920062295e-05
1778 4.47905171257e-05
1779 4.44091668187e-05
1780 4.37181996522e-05
1781 4.36834621981e-05
1782 4.35908931078e-05
1783 4.29501313865e-05
1784 4.25117672635e-05
1785 4.21433190545e-05
1786 4.17506910666e-05
1787 4.14234826006e-05
1788 4.11543869739e-05
1789 4.06597620993e-05
1790 4.0260432437e-05
1791 3.98782928163e-05
1792 3.94685557788e-05
1793 3.90038979162e-05
1794 3.84320382644e-05
1795 3.7920301778e-05
1796 3.75367308724e-05
1797 3.71563769099e-05
1798 3.66895384424e-05
1799 3.62097710487e-05
1800 5.27114575163e-05
1801 5.0726333479e-05
1802 4.87246068456e-05
1803 4.99187935054e-05
1804 4.90492245503e-05
1805 4.87344901459e-05
1806 4.91373829527e-05
1807 4.96214840895e-05
1808 4.93354733658e-05
1809 4.92407431355e-05
1810 4.95857431302e-05
1811 4.89714550052e-05
1812 4.93402688722e-05
1813 4.84127505469e-05
1814 4.84732981207e-05
1815 4.83415304798e-05
1816 4.80806354571e-05
1817 4.79599025745e-05
1818 4.74505281146e-05
1819 4.71866745176e-05
1820 4.73646546681e-05
1821 4.72955457677e-05
1822 4.68572087969e-05
1823 4.64078973902e-05
1824 4.61579072723e-05
1825 4.58710893616e-05
1826 4.53276641449e-05
1827 4.49224796823e-05
1828 4.48202477427e-05
1829 4.44316645011e-05
1830 4.37280847685e-05
1831 4.36938476373e-05
1832 4.35927475725e-05
1833 4.29547403897e-05
1834 4.25404910022e-05
1835 4.21913977764e-05
1836 4.17800728485e-05
1837 4.14476761474e-05
1838 4.11663143598e-05
1839 4.06768956861e-05
1840 4.02640619865e-05
1841 3.98803526824e-05
1842 3.94626931584e-05
1843 3.90098633156e-05
1844 3.84301855522e-05
1845 3.79160703168e-05
1846 3.75301877087e-05
1847 3.71363129725e-05
1848 3.66615521424e-05
1849 3.61749240044e-05
1850 5.2758593781e-05
1851 5.08388036075e-05
1852 4.87770929989e-05
1853 4.99819817867e-05
1854 4.90933659898e-05
1855 4.87854093926e-05
1856 4.91721605947e-05
1857 4.96628589147e-05
1858 4.93729061124e-05
1859 4.92847113761e-05
1860 4.96157344865e-05
1861 4.90274359749e-05
1862 4.93894296545e-05
1863 4.84804266459e-05
1864 4.85446244708e-05
1865 4.84137918262e-05
1866 4.81564358862e-05
1867 4.80208678847e-05
1868 4.75137799899e-05
1869 4.72617907889e-05
1870 4.74272347007e-05
1871 4.73403482332e-05
1872 4.69156343985e-05
1873 4.64570757722e-05
1874 4.62029122719e-05
1875 4.59048670008e-05
1876 4.53616108546e-05
1877 4.49436634645e-05
1878 4.48411174878e-05
1879 4.44481520067e-05
1880 4.37466384517e-05
1881 4.37084524906e-05
1882 4.3608672964e-05
1883 4.29761356301e-05
1884 4.25515620009e-05
1885 4.21924541365e-05
1886 4.17651772937e-05
1887 4.14485756668e-05
1888 4.1168355058e-05
1889 4.06789957156e-05
1890 4.02635457146e-05
1891 3.98822929731e-05
1892 3.94598082147e-05
1893 3.9001452123e-05
1894 3.84121723289e-05
1895 3.79057013343e-05
1896 3.75231940841e-05
1897 3.71226323541e-05
1898 3.66523139168e-05
1899 3.61527601495e-05
1900 5.28284754053e-05
1901 5.08947746408e-05
1902 4.8860268581e-05
1903 5.0044075608e-05
1904 4.91791437703e-05
1905 4.8861805404e-05
1906 4.92503492366e-05
1907 4.97402986543e-05
1908 4.94452855942e-05
1909 4.93755058078e-05
1910 4.9687632708e-05
1911 4.91015710506e-05
1912 4.9446157851e-05
1913 4.85237936605e-05
1914 4.85872173085e-05
1915 4.84489423659e-05
1916 4.81890263935e-05
1917 4.80448705676e-05
1918 4.75426679375e-05
1919 4.72953953591e-05
1920 4.74505871605e-05
1921 4.73608979292e-05
1922 4.69351245329e-05
1923 4.64669394232e-05
1924 4.62288509491e-05
1925 4.59358097458e-05
1926 4.54177151224e-05
1927 4.49957556425e-05
1928 4.48953801011e-05
1929 4.4496921617e-05
1930 4.37935476657e-05
1931 4.37467471872e-05
1932 4.36470920731e-05
1933 4.30071907781e-05
1934 4.25799888745e-05
1935 4.2201926428e-05
1936 4.1764028992e-05
1937 4.14405699602e-05
1938 4.11619579913e-05
1939 4.06690911705e-05
1940 4.024934469e-05
1941 3.98693494021e-05
1942 3.9441606537e-05
1943 3.89815680095e-05
1944 3.83914465028e-05
1945 3.78938399126e-05
1946 3.75013458749e-05
1947 3.71096780173e-05
1948 3.66212983905e-05
1949 3.61301761372e-05
1950 5.28959151553e-05
1951 5.09284737566e-05
1952 4.89377174681e-05
1953 5.01074562599e-05
1954 4.92435402083e-05
1955 4.89374888582e-05
1956 4.93126246202e-05
1957 4.97830503652e-05
1958 4.94858232445e-05
1959 4.94337165911e-05
1960 4.97224565591e-05
1961 4.91398035636e-05
1962 4.94830135176e-05
1963 4.85519323053e-05
1964 4.8619458398e-05
1965 4.8487447103e-05
1966 4.82310674996e-05
1967 4.8083101473e-05
1968 4.76099035842e-05
1969 4.73624412014e-05
1970 4.75088590985e-05
1971 4.74215767666e-05
1972 4.6987333073e-05
1973 4.6519235549e-05
1974 4.62728122432e-05
1975 4.59628299973e-05
1976 4.54466816477e-05
1977 4.5001778863e-05
1978 4.49008500024e-05
1979 4.45042046721e-05
1980 4.3801393809e-05
1981 4.375466494e-05
1982 4.36462313251e-05
1983 4.30031304369e-05
1984 4.25712541608e-05
1985 4.22251177981e-05
1986 4.17874660457e-05
1987 4.14589084721e-05
1988 4.11727416067e-05
1989 4.06716958936e-05
1990 4.02449098974e-05
1991 3.98690250199e-05
1992 3.94375963619e-05
1993 3.89688827859e-05
1994 3.83729755184e-05
1995 3.78681476898e-05
1996 3.74671349939e-05
1997 3.70729247313e-05
1998 3.65864536778e-05
1999 3.6092195386e-05
2000 5.29340558892e-05
2001 5.09871404331e-05
2002 4.90003507594e-05
2003 5.0164288481e-05
2004 4.93001025324e-05
2005 4.90050167515e-05
2006 4.93566285899e-05
2007 4.98289039266e-05
2008 4.95260106686e-05
2009 4.94919812939e-05
2010 4.97796174179e-05
2011 4.91940871514e-05
2012 4.95434118756e-05
2013 4.86302762108e-05
2014 4.87025096039e-05
2015 4.85555239426e-05
2016 4.82969905614e-05
2017 4.81375510246e-05
2018 4.7661351813e-05
2019 4.7415182265e-05
2020 4.75526763134e-05
2021 4.74751891585e-05
2022 4.70295664035e-05
2023 4.6554517005e-05
2024 4.63210306952e-05
2025 4.60070038433e-05
2026 4.54913565599e-05
2027 4.50372406648e-05
2028 4.49405348411e-05
2029 4.45500137437e-05
2030 4.38456618261e-05
2031 4.37885474347e-05
2032 4.36796613786e-05
2033 4.30359197279e-05
2034 4.26265643251e-05
2035 4.22598710886e-05
2036 4.17931053935e-05
2037 4.14775542987e-05
2038 4.11986653877e-05
2039 4.06945964747e-05
2040 4.0269664496e-05
2041 3.98870391892e-05
2042 3.94476661941e-05
2043 3.89698608642e-05
2044 3.83754214859e-05
2045 3.78738641501e-05
2046 3.74663452279e-05
2047 3.70573103409e-05
2048 3.65634733138e-05
2049 3.60531395504e-05
2050 5.30288952839e-05
2051 5.10901019339e-05
2052 4.91110836e-05
2053 5.02937899576e-05
2054 4.94264061271e-05
2055 4.91333510181e-05
2056 4.9461765449e-05
2057 4.99372262084e-05
2058 4.96351204674e-05
2059 4.96099323375e-05
2060 4.98787153222e-05
2061 4.92911864418e-05
2062 4.96327154601e-05
2063 4.87031500859e-05
2064 4.87746675994e-05
2065 4.86217918454e-05
2066 4.83517022006e-05
2067 4.81912259924e-05
2068 4.77138597576e-05
2069 4.74705380865e-05
2070 4.75912748985e-05
2071 4.75171396255e-05
2072 4.70677872454e-05
2073 4.65983128541e-05
2074 4.63578679358e-05
2075 4.60468029736e-05
2076 4.55335878683e-05
2077 4.50586482133e-05
2078 4.4959279059e-05
2079 4.45693726336e-05
2080 4.38526264062e-05
2081 4.37963994826e-05
2082 4.36820990623e-05
2083 4.3037279344e-05
2084 4.26138507229e-05
2085 4.22421485505e-05
2086 4.17804952355e-05
2087 4.14675613346e-05
2088 4.11733380924e-05
2089 4.06855075398e-05
2090 4.02498852426e-05
2091 3.98756114521e-05
2092 3.94250811547e-05
2093 3.89678736662e-05
2094 3.8354111076e-05
2095 3.78611045844e-05
2096 3.74547806103e-05
2097 3.70426562825e-05
2098 3.6554836006e-05
2099 3.60385190975e-05
2100 5.31216005322e-05
2101 5.12007766729e-05
2102 4.91979958204e-05
2103 5.03792024378e-05
2104 4.95090147095e-05
2105 4.92327093293e-05
2106 4.95287420767e-05
2107 5.00074851616e-05
2108 4.97096463514e-05
2109 4.96873365784e-05
2110 4.99374668002e-05
2111 4.93624059376e-05
2112 4.96982746697e-05
2113 4.87765003311e-05
2114 4.88428283671e-05
2115 4.86952690588e-05
2116 4.84257132993e-05
2117 4.82570134107e-05
2118 4.77921710118e-05
2119 4.75525317102e-05
2120 4.76623981404e-05
2121 4.75695901888e-05
2122 4.71296308107e-05
2123 4.66566901297e-05
2124 4.64176614951e-05
2125 4.60990647072e-05
2126 4.55877721945e-05
2127 4.51014771015e-05
2128 4.50061508544e-05
2129 4.46049777687e-05
2130 4.38887886e-05
2131 4.38324446358e-05
2132 4.37118244862e-05
2133 4.30725364055e-05
2134 4.26465246128e-05
2135 4.22820658068e-05
2136 4.17971328429e-05
2137 4.14826947343e-05
2138 4.11772894977e-05
2139 4.06735016293e-05
2140 4.02290299081e-05
2141 3.98517681e-05
2142 3.9404715859e-05
2143 3.89413007003e-05
2144 3.83353904992e-05
2145 3.78398592919e-05
2146 3.74334310898e-05
2147 3.70228204161e-05
2148 3.65302593828e-05
2149 3.60080688371e-05
2150 5.31584327438e-05
2151 5.12368757374e-05
2152 4.92521975534e-05
2153 5.04413363307e-05
2154 4.9566285909e-05
2155 4.93026526408e-05
2156 4.95855372851e-05
2157 5.00654169897e-05
2158 4.97585687104e-05
2159 4.9766785675e-05
2160 5.00049830554e-05
2161 4.94171773946e-05
2162 4.97504701519e-05
2163 4.88394782965e-05
2164 4.8908283185e-05
2165 4.8753932739e-05
2166 4.84808264749e-05
2167 4.83066961351e-05
2168 4.78515218023e-05
2169 4.76186099422e-05
2170 4.77173456658e-05
2171 4.76231304298e-05
2172 4.71858815861e-05
2173 4.67044726827e-05
2174 4.64555837831e-05
2175 4.61331987698e-05
2176 4.56215512456e-05
2177 4.5124977989e-05
2178 4.50387418049e-05
2179 4.46348028076e-05
2180 4.3921066455e-05
2181 4.38632054621e-05
2182 4.37358088377e-05
2183 4.31018826274e-05
2184 4.26684436898e-05
2185 4.22974950556e-05
2186 4.18030985582e-05
2187 4.14882414829e-05
2188 4.11830357695e-05
2189 4.06857989579e-05
2190 4.02347380867e-05
2191 3.98511025427e-05
2192 3.93933918743e-05
2193 3.89207430563e-05
2194 3.83093663165e-05
2195 3.78195130801e-05
2196 3.74009835951e-05
2197 3.69916371445e-05
2198 3.64901767349e-05
2199 3.59580696534e-05
2200 5.32345809537e-05
2201 5.13167400607e-05
2202 4.93280104489e-05
2203 5.05203548779e-05
2204 4.96567332016e-05
2205 4.94011718381e-05
2206 4.96564863687e-05
2207 5.01252374687e-05
2208 4.98062099624e-05
2209 4.98311944184e-05
2210 5.0077580874e-05
2211 4.94845060132e-05
2212 4.98164077214e-05
2213 4.88955248134e-05
2214 4.89784956508e-05
2215 4.88152598462e-05
2216 4.85472030855e-05
2217 4.8362266941e-05
2218 4.79194782838e-05
2219 4.76881698521e-05
2220 4.77696902931e-05
2221 4.76753581067e-05
2222 4.72227729241e-05
2223 4.67392992156e-05
2224 4.64949466189e-05
2225 4.61587857211e-05
2226 4.56582609842e-05
2227 4.51467351813e-05
2228 4.50628738012e-05
2229 4.46613272648e-05
2230 4.39525964158e-05
2231 4.38887371067e-05
2232 4.37459099942e-05
2233 4.31045124949e-05
2234 4.26688612132e-05
2235 4.22979761488e-05
2236 4.18006729781e-05
2237 4.14842856394e-05
2238 4.11744277221e-05
2239 4.06790098874e-05
2240 4.02169218842e-05
2241 3.98265892009e-05
2242 3.93840746666e-05
2243 3.89048194007e-05
2244 3.82858212164e-05
2245 3.77920286522e-05
2246 3.73687020217e-05
2247 3.69571787192e-05
2248 3.64662797028e-05
2249 3.59408438722e-05
2250 5.33460813095e-05
2251 5.13644816834e-05
2252 4.94124552221e-05
2253 5.06096538298e-05
2254 4.97369361038e-05
2255 4.94992617956e-05
2256 4.97368701398e-05
2257 5.01953313909e-05
2258 4.98721884262e-05
2259 4.99093121682e-05
2260 5.01500574208e-05
2261 4.95440541265e-05
2262 4.98647245461e-05
2263 4.89511517544e-05
2264 4.9034354962e-05
2265 4.88671112785e-05
2266 4.85835439796e-05
2267 4.83960379065e-05
2268 4.79541987675e-05
2269 4.77270957745e-05
2270 4.77953481782e-05
2271 4.77075346457e-05
2272 4.7249799447e-05
2273 4.6766803806e-05
2274 4.65459597283e-05
2275 4.62045955687e-05
2276 4.5715510742e-05
2277 4.51837979851e-05
2278 4.50868189377e-05
2279 4.46723777303e-05
2280 4.39638214996e-05
2281 4.38906654356e-05
2282 4.37437504193e-05
2283 4.31117739143e-05
2284 4.26682454678e-05
2285 4.22982028295e-05
2286 4.17909604962e-05
2287 4.14720261785e-05
2288 4.1152821369e-05
2289 4.06511769563e-05
2290 4.01898754208e-05
2291 3.9816012534e-05
2292 3.93683517055e-05
2293 3.88834262699e-05
2294 3.82652814787e-05
2295 3.77740053501e-05
2296 3.73505289943e-05
2297 3.69342433595e-05
2298 3.64331910898e-05
2299 3.58916154622e-05
2300 5.34300791008e-05
2301 5.14182354481e-05
2302 4.94995915727e-05
2303 5.06796374215e-05
2304 4.98318068522e-05
2305 4.9600140072e-05
2306 4.98093522551e-05
2307 5.02671553747e-05
2308 4.993304886e-05
2309 4.99861513198e-05
2310 5.02029771566e-05
2311 4.95901303558e-05
2312 4.99067205077e-05
2313 4.89999490706e-05
2314 4.908215806e-05
2315 4.89104402508e-05
2316 4.86364637935e-05
2317 4.84414566928e-05
2318 4.80189273934e-05
2319 4.77859077488e-05
2320 4.78540004796e-05
2321 4.77611184854e-05
2322 4.72951221971e-05
2323 4.68034523248e-05
2324 4.65750497268e-05
2325 4.62313086487e-05
2326 4.57429402728e-05
2327 4.52122300848e-05
2328 4.51091776567e-05
2329 4.47039064924e-05
2330 4.400107065e-05
2331 4.3916277822e-05
2332 4.37681778309e-05
2333 4.31368925122e-05
2334 4.26797759176e-05
2335 4.23068856126e-05
2336 4.17773151744e-05
2337 4.14661884689e-05
2338 4.1152430448e-05
2339 4.06838153412e-05
2340 4.02048565366e-05
2341 3.98250059961e-05
2342 3.93654310202e-05
2343 3.88726275699e-05
2344 3.82445688511e-05
2345 3.77532510769e-05
2346 3.73180523774e-05
2347 3.6892130612e-05
2348 3.63953276141e-05
2349 3.58423921731e-05
2350 5.35293794868e-05
2351 5.14753464079e-05
2352 4.95532776851e-05
2353 5.07481603917e-05
2354 4.98891360467e-05
2355 4.96643592508e-05
2356 4.98543185948e-05
2357 5.03151596397e-05
2358 4.99721066415e-05
2359 5.00424649411e-05
2360 5.02637062727e-05
2361 4.96422754641e-05
2362 4.99576125917e-05
2363 4.9056223638e-05
2364 4.91400629736e-05
2365 4.89717509929e-05
2366 4.87026976133e-05
2367 4.85052120375e-05
2368 4.8082052059e-05
2369 4.78550900958e-05
2370 4.79175669464e-05
2371 4.78153378284e-05
2372 4.73535320679e-05
2373 4.68592005176e-05
2374 4.66257719334e-05
2375 4.62792286658e-05
2376 4.57996961318e-05
2377 4.52457672449e-05
2378 4.51365383648e-05
2379 4.47382836432e-05
2380 4.40235766901e-05
2381 4.3937883384e-05
2382 4.37858838689e-05
2383 4.31635374932e-05
2384 4.27072521059e-05
2385 4.23377005438e-05
2386 4.18225055544e-05
2387 4.1497197533e-05
2388 4.1163454918e-05
2389 4.06736920209e-05
2390 4.01748345066e-05
2391 3.97841607657e-05
2392 3.93262341481e-05
2393 3.88378421386e-05
2394 3.82089784667e-05
2395 3.77175640097e-05
2396 3.72711529736e-05
2397 3.68389441308e-05
2398 3.63459141044e-05
2399 3.57801047092e-05
2400 5.36724691082e-05
2401 5.16027906976e-05
2402 4.96595812658e-05
2403 5.0870224923e-05
2404 5.00231754018e-05
2405 4.97978708934e-05
2406 4.99659717832e-05
2407 5.04206090779e-05
2408 5.00672794825e-05
2409 5.01402224633e-05
2410 5.03623813534e-05
2411 4.97235696802e-05
2412 5.00386462755e-05
2413 4.91304594115e-05
2414 4.92099229416e-05
2415 4.90415147656e-05
2416 4.87446708096e-05
2417 4.85419030989e-05
2418 4.81315641493e-05
2419 4.78821907823e-05
2420 4.79237828381e-05
2421 4.78136382094e-05
2422 4.73591215597e-05
2423 4.68569108209e-05
2424 4.66272786706e-05
2425 4.62665317115e-05
2426 4.57934824243e-05
2427 4.52352034624e-05
2428 4.51233472546e-05
2429 4.47337650112e-05
2430 4.40384724776e-05
2431 4.39477015433e-05
2432 4.37807827189e-05
2433 4.31580561037e-05
2434 4.26818844814e-05
2435 4.2326308616e-05
2436 4.17991269435e-05
2437 4.14718127398e-05
2438 4.1137314344e-05
2439 4.0658071103e-05
2440 4.01556534328e-05
2441 3.97771454083e-05
2442 3.93172572709e-05
2443 3.88278922416e-05
2444 3.81966162035e-05
2445 3.77067396702e-05
2446 3.72582007136e-05
2447 3.68151646021e-05
2448 3.63069554173e-05
2449 3.57385505871e-05
2450 5.37552823229e-05
2451 5.16582194082e-05
2452 4.97359185806e-05
2453 5.09409378828e-05
2454 5.00966510596e-05
2455 4.98760985855e-05
2456 5.00295254976e-05
2457 5.04845713479e-05
2458 5.0117076913e-05
2459 5.02158785007e-05
2460 5.04172654901e-05
2461 4.9780903362e-05
2462 5.00916211034e-05
2463 4.91867843644e-05
2464 4.92745776498e-05
2465 4.91086250753e-05
2466 4.88124868522e-05
2467 4.86069185479e-05
2468 4.8207739194e-05
2469 4.79814957461e-05
2470 4.80262745047e-05
2471 4.79182880353e-05
2472 4.74548228632e-05
2473 4.69483119214e-05
2474 4.6721137331e-05
2475 4.63532836517e-05
2476 4.58790752221e-05
2477 4.52973798843e-05
2478 4.51730890529e-05
2479 4.47652698048e-05
2480 4.40502338292e-05
2481 4.3949802236e-05
2482 4.37880597869e-05
2483 4.31710568817e-05
2484 4.26786282869e-05
2485 4.23218266334e-05
2486 4.17894457154e-05
2487 4.14613106912e-05
2488 4.11184549529e-05
2489 4.0646878228e-05
2490 4.01418997109e-05
2491 3.97528687545e-05
2492 3.92833243767e-05
2493 3.87806302962e-05
2494 3.81402168869e-05
2495 3.76506823405e-05
2496 3.71957040882e-05
2497 3.67766442998e-05
2498 3.62812254792e-05
2499 3.57048469656e-05
