0 0.00168792568201
1 0.00155240761835
2 0.00147500197905
3 0.00137508316052
4 0.00140899997188
5 0.00125530180513
6 0.00118448418353
7 0.00109050269035
8 0.000969183612735
9 0.000866703566446
10 0.000758825434289
11 0.000648969733407
12 0.000539251924622
13 0.000427737089011
14 0.000330905842313
15 0.000238013463905
16 0.000150686067041
17 7.21881019784e-05
18 1.19664274208e-06
19 -6.13496481535e-05
20 -0.0001205551244
21 -0.000169304658908
22 -0.000209674878745
23 -0.000242641535945
24 -0.000272141850693
25 -0.000294786184108
26 -0.000308583035623
27 -0.000318559812207
28 -0.000327956085859
29 -0.000331440763603
30 -0.000329242127851
31 -0.000327637590037
32 -0.000325311226291
33 -0.000317751584401
34 -0.000308367488618
35 -0.000297443643063
36 -0.00028748704907
37 -0.000276016209027
38 -0.000265400896344
39 -0.000252641336342
40 -0.0002395523639
41 -0.000227259902752
42 -0.000214565138647
43 -0.000201660361086
44 -0.000189376822261
45 -0.000177163921438
46 -0.00016626652221
47 -0.000155472871053
48 -0.000145645975109
49 -0.000135911556482
50 0.00164621889793
51 0.00154776744121
52 0.00142220390258
53 0.00142067880017
54 0.00131735415159
55 0.00122911168529
56 0.00115043596203
57 0.00106362815175
58 0.000955328042662
59 0.000841040591261
60 0.000739061725436
61 0.00062321348659
62 0.000522273391996
63 0.000413854313069
64 0.000318349812198
65 0.000228573961724
66 0.000144756026574
67 6.87514275429e-05
68 4.34905082873e-07
69 -5.99117192091e-05
70 -0.000117589454014
71 -0.0001658693672
72 -0.00020447317181
73 -0.00023597851824
74 -0.000264133550682
75 -0.000285374426308
76 -0.000298724738889
77 -0.000308914862576
78 -0.0003177897227
79 -0.000321125680938
80 -0.000319292083042
81 -0.000318463495868
82 -0.00031565469131
83 -0.000307436812526
84 -0.000298372425228
85 -0.000288240345868
86 -0.000278666660597
87 -0.000267413971934
88 -0.00025658924274
89 -0.000244169324535
90 -0.000231798987475
91 -0.000219760366066
92 -0.000207199057642
93 -0.000194743152653
94 -0.000182832551544
95 -0.000171089437197
96 -0.000160631124607
97 -0.000150267210849
98 -0.000140686507255
99 -0.000131242926099
100 0.00172070843719
101 0.00161306871687
102 0.00147679619677
103 0.0014735720467
104 0.00136087822459
105 0.00126435799437
106 0.00117841033707
107 0.00108419344276
108 0.000968284676053
109 0.000847334588195
110 0.000740114114512
111 0.000619906707963
112 0.000515839076474
113 0.000405576473342
114 0.000309031736503
115 0.0002188778489
116 0.000135233842035
117 5.96928026626e-05
118 -7.76841363484e-06
119 -6.72150918581e-05
120 -0.00012400902577
121 -0.000171174657527
122 -0.000208780023513
123 -0.000239341464471
124 -0.000266649657187
125 -0.000287062233319
126 -0.000299707974222
127 -0.000309294629864
128 -0.000317535005261
129 -0.000320231136468
130 -0.000317849419295
131 -0.00031662883581
132 -0.000313481162573
133 -0.000304998683025
134 -0.00029575953387
135 -0.000285457374741
136 -0.000275763161931
137 -0.000264459843564
138 -0.000253500165546
139 -0.000241128207924
140 -0.000228818004067
141 -0.000216918589689
142 -0.000204517126324
143 -0.000192139658592
144 -0.000180347045109
145 -0.000168721266682
146 -0.000158383897087
147 -0.000148143167975
148 -0.000138660990742
149 -0.000129320185352
150 0.00183148307651
151 0.00171342779855
152 0.00156210562891
153 0.00155627099057
154 0.00142972761564
155 0.00132085402898
156 0.00122366708004
157 0.00111769338854
158 0.000989893286461
159 0.00085834343651
160 0.000742643873867
161 0.000616078572794
162 0.000506781129056
163 0.000393363856065
164 0.000295092905955
165 0.000204331177014
166 0.000121031271458
167 4.61647562099e-05
168 -1.98960297395e-05
169 -7.78590013996e-05
170 -0.0001333830463
171 -0.000179194344547
172 -0.000215532886125
173 -0.000244598613587
174 -0.000270611811165
175 -0.000289953154965
176 -0.000301560417867
177 -0.000310228824722
178 -0.000317540721698
179 -0.0003193941189
180 -0.000316314740459
181 -0.000314406706326
182 -0.000310910907543
183 -0.000302015385536
184 -0.000292528183084
185 -0.000281857462371
186 -0.000272028929337
187 -0.000260633168136
188 -0.000249855581706
189 -0.000237580064344
190 -0.000225273151528
191 -0.000213345713182
192 -0.000201101029879
193 -0.000188792332792
194 -0.000177142356365
195 -0.000165660956549
196 -0.000155439585573
197 -0.000145339442715
198 -0.00013598603268
199 -0.000126796539309
200 0.00198114031034
201 0.0018670670382
202 0.00168188210686
203 0.00167764290926
204 0.00152835712839
205 0.0014045134791
206 0.00129131171943
207 0.00117140503645
208 0.00102684845302
209 0.000878626005437
210 0.000751241755226
211 0.000612556880702
212 0.000495335239316
213 0.000377515199118
214 0.000276306222073
215 0.000184310988169
216 0.000101156684454
217 2.72101144741e-05
218 -3.69158315431e-05
219 -9.28254736429e-05
220 -0.000146534894286
221 -0.00019062609327
222 -0.000224803425933
223 -0.000251893632799
224 -0.000276297753921
225 -0.000293956261742
226 -0.000304113739175
227 -0.000311615996014
228 -0.000318080856432
229 -0.000318962715343
230 -0.000315047881208
231 -0.000312352272116
232 -0.000308146628486
233 -0.000298881387084
234 -0.000288696264438
235 -0.000277698150527
236 -0.000267763099406
237 -0.000256123108902
238 -0.000245215954862
239 -0.000232952801739
240 -0.000220503580747
241 -0.000208848375858
242 -0.00019667637137
243 -0.000184661049891
244 -0.000173145743419
245 -0.000161678531819
246 -0.000151616226453
247 -0.000141764415401
248 -0.000132601908657
249 -0.000123631019455
250 0.00214440615592
251 0.00200951817113
252 0.00182203488521
253 0.00180825148526
254 0.00164669947048
255 0.00150292455527
256 0.0013722071512
257 0.00123473048089
258 0.00106799918661
259 0.000903143815114
260 0.00075864477743
261 0.000607382571233
262 0.000480432543
263 0.000355993586553
264 0.000250774025158
265 0.000157505578161
266 7.52102860796e-05
267 2.83087816497e-06
268 -5.83391523499e-05
269 -0.00011150097712
270 -0.000162657411719
271 -0.000204078188262
272 -0.000235066573231
273 -0.000260199320472
274 -0.000282308460628
275 -0.000297812849443
276 -0.000306329628263
277 -0.000312229316416
278 -0.000316934875764
279 -0.000316825603121
280 -0.000311962450221
281 -0.000308721257204
282 -0.000303530459096
283 -0.000293622945747
284 -0.00028293975554
285 -0.000271803750979
286 -0.000261546558769
287 -0.000249782738966
288 -0.00023891290062
289 -0.000226497141058
290 -0.000214411752209
291 -0.000202844931816
292 -0.00019083607691
293 -0.000179048135036
294 -0.000167633952352
295 -0.000156577319292
296 -0.000146815458176
297 -0.000137111487356
298 -0.000128218021834
299 -0.00011943370294
300 0.0022969712057
301 0.00213299032243
302 0.00194804015333
303 0.00192375124606
304 0.00174922592096
305 0.00159536179289
306 0.00144767382545
307 0.00129032731713
308 0.00110582900305
309 0.000923143864374
310 0.000760827251334
311 0.000595555375308
312 0.000457373771184
313 0.00032563986234
314 0.000216559765316
315 0.000122481529428
316 4.19177682044e-05
317 -2.77798420757e-05
318 -8.46692293967e-05
319 -0.000133714377329
320 -0.000181232313717
321 -0.000218312398853
322 -0.000246175061849
323 -0.000267939606806
324 -0.000287243638011
325 -0.000300633904127
326 -0.00030688060109
327 -0.000310977545824
328 -0.00031409459807
329 -0.000312985115247
330 -0.000306665831994
331 -0.000302415107141
332 -0.000296464348969
333 -0.000285777545054
334 -0.000274980399443
335 -0.000263533450056
336 -0.000252975864685
337 -0.000241231538457
338 -0.000230175650671
339 -0.000217996859507
340 -0.000206132295018
341 -0.000194732048144
342 -0.000183147103423
343 -0.000171582611773
344 -0.000160604717348
345 -0.00015000876171
346 -0.000140532592394
347 -0.000131274194343
348 -0.000122579323473
349 -0.000114080772694
350 0.00239853548585
351 0.00223545029089
352 0.00204552674744
353 0.00200830153279
354 0.00182930337965
355 0.0016605302289
356 0.00150062000979
357 0.00132525054455
358 0.00112782204082
359 0.000930165446158
360 0.000751519050612
361 0.000572776472131
362 0.000422346611355
363 0.000284316423856
364 0.000171245458014
365 7.66770365772e-05
366 -8.58402098793e-07
367 -6.64272556831e-05
368 -0.000117186312731
369 -0.00016055739522
370 -0.000202843249991
371 -0.000234784368135
372 -0.000258166037933
373 -0.000275719390446
374 -0.000291585139132
375 -0.000302175927639
376 -0.000306315011674
377 -0.000308280242111
378 -0.000309750025478
379 -0.00030685980856
380 -0.000299533227642
381 -0.000294047702783
382 -0.000287433601696
383 -0.000276198740505
384 -0.000265449865489
385 -0.000253698680506
386 -0.000242861393735
387 -0.000231055405563
388 -0.000220103963058
389 -0.000208141965142
390 -0.000196471606788
391 -0.000185311461906
392 -0.000174158362857
393 -0.000162921703389
394 -0.000152468423685
395 -0.000142229323602
396 -0.000133160838094
397 -0.000124226923137
398 -0.000115860563235
399 -0.000107794774602
400 0.00248593963359
401 0.00233292803319
402 0.00211807674574
403 0.00207569760299
404 0.00187774129506
405 0.00169777945798
406 0.00152185248768
407 0.00133430786726
408 0.00112361755441
409 0.000913595019629
410 0.000722058003538
411 0.000532738441505
412 0.000372167813654
413 0.000228979430458
414 0.000112194495311
415 1.76808432024e-05
416 -5.57142439796e-05
417 -0.000115468213455
418 -0.000157689850706
419 -0.000193159823511
420 -0.000228202729331
421 -0.000254001307881
422 -0.000271499443464
423 -0.000284034816661
424 -0.000296145989822
425 -0.000303023442475
426 -0.000304377330959
427 -0.000304474119785
428 -0.000304137946808
429 -0.000299439524526
430 -0.000291040007018
431 -0.000284556816642
432 -0.000277004875897
433 -0.000265531068904
434 -0.000253918112271
435 -0.000242097921795
436 -0.000231180014294
437 -0.00021941950973
438 -0.000208515159296
439 -0.000196806545962
440 -0.000185397508503
441 -0.000174662705862
442 -0.000163867759179
443 -0.000153260433807
444 -0.000143274088326
445 -0.000133508171533
446 -0.00012479727943
447 -0.000116311480861
448 -0.000108414888971
449 -0.000100811601446
450 0.00260395964104
451 0.00243877990983
452 0.00219730223532
453 0.00214157580206
454 0.00192056763194
455 0.00172025923518
456 0.00152209633675
457 0.00131796333079
458 0.00109133643906
459 0.000870993224459
460 0.000668357100887
461 0.00047254502987
462 0.000304297310542
463 0.000157836712497
464 3.80158464447e-05
465 -5.57543737933e-05
466 -0.000124335317526
467 -0.000176263137037
468 -0.000207917771314
469 -0.000232876108396
470 -0.000258867134544
471 -0.000275982775054
472 -0.000285687811156
473 -0.000292534514799
474 -0.000299898129541
475 -0.000302400634909
476 -0.00030103938516
477 -0.000298481106612
478 -0.000295913735963
479 -0.000289583653152
480 -0.000280188990909
481 -0.000272708834129
482 -0.000264230241524
483 -0.000252369565335
484 -0.000240726846878
485 -0.000228670152114
486 -0.000217797000909
487 -0.000206219173109
488 -0.000195514694862
489 -0.000184038826511
490 -0.000173136282622
491 -0.000162869823109
492 -0.000152530280935
493 -0.000142480015971
494 -0.00013296656466
495 -0.000123717969986
496 -0.000115560626314
497 -0.000107574168418
498 -0.000100210413697
499 -9.3038126854e-05
500 0.00276378815295
501 0.00257837721177
502 0.0023075841178
503 0.00223240386088
504 0.00197860397765
505 0.00174705774696
506 0.00151823078791
507 0.00128902538125
508 0.00104032592662
509 0.000806248311206
510 0.000591915849492
511 0.000392282657142
512 0.000218875966016
513 7.17808186281e-05
514 -4.95791492235e-05
515 -0.000142308522532
516 -0.000205145434388
517 -0.000249354744191
518 -0.000268306950702
519 -0.000280578309772
520 -0.000294791057168
521 -0.000301087049775
522 -0.000301277288284
523 -0.000300964877272
524 -0.000302352235493
525 -0.00030041203277
526 -0.000295573782044
527 -0.000290404560254
528 -0.00028564340043
529 -0.000277736936427
530 -0.00026718827164
531 -0.00025880345143
532 -0.000249488460122
533 -0.000237279027845
534 -0.000225419025504
535 -0.000213406840394
536 -0.000202563928153
537 -0.00019113964136
538 -0.000180701143022
539 -0.000169652461533
540 -0.000159281003329
541 -0.000149481536655
542 -0.0001397814353
543 -0.000130388178564
544 -0.000121543820788
545 -0.000113013364766
546 -0.000105403065385
547 -9.80214728462e-05
548 -9.11851818984e-05
549 -8.45143146021e-05
550 0.00297160172216
551 0.00275743192262
552 0.00245038763783
553 0.00235390551191
554 0.00205587522668
555 0.00178636547077
556 0.00151826447541
557 0.00125526699122
558 0.00097829771703
559 0.000725401334366
560 0.000497555886443
561 0.000294353567578
562 0.000118696545316
563 -2.54572284492e-05
564 -0.000145525745411
565 -0.000236511088864
566 -0.00029471683281
567 -0.000331641994067
568 -0.00033757787326
569 -0.000335823863806
570 -0.000336343799097
571 -0.000329047753069
572 -0.000318177097176
573 -0.000308698850309
574 -0.000303214660922
575 -0.000296335411353
576 -0.000287589504963
577 -0.000279653855539
578 -0.000272521566703
579 -0.000263119630407
580 -0.000251451028868
581 -0.000242197293979
582 -0.00023232372765
583 -0.000219897329178
584 -0.000207949447333
585 -0.000196247674194
586 -0.000185523118342
587 -0.000174597802451
588 -0.000164499686764
589 -0.000154093580201
590 -0.000144331417506
591 -0.00013505466281
592 -0.000126118982524
593 -0.000117378367907
594 -0.000109181536464
595 -0.000101443398297
596 -9.43926211092e-05
597 -8.76558436777e-05
598 -8.1374288796e-05
599 -7.5313211895e-05
600 0.00322756376975
601 0.00298046487126
602 0.00262311639201
603 0.00249742848777
604 0.00214631026189
605 0.0018316186183
606 0.00151680290073
607 0.00121351996093
608 0.000904554402963
609 0.000629697223413
610 0.000386359986978
611 0.000180367819892
612 5.22616745072e-06
613 -0.000130905894738
614 -0.000245509822446
615 -0.00033182984193
616 -0.00038578687366
617 -0.000416509737398
618 -0.000411922033594
619 -0.000396547659482
620 -0.000381709939386
621 -0.000359558285409
622 -0.000335612759944
623 -0.000315539300134
624 -0.000302153717979
625 -0.000289452894801
626 -0.00027665648392
627 -0.000265806382419
628 -0.000256410655136
629 -0.000245546337533
630 -0.000232962898516
631 -0.000222932706022
632 -0.000212561299295
633 -0.000200263791507
634 -0.000188531410462
635 -0.00017721742802
636 -0.000166798637818
637 -0.000156334359877
638 -0.000146722684549
639 -0.000136997884338
640 -0.000127882231709
641 -0.00011936210756
642 -0.000111192082032
643 -0.000103274029475
644 -9.58955497563e-05
645 -8.89242772134e-05
646 -8.25747988174e-05
647 -7.65544367782e-05
648 -7.0893085901e-05
649 -6.5514668613e-05
650 0.00352573155478
651 0.00324018946895
652 0.00282207316476
653 0.00265380798381
654 0.00224295397438
655 0.00187142064537
656 0.00150271901434
657 0.00115277947429
658 0.000809711381357
659 0.000513042902687
660 0.000254427498995
661 4.8542464606e-05
662 -0.000122297294491
663 -0.000244783615364
664 -0.000347366568397
665 -0.000422901753781
666 -0.000469747034737
667 -0.000494844352998
668 -0.000482918620061
669 -0.00045663780379
670 -0.000427865255584
671 -0.000390504499986
672 -0.000352190277789
673 -0.000320805651145
674 -0.000298427855448
675 -0.000279358128435
676 -0.000262489540019
677 -0.000248536223583
678 -0.000237034780972
679 -0.000224808236435
680 -0.000211771637003
681 -0.000201139494984
682 -0.000190370167803
683 -0.000178293694072
684 -0.000167045042885
685 -0.000156246367052
686 -0.000146264151498
687 -0.000136473073512
688 -0.000127547699432
689 -0.000118601474156
690 -0.000110314081
691 -0.000102637737996
692 -9.53223383134e-05
693 -8.82632947324e-05
694 -8.17658832445e-05
695 -7.56265275201e-05
696 -7.00720930278e-05
697 -6.47694850476e-05
698 -5.982275899e-05
699 -5.51646236025e-05
700 0.00386225842522
701 0.00353527266676
702 0.00304887903057
703 0.00282460872564
704 0.00234197154745
705 0.00189934373464
706 0.00146591059409
707 0.00106430050908
708 0.000684866297202
709 0.000367956718103
710 9.69052294248e-05
711 -0.000104180059543
712 -0.000266372832819
713 -0.000369133454988
714 -0.000452643381537
715 -0.000509820155172
716 -0.000542663442486
717 -0.000559177754456
718 -0.000542408928567
719 -0.000509069758833
720 -0.000469243353266
721 -0.00041819096805
722 -0.000366091845483
723 -0.000322922087624
724 -0.000291290478568
725 -0.00026552519637
726 -0.000244500749531
727 -0.000227628627491
728 -0.000214073805004
729 -0.00020069745719
730 -0.000187378073108
731 -0.000176347142058
732 -0.000165531668266
733 -0.000153980301752
734 -0.000143391803586
735 -0.000133320452785
736 -0.000124026419489
737 -0.000115083333387
738 -0.000106966622323
739 -9.89728967781e-05
740 -9.16752836194e-05
741 -8.49198957385e-05
742 -7.85598163474e-05
743 -7.24780958425e-05
744 -6.69163422572e-05
745 -6.16976348847e-05
746 -5.69762288536e-05
747 -5.24693052179e-05
748 -4.83097289373e-05
749 -4.44046030783e-05
750 0.00426568364736
751 0.00388528540932
752 0.00330138561562
753 0.00300828119383
754 0.00243059638654
755 0.00190509998374
756 0.00139570248471
757 0.000937098441962
758 0.000521427727717
759 0.000187703065118
760 -8.99616196246e-05
761 -0.000280325364094
762 -0.000426910993956
763 -0.000504189102297
764 -0.000562455392068
765 -0.000593810759579
766 -0.000604577849243
767 -0.000606668898241
768 -0.000582706777024
769 -0.000545405297208
770 -0.000498567835028
771 -0.000437837164139
772 -0.000374280612254
773 -0.000320146745714
774 -0.000279550818906
775 -0.00024722494513
776 -0.00022224642052
777 -0.00020283793445
778 -0.000187534435515
779 -0.000173329281879
780 -0.000160070971942
781 -0.000148963600789
782 -0.000138346163222
783 -0.000127563942989
784 -0.000117781848769
785 -0.000108633681042
786 -0.000100222363213
787 -9.23079222163e-05
788 -8.51543595513e-05
789 -7.82618334474e-05
790 -7.20693742174e-05
791 -6.63502962105e-05
792 -6.1002811555e-05
793 -5.60102944626e-05
794 -5.14540184991e-05
795 -4.72299271933e-05
796 -4.33815185958e-05
797 -3.97253814962e-05
798 -3.64125649783e-05
799 -3.33110539648e-05
800 0.00473431854897
801 0.00428286341471
802 0.003583789186
803 0.00319969457007
804 0.00250130950144
805 0.00187662600253
806 0.00127923308808
807 0.000758943061371
808 0.000310488170043
809 -3.26019022369e-05
810 -0.000308115467623
811 -0.000476860180486
812 -0.000600648477692
813 -0.000645771909275
814 -0.000673191335457
815 -0.000673950443861
816 -0.000656474450642
817 -0.000636645772301
818 -0.000600859274655
819 -0.000559058531415
820 -0.000508464614854
821 -0.000442893029068
822 -0.000371928310955
823 -0.00030951269696
824 -0.000261283874066
825 -0.000223438267668
826 -0.000195060776669
827 -0.000173620475521
828 -0.000157052531089
829 -0.000142585647857
830 -0.000129755688078
831 -0.0001189057339
832 -0.000108788227393
833 -9.90542815968e-05
834 -9.03955125365e-05
835 -8.24108145348e-05
836 -7.5069160219e-05
837 -6.83879807894e-05
838 -6.23053247534e-05
839 -5.66648604187e-05
840 -5.16712813861e-05
841 -4.70898218984e-05
842 -4.28506619891e-05
843 -3.9012039767e-05
844 -3.55366261756e-05
845 -3.23556109616e-05
846 -2.94303766673e-05
847 -2.66896888096e-05
848 -2.42544929802e-05
849 -2.19939588329e-05
850 0.00529099241814
851 0.00475302327042
852 0.0038961295591
853 0.00338527500801
854 0.00254179813032
855 0.00179615904462
856 0.00109997915358
857 0.000517399586803
858 4.46333170199e-05
859 -0.000295404414589
860 -0.000555270725643
861 -0.000690387746655
862 -0.000780057280021
863 -0.000785734647422
864 -0.000777073259689
865 -0.00074434994407
866 -0.000695890902115
867 -0.00064976895769
868 -0.000596671811437
869 -0.000547179797941
870 -0.000493971937596
871 -0.00042757027018
872 -0.000354394198593
873 -0.000287809168534
874 -0.000234442805877
875 -0.000192710183835
876 -0.000162321707226
877 -0.000139765459497
878 -0.000122634379593
879 -0.000108491847828
880 -9.66563599729e-05
881 -8.63933071676e-05
882 -7.71443058976e-05
883 -6.87630649155e-05
884 -6.15014790756e-05
885 -5.48418750866e-05
886 -4.87966796439e-05
887 -4.34830352747e-05
888 -3.86467205574e-05
889 -3.43796840131e-05
890 -3.06662215838e-05
891 -2.7320909514e-05
892 -2.42774657647e-05
893 -2.1639924965e-05
894 -1.93121959353e-05
895 -1.72164582211e-05
896 -1.52721216767e-05
897 -1.34873221591e-05
898 -1.19543050187e-05
899 -1.05571204449e-05
900 0.00597597457601
901 0.00528691475304
902 0.00423707894303
903 0.00355624575355
904 0.00253041116169
905 0.00164159040955
906 0.000838240922949
907 0.00019916653663
908 -0.000281218441656
909 -0.00060039536085
910 -0.000826664589417
911 -0.000910816414714
912 -0.00095467813032
913 -0.000912754051637
914 -0.000863934099424
915 -0.000795101695722
916 -0.000716450484536
917 -0.000643382771015
918 -0.000571039031298
919 -0.000510603294638
920 -0.000453156009096
921 -0.000388460571317
922 -0.000317917858054
923 -0.000251784151713
924 -0.000196851808159
925 -0.000153876725223
926 -0.00012338237166
927 -0.000101016332149
928 -8.43217710795e-05
929 -7.12311058652e-05
930 -6.09639076782e-05
931 -5.17521494825e-05
932 -4.36897834534e-05
933 -3.70092091883e-05
934 -3.13567106662e-05
935 -2.62415412566e-05
936 -2.16706018412e-05
937 -1.78422031823e-05
938 -1.43917767767e-05
939 -1.161669711e-05
940 -9.2731023815e-06
941 -7.22675529584e-06
942 -5.46341707177e-06
943 -4.08296863399e-06
944 -2.95748842229e-06
945 -1.997791869e-06
946 -1.05254001345e-06
947 -2.64111332383e-07
948 3.58144130651e-07
949 8.7676872061e-07
950 0.00678066617717
951 0.00592627602512
952 0.00460291794421
953 0.00368366272425
954 0.00243334970659
955 0.00138295262074
956 0.000471731600266
957 -0.000208024612946
958 -0.000668706755802
959 -0.000941125040135
960 -0.00110735039752
961 -0.00112478603921
962 -0.00110961541234
963 -0.00101416383929
964 -0.000921198073863
965 -0.000816058750842
966 -0.000709150027898
967 -0.000612488780839
968 -0.00052298873431
969 -0.000450731899559
970 -0.000387409990181
971 -0.000324962803679
972 -0.000260253689411
973 -0.000199144168886
974 -0.000146695185569
975 -0.000105817637579
976 -7.76302192614e-05
977 -5.72839864135e-05
978 -4.2247918708e-05
979 -3.11500845707e-05
980 -2.31033459092e-05
981 -1.54180342078e-05
982 -8.87764635037e-06
983 -4.20573751763e-06
984 -4.04410367587e-07
985 2.98060191922e-06
986 5.91901736739e-06
987 8.14704377494e-06
988 1.01252136412e-05
989 1.13007266916e-05
990 1.22584496999e-05
991 1.29420184703e-05
992 1.33925430461e-05
993 1.34559328903e-05
994 1.33612175038e-05
995 1.31628253044e-05
996 1.30985013145e-05
997 1.28964370659e-05
998 1.25815475312e-05
999 1.22338291162e-05
1000 0.00776175674316
1001 0.00667178083446
1002 0.00496712018981
1003 0.00372399719751
1004 0.00220505392479
1005 0.000981780852041
1006 -2.0706240624e-05
1007 -0.00070699473206
1008 -0.00110716695095
1009 -0.00129802449064
1010 -0.0013763590534
1011 -0.00131000043291
1012 -0.00122326901594
1013 -0.00107176379958
1014 -0.000933673984436
1015 -0.000795238134004
1016 -0.00066464524497
1017 -0.000549878115001
1018 -0.000449030529853
1019 -0.000367923550221
1020 -0.000299217525492
1021 -0.000238894000268
1022 -0.000181757573439
1023 -0.000129051106455
1024 -8.31351832302e-05
1025 -4.78395862677e-05
1026 -2.48835623492e-05
1027 -8.636094015e-06
1028 3.30636288848e-06
1029 1.14568299895e-05
1030 1.65487560205e-05
1031 2.22067541601e-05
1032 2.68596694119e-05
1033 2.92521000742e-05
1034 3.1012583583e-05
1035 3.24851442135e-05
1036 3.36849660662e-05
1037 3.4244200878e-05
1038 3.47096319305e-05
1039 3.42242315831e-05
1040 3.36731496784e-05
1041 3.29327864115e-05
1042 3.20222663642e-05
1043 3.07585342729e-05
1044 2.94308535638e-05
1045 2.80422421405e-05
1046 2.69699752128e-05
1047 2.5768187666e-05
1048 2.45312530709e-05
1049 2.33098232785e-05
1050 0.00897911422919
1051 0.00751657218854
1052 0.00530470837137
1053 0.00361630869666
1054 0.00178412837205
1055 0.000395792600734
1056 -0.000656377737549
1057 -0.00128986216536
1058 -0.00157441287356
1059 -0.00164188160899
1060 -0.00160191265411
1061 -0.00143787507812
1062 -0.00127307065866
1063 -0.00106811867891
1064 -0.000888152841773
1065 -0.000722435532262
1066 -0.000575887228172
1067 -0.000450169276612
1068 -0.000345971910735
1069 -0.0002619243459
1070 -0.000190905082334
1071 -0.000133626970948
1072 -8.50176591954e-05
1073 -4.24954412906e-05
1074 -6.35394229201e-06
1075 2.00986237276e-05
1076 3.47128588506e-05
1077 4.46279111574e-05
1078 5.1875897215e-05
1079 5.59415638803e-05
1080 5.73694485792e-05
1081 6.05479430954e-05
1082 6.2882300978e-05
1083 6.2776667875e-05
1084 6.24437321477e-05
1085 6.19725621919e-05
1086 6.1325064881e-05
1087 6.0145308103e-05
1088 5.88294574094e-05
1089 5.66887773715e-05
1090 5.45978087486e-05
1091 5.24428436814e-05
1092 5.0164959516e-05
1093 4.75996558698e-05
1094 4.50435557904e-05
1095 4.25063055896e-05
1096 4.0423743063e-05
1097 3.82707309338e-05
1098 3.61339327082e-05
1099 3.4060560629e-05
1100 0.0104689226139
1101 0.00846345722638
1102 0.00553798048891
1103 0.0032464012718
1104 0.00108343654643
1105 -0.000414328656986
1106 -0.00142413097244
1107 -0.00191608675447
1108 -0.00201594857993
1109 -0.00191914146489
1110 -0.00173548348994
1111 -0.00147032994316
1112 -0.00122942107241
1113 -0.000981810468985
1114 -0.000770957548304
1115 -0.00058874727697
1116 -0.000437049135863
1117 -0.000310263187294
1118 -0.000211886131164
1119 -0.000132751423783
1120 -6.47030622454e-05
1121 -1.33720501328e-05
1122 2.59564664271e-05
1123 5.72615532764e-05
1124 8.19917670184e-05
1125 9.66893642376e-05
1126 0.000100260574507
1127 0.000101646504775
1128 0.000102582783133
1129 0.000101470859453
1130 9.85744499901e-05
1131 9.88372124758e-05
1132 9.86740611638e-05
1133 9.60240421389e-05
1134 9.33102237838e-05
1135 9.07710792003e-05
1136 8.81600296424e-05
1137 8.51820587296e-05
1138 8.2250546975e-05
1139 7.8382984089e-05
1140 7.4814714621e-05
1141 7.12277620341e-05
1142 6.76142641816e-05
1143 6.37574494196e-05
1144 5.99696795096e-05
1145 5.63477525586e-05
1146 5.32586500574e-05
1147 5.01883492161e-05
1148 4.71951109966e-05
1149 4.43253166211e-05
1150 0.0123822601318
1151 0.00946304712815
1152 0.00552926310799
1153 0.00244897125231
1154 1.4160217807e-05
1155 -0.00145468552585
1156 -0.00227311606459
1157 -0.00250293441901
1158 -0.00234914958291
1159 -0.00205916972499
1160 -0.00172197380398
1161 -0.00136932682035
1162 -0.00106696499598
1163 -0.00079808662677
1164 -0.000573842388295
1165 -0.000391345630907
1166 -0.000248083490756
1167 -0.000131877104496
1168 -4.90224228515e-05
1169 1.74107615935e-05
1170 7.58300848785e-05
1171 0.000117014320021
1172 0.000145637206288
1173 0.000165233415514
1174 0.000177830344649
1175 0.000179214801374
1176 0.000169990274818
1177 0.00016096536064
1178 0.000154044975183
1179 0.000146923663703
1180 0.000139093335546
1181 0.000136035726487
1182 0.000133091000293
1183 0.000127631437216
1184 0.000122651239485
1185 0.00011804008544
1186 0.000113573924003
1187 0.000108850360273
1188 0.000104318255652
1189 9.89343927082e-05
1190 9.39138321832e-05
1191 8.89343519255e-05
1192 8.40652007008e-05
1193 7.90091903545e-05
1194 7.40980786592e-05
1195 6.94095006275e-05
1196 6.53945513292e-05
1197 6.14726759679e-05
1198 5.76851575675e-05
1199 5.39976814952e-05
1200 0.014778923693
1201 0.0103398454946
1202 0.00501974313373
1203 0.00102894806606
1204 -0.0014698767462
1205 -0.0026557519254
1206 -0.00306769793438
1207 -0.00290886378388
1208 -0.00245786972223
1209 -0.00197741738472
1210 -0.00150617908885
1211 -0.00110220806839
1212 -0.000768605313297
1213 -0.000510485034498
1214 -0.000296075001496
1215 -0.000133173936775
1216 -1.36324377485e-05
1217 7.99607939825e-05
1218 0.000138105063338
1219 0.000183940010439
1220 0.000226261158373
1221 0.000253234078151
1222 0.000268728098176
1223 0.000276515603577
1224 0.000277083898448
1225 0.000264860998071
1226 0.000241651326689
1227 0.000220958265561
1228 0.000205212940851
1229 0.000191320356632
1230 0.000178160100353
1231 0.000171604643502
1232 0.000165795383089
1233 0.000157580458954
1234 0.00015031570038
1235 0.000143743483433
1236 0.000137469674832
1237 0.000131042499567
1238 0.000125080678694
1239 0.000118150245578
1240 0.000111730394281
1241 0.000105443654164
1242 9.93515424065e-05
1243 9.31638171303e-05
1244 8.71829680648e-05
1245 8.15213876668e-05
1246 7.66422493645e-05
1247 7.1875569096e-05
1248 6.73315666687e-05
1249 6.29477944473e-05
1250 0.0177840508895
1251 0.0105874859715
1252 0.00357788204517
1253 -0.00115976637159
1254 -0.0032569712796
1255 -0.00378602356591
1256 -0.00355269924858
1257 -0.00292713327238
1258 -0.00220727346097
1259 -0.00159231890882
1260 -0.00104827239242
1261 -0.000653275904459
1262 -0.000333868581051
1263 -0.000125007850336
1264 5.10551801809e-05
1265 0.000174058000428
1266 0.000254512994837
1267 0.000313606839176
1268 0.000339349541926
1269 0.000358929696712
1270 0.000380153024694
1271 0.000388773149271
1272 0.000389420420509
1273 0.000385450312223
1274 0.000374653202968
1275 0.000349242056311
1276 0.000312055759629
1277 0.000279200301218
1278 0.000254276032624
1279 0.000233154185273
1280 0.000214695530034
1281 0.000204527027841
1282 0.000195764321019
1283 0.000184968404254
1284 0.000175614360208
1285 0.000167232348655
1286 0.000159290652168
1287 0.000151313592772
1288 0.000143803676131
1289 0.000135427510294
1290 0.000127753350024
1291 0.000120311646807
1292 0.000113125381247
1293 0.000105939812157
1294 9.90168654317e-05
1295 9.25007518272e-05
1296 8.68488084304e-05
1297 8.13813833024e-05
1298 7.61295079699e-05
1299 7.11204449543e-05
1300 0.0212786664769
1301 0.00901660298505
1302 0.00064706321226
1303 -0.00390015180397
1304 -0.00487259597802
1305 -0.00436770273999
1306 -0.00337465051133
1307 -0.00234776075307
1308 -0.00149763351414
1309 -0.00086763214756
1310 -0.000352322011174
1311 -4.22020051986e-05
1312 0.000209189970306
1313 0.000331794206216
1314 0.000442452005547
1315 0.000506423003009
1316 0.000536904371538
1317 0.000554236208179
1318 0.000542752870746
1319 0.000532456736067
1320 0.000529453878396
1321 0.000518211471168
1322 0.00050269334957
1323 0.000487234128076
1324 0.000465782839118
1325 0.000428500370857
1326 0.000378476850243
1327 0.000333626964147
1328 0.000299491617769
1329 0.000271263359305
1330 0.00024765776866
1331 0.00023401156845
1332 0.000222508659896
1333 0.000209386280509
1334 0.000198158285843
1335 0.000188013317375
1336 0.000178498368203
1337 0.00016912441882
1338 0.000160435372811
1339 0.000150837073377
1340 0.00014202186914
1341 0.00013355678773
1342 0.000125365159677
1343 0.000117272558183
1344 0.00010948441043
1345 0.000102194207585
1346 9.58265938736e-05
1347 8.9694756947e-05
1348 8.38406822838e-05
1349 7.82715515447e-05
1350 0.0237779555707
1351 0.00435757837468
1352 -0.00384778695369
1353 -0.00607785567846
1354 -0.00532053649236
1355 -0.00375050108475
1356 -0.00220931466753
1357 -0.00106115782587
1358 -0.000324826459773
1359 0.000155864180724
1360 0.000521298137678
1361 0.000671791208885
1362 0.00080692656128
1363 0.000815683746306
1364 0.000841333198775
1365 0.000836073327361
1366 0.000809307739005
1367 0.00078142009926
1368 0.000731601052283
1369 0.000690932917706
1370 0.000663152579885
1371 0.000631832008193
1372 0.000600711224897
1373 0.000574366702075
1374 0.000544229771724
1375 0.000496997940005
1376 0.00043598779973
1377 0.000380709989814
1378 0.000338408492245
1379 0.000303858314675
1380 0.000275621362404
1381 0.000258876076694
1382 0.000245012242994
1383 0.000229856285939
1384 0.000217009197389
1385 0.00020554663115
1386 0.00019468755553
1387 0.000184167053953
1388 0.000174346039133
1389 0.000163704898401
1390 0.000153988612793
1391 0.000144698997154
1392 0.000135721044903
1393 0.000126915341505
1394 0.000118457983413
1395 0.000110547384102
1396 0.000103625815981
1397 9.69516044834e-05
1398 9.05740627447e-05
1399 8.44999570424e-05
1400 0.0202280225709
1401 -0.000169953724166
1402 -0.00751613572933
1403 -0.0056005808745
1404 -0.00341118671333
1405 -0.00151045747261
1406 -6.56567405645e-05
1407 0.000758803762123
1408 0.00112427176177
1409 0.00130618431002
1410 0.00142547625376
1411 0.00137922006357
1412 0.00137242139414
1413 0.00126254597023
1414 0.00119918210422
1415 0.00112455970268
1416 0.00104396595376
1417 0.000973669545808
1418 0.000890215725793
1419 0.00082289587003
1420 0.000773262786516
1421 0.000724642446115
1422 0.000680066532286
1423 0.000644614565691
1424 0.000607197907716
1425 0.000552395464776
1426 0.00048290747769
1427 0.000418913736321
1428 0.000369476139463
1429 0.000329830712096
1430 0.000297935868529
1431 0.000278583723778
1432 0.000262819119077
1433 0.000245988880811
1434 0.000231944525536
1435 0.000219383750588
1436 0.000207512931931
1437 0.000196147621696
1438 0.000185524443555
1439 0.000174172563123
1440 0.000163730988664
1441 0.000153726189572
1442 0.000144163103635
1443 0.000134797645657
1444 0.000125755596788
1445 0.000117313430099
1446 0.000109908331249
1447 0.000102864802709
1448 9.60748088846e-05
1449 8.96253416495e-05
1450 0.00929184403346
1451 -0.00514318272387
1452 -0.00553940519949
1453 -0.0013052037193
1454 0.000840158897219
1455 0.00184889039792
1456 0.00244214256551
1457 0.00260099166958
1458 0.0024709953119
1459 0.00231382005318
1460 0.00217119823263
1461 0.0019468348359
1462 0.0018087643307
1463 0.0016038649724
1464 0.00146632926544
1465 0.00133669243433
1466 0.00121581152926
1467 0.00111200281278
1468 0.00100436700436
1469 0.000917114916021
1470 0.000850480345681
1471 0.000788884768846
1472 0.000734661072448
1473 0.000692738430252
1474 0.000650523837189
1475 0.000590611633356
1476 0.00051548788124
1477 0.000445699237491
1478 0.000391297048721
1479 0.000348014935962
1480 0.000313612797645
1481 0.000292405019141
1482 0.000275270549456
1483 0.000257363292679
1484 0.000242504665149
1485 0.000229291303021
1486 0.000216692910219
1487 0.000204835599063
1488 0.000193623932962
1489 0.000181774071874
1490 0.000170820238498
1491 0.000160366641941
1492 0.000150388837421
1493 0.000140659466873
1494 0.000131228481705
1495 0.000122503927436
1496 0.000114811219273
1497 0.000107467021758
1498 0.000100365339508
1499 9.36142708106e-05
1500 -0.00655347376083
1501 -0.00657361291701
1502 0.00259502389268
1503 0.00423464076948
1504 0.00487707751476
1505 0.00456940495725
1506 0.0041715161877
1507 0.00373703205438
1508 0.00326973316209
1509 0.00288888168915
1510 0.00257225267959
1511 0.00225138184757
1512 0.00203392983226
1513 0.00178266377369
1514 0.00160401891452
1515 0.0014440659354
1516 0.00130146015222
1517 0.00117992072528
1518 0.00106115046408
1519 0.000963739061654
1520 0.000887875888826
1521 0.000819454302252
1522 0.000760962116132
1523 0.000716094144381
1524 0.000671651682953
1525 0.000609223366623
1526 0.000531798856922
1527 0.000459390889038
1528 0.000402486182584
1529 0.000357534534978
1530 0.000322103915844
1531 0.000300066090431
1532 0.000282180831932
1533 0.000263918858856
1534 0.0002487123154
1535 0.000235084128491
1536 0.000222314049705
1537 0.000210043125877
1538 0.00019857638761
1539 0.000186464523947
1540 0.000175309884919
1541 0.000164673275666
1542 0.000154479625397
1543 0.000144539709047
1544 0.000134936561491
1545 0.000126019043728
1546 0.000118090423152
1547 0.000110577301066
1548 0.000103302024786
1549 9.63826644189e-05
1550 0.00526555359551
1551 0.0013457572715
1552 0.00438721651072
1553 0.00465081570975
1554 0.00504716241368
1555 0.00467757997006
1556 0.00412481764294
1557 0.0036289987937
1558 0.00320577606537
1559 0.0028409895307
1560 0.00251482133494
1561 0.00221933341809
1562 0.00199893596492
1563 0.00176639816482
1564 0.00158791109132
1565 0.00143011404975
1566 0.00129080526193
1567 0.00117011538539
1568 0.00105521138284
1569 0.000959366018144
1570 0.00088236729902
1571 0.000814402523407
1572 0.000757353641659
1573 0.000713841555162
1574 0.000670009422877
1575 0.000607892785891
1576 0.000531448587871
1577 0.000459266832579
1578 0.000402615184724
1579 0.000357904552008
1580 0.000322959187025
1581 0.000300891753186
1582 0.000283136762612
1583 0.000265121689837
1584 0.000250319326157
1585 0.000236871277512
1586 0.000223987907236
1587 0.000211804027972
1588 0.000200391987914
1589 0.00018833363728
1590 0.000177151996794
1591 0.000166495880947
1592 0.000156264801495
1593 0.000146338567858
1594 0.000136752886291
1595 0.000127821436981
1596 0.00011984655268
1597 0.000112251090892
1598 0.00010495683446
1599 9.80431519357e-05
1600 0.0145609387344
1601 -0.00532766039828
1602 -0.00461557868787
1603 -0.00142793406397
1604 0.000935187761161
1605 0.00198195777637
1606 0.00228144730734
1607 0.002304890726
1608 0.00228769632586
1609 0.00217608027989
1610 0.00200955704421
1611 0.00185444828201
1612 0.0017085797357
1613 0.0015559806441
1614 0.00141998179148
1615 0.0012965087599
1616 0.00118457015382
1617 0.00108352418767
1618 0.000986716567103
1619 0.00090341580136
1620 0.000834392614814
1621 0.000773824639622
1622 0.000723901017403
1623 0.000685325927712
1624 0.000644802822639
1625 0.000585979126514
1626 0.000513747842017
1627 0.000445363664329
1628 0.00039161159816
1629 0.00034930097128
1630 0.000316310932598
1631 0.000295336772993
1632 0.000278365783665
1633 0.000261242244493
1634 0.000247012420299
1635 0.000234077655667
1636 0.00022166926783
1637 0.000209899635995
1638 0.000198794675895
1639 0.000187069509932
1640 0.000176190383257
1641 0.000165805898602
1642 0.000155807556167
1643 0.000146120283301
1644 0.000136732341044
1645 0.000127952728502
1646 0.000120096123425
1647 0.00011264414615
1648 0.000105379976616
1649 9.84798594353e-05
1650 0.0231358868077
1651 -0.00101397706543
1652 -0.0083684239199
1653 -0.00646102334288
1654 -0.0036745464062
1655 -0.0015737165751
1656 -0.000329179203478
1657 0.000363776149012
1658 0.000859669141486
1659 0.00110222663377
1660 0.0011904534426
1661 0.00123901975368
1662 0.00121985441418
1663 0.00118667826305
1664 0.00112500540609
1665 0.00106042630671
1666 0.000994890992939
1667 0.000928446245102
1668 0.000862035565071
1669 0.000800994736792
1670 0.000747532674593
1671 0.000700693742283
1672 0.000662699646719
1673 0.000632853483569
1674 0.000598085124072
1675 0.000545237183862
1676 0.000480355580853
1677 0.00041867319057
1678 0.000370237245399
1679 0.000332221825787
1680 0.000302604202541
1681 0.00028350191786
1682 0.00026801066013
1683 0.000252384554481
1684 0.000239318760745
1685 0.00022734761961
1686 0.000215739663053
1687 0.000204712875677
1688 0.000194187634016
1689 0.000183163432788
1690 0.00017280662782
1691 0.000162868953405
1692 0.000153276131756
1693 0.000143990954967
1694 0.000134884055633
1695 0.000126415434107
1696 0.00011878685187
1697 0.000111518075809
1698 0.000104464718823
1699 9.7746504082e-05
1700 0.0224147922088
1701 0.0072291555932
1702 -0.00421544686627
1703 -0.00638218703997
1704 -0.00565324076784
1705 -0.00397269938139
1706 -0.0025012002892
1707 -0.00145246654955
1708 -0.000614206622004
1709 -7.76185177571e-05
1710 0.00025248465034
1711 0.000502707807687
1712 0.000622617796924
1713 0.000718884637024
1714 0.000746107655151
1715 0.000752565172918
1716 0.000743824716523
1717 0.000721336547738
1718 0.000693108149498
1719 0.00066079600902
1720 0.000628480284618
1721 0.000599785771769
1722 0.000577193686809
1723 0.000558430895104
1724 0.000531703265678
1725 0.000487414508151
1726 0.000432745472712
1727 0.000380422536136
1728 0.000339309956865
1729 0.000307137311505
1730 0.000282067891055
1731 0.000265749325817
1732 0.000252462148426
1733 0.000238900687072
1734 0.000227367070932
1735 0.000216627562175
1736 0.000206237598241
1737 0.00019626407467
1738 0.000186625736234
1739 0.000176453060234
1740 0.000166820062778
1741 0.000157577326253
1742 0.000148601245429
1743 0.00013989772047
1744 0.000131308884598
1745 0.000123298884869
1746 0.000115996615604
1747 0.000109055097291
1748 0.000102268450416
1749 9.58045593028e-05
1750 0.019005262299
1751 0.0103685832152
1752 0.00063326350685
1753 -0.00358053964234
1754 -0.00504020319899
1755 -0.00459719054916
1756 -0.0036085176528
1757 -0.00265069518284
1758 -0.00176145453055
1759 -0.00109470655979
1760 -0.000615100015544
1761 -0.000220354139765
1762 1.35531457375e-05
1763 0.000221402808529
1764 0.000333070629135
1765 0.000409381235066
1766 0.000458754924704
1767 0.000482595095457
1768 0.000495086607583
1769 0.000494490169831
1770 0.000486456354369
1771 0.000478358923293
1772 0.000473062128603
1773 0.000466839304219
1774 0.000449935253832
1775 0.000416507279054
1776 0.000374235582042
1777 0.000333286234608
1778 0.000300949405249
1779 0.000275710839218
1780 0.000255992552338
1781 0.000242992087016
1782 0.000232239664564
1783 0.000221079154267
1784 0.000211490126661
1785 0.000202408668208
1786 0.000193393121559
1787 0.000184665430247
1788 0.000176126697594
1789 0.000167033813663
1790 0.000158382653185
1791 0.000150022570352
1792 0.000141834016629
1793 0.00013385306914
1794 0.000125950136791
1795 0.000118559142727
1796 0.000111782893572
1797 0.000105334297499
1798 9.89817637503e-05
1799 9.28912248339e-05
1800 0.0158135588222
1801 0.0107136812513
1802 0.00363791281807
1803 -0.000676446092715
1804 -0.00326901326949
1805 -0.00394990226357
1806 -0.00370390811362
1807 -0.00312257790784
1808 -0.00242366426134
1809 -0.00179926745917
1810 -0.00128708376316
1811 -0.000831664350072
1812 -0.000529539235146
1813 -0.000246169818204
1814 -6.90489817391e-05
1815 6.60214616205e-05
1816 0.000166565281875
1817 0.000233446005669
1818 0.000284264963848
1819 0.00031469541197
1820 0.000331194446326
1821 0.000343606085243
1822 0.000355570425321
1823 0.000362338956867
1824 0.000356703748249
1825 0.000336001382533
1826 0.000307785235468
1827 0.000279430968237
1828 0.000256710574161
1829 0.000238947668941
1830 0.000225031449093
1831 0.000215738062267
1832 0.000207866118933
1833 0.000199502653089
1834 0.000192219882916
1835 0.000185084657672
1836 0.000177705792816
1837 0.00017044674791
1838 0.000163200228615
1839 0.000155438248944
1840 0.000147904406193
1841 0.000140583431253
1842 0.000133324503993
1843 0.000126247632769
1844 0.000119144722997
1845 0.000112474349797
1846 0.000106297756779
1847 0.000100368063555
1848 9.45119199013e-05
1849 8.88760250976e-05
1850 0.0132167525256
1851 0.0100239208648
1852 0.00505227334128
1853 0.00139926669027
1854 -0.00143042251428
1855 -0.00276116792047
1856 -0.0031484753832
1857 -0.00300755103567
1858 -0.00261222078058
1859 -0.00214768173128
1860 -0.00170204574512
1861 -0.00126727236042
1862 -0.000949760987996
1863 -0.000635898489419
1864 -0.000420671524184
1865 -0.000246331335362
1866 -0.000108167680091
1867 -6.78001730455e-06
1868 7.61017475329e-05
1869 0.000133321194221
1870 0.000171945319743
1871 0.000202985096078
1872 0.000230660517231
1873 0.000250370847409
1874 0.000257129009156
1875 0.000250470414426
1876 0.000236990040376
1877 0.000221510874434
1878 0.000208529952533
1879 0.000198391446603
1880 0.000190464465928
1881 0.000185038345814
1882 0.000180256601303
1883 0.000174881102971
1884 0.000169977229031
1885 0.000164864940716
1886 0.000159328824977
1887 0.000153764850827
1888 0.000148017429954
1889 0.000141731970373
1890 0.000135505168772
1891 0.000129370898813
1892 0.000123188643328
1893 0.000117098309766
1894 0.000110922810248
1895 0.000105095936998
1896 9.96323970468e-05
1897 9.4325293436e-05
1898 8.9064495715e-05
1899 8.39534141892e-05
1900 0.011151240887
1901 0.00903501196706
1902 0.00553802987078
1903 0.00265794799265
1904 4.56058719597e-05
1905 -0.00152919828431
1906 -0.00231897918008
1907 -0.00254622797439
1908 -0.00245769242102
1909 -0.00219918580573
1910 -0.00187832296237
1911 -0.00151942667653
1912 -0.00122973736875
1913 -0.0009237532086
1914 -0.000698249312625
1915 -0.000505766142708
1916 -0.000345981514003
1917 -0.000221675425437
1918 -0.000116079044836
1919 -3.84730191317e-05
1920 1.74572374988e-05
1921 6.3427331324e-05
1922 0.00010457316932
1923 0.00013685674284
1924 0.000156536741793
1925 0.000164405661569
1926 0.000165303995034
1927 0.000162210836603
1928 0.000158456046939
1929 0.000155593569924
1930 0.000153408196019
1931 0.000151817330821
1932 0.000150162424993
1933 0.000147864933909
1934 0.000145444356009
1935 0.000142457382783
1936 0.000138911792841
1937 0.000135123600776
1938 0.000130976139678
1939 0.000126276722115
1940 0.00012145993568
1941 0.000116608742453
1942 0.000111603185252
1943 0.0001066028418
1944 0.000101459789304
1945 9.65546537419e-05
1946 9.18624204183e-05
1947 8.7282619316e-05
1948 8.2656676899e-05
1949 7.81716465417e-05
1950 0.00949955596721
1951 0.00802910052544
1952 0.00553025632305
1953 0.00332189944687
1954 0.00108335136762
1955 -0.000480262794428
1956 -0.00146041374081
1957 -0.00193572468027
1958 -0.00209603886735
1959 -0.00203561256979
1960 -0.00185906029515
1961 -0.0016052005456
1962 -0.00137358608679
1963 -0.00110578988565
1964 -0.000893791445257
1965 -0.00070324833685
1966 -0.000537594685303
1967 -0.000402582367949
1968 -0.000284434844288
1969 -0.000194021796081
1970 -0.000126706348843
1971 -7.01019283634e-05
1972 -1.74814588316e-05
1973 2.69813851731e-05
1974 5.9868040829e-05
1975 8.18406027071e-05
1976 9.58106529285e-05
1977 0.000103844430081
1978 0.000108256457635
1979 0.000111911291655
1980 0.000114977728091
1981 0.000116996835583
1982 0.000118365356996
1983 0.000119076139689
1984 0.000119141400308
1985 0.000118406410238
1986 0.000116960166253
1987 0.000115020135213
1988 0.000112522345529
1989 0.000109475311233
1990 0.000106142988431
1991 0.000102642612805
1992 9.88835137387e-05
1993 9.50365231811e-05
1994 9.09828955466e-05
1995 8.70399293985e-05
1996 8.31811844729e-05
1997 7.93567794073e-05
1998 7.54476341732e-05
1999 7.16155806517e-05
2000 0.00816542292578
2001 0.00710690684364
2002 0.00528092274188
2003 0.0036019863645
2004 0.00175082371101
2005 0.000322489808665
2006 -0.000700682725734
2007 -0.001310946149
2008 -0.00164438306145
2009 -0.00174567227403
2010 -0.00170518410882
2011 -0.001562252255
2012 -0.00140287810491
2013 -0.00119140591823
2014 -0.00100992227597
2015 -0.000836168587578
2016 -0.000678034611049
2017 -0.000543529038743
2018 -0.000422348609492
2019 -0.000327438103153
2020 -0.000255024577783
2021 -0.000191788971454
2022 -0.000129246923485
2023 -7.31236705874e-05
2024 -2.79905098846e-05
2025 6.28016304964e-06
2026 3.11452612795e-05
2027 4.82412970134e-05
2028 5.93789496461e-05
2029 6.85170561575e-05
2030 7.62024591806e-05
2031 8.15174977541e-05
2032 8.57030724546e-05
2033 8.93019246849e-05
2034 9.17961868335e-05
2035 9.32367211053e-05
2036 9.38562620955e-05
2037 9.37810642883e-05
2038 9.29791091757e-05
2039 9.16314812764e-05
2040 8.9824251427e-05
2041 8.77050944588e-05
2042 8.52331426616e-05
2043 8.25763378288e-05
2044 7.96610115324e-05
2045 7.67295483632e-05
2046 7.37496584947e-05
2047 7.07226422322e-05
2048 6.75759859587e-05
2049 6.44369227354e-05
2050 0.00707965030054
2051 0.00629190341085
2052 0.00493173928447
2053 0.00365476711918
2054 0.00214817834851
2055 0.000898161585968
2056 -8.22133493814e-05
2057 -0.000743612658222
2058 -0.00118077549796
2059 -0.00139932833977
2060 -0.00147144026902
2061 -0.00143028602247
2062 -0.00134442905937
2063 -0.001195735383
2064 -0.00105438474462
2065 -0.000908213704408
2066 -0.000767776228073
2067 -0.000643619378275
2068 -0.000528720855051
2069 -0.000436911277144
2070 -0.00036440921293
2071 -0.000296885822144
2072 -0.00022552921764
2073 -0.000159141386966
2074 -0.0001037240722
2075 -6.01164993976e-05
2076 -2.72063358795e-05
2077 -3.292252109e-06
2078 1.29778645155e-05
2079 2.64646460402e-05
2080 3.80528883066e-05
2081 4.62022518898e-05
2082 5.29143593374e-05
2083 5.917701371e-05
2084 6.39728718722e-05
2085 6.74863066746e-05
2086 7.01172821978e-05
2087 7.18413983018e-05
2088 7.271457699e-05
2089 7.30338309976e-05
2090 7.27475480732e-05
2091 7.20112447923e-05
2092 7.0845180761e-05
2093 6.94082217654e-05
2094 6.76525289522e-05
2095 6.57535463367e-05
2096 6.36774840855e-05
2097 6.14910364088e-05
2098 5.91480259572e-05
2099 5.6746517937e-05
2100 0.00618336326495
2101 0.00558155648733
2102 0.0045458788598
2103 0.00356920689192
2104 0.0023499420203
2105 0.00128344947289
2106 0.000388556461222
2107 -0.000267666798616
2108 -0.000752660372094
2109 -0.00104556614162
2110 -0.00120108213338
2111 -0.00124399403599
2112 -0.00122485111074
2113 -0.00113860563457
2114 -0.00104105195364
2115 -0.000928631107281
2116 -0.000813208084253
2117 -0.000706839758566
2118 -0.00060586265099
2119 -0.000522889178699
2120 -0.000453083255056
2121 -0.000381568068188
2122 -0.00030262510018
2123 -0.000228162728888
2124 -0.000165788306634
2125 -0.000116291475423
2126 -7.83769484624e-05
2127 -5.00070137011e-05
2128 -3.02198506898e-05
2129 -1.34501946061e-05
2130 1.23882641945e-06
2131 1.17325666819e-05
2132 2.06409911268e-05
2133 2.92831944612e-05
2134 3.61770837628e-05
2135 4.16184233667e-05
2136 4.62014048066e-05
2137 4.96431500337e-05
2138 5.21543553459e-05
2139 5.40956249834e-05
2140 5.52972282424e-05
2141 5.5911443665e-05
2142 5.60454518773e-05
2143 5.5794895833e-05
2144 5.51927542082e-05
2145 5.43248217205e-05
2146 5.31639069576e-05
2147 5.18135254478e-05
2148 5.02702474075e-05
2149 4.86196241634e-05
2150 0.0054347356251
2151 0.00496283532849
2152 0.00416124141241
2153 0.00340916445447
2154 0.00242232470199
2155 0.00152403354957
2156 0.000731178822457
2157 0.000112361782801
2158 -0.000381902259778
2159 -0.000714210316931
2160 -0.00092600040273
2161 -0.00103262477928
2162 -0.0010690933118
2163 -0.00103900051347
2164 -0.000984486886506
2165 -0.000907742378385
2166 -0.000821563629423
2167 -0.000738380444655
2168 -0.000656328090283
2169 -0.000584954678307
2170 -0.000517783495829
2171 -0.000442352506351
2172 -0.000357714735586
2173 -0.00027883179999
2174 -0.000213565044094
2175 -0.000161934672398
2176 -0.000121936580579
2177 -9.12873979092e-05
2178 -6.94956769585e-05
2179 -5.05134585604e-05
2180 -3.35085952052e-05
2181 -2.11863286491e-05
2182 -1.04585453127e-05
2183 2.19702752815e-07
2184 8.98951608082e-06
2185 1.62037330288e-05
2186 2.25692420663e-05
2187 2.76027224285e-05
2188 3.16483249599e-05
2189 3.5120371155e-05
2190 3.77441725688e-05
2191 3.966417537e-05
2192 4.10455885051e-05
2193 4.19512061666e-05
2194 4.24746671439e-05
2195 4.26076034227e-05
2196 4.23603813984e-05
2197 4.18479536177e-05
2198 4.10995817123e-05
2199 4.01959828338e-05
2200 0.00480708340399
2201 0.00442939122815
2202 0.00379761197213
2203 0.00321403614327
2204 0.0024134847634
2205 0.00166133515647
2206 0.00097055007806
2207 0.000404675049291
2208 -7.47339112496e-05
2209 -0.000421138892322
2210 -0.000665915628793
2211 -0.000817658707811
2212 -0.000897331240331
2213 -0.000914398078942
2214 -0.000899208902224
2215 -0.000857682900021
2216 -0.000802614662
2217 -0.000745175464305
2218 -0.000683365411153
2219 -0.000622449303726
2220 -0.000555980629119
2221 -0.000477409487436
2222 -0.000390590882155
2223 -0.000312084925653
2224 -0.000248315802866
2225 -0.000197799731094
2226 -0.000158256557
2227 -0.000127107694403
2228 -0.000104544293245
2229 -8.4320821068e-05
2230 -6.57309246632e-05
2231 -5.20594477226e-05
2232 -3.98357148997e-05
2233 -2.7421693547e-05
2234 -1.70423403132e-05
2235 -8.28051277541e-06
2236 -3.33498700766e-07
2237 6.13619613674e-06
2238 1.15794887353e-05
2239 1.64537511411e-05
2240 2.0393329291e-05
2241 2.35304811262e-05
2242 2.60605803523e-05
2243 2.80854702883e-05
2244 2.96986802178e-05
2245 3.07965027689e-05
2246 3.1434103271e-05
2247 3.17437132187e-05
2248 3.17772719267e-05
2249 3.16076841882e-05
2250 0.00427651368073
2251 0.00396593224699
2252 0.00346216292962
2253 0.00300557568453
2254 0.00235205674041
2255 0.00172390806523
2256 0.00112846366708
2257 0.000621253218521
2258 0.000171099971919
2259 -0.000171768300224
2260 -0.000431978372966
2261 -0.000612735723275
2262 -0.000723735381413
2263 -0.000778781475585
2264 -0.000797840833726
2265 -0.000789415218104
2266 -0.000764655438568
2267 -0.000732063157823
2268 -0.000687459639958
2269 -0.000633417774155
2270 -0.000566545883966
2271 -0.000487734003241
2272 -0.000403947102086
2273 -0.000330534188741
2274 -0.000271978471888
2275 -0.000225216365705
2276 -0.000187973108404
2277 -0.000157678392044
2278 -0.000135241675537
2279 -0.000114459547788
2280 -9.49157146067e-05
2281 -8.03287316225e-05
2282 -6.6982500118e-05
2283 -5.32348800463e-05
2284 -4.15334105195e-05
2285 -3.14781384353e-05
2286 -2.2147442704e-05
2287 -1.44226823871e-05
2288 -7.73724369995e-06
2289 -1.6069602147e-06
2290 3.51593321142e-06
2291 7.74458027009e-06
2292 1.13530036624e-05
2293 1.44161214888e-05
2294 1.70475153442e-05
2295 1.90524925283e-05
2296 2.05227967381e-05
2297 2.16134921791e-05
2298 2.24116918439e-05
2299 2.29620638019e-05
2300 0.00382090179238
2301 0.00356292796187
2302 0.00315585414927
2303 0.00279523439272
2304 0.00225983203424
2305 0.00173510579789
2306 0.00122435302993
2307 0.00077602928608
2308 0.000362186006339
2309 3.41431400269e-05
2310 -0.000228558417476
2311 -0.000425460073118
2312 -0.00055776520876
2313 -0.000642301514701
2314 -0.000690461835153
2315 -0.000711626955285
2316 -0.000714126398163
2317 -0.000701475592772
2318 -0.000668616060115
2319 -0.000618021875235
2320 -0.000552253680956
2321 -0.000477801133625
2322 -0.000402184566097
2323 -0.000337594121648
2324 -0.000286493354657
2325 -0.000245160282755
2326 -0.000211355153223
2327 -0.000182964306557
2328 -0.000161359714598
2329 -0.000140755467962
2330 -0.000120846274244
2331 -0.000105731383357
2332 -9.16654604461e-05
2333 -7.69324871416e-05
2334 -6.4179445071e-05
2335 -5.30957031458e-05
2336 -4.26089542878e-05
2337 -3.38693387941e-05
2338 -2.61448958929e-05
2339 -1.89929336761e-05
2340 -1.27816330642e-05
2341 -7.55232185153e-06
2342 -2.92918906963e-06
2343 1.0837288827e-06
2344 4.66036803212e-06
2345 7.5065240014e-06
2346 9.76690580038e-06
2347 1.16009021931e-05
2348 1.31094079324e-05
2349 1.43461097108e-05
2350 0.00342888351949
2351 0.00321118284478
2352 0.00287682915559
2353 0.00259106207564
2354 0.00214890826159
2355 0.00170964975968
2356 0.00127340512891
2357 0.00088074851055
2358 0.000506007627144
2359 0.000199358316392
2360 -5.68029588673e-05
2361 -0.000260259905681
2362 -0.00040599520426
2363 -0.000512676704141
2364 -0.00058441729704
2365 -0.000629753252371
2366 -0.000652723152214
2367 -0.000652655389373
2368 -0.000626123578535
2369 -0.000578829987542
2370 -0.000518320478998
2371 -0.000453459172198
2372 -0.000390054916469
2373 -0.000336585950946
2374 -0.000294220563737
2375 -0.000259111606787
2376 -0.000229419438182
2377 -0.000203333960246
2378 -0.000183073214836
2379 -0.000163152098919
2380 -0.000143283191605
2381 -0.000128069144244
2382 -0.000113638295605
2383 -9.82975488653e-05
2384 -8.48212026921e-05
2385 -7.29783296254e-05
2386 -6.16505190019e-05
2387 -5.20164220255e-05
2388 -4.337068421e-05
2389 -3.52585520081e-05
2390 -2.81027753906e-05
2391 -2.20218092112e-05
2392 -1.65502858646e-05
2393 -1.17173663649e-05
2394 -7.30076435867e-06
2395 -3.68927091241e-06
2396 -6.97587693722e-07
2397 1.82018079117e-06
2398 3.99129298311e-06
2399 5.8856328479e-06
2400 0.00309065519144
2401 0.00290532980418
2402 0.00262696646523
2403 0.00239934920007
2404 0.00203234854823
2405 0.00166357856201
2406 0.00129107600652
2407 0.000948945678085
2408 0.000612834240315
2409 0.00033040669457
2410 8.61837736457e-05
2411 -0.000117575425512
2412 -0.000270788729843
2413 -0.000393460989519
2414 -0.000482504441825
2415 -0.000544295654517
2416 -0.000579127224351
2417 -0.000585190446329
2418 -0.000563321829363
2419 -0.00052224448934
2420 -0.000472004736147
2421 -0.000420651712117
2422 -0.000371411681417
2423 -0.000329696722728
2424 -0.000296301349417
2425 -0.000267480808601
2426 -0.000242111140237
2427 -0.000218810654646
2428 -0.000200272567856
2429 -0.000181455909857
2430 -0.00016219505374
2431 -0.00014718606282
2432 -0.00013265063788
2433 -0.000117000220099
2434 -0.00010302877747
2435 -9.07096302831e-05
2436 -7.87007176636e-05
2437 -6.84394348824e-05
2438 -5.91366945812e-05
2439 -5.03231386703e-05
2440 -4.24047122101e-05
2441 -3.56406894381e-05
2442 -2.94392039724e-05
2443 -2.38888816883e-05
2444 -1.87310730244e-05
2445 -1.4439809238e-05
2446 -1.07964756545e-05
2447 -7.65388961717e-06
2448 -4.86488211459e-06
2449 -2.37281820088e-06
2450 0.00279454749221
2451 0.00263508089144
2452 0.00240137717651
2453 0.00221922278404
2454 0.0019125753192
2455 0.00160267651119
2456 0.00128522419895
2457 0.000989013983333
2458 0.000689786928921
2459 0.000433203713771
2460 0.000203769674729
2461 4.09852701118e-06
2462 -0.000151958163674
2463 -0.000284706993431
2464 -0.000383578968015
2465 -0.000453560938563
2466 -0.000493636258177
2467 -0.000503426357551
2468 -0.000488235865056
2469 -0.000457922290805
2470 -0.000421790998628
2471 -0.000385514799227
2472 -0.000350326541318
2473 -0.000319811298792
2474 -0.000294820016244
2475 -0.000271998877828
2476 -0.000250817539645
2477 -0.000230312726433
2478 -0.00021363951921
2479 -0.000196039392581
2480 -0.000177490725019
2481 -0.000162945995185
2482 -0.000148678154529
2483 -0.000133056064113
2484 -0.000118880464267
2485 -0.000106287531675
2486 -9.38885683465e-05
2487 -8.32198367348e-05
2488 -7.3425777666e-05
2489 -6.41037225144e-05
2490 -5.55997880561e-05
2491 -4.82326406963e-05
2492 -4.14227077321e-05
2493 -3.52493164537e-05
2494 -2.94434530551e-05
2495 -2.45677260715e-05
2496 -2.03431792679e-05
2497 -1.66838412708e-05
2498 -1.33694926163e-05
2499 -1.03341691294e-05
