0 0.00644762351643
1 -0.00232632737377
2 0.00146140934423
3 0.00258263538218
4 0.00286304425262
5 0.00254670488963
6 0.00229628372513
7 0.00203701237659
8 0.00177073581868
9 0.00156936543099
10 0.00139336041111
11 0.00123942050505
12 0.00110315883496
13 0.000971682883227
14 0.000880387302583
15 0.000794485572443
16 0.000710929689236
17 0.000646516480859
18 0.000587305763091
19 0.000533515451335
20 0.000493072729352
21 0.000452395085495
22 0.000414189355231
23 0.000379795920672
24 0.000352170898956
25 0.000327166278685
26 0.000304952398428
27 0.000288144067166
28 0.000276657611214
29 0.000262683634042
30 0.000243203885815
31 0.000221310994982
32 0.000198306609542
33 0.000175686284715
34 0.000156842176852
35 0.000141968245934
36 0.000131325031178
37 0.000123120019554
38 0.000117290868867
39 0.000112052475798
40 0.000107518574144
41 0.000103765779453
42 0.000100096845888
43 9.6409898871e-05
44 9.29412329591e-05
45 8.93880664147e-05
46 8.62936759472e-05
47 8.30817923279e-05
48 8.01644395099e-05
49 7.71068464956e-05
50 0.0121688376063
51 -0.0030493096116
52 -0.00543643052214
53 -0.00353574672556
54 -0.0014725873383
55 -0.000308794183002
56 0.000343643895068
57 0.000673014531104
58 0.000821211053555
59 0.000860924451038
60 0.000870683151363
61 0.000833333278512
62 0.000793575508156
63 0.000735377934472
64 0.000686899278914
65 0.000637796255805
66 0.000588236747832
67 0.000547215900947
68 0.000501725753617
69 0.00046312899989
70 0.000433277519943
71 0.000402644126587
72 0.000371584194866
73 0.000343210127968
74 0.000319984508854
75 0.000298746313181
76 0.000280059067519
77 0.000266228294577
78 0.000256457056725
79 0.000244364062877
80 0.00022707957807
81 0.000207485658638
82 0.000186235305633
83 0.000165229018623
84 0.000147884102291
85 0.000134323383618
86 0.000124519785346
87 0.000116879171603
88 0.000111328516265
89 0.000106458800095
90 0.000102367452781
91 9.8844917652e-05
92 9.53334147922e-05
93 9.19067171434e-05
94 8.86521310891e-05
95 8.5351283324e-05
96 8.24851265342e-05
97 7.94961651938e-05
98 7.67119982166e-05
99 7.38091066571e-05
100 0.0120313580847
101 0.00384728892659
102 -0.00236132151869
103 -0.00389884726765
104 -0.0033190722193
105 -0.00231720627356
106 -0.00141924953887
107 -0.000766670819206
108 -0.000306791502796
109 -1.50492317884e-05
110 0.000184485366132
111 0.000300439166539
112 0.000368883849436
113 0.000402592810377
114 0.000419979737029
115 0.0004218721812
116 0.000412666997351
117 0.000402239670627
118 0.000382886412814
119 0.000364386793406
120 0.000349943288126
121 0.000332069137699
122 0.000312088255753
123 0.00029269602245
124 0.000276735121141
125 0.000261724074591
126 0.000248183008012
127 0.000238397914535
128 0.000231452492366
129 0.000221673315117
130 0.000206642054937
131 0.000189387264713
132 0.000170725308237
133 0.000152265116267
134 0.000137063862038
135 0.00012521367009
136 0.000116688916943
137 0.000110030676691
138 0.000105181712903
139 0.000100917130805
140 9.73102417941e-05
141 9.42231967041e-05
142 9.11096502366e-05
143 8.80004520094e-05
144 8.5038979304e-05
145 8.20071855657e-05
146 7.93823785564e-05
147 7.6622516284e-05
148 7.40435121026e-05
149 7.13352792112e-05
150 0.00971648323293
151 0.0056282998109
152 0.000884291016592
153 -0.00168424873281
154 -0.00266241910885
155 -0.00260107359138
156 -0.00215956896269
157 -0.00163853763638
158 -0.00114885789879
159 -0.000761908493693
160 -0.000462395263793
161 -0.000239893932409
162 -8.47300949644e-05
163 3.05854886532e-05
164 0.000110697411271
165 0.000164427156427
166 0.000198451114338
167 0.000221893013329
168 0.00023241838069
169 0.000237512193266
170 0.000241590871195
171 0.000239723294487
172 0.000233586276784
173 0.000225525957702
174 0.000218803378223
175 0.000211818250541
176 0.000204912056621
177 0.000200312166427
178 0.000196991203807
179 0.000190344174008
180 0.000178487905856
181 0.000164514392751
182 0.000149477670889
183 0.00013447715102
184 0.000122187083001
185 0.000112611534978
186 0.000105832597168
187 0.000100512020023
188 9.67581736387e-05
189 9.33498467496e-05
190 9.04001699885e-05
191 8.78484570466e-05
192 8.52694382779e-05
193 8.25965161849e-05
194 8.00445701251e-05
195 7.73881568115e-05
196 7.5088178462e-05
197 7.26444982345e-05
198 7.03533221959e-05
199 6.79254494951e-05
200 0.0077739918165
201 0.005569047204
202 0.00240968685702
203 0.000196829664603
204 -0.00130278245995
205 -0.0019067006943
206 -0.00201398300655
207 -0.00183340535035
208 -0.00152161172242
209 -0.00119711385239
210 -0.000912746759264
211 -0.000660044181129
212 -0.000467225959895
213 -0.000304364933495
214 -0.000182518809947
215 -8.98535083372e-05
216 -1.99458100993e-05
217 3.28803888105e-05
218 7.12049615586e-05
219 9.90138021599e-05
220 0.000121120493471
221 0.000135581224402
222 0.000143741521061
223 0.000147912593192
224 0.000151224001344
225 0.000152893489428
226 0.000153250244054
227 0.00015435183532
228 0.000155247245623
229 0.00015236378915
230 0.000144495829819
231 0.000134674811801
232 0.000123942633646
233 0.000113100915698
234 0.000104145094285
235 9.7275066014e-05
236 9.25549455844e-05
237 8.87876697087e-05
238 8.62431802962e-05
239 8.38312248208e-05
240 8.1638597986e-05
241 7.98478253786e-05
242 7.78741542816e-05
243 7.58242669759e-05
244 7.37678821025e-05
245 7.15159896318e-05
246 6.96331020308e-05
247 6.76181937085e-05
248 6.56999244605e-05
249 6.36354557929e-05
250 0.00629926901797
251 0.00495923176214
252 0.00290702948565
253 0.00128590683778
254 -0.000155912901805
255 -0.00100389816983
256 -0.00145440572349
257 -0.00157742147997
258 -0.00149406341274
259 -0.00131572572753
260 -0.0011205299423
261 -0.000906196555427
262 -0.000726715541404
263 -0.000555112876048
264 -0.000418950534177
265 -0.000307210703899
266 -0.000215303035263
267 -0.000142782592069
268 -8.3168741276e-05
269 -3.7044160119e-05
270 -1.1224945034e-07
271 2.82941424501e-05
272 4.9702189005e-05
273 6.55288150495e-05
274 7.83838943184e-05
275 8.84356554044e-05
276 9.59290514155e-05
277 0.000102590161344
278 0.000107697643852
279 0.000109127567891
280 0.000105992310398
281 0.000101090899278
282 9.51422299966e-05
283 8.87617625793e-05
284 8.34892908338e-05
285 7.95527845295e-05
286 7.6968810288e-05
287 7.49237756615e-05
288 7.37271016225e-05
289 7.23751310098e-05
290 7.12039187097e-05
291 7.01851503678e-05
292 6.89293810781e-05
293 6.7537685714e-05
294 6.60343033416e-05
295 6.44185565445e-05
296 6.3063331161e-05
297 6.14731020983e-05
298 5.99988470474e-05
299 5.83169124708e-05
300 0.00518124309476
301 0.00427740108516
302 0.0029252369721
303 0.00179278030213
304 0.000597533402551
305 -0.000245694141958
306 -0.000827425148111
307 -0.00113088775355
308 -0.00123488684491
309 -0.00120589433961
310 -0.00112319220563
311 -0.000983189031878
312 -0.00085091367381
313 -0.000701432168369
314 -0.000576214961209
315 -0.000465007317457
316 -0.0003672198039
317 -0.000286918776316
318 -0.000215326924975
319 -0.000157805378519
320 -0.000111270636682
321 -7.25316232805e-05
322 -4.0538300063e-05
323 -1.53376301746e-05
324 5.48678383542e-06
325 2.26100871804e-05
326 3.62584933524e-05
327 4.79470042524e-05
328 5.73436785483e-05
329 6.34046673063e-05
330 6.54678411308e-05
331 6.56910249125e-05
332 6.47239278003e-05
333 6.27931605945e-05
334 6.12084451658e-05
335 6.0101628147e-05
336 5.96435286856e-05
337 5.93553673519e-05
338 5.94600171939e-05
339 5.9314706975e-05
340 5.91373607225e-05
341 5.89595737847e-05
342 5.8542273904e-05
343 5.78446088393e-05
344 5.70643527158e-05
345 5.61215882357e-05
346 5.53117843453e-05
347 5.43016254392e-05
348 5.32644544394e-05
349 5.20446395182e-05
350 0.00428276866466
351 0.0036716522908
352 0.00274997973109
353 0.0019580779822
354 0.00102488995511
355 0.000286486475922
356 -0.000296530105074
357 -0.000674958665763
358 -0.000893160571619
359 -0.00097752765867
360 -0.000994364063065
361 -0.000934058824955
362 -0.000859260008426
363 -0.000750933396881
364 -0.000652921455341
365 -0.00055764460124
366 -0.000467116311863
367 -0.000389767128823
368 -0.000315825342943
369 -0.000254365908208
370 -0.000203756898088
371 -0.000159088563325
372 -0.000120517492596
373 -8.87918430127e-05
374 -6.24553734574e-05
375 -4.05225266252e-05
376 -2.20822053823e-05
377 -6.0619177446e-06
378 7.47701517227e-06
379 1.82165577591e-05
380 2.57364530378e-05
381 3.09426450486e-05
382 3.45937984006e-05
383 3.67957635951e-05
384 3.85245604995e-05
385 4.00181218861e-05
386 4.15422342337e-05
387 4.28836511222e-05
388 4.43017800996e-05
389 4.53222018172e-05
390 4.61309586139e-05
391 4.68228883154e-05
392 4.72422423449e-05
393 4.73058825686e-05
394 4.72783413357e-05
395 4.69788570958e-05
396 4.67712844759e-05
397 4.62986080496e-05
398 4.57753094958e-05
399 4.50853957128e-05
400 0.00358169119403
401 0.00316586300853
402 0.00250636695853
403 0.00195237277203
404 0.00123277501582
405 0.000622749356926
406 9.81312842176e-05
407 -0.000289444590597
408 -0.000558439846213
409 -0.000713088657371
410 -0.000801555420295
411 -0.000808408218831
412 -0.000789283188367
413 -0.000727006765349
414 -0.000662980725675
415 -0.000592103435869
416 -0.000517763141708
417 -0.000450859247432
418 -0.000382115515453
419 -0.000322976261708
420 -0.000273253727314
421 -0.000227527964988
422 -0.000186392897433
423 -0.000151425909435
424 -0.000122586049858
425 -9.79392306831e-05
426 -7.61297907782e-05
427 -5.63737783181e-05
428 -3.87728707166e-05
429 -2.33399683801e-05
430 -1.08227299157e-05
431 -1.19893893674e-06
432 6.27488994885e-06
433 1.19363833964e-05
434 1.63142898385e-05
435 2.00382990994e-05
436 2.33068189274e-05
437 2.6115891711e-05
438 2.86986988328e-05
439 3.08038536989e-05
440 3.25751232301e-05
441 3.41481558092e-05
442 3.53577407283e-05
443 3.62554984485e-05
444 3.69399537974e-05
445 3.73191160404e-05
446 3.76887056513e-05
447 3.78031666983e-05
448 3.78468958051e-05
449 3.76932222735e-05
450 0.00304067601457
451 0.00273560525071
452 0.00225299528048
453 0.00185959581639
454 0.00130801513168
455 0.000816344024879
456 0.000367752666756
457 7.76739701437e-06
458 -0.000271270426009
459 -0.000461653353342
460 -0.000593074465375
461 -0.000649997685642
462 -0.000675985427182
463 -0.000655499491781
464 -0.000625107395754
465 -0.000580822356534
466 -0.000527132240089
467 -0.000474901758893
468 -0.000416652488338
469 -0.000364376222103
470 -0.000319689112073
471 -0.00027671400617
472 -0.000236578978311
473 -0.000202025619732
474 -0.000173472448737
475 -0.000147606289474
476 -0.000123391237123
477 -0.000100181052646
478 -7.87207898853e-05
479 -5.91280698273e-05
480 -4.2617068801e-05
481 -2.9654959154e-05
482 -1.93579947655e-05
483 -1.11492199651e-05
484 -4.67386808898e-06
485 7.78148730457e-07
486 5.446263647e-06
487 9.491846278e-06
488 1.31027946673e-05
489 1.61789250886e-05
490 1.88640815756e-05
491 2.12518142325e-05
492 2.32480137279e-05
493 2.49038838794e-05
494 2.62637307903e-05
495 2.73055751821e-05
496 2.82927161719e-05
497 2.89994581513e-05
498 2.96085624687e-05
499 2.99542416868e-05
500 0.002608682537
501 0.0023751198285
502 0.00201346918252
503 0.00173070724805
504 0.00130549035571
505 0.000913101834847
506 0.000539765834285
507 0.000222571303658
508 -4.40947196804e-05
509 -0.000244925426511
510 -0.000396564779364
511 -0.000486813612344
512 -0.000544723205599
513 -0.000557873712899
514 -0.00055652854081
515 -0.000537314042606
516 -0.000504335792619
517 -0.000469239813615
518 -0.00042401414188
519 -0.000381692272996
520 -0.000344895202899
521 -0.000307915667151
522 -0.000272032664107
523 -0.000240781987474
524 -0.000214175336434
525 -0.000187962756724
526 -0.000161490612741
527 -0.000135171732076
528 -0.000110589616321
529 -8.80160839044e-05
530 -6.88699590077e-05
531 -5.38790125779e-05
532 -4.18416259961e-05
533 -3.19581282621e-05
534 -2.40507635078e-05
535 -1.73233840987e-05
536 -1.16310767911e-05
537 -6.62663059852e-06
538 -2.16707486521e-06
539 1.77550911216e-06
540 5.24298317838e-06
541 8.34716598556e-06
542 1.10910189265e-05
543 1.34490160541e-05
544 1.5478605441e-05
545 1.72058857608e-05
546 1.87588902354e-05
547 2.00509298524e-05
548 2.11757146328e-05
549 2.20237519502e-05
550 0.00225939677719
551 0.0020723822513
552 0.00179440529356
553 0.00159115158785
554 0.00125894858283
555 0.000947065988102
556 0.000640727383912
557 0.000369162182961
558 0.000125900377627
559 -6.93511727854e-05
560 -0.000226298231762
561 -0.000334611554928
562 -0.000412513530044
563 -0.000450537887727
564 -0.000471823586658
565 -0.000474067086927
566 -0.000460529659565
567 -0.000441669574138
568 -0.000410329788943
569 -0.000379570983563
570 -0.000352690506906
571 -0.000323818417747
572 -0.000294770139869
573 -0.000268043719158
574 -0.000243735378017
575 -0.000217140377637
576 -0.00018839692904
577 -0.000159791392717
578 -0.000133415600787
579 -0.000109593637186
580 -8.93655292235e-05
581 -7.36950279727e-05
582 -6.09929354988e-05
583 -5.02614815879e-05
584 -4.15164687082e-05
585 -3.39853390456e-05
586 -2.7591384733e-05
587 -2.18675467343e-05
588 -1.67408402247e-05
589 -1.20824723889e-05
590 -7.94775986864e-06
591 -4.19505857407e-06
592 -7.8875901982e-07
593 2.19965051756e-06
594 4.8476112663e-06
595 7.20000262694e-06
596 9.28135428193e-06
597 1.11125675097e-05
598 1.27145108505e-05
599 1.40650702633e-05
600 0.00197258263563
601 0.00182020203601
602 0.00159971231408
603 0.00145197940868
604 0.00118985288714
605 0.000941811815405
606 0.000692025602925
607 0.000463225231792
608 0.000247706863345
609 6.61601773977e-05
610 -8.64297930098e-05
611 -0.000201600000601
612 -0.000289901303954
613 -0.000344615903724
614 -0.000382487139568
615 -0.000401451960097
616 -0.000404492478175
617 -0.000399940730442
618 -0.000382426568497
619 -0.000363616637342
620 -0.00034738470151
621 -0.000328076378436
622 -0.000306407635527
623 -0.000283827278495
624 -0.000260842588132
625 -0.000233408906302
626 -0.000203212434827
627 -0.000173906323014
628 -0.000147638594702
629 -0.000124387872051
630 -0.000104552324917
631 -8.93434253763e-05
632 -7.68619698629e-05
633 -6.5979940996e-05
634 -5.68911162659e-05
635 -4.89671476045e-05
636 -4.21628803312e-05
637 -3.59278809452e-05
638 -3.0310226815e-05
639 -2.51131182908e-05
640 -2.0425967881e-05
641 -1.61254016488e-05
642 -1.21764329825e-05
643 -8.62932298641e-06
644 -5.42383481737e-06
645 -2.543377076e-06
646 4.162013889e-08
647 2.3541761623e-06
648 4.40396050166e-06
649 6.21991316819e-06
650 0.00173091640999
651 0.00160587600559
652 0.00142819320273
653 0.00131866213108
654 0.0011110972073
655 0.000912227254805
656 0.000709489395133
657 0.000517953799315
658 0.000330711424382
659 0.000166727549758
660 2.43858209907e-05
661 -9.04576824658e-05
662 -0.000182123847918
663 -0.000246951201512
664 -0.000295587064628
665 -0.000326750517365
666 -0.000343011388761
667 -0.000350784685718
668 -0.00034605342857
669 -0.000338953884793
670 -0.000333514903824
671 -0.000323100118571
672 -0.000307172850081
673 -0.000287200777487
674 -0.000264320168029
675 -0.00023653532244
676 -0.000206774243819
677 -0.000178803392614
678 -0.000154634148046
679 -0.000133462669069
680 -0.000115260454208
681 -0.000101339455972
682 -8.96627620233e-05
683 -7.90803674686e-05
684 -7.00778958677e-05
685 -6.20693770681e-05
686 -5.50842733176e-05
687 -4.8571134432e-05
688 -4.26468101808e-05
689 -3.70558509168e-05
690 -3.19504732385e-05
691 -2.72325124722e-05
692 -2.28432770588e-05
693 -1.88248665566e-05
694 -1.51542793243e-05
695 -1.18152184854e-05
696 -8.7925699026e-06
697 -6.07043459155e-06
698 -3.60873266908e-06
699 -1.39014670134e-06
700 0.00152441792899
701 0.00142181182859
702 0.00127816566815
703 0.00119631206681
704 0.00103082175383
705 0.000869697733591
706 0.000704725858838
707 0.000545157845272
708 0.000383893926515
709 0.000238414908549
710 0.000109187074499
711 -9.53940870562e-07
712 -9.14721941283e-05
713 -0.000161039877607
714 -0.000215936251219
715 -0.000255668545206
716 -0.00028193396654
717 -0.000299944792142
718 -0.000306809538155
719 -0.000310166286749
720 -0.000313512795639
721 -0.000309145751683
722 -0.000296342476423
723 -0.000277318385735
724 -0.000254891500052
725 -0.000228473330751
726 -0.000201451568066
727 -0.000176843868155
728 -0.000156173077092
729 -0.00013803307818
730 -0.000122150851992
731 -0.000109982768376
732 -9.95361633554e-05
733 -8.96280215678e-05
734 -8.10319376319e-05
735 -7.31841822832e-05
736 -6.62329800855e-05
737 -5.96312933194e-05
738 -5.35713195796e-05
739 -4.7734306701e-05
740 -4.2361717982e-05
741 -3.73469258697e-05
742 -3.26442676547e-05
743 -2.82369873725e-05
744 -2.41925172695e-05
745 -2.04668355219e-05
746 -1.70945458634e-05
747 -1.40235061507e-05
748 -1.1201490827e-05
749 -8.63801513803e-06
750 0.00135126919841
751 0.00126565760802
752 0.00114592177984
753 0.00108541940779
754 0.000950883924954
755 0.000820346496442
756 0.000685804846221
757 0.000553280335746
758 0.000414995318043
759 0.000287380766195
760 0.00017203225256
761 6.91984249162e-05
762 -1.72494236683e-05
763 -8.80225852902e-05
764 -0.000145901596454
765 -0.000191184666614
766 -0.000225010574841
767 -0.000251430142429
768 -0.000267328641225
769 -0.000278461402317
770 -0.000286818137594
771 -0.000285268017832
772 -0.000273800627905
773 -0.000255885633049
774 -0.0002356644141
775 -0.000212880502798
776 -0.000190501456829
777 -0.000170648509998
778 -0.000154193458446
779 -0.000139433165673
780 -0.000126192328466
781 -0.000115979844677
782 -0.000106923195187
783 -9.78789121465e-05
784 -8.98166024775e-05
785 -8.23154567772e-05
786 -7.55824647405e-05
787 -6.90290207979e-05
788 -6.30211620694e-05
789 -5.70564880788e-05
790 -5.15384043191e-05
791 -4.63432384171e-05
792 -4.14330259102e-05
793 -3.67444834917e-05
794 -3.24152829169e-05
795 -2.83931247977e-05
796 -2.4753839262e-05
797 -2.13981499825e-05
798 -1.82882836159e-05
799 -1.54355552301e-05
800 0.00120194817931
801 0.00112936477547
802 0.00102995018618
803 0.000985362778273
804 0.000874594553979
805 0.00076857149806
806 0.000658459488215
807 0.000548300874768
808 0.000430119891382
809 0.000318947780373
810 0.000217213146321
811 0.000122992612011
812 4.23137842451e-05
813 -2.73415609428e-05
814 -8.59606903941e-05
815 -0.000134629106117
816 -0.000173737481344
817 -0.000205714307749
818 -0.000227370411414
819 -0.000242326741954
820 -0.000252121201211
821 -0.000251609948345
822 -0.000241811317285
823 -0.000226931445785
824 -0.00021106019846
825 -0.000193785751592
826 -0.000176843033375
827 -0.000162106271677
828 -0.000149915133318
829 -0.000138587984949
830 -0.000127877050708
831 -0.00011966425762
832 -0.000112018545193
833 -0.00010393504343
834 -9.64895924001e-05
835 -8.95581522955e-05
836 -8.3150076054e-05
837 -7.68056110984e-05
838 -7.0916090001e-05
839 -6.49804707221e-05
840 -5.94066918716e-05
841 -5.41313463863e-05
842 -4.9099366711e-05
843 -4.42533315305e-05
844 -3.97357313809e-05
845 -3.55097560663e-05
846 -3.16816217481e-05
847 -2.81109445325e-05
848 -2.47840118797e-05
849 -2.17059100104e-05
850 0.00107412674841
851 0.00101268317883
852 0.000928299554951
853 0.000894863508875
854 0.00080381736224
855 0.000716819463633
856 0.000626702000204
857 0.000535260836344
858 0.000434754595324
859 0.000338454883787
860 0.000249511680649
861 0.000164215046052
862 9.01231729993e-05
863 2.29436387609e-05
864 -3.49905659436e-05
865 -8.50639534694e-05
866 -0.00012684314821
867 -0.000161118096443
868 -0.000184914387318
869 -0.000200878278504
870 -0.000211043844123
871 -0.000212007986383
872 -0.000205598051519
873 -0.000195676245559
874 -0.000185372028669
875 -0.000174015765024
876 -0.000162509219542
877 -0.000152585248789
878 -0.000144244881248
879 -0.000135983063301
880 -0.000127608899346
881 -0.000121233071241
882 -0.000114989015599
883 -0.000107933640656
884 -0.000101229334394
885 -9.48717686198e-05
886 -8.88718160384e-05
887 -8.28598443486e-05
888 -7.7195620523e-05
889 -7.13906229786e-05
890 -6.59274390184e-05
891 -6.06779026726e-05
892 -5.56341272054e-05
893 -5.07289893897e-05
894 -4.61083412335e-05
895 -4.17733761814e-05
896 -3.7821445211e-05
897 -3.41127586715e-05
898 -3.06335221764e-05
899 -2.73881102352e-05
900 0.000967376412129
901 0.000911912977924
902 0.000840857899948
903 0.000816503784339
904 0.000741068218039
905 0.000669194186662
906 0.000595517865906
907 0.000520027438165
908 0.000434662921806
909 0.000351845335204
910 0.000274586533884
911 0.000197469564893
912 0.000129798256898
913 6.54736648277e-05
914 9.0895027396e-06
915 -4.05552402156e-05
916 -8.25891924242e-05
917 -0.000116610647208
918 -0.000140767023922
919 -0.000157223053511
920 -0.000168385965639
921 -0.000172238055424
922 -0.000170571084275
923 -0.000166064079137
924 -0.000161331703943
925 -0.000155390484865
926 -0.000148681352245
927 -0.000142791915949
928 -0.00013771981229
929 -0.000132116823996
930 -0.00012580059959
931 -0.000121030532116
932 -0.00011609540325
933 -0.000110020724547
934 -0.000104159982682
935 -9.84218318212e-05
936 -9.29255169388e-05
937 -8.73312926041e-05
938 -8.19848363577e-05
939 -7.6396308779e-05
940 -7.10957208438e-05
941 -6.5985318723e-05
942 -6.10042787891e-05
943 -5.61281442664e-05
944 -5.14974351264e-05
945 -4.71225086242e-05
946 -4.31447494525e-05
947 -3.93549447077e-05
948 -3.57951169401e-05
949 -3.2439402802e-05
950 0.0008798753794
951 0.000832435772098
952 0.000770887160328
953 0.000753405093063
954 0.000690362610527
955 0.000631464928571
956 0.000571145705546
957 0.000508819431118
958 0.000435878706624
959 0.000364004375222
960 0.000295864619851
961 0.00022524625376
962 0.000162555078643
963 0.000100747967455
964 4.64903896655e-05
965 -1.49801786724e-06
966 -4.21165312692e-05
967 -7.48906850115e-05
968 -9.9052060661e-05
969 -0.000116444677149
970 -0.000129476186935
971 -0.000136802464778
972 -0.000139721572559
973 -0.000140151815683
974 -0.000140049624545
975 -0.000138486138341
976 -0.000135608902202
977 -0.000132885748347
978 -0.000130446949781
979 -0.000126977100656
980 -0.000122432732288
981 -0.000119107156628
982 -0.000115397491707
983 -0.000110275129212
984 -0.000105233340398
985 -0.000100181358138
986 -9.52538710945e-05
987 -9.01524401687e-05
988 -8.52092626345e-05
989 -7.99290708361e-05
990 -7.49468039082e-05
991 -7.00541368614e-05
992 -6.52485574415e-05
993 -6.04752941762e-05
994 -5.59275164587e-05
995 -5.15923163208e-05
996 -4.76527364892e-05
997 -4.38598528503e-05
998 -4.02623230358e-05
999 -3.68671585374e-05
1000 0.00081760163813
1001 0.000775859959916
1002 0.000720793657903
1003 0.000708666333814
1004 0.000654902453592
1005 0.000605422518273
1006 0.000554883660451
1007 0.000501532195518
1008 0.000436939216162
1009 0.000372125549686
1010 0.000309825628089
1011 0.000243538797414
1012 0.000184605197161
1013 0.000125750553819
1014 7.46941597346e-05
1015 2.96336062717e-05
1016 -8.53291733321e-06
1017 -3.95785280611e-05
1018 -6.36347026336e-05
1019 -8.20269206409e-05
1020 -9.68497618051e-05
1021 -0.00010720709704
1022 -0.00011381076985
1023 -0.000118040109236
1024 -0.000121396119943
1025 -0.000123183056396
1026 -0.000123185767229
1027 -0.00012297154511
1028 -0.000122604847455
1029 -0.000120947142972
1030 -0.000117914393311
1031 -0.000115864366657
1032 -0.000113250518349
1033 -0.000109056288601
1034 -0.000104793640341
1035 -0.000100429307507
1036 -9.61141682739e-05
1037 -9.15669369262e-05
1038 -8.71430365013e-05
1039 -8.22371709523e-05
1040 -7.75747446014e-05
1041 -7.29586129501e-05
1042 -6.83907103625e-05
1043 -6.38057236781e-05
1044 -5.94056533476e-05
1045 -5.51610270004e-05
1046 -5.13160821435e-05
1047 -4.7568404648e-05
1048 -4.39977800926e-05
1049 -4.06021409984e-05
1050 0.000770285656501
1051 0.000731361651193
1052 0.000681870607648
1053 0.000672303394222
1054 0.000624429985252
1055 0.000579895535301
1056 0.000534654686703
1057 0.000486058268734
1058 0.000426411222783
1059 0.000366154904099
1060 0.000308388675775
1061 0.000246721387476
1062 0.000192622966335
1063 0.000138623499671
1064 9.23586928593e-05
1065 5.1600445838e-05
1066 1.66648753492e-05
1067 -1.22032145928e-05
1068 -3.57682538476e-05
1069 -5.46830663852e-05
1070 -7.07449168285e-05
1071 -8.313425249e-05
1072 -9.22889701771e-05
1073 -9.92061186076e-05
1074 -0.00010500808781
1075 -0.000109179636677
1076 -0.000111300430564
1077 -0.000112990578997
1078 -0.000114228168477
1079 -0.000114028787073
1080 -0.000112313394522
1081 -0.000111395647988
1082 -0.000109735178164
1083 -0.000106432738286
1084 -0.000103020581942
1085 -9.9423703973e-05
1086 -9.57380933348e-05
1087 -9.17681426058e-05
1088 -8.77766243661e-05
1089 -8.33234030015e-05
1090 -7.90345335414e-05
1091 -7.47728309861e-05
1092 -7.05046313786e-05
1093 -6.61785420535e-05
1094 -6.19780791137e-05
1095 -5.78999295822e-05
1096 -5.41918488826e-05
1097 -5.05581061867e-05
1098 -4.7062925899e-05
1099 -4.37120204051e-05
1100 0.000708762040206
1101 0.000673768565238
1102 0.000629277155177
1103 0.000620428591818
1104 0.000576625000707
1105 0.000535713064318
1106 0.000494122917477
1107 0.000449939128438
1108 0.000395857775034
1109 0.000341794324361
1110 0.000290591715362
1111 0.000236130371479
1112 0.000189162118683
1113 0.00014199288097
1114 0.000101834155282
1115 6.61142987282e-05
1116 3.48371238447e-05
1117 8.38286739415e-06
1118 -1.42374756112e-05
1119 -3.30825819011e-05
1120 -4.96705812564e-05
1121 -6.32320027974e-05
1122 -7.40529701268e-05
1123 -8.26958087992e-05
1124 -9.02086087033e-05
1125 -9.60079671439e-05
1126 -9.97257076563e-05
1127 -0.00010286285917
1128 -0.000105391032406
1129 -0.0001063977251
1130 -0.000105828547918
1131 -0.000105909737111
1132 -0.000105193376159
1133 -0.000102809746111
1134 -0.000100126419004
1135 -9.72508217542e-05
1136 -9.41661877204e-05
1137 -9.07725654222e-05
1138 -8.73313302319e-05
1139 -8.33185733227e-05
1140 -7.94824583173e-05
1141 -7.56008383392e-05
1142 -7.16830267014e-05
1143 -6.76481924871e-05
1144 -6.36746610314e-05
1145 -5.98203447465e-05
1146 -5.62810356694e-05
1147 -5.28036494414e-05
1148 -4.94305588521e-05
1149 -4.61754313708e-05
1150 0.00062407872336
1151 0.000592994211177
1152 0.00055465161083
1153 0.000546403844983
1154 0.000508329904922
1155 0.000472666809033
1156 0.000436998629042
1157 0.000399341818774
1158 0.000353449640933
1159 0.000308066578861
1160 0.000265502483739
1161 0.000219934102179
1162 0.000181005822163
1163 0.000141082889041
1164 0.000107031033177
1165 7.61170986337e-05
1166 4.83335305121e-05
1167 2.42108747291e-05
1168 2.74664523441e-06
1169 -1.56704636203e-05
1170 -3.22435775105e-05
1171 -4.63533259256e-05
1172 -5.81499774225e-05
1173 -6.78774331278e-05
1174 -7.64856501017e-05
1175 -8.34370059751e-05
1176 -8.83922473018e-05
1177 -9.26354664434e-05
1178 -9.61567156165e-05
1179 -9.81881550197e-05
1180 -9.85962393165e-05
1181 -9.95380699221e-05
1182 -9.96339395074e-05
1183 -9.80356635954e-05
1184 -9.61215477864e-05
1185 -9.39255922916e-05
1186 -9.14897088738e-05
1187 -8.8694632881e-05
1188 -8.57948300778e-05
1189 -8.23413691432e-05
1190 -7.8972239818e-05
1191 -7.55018562616e-05
1192 -7.19775798092e-05
1193 -6.82891665804e-05
1194 -6.46087585059e-05
1195 -6.09937729024e-05
1196 -5.76810809331e-05
1197 -5.44004504501e-05
1198 -5.11899274486e-05
1199 -4.80317181934e-05
1200 0.000532278959595
1201 0.000506390824803
1202 0.000474523224809
1203 0.000468036762941
1204 0.000437042595353
1205 0.000408191517086
1206 0.000379849533574
1207 0.00034997501473
1208 0.000312978865099
1209 0.000276518705917
1210 0.000242524284292
1211 0.000205160824865
1212 0.000173450371606
1213 0.000139725796804
1214 0.000110857629958
1215 8.39513798498e-05
1216 5.91321227348e-05
1217 3.70475150305e-05
1218 1.67284935702e-05
1219 -1.08161821481e-06
1220 -1.73511141108e-05
1221 -3.16306596005e-05
1222 -4.39338024323e-05
1223 -5.43595359835e-05
1224 -6.36679356202e-05
1225 -7.14497003612e-05
1226 -7.7304788176e-05
1227 -8.23999282657e-05
1228 -8.67426925629e-05
1229 -8.96047583482e-05
1230 -9.08673471249e-05
1231 -9.25814637737e-05
1232 -9.34187848724e-05
1233 -9.25746721344e-05
1234 -9.13571958118e-05
1235 -8.98345757452e-05
1236 -8.80181882969e-05
1237 -8.58194278157e-05
1238 -8.35270049843e-05
1239 -8.05973804527e-05
1240 -7.76975608211e-05
1241 -7.46587603608e-05
1242 -7.15226780104e-05
1243 -6.81913311074e-05
1244 -6.48175071714e-05
1245 -6.14822780024e-05
1246 -5.84209109778e-05
1247 -5.53336434178e-05
1248 -5.23010982076e-05
1249 -4.93067856373e-05
1250 0.000455145982675
1251 0.000433580228529
1252 0.000407293551688
1253 0.000403165252615
1254 0.000378422568334
1255 0.000355913750056
1256 0.000334185080359
1257 0.000311088789003
1258 0.000281713753454
1259 0.000252620532107
1260 0.00022543506781
1261 0.00019454523252
1262 0.000168409460594
1263 0.000139440025415
1264 0.000114525147684
1265 9.07681587318e-05
1266 6.83010511483e-05
1267 4.7922998366e-05
1268 2.86671405732e-05
1269 1.1513477248e-05
1270 -4.29994202915e-06
1271 -1.84882595195e-05
1272 -3.10295701667e-05
1273 -4.18819814459e-05
1274 -5.16202032508e-05
1275 -5.99584475888e-05
1276 -6.64862189659e-05
1277 -7.22356323647e-05
1278 -7.7252065149e-05
1279 -8.07838913681e-05
1280 -8.28248569867e-05
1281 -8.51973626526e-05
1282 -8.66678307844e-05
1283 -8.65306616052e-05
1284 -8.59819377421e-05
1285 -8.51204029439e-05
1286 -8.39150124631e-05
1287 -8.23117012985e-05
1288 -8.05271296367e-05
1289 -7.80958833481e-05
1290 -7.56802792998e-05
1291 -7.30927592605e-05
1292 -7.03623604105e-05
1293 -6.74102566354e-05
1294 -6.43724867009e-05
1295 -6.13453814826e-05
1296 -5.85547251114e-05
1297 -5.57152814208e-05
1298 -5.2874021112e-05
1299 -5.00657740729e-05
1300 0.000399225109664
1301 0.000380831994573
1302 0.000358577588154
1303 0.000356512292357
1304 0.00033649184215
1305 0.000318609574254
1306 0.000301735229007
1307 0.000283845456275
1308 0.000259966697138
1309 0.000236214294059
1310 0.000214005155991
1311 0.000187818797349
1312 0.000165717969735
1313 0.000140231192588
1314 0.000118253366759
1315 9.68607343801e-05
1316 7.62856389343e-05
1317 5.7332839503e-05
1318 3.90248304341e-05
1319 2.25397155205e-05
1320 7.25695246995e-06
1321 -6.71207006824e-06
1322 -1.93011988499e-05
1323 -3.03779092274e-05
1324 -4.03548502637e-05
1325 -4.90653367305e-05
1326 -5.61128891007e-05
1327 -6.23555801667e-05
1328 -6.78648312434e-05
1329 -7.1965829962e-05
1330 -7.46618989301e-05
1331 -7.75995319606e-05
1332 -7.96530403292e-05
1333 -8.01597142996e-05
1334 -8.02500420446e-05
1335 -7.99618552522e-05
1336 -7.9314886961e-05
1337 -7.82669011551e-05
1338 -7.70349579505e-05
1339 -7.5114969783e-05
1340 -7.316069452e-05
1341 -7.1013577778e-05
1342 -6.86746319673e-05
1343 -6.60932249853e-05
1344 -6.33795110862e-05
1345 -6.06529201838e-05
1346 -5.81245615416e-05
1347 -5.5521249182e-05
1348 -5.28997167122e-05
1349 -5.02866199683e-05
1350 0.000361420879538
1351 0.000345126447144
1352 0.00032570468325
1353 0.000324989492563
1354 0.000308167678202
1355 0.000293392377236
1356 0.000279985906244
1357 0.000265569870381
1358 0.000245496914029
1359 0.000225435825128
1360 0.000206710389828
1361 0.00018375850797
1362 0.000164586002447
1363 0.000141605742136
1364 0.000121828490533
1365 0.000102299435389
1366 8.32107141076e-05
1367 6.54817155001e-05
1368 4.803850125e-05
1369 3.22325397518e-05
1370 1.75221107049e-05
1371 3.89956242834e-06
1372 -8.59447825939e-06
1373 -1.97063114536e-05
1374 -2.97961547937e-05
1375 -3.87187756972e-05
1376 -4.6118019853e-05
1377 -5.27450867432e-05
1378 -5.86487468945e-05
1379 -6.32310190604e-05
1380 -6.64688184947e-05
1381 -6.98757946099e-05
1382 -7.2442420108e-05
1383 -7.3517354181e-05
1384 -7.41892189645e-05
1385 -7.44805919366e-05
1386 -7.43511909162e-05
1387 -7.3821208751e-05
1388 -7.3056091274e-05
1389 -7.16079275602e-05
1390 -7.01066494986e-05
1391 -6.8396661771e-05
1392 -6.64684155843e-05
1393 -6.4273047641e-05
1394 -6.19068981518e-05
1395 -5.94950027787e-05
1396 -5.72595619153e-05
1397 -5.49145707194e-05
1398 -5.25198676718e-05
1399 -5.01046169067e-05
1400 0.000335132138657
1401 0.000320218327431
1402 0.0003025250611
1403 0.000302696523135
1404 0.000288221853149
1405 0.000275532148864
1406 0.000264470424745
1407 0.000252415744432
1408 0.000235158309262
1409 0.000217668406044
1410 0.000201389659333
1411 0.000180900044594
1412 0.000163909419557
1413 0.000142879888338
1414 0.000124866637549
1415 0.0001068526337
1416 8.90433831365e-05
1417 7.24236466981e-05
1418 5.58150926749e-05
1419 4.06887374916e-05
1420 2.65919856655e-05
1421 1.33770234767e-05
1422 1.07146765898e-06
1423 -9.97596384326e-06
1424 -2.00571889862e-05
1425 -2.90849417701e-05
1426 -3.67292237511e-05
1427 -4.36053643282e-05
1428 -4.97584610874e-05
1429 -5.47229409885e-05
1430 -5.8429107791e-05
1431 -6.22199241324e-05
1432 -6.52340367639e-05
1433 -6.67996360806e-05
1434 -6.79964608706e-05
1435 -6.87874622809e-05
1436 -6.9140496591e-05
1437 -6.90931727984e-05
1438 -6.87999047644e-05
1439 -6.78248567e-05
1440 -6.67457069971e-05
1441 -6.54252133254e-05
1442 -6.38945459311e-05
1443 -6.20658677691e-05
1444 -6.00131555748e-05
1445 -5.78935056782e-05
1446 -5.59256192458e-05
1447 -5.38665250278e-05
1448 -5.17111257128e-05
1449 -4.95212248658e-05
1450 0.000315565390498
1451 0.000301639336124
1452 0.000285263038885
1453 0.000286109878958
1454 0.000273263831669
1455 0.000261981555681
1456 0.000252622779586
1457 0.000242309934136
1458 0.000226916104996
1459 0.00021143603384
1460 0.000197012701489
1461 0.000178416560922
1462 0.000163107432656
1463 0.000143679977377
1464 0.000127145758884
1465 0.000110468045299
1466 9.3859954998e-05
1467 7.82187725964e-05
1468 6.24282493377e-05
1469 4.79844499994e-05
1470 3.45242708284e-05
1471 2.17763447476e-05
1472 9.74172802415e-06
1473 -1.14206613509e-06
1474 -1.11291034873e-05
1475 -2.01562716948e-05
1476 -2.7926286943e-05
1477 -3.49765505523e-05
1478 -4.13159167324e-05
1479 -4.65499337064e-05
1480 -5.06372535535e-05
1481 -5.47398569541e-05
1482 -5.81228362486e-05
1483 -6.01297943832e-05
1484 -6.17675931598e-05
1485 -6.30115563841e-05
1486 -6.37733676301e-05
1487 -6.41872066523e-05
1488 -6.43052283857e-05
1489 -6.37591571955e-05
1490 -6.30700113214e-05
1491 -6.21331130211e-05
1492 -6.09643693164e-05
1493 -5.94893843116e-05
1494 -5.77524633884e-05
1495 -5.59577496014e-05
1496 -5.42833041492e-05
1497 -5.24883470308e-05
1498 -5.05729390181e-05
1499 -4.86002055185e-05
1500 0.000299587384881
1501 0.000286381752102
1502 0.000271271322893
1503 0.000272516616864
1504 0.00026078459647
1505 0.000250763745894
1506 0.000242598749574
1507 0.000233619144987
1508 0.000219715634482
1509 0.000205796996174
1510 0.000192852219805
1511 0.000175777426989
1512 0.000161917939897
1513 0.000143813968205
1514 0.000128635062283
1515 0.000113122027889
1516 9.75617697639e-05
1517 8.28610002313e-05
1518 6.78856155757e-05
1519 5.41368518413e-05
1520 4.13504683186e-05
1521 2.91129484906e-05
1522 1.74240992263e-05
1523 6.78007181135e-06
1524 -3.02504707625e-06
1525 -1.19610915355e-05
1526 -1.97812315139e-05
1527 -2.69176411301e-05
1528 -3.33717086131e-05
1529 -3.88199505867e-05
1530 -4.32126252857e-05
1531 -4.75756482331e-05
1532 -5.12401549656e-05
1533 -5.36435356683e-05
1534 -5.56550400211e-05
1535 -5.72520646136e-05
1536 -5.84309994028e-05
1537 -5.91921213318e-05
1538 -5.96935870293e-05
1539 -5.95260522246e-05
1540 -5.92116441522e-05
1541 -5.86388261247e-05
1542 -5.78073205254e-05
1543 -5.66538468167e-05
1544 -5.52366696921e-05
1545 -5.37315214282e-05
1546 -5.23140531988e-05
1547 -5.07838384008e-05
1548 -4.91137118003e-05
1549 -4.73694480607e-05
1550 0.000285430125041
1551 0.000272934007559
1552 0.000259005801875
1553 0.000260462012245
1554 0.000249672485409
1555 0.00024064487338
1556 0.000233416482915
1557 0.000225459033777
1558 0.000212771732618
1559 0.000200142006672
1560 0.000188436702686
1561 0.000172669975551
1562 0.000160083814309
1563 0.000143202272333
1564 0.000129202291431
1565 0.000114774696494
1566 0.000100229211304
1567 8.64322806363e-05
1568 7.22848651337e-05
1569 5.92607324033e-05
1570 4.71385931331e-05
1571 3.54486957897e-05
1572 2.41598749023e-05
1573 1.38135821466e-05
1574 4.25024291248e-06
1575 -4.53565451846e-06
1576 -1.23334032409e-05
1577 -1.9470930001e-05
1578 -2.59742446314e-05
1579 -3.15569490373e-05
1580 -3.61790890801e-05
1581 -4.07047733148e-05
1582 -4.4605562253e-05
1583 -4.7325785135e-05
1584 -4.97058221464e-05
1585 -5.16477232988e-05
1586 -5.31161174395e-05
1587 -5.42263522423e-05
1588 -5.50684201036e-05
1589 -5.52479222601e-05
1590 -5.5243019389e-05
1591 -5.49801729791e-05
1592 -5.44488600311e-05
1593 -5.36066529643e-05
1594 -5.24962271619e-05
1595 -5.12794753691e-05
1596 -5.01299314699e-05
1597 -4.88384770413e-05
1598 -4.7421443718e-05
1599 -4.59303514303e-05
1600 0.000272194805665
1601 0.000260671520523
1602 0.000247374170231
1603 0.000249009289365
1604 0.000239035674499
1605 0.000230865697994
1606 0.000224391366681
1607 0.000217278188402
1608 0.000205746391368
1609 0.000194204196072
1610 0.000183608098827
1611 0.000169114846763
1612 0.000157633887879
1613 0.000141918101339
1614 0.000128985855007
1615 0.000115569445384
1616 0.000101977758659
1617 8.90807909041e-05
1618 7.57148539752e-05
1619 6.33935251887e-05
1620 5.1957638272e-05
1621 4.08286100936e-05
1622 2.99831554268e-05
1623 1.99748373499e-05
1624 1.07118533623e-05
1625 2.13260962235e-06
1626 -5.57391120386e-06
1627 -1.26625420508e-05
1628 -1.91472245075e-05
1629 -2.48089797339e-05
1630 -2.95866963971e-05
1631 -3.42366386289e-05
1632 -3.82978909943e-05
1633 -4.1278412161e-05
1634 -4.39051697245e-05
1635 -4.61171508124e-05
1636 -4.78761046783e-05
1637 -4.92766190467e-05
1638 -5.03973114503e-05
1639 -5.08793856739e-05
1640 -5.11773691544e-05
1641 -5.12145325527e-05
1642 -5.09797337183e-05
1643 -5.04404507063e-05
1644 -4.96206116089e-05
1645 -4.86773817502e-05
1646 -4.77915374833e-05
1647 -4.67696963565e-05
1648 -4.5567370579e-05
1649 -4.42809867166e-05
1650 0.000259583944743
1651 0.000248592195463
1652 0.000236042204302
1653 0.00023780443404
1654 0.000228586561552
1655 0.000221054442602
1656 0.000215322420115
1657 0.000208958835656
1658 0.000198412817496
1659 0.000188014862852
1660 0.000178326404324
1661 0.000164977754105
1662 0.000154476917723
1663 0.000139878913872
1664 0.000127945844309
1665 0.000115503479537
1666 0.000102852924961
1667 9.08063846054e-05
1668 7.8233782668e-05
1669 6.66278766621e-05
1670 5.58784872466e-05
1671 4.53233662097e-05
1672 3.49465797785e-05
1673 2.53199179969e-05
1674 1.63831645447e-05
1675 8.05483100613e-06
1676 4.82213754903e-07
1677 -6.50342382902e-06
1678 -1.29170133979e-05
1679 -1.86014680816e-05
1680 -2.3485801583e-05
1681 -2.81856814536e-05
1682 -3.23556458834e-05
1683 -3.55434331163e-05
1684 -3.83880610022e-05
1685 -4.08243596361e-05
1686 -4.28157964246e-05
1687 -4.44664826258e-05
1688 -4.58240794626e-05
1689 -4.66010683284e-05
1690 -4.7164676378e-05
1691 -4.7462513467e-05
1692 -4.74906012517e-05
1693 -4.72265537491e-05
1694 -4.66451318635e-05
1695 -4.59615283974e-05
1696 -4.53107562508e-05
1697 -4.45134137508e-05
1698 -4.35467021608e-05
1699 -4.24820992764e-05
1700 0.000247053941763
1701 0.000236761344403
1702 0.000225045472063
1703 0.000226895377642
1704 0.000218372812267
1705 0.000211412253065
1706 0.000206324651838
1707 0.000200621006053
1708 0.000190974339728
1709 0.000181494772669
1710 0.000172695546297
1711 0.000160359258332
1712 0.000150794899802
1713 0.000137217898232
1714 0.000126211691196
1715 0.00011470330567
1716 0.000102939638426
1717 9.17053925944e-05
1718 7.99205036966e-05
1719 6.90217801143e-05
1720 5.89412506865e-05
1721 4.89773268672e-05
1722 3.90969224357e-05
1723 2.98867132725e-05
1724 2.13166619111e-05
1725 1.3278603109e-05
1726 5.89179061722e-06
1727 -9.48042723212e-07
1728 -7.23765239291e-06
1729 -1.28883194853e-05
1730 -1.78261232723e-05
1731 -2.25483070099e-05
1732 -2.67961214976e-05
1733 -3.01478275022e-05
1734 -3.31449490423e-05
1735 -3.57384341197e-05
1736 -3.79395642755e-05
1737 -3.98057248347e-05
1738 -4.13771411815e-05
1739 -4.23841036831e-05
1740 -4.3173372463e-05
1741 -4.37158085704e-05
1742 -4.39879998549e-05
1743 -4.39760371093e-05
1744 -4.36397678904e-05
1745 -4.3197027548e-05
1746 -4.27528612794e-05
1747 -4.21747345828e-05
1748 -4.14047277747e-05
1749 -4.05373141876e-05
1750 0.000234767402853
1751 0.00022500214868
1752 0.000214201205503
1753 0.000216107256691
1754 0.000208211223308
1755 0.000201840292504
1756 0.000197244164591
1757 0.000192185000679
1758 0.000183343490041
1759 0.000174696743172
1760 0.0001667271654
1761 0.000155326302286
1762 0.000146645632572
1763 0.000134044029976
1764 0.000123931092743
1765 0.000113318842267
1766 0.00010239827445
1767 9.19807793329e-05
1768 8.09592410561e-05
1769 7.07588790068e-05
1770 6.13202443269e-05
1771 5.19679680596e-05
1772 4.25726164709e-05
1773 3.37832379216e-05
1774 2.55776840062e-05
1775 1.78449664125e-05
1776 1.06675552947e-05
1777 3.99988088102e-06
1778 -2.13818960903e-06
1779 -7.72061560934e-06
1780 -1.26710637789e-05
1781 -1.73716038925e-05
1782 -2.16325485806e-05
1783 -2.50832502749e-05
1784 -2.81977209014e-05
1785 -3.09356152361e-05
1786 -3.3273608892e-05
1787 -3.52986977158e-05
1788 -3.70382506638e-05
1789 -3.82391831829e-05
1790 -3.92400633288e-05
1791 -3.99962534552e-05
1792 -4.04819737814e-05
1793 -4.06856957815e-05
1794 -4.05777061163e-05
1795 -4.03641552409e-05
1796 -4.01407372294e-05
1797 -3.9789071549e-05
1798 -3.92343062064e-05
1799 -3.85675523239e-05
1800 0.000222866334845
1801 0.000213826704905
1802 0.000203674880321
1803 0.000205635080577
1804 0.000198323952301
1805 0.00019250770141
1806 0.000188361262262
1807 0.000183851235097
1808 0.000175779382492
1809 0.000167907261527
1810 0.000160673765954
1811 0.000150196923366
1812 0.000142285034256
1813 0.000130582127095
1814 0.000121325274585
1815 0.000111506855013
1816 0.000101377166893
1817 9.17082449371e-05
1818 8.14250210068e-05
1819 7.18919253395e-05
1820 6.30677839971e-05
1821 5.42771460247e-05
1822 4.53779867321e-05
1823 3.7017638381e-05
1824 2.91968945402e-05
1825 2.17919756975e-05
1826 1.48549518582e-05
1827 8.38800700577e-06
1828 2.43189727123e-06
1829 -3.04458636047e-06
1830 -7.96309815705e-06
1831 -1.26050691296e-05
1832 -1.68422787951e-05
1833 -2.03644734928e-05
1834 -2.35776064663e-05
1835 -2.64309217937e-05
1836 -2.88747990733e-05
1837 -3.10275363986e-05
1838 -3.29030591431e-05
1839 -3.42908694368e-05
1840 -3.54599299078e-05
1841 -3.6401253447e-05
1842 -3.70722822404e-05
1843 -3.74879592141e-05
1844 -3.75824195805e-05
1845 -3.75709845655e-05
1846 -3.75382354773e-05
1847 -3.73645908241e-05
1848 -3.69947104667e-05
1849 -3.65110254712e-05
1850 0.000211310613032
1851 0.000203042807585
1852 0.000193309082802
1853 0.000195319582443
1854 0.000188498684747
1855 0.000183212110446
1856 0.000179475767657
1857 0.000175489011341
1858 0.000168111011574
1859 0.000160972714405
1860 0.000154402096595
1861 0.00014483910275
1862 0.000137650676686
1863 0.000126859869464
1864 0.000118383434042
1865 0.000109340388335
1866 9.99731031424e-05
1867 9.09905025789e-05
1868 8.13982153605e-05
1869 7.25142998887e-05
1870 6.42760354735e-05
1871 5.60182600698e-05
1872 4.76186890724e-05
1873 3.96802654545e-05
1874 3.22464093939e-05
1875 2.51737304544e-05
1876 1.84970035242e-05
1877 1.22524280313e-05
1878 6.4987116891e-06
1879 1.15448235288e-06
1880 -3.70444779442e-06
1881 -8.25896486153e-06
1882 -1.24485503942e-05
1883 -1.60134775382e-05
1884 -1.92692742284e-05
1885 -2.21778011592e-05
1886 -2.4697141249e-05
1887 -2.6964936291e-05
1888 -2.89594424018e-05
1889 -3.04978055963e-05
1890 -3.18190098079e-05
1891 -3.29232028224e-05
1892 -3.37607703788e-05
1893 -3.43516594185e-05
1894 -3.46281606578e-05
1895 -3.48100603432e-05
1896 -3.49577251529e-05
1897 -3.49562571569e-05
1898 -3.47688858778e-05
1899 -3.44478905899e-05
1900 0.000200324020345
1901 0.000192471465016
1902 0.000183468790649
1903 0.00018540211215
1904 0.000179181794851
1905 0.000174317447283
1906 0.000171005051626
1907 0.000167460578215
1908 0.000160706676539
1909 0.000154267893579
1910 0.000148278063165
1911 0.0001394889754
1912 0.000132931727319
1913 0.000122910661943
1914 0.000115146221167
1915 0.000106805508751
1916 9.81441039009e-05
1917 8.98148933742e-05
1918 8.08887176696e-05
1919 7.26199253327e-05
1920 6.49524325859e-05
1921 5.72279949401e-05
1922 4.93130584196e-05
1923 4.17972286321e-05
1924 3.47642832013e-05
1925 2.80368335595e-05
1926 2.16401394607e-05
1927 1.56260069792e-05
1928 1.00871879736e-05
1929 4.89028831261e-06
1930 1.17855005728e-07
1931 -4.32805398707e-06
1932 -8.44768752508e-06
1933 -1.20223276139e-05
1934 -1.52950947514e-05
1935 -1.82282905557e-05
1936 -2.0807013852e-05
1937 -2.31495952767e-05
1938 -2.52336332343e-05
1939 -2.689115432e-05
1940 -2.83374943016e-05
1941 -2.95789607446e-05
1942 -3.0559232201e-05
1943 -3.13060167407e-05
1944 -3.17512148341e-05
1945 -3.21083030291e-05
1946 -3.24093549587e-05
1947 -3.25779763559e-05
1948 -3.25332265144e-05
1949 -3.23775075426e-05
1950 0.000189824726896
1951 0.000182318731114
1952 0.000174035906036
1953 0.000175917118104
1954 0.000170165425111
1955 0.000165753567513
1956 0.000162768180445
1957 0.000159568647333
1958 0.000153392098322
1959 0.000147583885167
1960 0.000142111538124
1961 0.000134036949432
1962 0.000128087957873
1963 0.000118791755306
1964 0.000111693176167
1965 0.000104033732461
1966 9.60427584397e-05
1967 8.83424610366e-05
1968 8.00755081707e-05
1969 7.23802092857e-05
1970 6.52502354034e-05
1971 5.80348029063e-05
1972 5.05736994652e-05
1973 4.34706074168e-05
1974 3.68142913307e-05
1975 3.04111097968e-05
1976 2.42972293535e-05
1977 1.8520906328e-05
1978 1.32122980516e-05
1979 8.18518432297e-06
1980 3.52621278873e-06
1981 -7.92751822332e-07
1982 -4.81634915476e-06
1983 -8.37129813792e-06
1984 -1.1631577475e-05
1985 -1.45921771739e-05
1986 -1.72169751877e-05
1987 -1.96096413256e-05
1988 -2.17530209363e-05
1989 -2.35042936553e-05
1990 -2.50515007682e-05
1991 -2.64092255609e-05
1992 -2.75126525038e-05
1993 -2.83902482276e-05
1994 -2.89807335315e-05
1995 -2.94796493437e-05
1996 -2.99158497084e-05
1997 -3.02217200385e-05
1998 -3.03209805795e-05
1999 -3.03044529263e-05
2000 0.000179725441643
2001 0.000172734177583
2002 0.000164974670362
2003 0.000166816362636
2004 0.000161493053127
2005 0.000157487702668
2006 0.000154763595323
2007 0.000151936753623
2008 0.00014627609147
2009 0.000141038593262
2010 0.000136092335592
2011 0.000128656426671
2012 0.000123286625896
2013 0.000114718933692
2014 0.000108230420426
2015 0.000101154182486
2016 9.37694297357e-05
2017 8.66306025612e-05
2018 7.89388274051e-05
2019 7.17811691981e-05
2020 6.51538652322e-05
2021 5.84278137906e-05
2022 5.14011224745e-05
2023 4.46962527997e-05
2024 3.84204613238e-05
2025 3.23484222562e-05
2026 2.6517026111e-05
2027 2.09891820574e-05
2028 1.59167368198e-05
2029 1.10725491489e-05
2030 6.54039859487e-06
2031 2.36064248174e-06
2032 -1.55433408167e-06
2033 -5.07135295111e-06
2034 -8.31159469715e-06
2035 -1.12592463539e-05
2036 -1.38894803e-05
2037 -1.63181338614e-05
2038 -1.85101485519e-05
2039 -2.03382419661e-05
2040 -2.19719043051e-05
2041 -2.34187479907e-05
2042 -2.46240690343e-05
2043 -2.56133640307e-05
2044 -2.6335737954e-05
2045 -2.69647238155e-05
2046 -2.75192258299e-05
2047 -2.79375627244e-05
2048 -2.81627938502e-05
2049 -2.82642230338e-05
2050 0.000170274812831
2051 0.000163721502414
2052 0.000156466326937
2053 0.000158337423116
2054 0.000153399469788
2055 0.000149735371061
2056 0.000147244195969
2057 0.00014474866442
2058 0.000139573203783
2059 0.000134829213167
2060 0.000130309306356
2061 0.000123457479432
2062 0.000118575736927
2063 0.000110609591606
2064 0.00010466396282
2065 9.81383466346e-05
2066 9.12960087481e-05
2067 8.46908036816e-05
2068 7.75352788051e-05
2069 7.08830688969e-05
2070 6.47162883808e-05
2071 5.84500567373e-05
2072 5.18476125142e-05
2073 4.55395919176e-05
2074 3.96229976662e-05
2075 3.38841674194e-05
2076 2.83396406451e-05
2077 2.3060535648e-05
2078 1.82297019485e-05
2079 1.35807744379e-05
2080 9.19037008712e-06
2081 5.16264328828e-06
2082 1.3720384002e-06
2083 -2.08682522988e-06
2084 -5.2768894114e-06
2085 -8.1909786851e-06
2086 -1.08228136669e-05
2087 -1.32625019756e-05
2088 -1.54718521835e-05
2089 -1.73631531875e-05
2090 -1.90557204233e-05
2091 -2.05809137451e-05
2092 -2.18675794893e-05
2093 -2.29682252683e-05
2094 -2.3788562272e-05
2095 -2.4531569986e-05
2096 -2.51933904664e-05
2097 -2.57202181023e-05
2098 -2.60691229416e-05
2099 -2.62842163449e-05
2100 0.000161288970693
2101 0.000155174872676
2102 0.000148307376043
2103 0.000150141510804
2104 0.000145559885199
2105 0.000142247071182
2106 0.000139936629574
2107 0.000137734120308
2108 0.000133005098109
2109 0.000128687914164
2110 0.000124552589016
2111 0.000118266998485
2112 0.000113827256814
2113 0.000106464140024
2114 0.000101007886959
2115 9.50088538666e-05
2116 8.86869071588e-05
2117 8.2572895964e-05
2118 7.59364125651e-05
2119 6.97591036908e-05
2120 6.40268233075e-05
2121 5.81709342944e-05
2122 5.19895267215e-05
2123 4.60569226327e-05
2124 4.04942874193e-05
2125 3.50752740892e-05
2126 2.98154177035e-05
2127 2.47867469946e-05
2128 2.0196973853e-05
2129 1.57416761579e-05
2130 1.15009043901e-05
2131 7.63098680763e-06
2132 3.97200744153e-06
2133 5.83422484897e-07
2134 -2.54509819263e-06
2135 -5.41869302746e-06
2136 -8.03005547723e-06
2137 -1.04616256734e-05
2138 -1.2677449244e-05
2139 -1.45994764773e-05
2140 -1.63359679598e-05
2141 -1.79141721576e-05
2142 -1.92734223352e-05
2143 -2.04479338538e-05
2144 -2.13659601277e-05
2145 -2.22009749147e-05
2146 -2.29549914798e-05
2147 -2.35771777366e-05
2148 -2.40237465934e-05
2149 -2.43368734684e-05
2150 0.00015257964765
2151 0.000146824667907
2152 0.000140432354918
2153 0.0001422447441
2154 0.000137986178764
2155 0.000134978590638
2156 0.000132880706361
2157 0.000130927613058
2158 0.000126573362697
2159 0.000122715713344
2160 0.000118934227092
2161 0.000113112440832
2162 0.00010908259503
2163 0.000102281897796
2164 9.7292224642e-05
2165 9.17597615412e-05
2166 8.59167841066e-05
2167 8.02630708463e-05
2168 7.41181780542e-05
2169 6.83959586409e-05
2170 6.30793912552e-05
2171 5.76342443456e-05
2172 5.18526070858e-05
2173 4.62785597023e-05
2174 4.10513986184e-05
2175 3.59464143212e-05
2176 3.09667554465e-05
2177 2.6187371666e-05
2178 2.18403990546e-05
2179 1.75841218856e-05
2180 1.35013518393e-05
2181 9.79555171315e-06
2182 6.27533528222e-06
2183 2.97297893672e-06
2184 -8.20076923278e-08
2185 -2.90028600333e-06
2186 -5.4817309087e-06
2187 -7.89159124379e-06
2188 -1.01053864306e-05
2189 -1.20532990394e-05
2190 -1.38193192148e-05
2191 -1.54340867094e-05
2192 -1.68422903146e-05
2193 -1.8072798881e-05
2194 -1.90651880909e-05
2195 -1.99816638506e-05
2196 -2.08073707347e-05
2197 -2.15112578801e-05
2198 -2.20367511597e-05
2199 -2.24294517961e-05
2200 0.000144371175853
2201 0.000138961807641
2202 0.000132955582217
2203 0.000134725403342
2204 0.000130804606153
2205 0.000128063860326
2206 0.000126120999382
2207 0.000124361491272
2208 0.00012034311233
2209 0.000116870541958
2210 0.000113466570808
2211 0.000108085560827
2212 0.000104430551387
2213 9.81126911704e-05
2214 9.35742044112e-05
2215 8.84722944935e-05
2216 8.30896363973e-05
2217 7.78587968668e-05
2218 7.21782317053e-05
2219 6.68784303974e-05
2220 6.19437027261e-05
2221 5.68890556589e-05
2222 5.14698540623e-05
2223 4.6245562023e-05
2224 4.13507746592e-05
2225 3.65408062961e-05
2226 3.18418637568e-05
2227 2.73058142568e-05
2228 2.31967666392e-05
2229 1.91437919417e-05
2230 1.5225191131e-05
2231 1.16859882601e-05
2232 8.30694160233e-06
2233 5.09859609766e-06
2234 2.12395056649e-06
2235 -6.27813291189e-07
2236 -3.16983090919e-06
2237 -5.54574620755e-06
2238 -7.74065208907e-06
2239 -9.69636721928e-06
2240 -1.14746592718e-05
2241 -1.31111927213e-05
2242 -1.45628315302e-05
2243 -1.5841273291e-05
2244 -1.68957425083e-05
2245 -1.78728098969e-05
2246 -1.87597140119e-05
2247 -1.95287297002e-05
2248 -2.01334935182e-05
2249 -2.06061665685e-05
2250 0.000136624356511
2251 0.000131384994782
2252 0.000125842442905
2253 0.000127567845034
2254 0.000123908520828
2255 0.000121435968899
2256 0.000119655332862
2257 0.000118074249985
2258 0.000114384963553
2259 0.000111248945115
2260 0.000108155225682
2261 0.000103177879333
2262 9.98499018908e-05
2263 9.40153440318e-05
2264 8.98696172069e-05
2265 8.51748632846e-05
2266 8.01924074287e-05
2267 7.53675666274e-05
2268 7.01055942125e-05
2269 6.52050458506e-05
2270 6.06318427346e-05
2271 5.59519854927e-05
2272 5.08880706715e-05
2273 4.59987254807e-05
2274 4.14374200891e-05
2275 3.6917229733e-05
2276 3.24895497917e-05
2277 2.81864689393e-05
2278 2.43045731165e-05
2279 2.04457974038e-05
2280 1.66932184646e-05
2281 1.33207480594e-05
2282 1.00833392802e-05
2283 6.97665945894e-06
2284 4.09254926513e-06
2285 1.41339247846e-06
2286 -1.0783892115e-06
2287 -3.41013427263e-06
2288 -5.57383485483e-06
2289 -7.52176844249e-06
2290 -9.30407509585e-06
2291 -1.09599766986e-05
2292 -1.24365831747e-05
2293 -1.37498850328e-05
2294 -1.48557096916e-05
2295 -1.58827064066e-05
2296 -1.68189066869e-05
2297 -1.76380946076e-05
2298 -1.82983503875e-05
2299 -1.88252647771e-05
2300 0.000129195079074
2301 0.000124209035351
2302 0.000119081840575
2303 0.000120714381261
2304 0.000117373783149
2305 0.000115121004861
2306 0.000113464777256
2307 0.000112065185494
2308 0.000108664364653
2309 0.000105847009502
2310 0.00010300146626
2311 9.8405323944e-05
2312 9.53893392408e-05
2313 9.00012101244e-05
2314 8.62134221447e-05
2315 8.18940453524e-05
2316 7.73173742042e-05
2317 7.28602214737e-05
2318 6.80130454852e-05
2319 6.34699662894e-05
2320 5.92479104629e-05
2321 5.49060281321e-05
2322 5.01733780085e-05
2323 4.55945200611e-05
2324 4.13271504512e-05
2325 3.70865093243e-05
2326 3.29155239286e-05
2327 2.88500534484e-05
2328 2.51874605837e-05
2329 2.15273179855e-05
2330 1.7940318281e-05
2331 1.47291356343e-05
2332 1.1633706129e-05
2333 8.63162075861e-06
2334 5.83898922486e-06
2335 3.23874655606e-06
2336 8.08460555391e-07
2337 -1.47082363814e-06
2338 -3.59798822063e-06
2339 -5.53905343949e-06
2340 -7.31305641389e-06
2341 -8.96958910501e-06
2342 -1.04586141357e-05
2343 -1.17932886328e-05
2344 -1.2932982903e-05
2345 -1.39966744993e-05
2346 -1.49654133957e-05
2347 -1.58222544388e-05
2348 -1.65356832958e-05
2349 -1.71118533622e-05
2350 0.000122215666579
2351 0.000117441928919
2352 0.000112618540266
2353 0.000114230912014
2354 0.000111109106751
2355 0.000109058494035
2356 0.000107535401544
2357 0.000106305397081
2358 0.000103171705887
2359 0.000100647657091
2360 9.80814903817e-05
2361 9.38296645484e-05
2362 9.11001651998e-05
2363 8.61168946127e-05
2364 8.26613748618e-05
2365 7.869824214e-05
2366 7.44889205697e-05
2367 7.03788463707e-05
2368 6.5892924296e-05
2369 6.16984909945e-05
2370 5.77971209345e-05
2371 5.37660851996e-05
2372 4.93567256792e-05
2373 4.50745552263e-05
2374 4.10859265555e-05
2375 3.71101227747e-05
2376 3.31889717755e-05
2377 2.93367798362e-05
2378 2.58864288511e-05
2379 2.24187181678e-05
2380 1.89895544452e-05
2381 1.59384330615e-05
2382 1.29842732398e-05
2383 1.00905849585e-05
2384 7.39226884415e-06
2385 4.87663816435e-06
2386 2.50483278197e-06
2387 2.81119705519e-07
2388 -1.80112194558e-06
2389 -3.71425004477e-06
2390 -5.47165599173e-06
2391 -7.11397880992e-06
2392 -8.60701491168e-06
2393 -9.95605683573e-06
2394 -1.11224562268e-05
2395 -1.2212691972e-05
2396 -1.32053567738e-05
2397 -1.40916819754e-05
2398 -1.48484581008e-05
2399 -1.54677632128e-05
2400 0.000115717533698
2401 0.000111193592229
2402 0.000106625063619
2403 0.000108211440475
2404 0.000105337375426
2405 0.000103455653918
2406 0.000102044722811
2407 0.000100949257963
2408 9.80546337784e-05
2409 9.57669582325e-05
2410 9.34454395347e-05
2411 8.94968836842e-05
2412 8.70280382851e-05
2413 8.24047387204e-05
2414 7.92427661068e-05
2415 7.56024009901e-05
2416 7.16878440384e-05
2417 6.78960398873e-05
2418 6.37624011722e-05
2419 5.98608413395e-05
2420 5.62434897725e-05
2421 5.25091727077e-05
2422 4.84107520865e-05
2423 4.44079610208e-05
2424 4.06926347591e-05
2425 3.69634444719e-05
2426 3.3283116986e-05
2427 2.9648599164e-05
2428 2.64033133788e-05
2429 2.31243711779e-05
2430 1.98621168792e-05
2431 1.69649230767e-05
2432 1.41472581876e-05
2433 1.13640425574e-05
2434 8.76280293781e-06
2435 6.33371458166e-06
2436 4.02864822384e-06
2437 1.8679598869e-06
2438 -1.63526899292e-07
2439 -2.0472823926e-06
2440 -3.78417792544e-06
2441 -5.41300503265e-06
2442 -6.90126506483e-06
2443 -8.2538425793e-06
2444 -9.43752772003e-06
2445 -1.05465944566e-05
2446 -1.15601333942e-05
2447 -1.24685663494e-05
2448 -1.32521886298e-05
2449 -1.39139984158e-05
2450 0.000109491443099
2451 0.000105178736878
2452 0.000100930516734
2453 0.000102447034276
2454 9.97826821357e-05
2455 9.80678839653e-05
2456 9.67729080837e-05
2457 9.5812753021e-05
2458 9.31305248898e-05
2459 9.1100722201e-05
2460 8.89673322272e-05
2461 8.53328795003e-05
2462 8.30945280342e-05
2463 7.88218508317e-05
2464 7.59486926054e-05
2465 7.26092647669e-05
2466 6.90046840392e-05
2467 6.55081446452e-05
2468 6.16968807729e-05
2469 5.81141606803e-05
2470 5.47807522572e-05
2471 5.13239422957e-05
2472 4.74934801998e-05
2473 4.37474084488e-05
2474 4.02796626649e-05
2475 3.6777372633e-05
2476 3.33095016719e-05
2477 2.98635405909e-05
2478 2.68022273871e-05
2479 2.36882113883e-05
2480 2.05712730737e-05
2481 1.78230259327e-05
2482 1.51435325285e-05
2483 1.24715968196e-05
2484 9.96717208725e-06
2485 7.62595647084e-06
2486 5.39119227916e-06
2487 3.29541496423e-06
2488 1.31832971815e-06
2489 -5.27774100619e-07
2490 -2.23745761437e-06
2491 -3.8422344046e-06
2492 -5.31535083731e-06
2493 -6.66072289779e-06
2494 -7.85110317093e-06
2495 -8.96991056235e-06
2496 -9.99600667458e-06
2497 -1.09339824505e-05
2498 -1.17526057234e-05
2499 -1.24482767584e-05
