0 5.12062954614e-05
1 4.81160916524e-05
2 4.72444091422e-05
3 4.59573629684e-05
4 4.87744167895e-05
5 4.66399349848e-05
6 4.73036951471e-05
7 4.74931687733e-05
8 4.68832923109e-05
9 4.71010114376e-05
10 4.72427269042e-05
11 4.7315218564e-05
12 4.70838908652e-05
13 4.61440662527e-05
14 4.64715328358e-05
15 4.63108279547e-05
16 4.56074720277e-05
17 4.55199677095e-05
18 4.52277241062e-05
19 4.47747144733e-05
20 4.50623731407e-05
21 4.48430212593e-05
22 4.44066769096e-05
23 4.39474586543e-05
24 4.38514879362e-05
25 4.35918469479e-05
26 4.30225208011e-05
27 4.25514588467e-05
28 4.24387520759e-05
29 4.20922146936e-05
30 4.15184270383e-05
31 4.12782902747e-05
32 4.11856354213e-05
33 4.07605291324e-05
34 4.03015475165e-05
35 3.98067916621e-05
36 3.95231409717e-05
37 3.9155416738e-05
38 3.89573529073e-05
39 3.85420816803e-05
40 3.80908165624e-05
41 3.77501392286e-05
42 3.73259250539e-05
43 3.68232030346e-05
44 3.63596544853e-05
45 3.58246895326e-05
46 3.54484390811e-05
47 3.49946614645e-05
48 3.46420776055e-05
49 3.41906257168e-05
50 4.90559563225e-05
51 4.69816819336e-05
52 4.52183068812e-05
53 4.63059175088e-05
54 4.55041028091e-05
55 4.52230457643e-05
56 4.56674950045e-05
57 4.60358891017e-05
58 4.59383069123e-05
59 4.56088552741e-05
60 4.60328730511e-05
61 4.54780940977e-05
62 4.57901699328e-05
63 4.49331096998e-05
64 4.48944707536e-05
65 4.47824894845e-05
66 4.44854309804e-05
67 4.45465427436e-05
68 4.39447123606e-05
69 4.36132864909e-05
70 4.39420367056e-05
71 4.38694645041e-05
72 4.34068610828e-05
73 4.29458864295e-05
74 4.28088451387e-05
75 4.24930382354e-05
76 4.19569638882e-05
77 4.15576849967e-05
78 4.14335986589e-05
79 4.11044521144e-05
80 4.05807605359e-05
81 4.04253616439e-05
82 4.02809063114e-05
83 3.97777870196e-05
84 3.93406269781e-05
85 3.89114185518e-05
86 3.86455099275e-05
87 3.82740326521e-05
88 3.80104910937e-05
89 3.75917883107e-05
90 3.71890814532e-05
91 3.68325962456e-05
92 3.63700706457e-05
93 3.58768733304e-05
94 3.54126427494e-05
95 3.48944430714e-05
96 3.45353981879e-05
97 3.41010610648e-05
98 3.3732880736e-05
99 3.32785925887e-05
100 4.9072943867e-05
101 4.70060649857e-05
102 4.52393159946e-05
103 4.63278919033e-05
104 4.55315123946e-05
105 4.5249412386e-05
106 4.5695398093e-05
107 4.6057322864e-05
108 4.59608352531e-05
109 4.56353800042e-05
110 4.60592738195e-05
111 4.55012783273e-05
112 4.58079593227e-05
113 4.49518272505e-05
114 4.49158956834e-05
115 4.48045283194e-05
116 4.45064420912e-05
117 4.45659250928e-05
118 4.39650956879e-05
119 4.36342611844e-05
120 4.3965814025e-05
121 4.38741960806e-05
122 4.34119748723e-05
123 4.29492572191e-05
124 4.28137721397e-05
125 4.24954320032e-05
126 4.19584580095e-05
127 4.15624400273e-05
128 4.14349507061e-05
129 4.10952900799e-05
130 4.05612742977e-05
131 4.04066295498e-05
132 4.02630417521e-05
133 3.97577832135e-05
134 3.93235979875e-05
135 3.88927550935e-05
136 3.86273117736e-05
137 3.82560482659e-05
138 3.79764559482e-05
139 3.75578298332e-05
140 3.71544806437e-05
141 3.6807722158e-05
142 3.63564060603e-05
143 3.58574318088e-05
144 3.53935733884e-05
145 3.48734935262e-05
146 3.45153121291e-05
147 3.40826605811e-05
148 3.37138259161e-05
149 3.3258918737e-05
150 4.90650670071e-05
151 4.70593020063e-05
152 4.5243367194e-05
153 4.63590150944e-05
154 4.55546032883e-05
155 4.52743568853e-05
156 4.57235712887e-05
157 4.6075658789e-05
158 4.59816483733e-05
159 4.56557108153e-05
160 4.60766463686e-05
161 4.55544013823e-05
162 4.5847214673e-05
163 4.49753153734e-05
164 4.49418687946e-05
165 4.48369271906e-05
166 4.45247839517e-05
167 4.45965604563e-05
168 4.39820792723e-05
169 4.36453469165e-05
170 4.39957084521e-05
171 4.39256202784e-05
172 4.34836453355e-05
173 4.30064414096e-05
174 4.28674448131e-05
175 4.25580925579e-05
176 4.2019250328e-05
177 4.16242214734e-05
178 4.14892540218e-05
179 4.11411644833e-05
180 4.06006513284e-05
181 4.04368919837e-05
182 4.03107744003e-05
183 3.98013983024e-05
184 3.93729077668e-05
185 3.89259627296e-05
186 3.86667878639e-05
187 3.82954645515e-05
188 3.80461389056e-05
189 3.76388555704e-05
190 3.72286665465e-05
191 3.6866098609e-05
192 3.64224093888e-05
193 3.59122148443e-05
194 3.54483278152e-05
195 3.49246250327e-05
196 3.45607892408e-05
197 3.41277185765e-05
198 3.37574407736e-05
199 3.33049961165e-05
200 4.91988460086e-05
201 4.75250917438e-05
202 4.53154654926e-05
203 4.65961577136e-05
204 4.56639869836e-05
205 4.54062920347e-05
206 4.58535520812e-05
207 4.62680342449e-05
208 4.61852126527e-05
209 4.58185896602e-05
210 4.63133597445e-05
211 4.56949689581e-05
212 4.59641108542e-05
213 4.51302220135e-05
214 4.51201105438e-05
215 4.50321458918e-05
216 4.4733365501e-05
217 4.47823889055e-05
218 4.41453631734e-05
219 4.37847850407e-05
220 4.4140488531e-05
221 4.41010257062e-05
222 4.36394150399e-05
223 4.31457675522e-05
224 4.30134352857e-05
225 4.26917277055e-05
226 4.21434822243e-05
227 4.17538007888e-05
228 4.16454674732e-05
229 4.12963765616e-05
230 4.07541118283e-05
231 4.05889463861e-05
232 4.04620102122e-05
233 3.99665926994e-05
234 3.95050257412e-05
235 3.90522689329e-05
236 3.88108376798e-05
237 3.84263789371e-05
238 3.81711771768e-05
239 3.77637389027e-05
240 3.73205868158e-05
241 3.69859121879e-05
242 3.653075281e-05
243 3.6043756512e-05
244 3.5571765509e-05
245 3.50076196532e-05
246 3.46395714942e-05
247 3.42218363699e-05
248 3.3856635896e-05
249 3.34158362227e-05
250 4.93990672789e-05
251 4.75650014061e-05
252 4.54426473281e-05
253 4.67247303414e-05
254 4.58487113278e-05
255 4.55263237206e-05
256 4.59835577256e-05
257 4.64337636917e-05
258 4.62738095132e-05
259 4.5967144039e-05
260 4.64090708556e-05
261 4.58383281872e-05
262 4.61695451956e-05
263 4.53156860118e-05
264 4.5277216377e-05
265 4.517956093e-05
266 4.4848621754e-05
267 4.49164442451e-05
268 4.42617676626e-05
269 4.39204097186e-05
270 4.42898054043e-05
271 4.42575558352e-05
272 4.37411134017e-05
273 4.32961114085e-05
274 4.31516994454e-05
275 4.28122221412e-05
276 4.2269038212e-05
277 4.18697565357e-05
278 4.17218449108e-05
279 4.13884457303e-05
280 4.084527663e-05
281 4.07162919957e-05
282 4.05696544617e-05
283 4.00637188177e-05
284 3.9589369862e-05
285 3.91540774223e-05
286 3.89038379919e-05
287 3.85171798425e-05
288 3.82774209088e-05
289 3.78393553542e-05
290 3.74331442339e-05
291 3.70893202156e-05
292 3.6625412041e-05
293 3.61373423096e-05
294 3.56324046826e-05
295 3.50956789146e-05
296 3.47425582796e-05
297 3.43042346212e-05
298 3.39473691439e-05
299 3.34914767646e-05
300 4.97179977387e-05
301 4.74498752367e-05
302 4.54724668587e-05
303 4.67254697672e-05
304 4.58228398831e-05
305 4.55825570263e-05
306 4.60339595708e-05
307 4.64292293652e-05
308 4.62923694611e-05
309 4.59947445945e-05
310 4.6431844151e-05
311 4.58847073984e-05
312 4.62449801162e-05
313 4.53482262571e-05
314 4.53030168014e-05
315 4.51743104782e-05
316 4.48690724328e-05
317 4.49379019018e-05
318 4.42902855196e-05
319 4.39567508548e-05
320 4.43420762988e-05
321 4.42477230927e-05
322 4.3783483312e-05
323 4.33134908841e-05
324 4.31636862048e-05
325 4.28580551014e-05
326 4.22893482563e-05
327 4.18874096284e-05
328 4.17381998952e-05
329 4.14396693697e-05
330 4.08509642119e-05
331 4.0718314459e-05
332 4.05793430334e-05
333 4.00433849748e-05
334 3.96016709556e-05
335 3.91595131977e-05
336 3.88973341221e-05
337 3.85194091281e-05
338 3.82549722504e-05
339 3.78301106296e-05
340 3.74259811359e-05
341 3.70712053983e-05
342 3.66279286055e-05
343 3.61141573448e-05
344 3.56244610744e-05
345 3.51101950765e-05
346 3.47504953656e-05
347 3.43432151762e-05
348 3.39552692956e-05
349 3.34886006723e-05
350 4.96328362535e-05
351 4.73799619154e-05
352 4.55188584514e-05
353 4.66534264554e-05
354 4.58765690818e-05
355 4.55636179565e-05
356 4.60675098598e-05
357 4.63752414517e-05
358 4.63096154682e-05
359 4.60024037497e-05
360 4.64469260021e-05
361 4.59014982378e-05
362 4.61887727419e-05
363 4.53163388795e-05
364 4.52735591804e-05
365 4.51682770126e-05
366 4.4845740712e-05
367 4.49084575001e-05
368 4.42763207404e-05
369 4.3963533179e-05
370 4.43291170029e-05
371 4.42299128415e-05
372 4.37785786428e-05
373 4.32814987291e-05
374 4.31232934425e-05
375 4.28300145006e-05
376 4.22874318179e-05
377 4.18734609835e-05
378 4.17388209895e-05
379 4.14084670702e-05
380 4.08271585177e-05
381 4.06699269304e-05
382 4.05534997328e-05
383 4.00097455073e-05
384 3.9624628691e-05
385 3.91741811878e-05
386 3.88976185642e-05
387 3.85092620266e-05
388 3.8256396472e-05
389 3.78371102109e-05
390 3.7421816854e-05
391 3.70538050228e-05
392 3.66242221501e-05
393 3.60889071623e-05
394 3.56227676291e-05
395 3.50932919222e-05
396 3.47399496843e-05
397 3.43107893305e-05
398 3.39061969768e-05
399 3.34545449779e-05
400 4.94591368895e-05
401 4.746631767e-05
402 4.55315158013e-05
403 4.66944107977e-05
404 4.5856040062e-05
405 4.55930243636e-05
406 4.60691942334e-05
407 4.64138711936e-05
408 4.63443535882e-05
409 4.5993218513e-05
410 4.64625909964e-05
411 4.58568971705e-05
412 4.61481873408e-05
413 4.53063413794e-05
414 4.52682444199e-05
415 4.51802731614e-05
416 4.48641089017e-05
417 4.49122122131e-05
418 4.42724822618e-05
419 4.39575162822e-05
420 4.42925306184e-05
421 4.42430720581e-05
422 4.37934227593e-05
423 4.32807879702e-05
424 4.3154491349e-05
425 4.28275009857e-05
426 4.2275064072e-05
427 4.19046229424e-05
428 4.17888582084e-05
429 4.14305735585e-05
430 4.08553448442e-05
431 4.07044801336e-05
432 4.05814211217e-05
433 4.00680844946e-05
434 3.96161855868e-05
435 3.91797710372e-05
436 3.8908500327e-05
437 3.85172985347e-05
438 3.8257037454e-05
439 3.78377492696e-05
440 3.74078919667e-05
441 3.70515289603e-05
442 3.66049707042e-05
443 3.61002212865e-05
444 3.5634273707e-05
445 3.50977390873e-05
446 3.47220818121e-05
447 3.42901185626e-05
448 3.38923034412e-05
449 3.34576286934e-05
450 4.94366141338e-05
451 4.74960041856e-05
452 4.5560346217e-05
453 4.66937019593e-05
454 4.5877507555e-05
455 4.56437246068e-05
456 4.6083677593e-05
457 4.64627763416e-05
458 4.63530635412e-05
459 4.60210017031e-05
460 4.64922405779e-05
461 4.58482544191e-05
462 4.6167272157e-05
463 4.53363190189e-05
464 4.53040739387e-05
465 4.52115033764e-05
466 4.49156341678e-05
467 4.49284240352e-05
468 4.43036350825e-05
469 4.39787374467e-05
470 4.43198855062e-05
471 4.42602167927e-05
472 4.37779930739e-05
473 4.33020812831e-05
474 4.31870079002e-05
475 4.28109307444e-05
476 4.22932955212e-05
477 4.19043919395e-05
478 4.17730144374e-05
479 4.14082266389e-05
480 4.08488778517e-05
481 4.07017899822e-05
482 4.05666599095e-05
483 4.00524696002e-05
484 3.96344914156e-05
485 3.91746694114e-05
486 3.89202799171e-05
487 3.85365770419e-05
488 3.82835982334e-05
489 3.78399143243e-05
490 3.74289978773e-05
491 3.70857442554e-05
492 3.66271144621e-05
493 3.61244886156e-05
494 3.56409542708e-05
495 3.50820064193e-05
496 3.47235824671e-05
497 3.42848465281e-05
498 3.3906480396e-05
499 3.34568370543e-05
500 4.94335702866e-05
501 4.7506421096e-05
502 4.56041264224e-05
503 4.67219591615e-05
504 4.59143057649e-05
505 4.56766242985e-05
506 4.60987233629e-05
507 4.65050412892e-05
508 4.63604277425e-05
509 4.60693593978e-05
510 4.64898023467e-05
511 4.58857270191e-05
512 4.62107621054e-05
513 4.53734255316e-05
514 4.53396279265e-05
515 4.52455896294e-05
516 4.49126688659e-05
517 4.49640440553e-05
518 4.43265965978e-05
519 4.40080992976e-05
520 4.43377536693e-05
521 4.42831711821e-05
522 4.37920573288e-05
523 4.33397361255e-05
524 4.32048327236e-05
525 4.28375231438e-05
526 4.23078578287e-05
527 4.19280399375e-05
528 4.17989684851e-05
529 4.14364255177e-05
530 4.08679900501e-05
531 4.07356442751e-05
532 4.05898642952e-05
533 4.00643266036e-05
534 3.96324822499e-05
535 3.91695025219e-05
536 3.89137006184e-05
537 3.85137945791e-05
538 3.8260115913e-05
539 3.78030339154e-05
540 3.74000428989e-05
541 3.70467878396e-05
542 3.65934495431e-05
543 3.60980796632e-05
544 3.56230839817e-05
545 3.50814481353e-05
546 3.47220613672e-05
547 3.42922976074e-05
548 3.39147618129e-05
549 3.34474711857e-05
550 4.94863150149e-05
551 4.74985331559e-05
552 4.5612354603e-05
553 4.67780639057e-05
554 4.59301109735e-05
555 4.57163067683e-05
556 4.61200377257e-05
557 4.6533395059e-05
558 4.63671203492e-05
559 4.60858542804e-05
560 4.6483026231e-05
561 4.59166096508e-05
562 4.62444355612e-05
563 4.54050293913e-05
564 4.53518277302e-05
565 4.52662046849e-05
566 4.49362236261e-05
567 4.49932037359e-05
568 4.43375872523e-05
569 4.40302401958e-05
570 4.43708880491e-05
571 4.42855406453e-05
572 4.38291649403e-05
573 4.33519439423e-05
574 4.32133854609e-05
575 4.28760045111e-05
576 4.23197951649e-05
577 4.19524574847e-05
578 4.18081865839e-05
579 4.14568774639e-05
580 4.08631806575e-05
581 4.07394344281e-05
582 4.06110232265e-05
583 4.00711147694e-05
584 3.96162775361e-05
585 3.91734103631e-05
586 3.89088674239e-05
587 3.85378265508e-05
588 3.82746550143e-05
589 3.78355427288e-05
590 3.7443571982e-05
591 3.70639541643e-05
592 3.66376050187e-05
593 3.61231648217e-05
594 3.56222354049e-05
595 3.51071293967e-05
596 3.47206890174e-05
597 3.42957690959e-05
598 3.39058682281e-05
599 3.34386713537e-05
600 4.95990158208e-05
601 4.75648618528e-05
602 4.56241133861e-05
603 4.68192507363e-05
604 4.59327935597e-05
605 4.57479859651e-05
606 4.6148437124e-05
607 4.65602434304e-05
608 4.63997235399e-05
609 4.61145675299e-05
610 4.65261935234e-05
611 4.59418087458e-05
612 4.62762078371e-05
613 4.54226138469e-05
614 4.53872076932e-05
615 4.52947768573e-05
616 4.49850524401e-05
617 4.50192096835e-05
618 4.43716397918e-05
619 4.40674121757e-05
620 4.43788511447e-05
621 4.43010175384e-05
622 4.38590835982e-05
623 4.33639398875e-05
624 4.32260710382e-05
625 4.28923598981e-05
626 4.2323081721e-05
627 4.19664281351e-05
628 4.18207396512e-05
629 4.14803139004e-05
630 4.08600646383e-05
631 4.07395672198e-05
632 4.0616397398e-05
633 4.00927132703e-05
634 3.96324267215e-05
635 3.91990040982e-05
636 3.89333487315e-05
637 3.85482956449e-05
638 3.82737302359e-05
639 3.78369164224e-05
640 3.74224867178e-05
641 3.70490837447e-05
642 3.66214014578e-05
643 3.61162097533e-05
644 3.56221176737e-05
645 3.51036018107e-05
646 3.47087490406e-05
647 3.43029991954e-05
648 3.38932360277e-05
649 3.34392621515e-05
650 4.96703996736e-05
651 4.76191836847e-05
652 4.56383687061e-05
653 4.68093574472e-05
654 4.59436537761e-05
655 4.57434580562e-05
656 4.61670375686e-05
657 4.65507530608e-05
658 4.64177505612e-05
659 4.6123807262e-05
660 4.6556332187e-05
661 4.59508629912e-05
662 4.62682333796e-05
663 4.54314774496e-05
664 4.54029399316e-05
665 4.52949187096e-05
666 4.50058700684e-05
667 4.50251729858e-05
668 4.43758152006e-05
669 4.40690197801e-05
670 4.43862820359e-05
671 4.43119008982e-05
672 4.38588229174e-05
673 4.33853737326e-05
674 4.32249530784e-05
675 4.28941814641e-05
676 4.23404310512e-05
677 4.19674368573e-05
678 4.18389619801e-05
679 4.15003966355e-05
680 4.08993073253e-05
681 4.07835505587e-05
682 4.06445303147e-05
683 4.01055966043e-05
684 3.96593118147e-05
685 3.92219165022e-05
686 3.89387404497e-05
687 3.85542885777e-05
688 3.82861620584e-05
689 3.78350556363e-05
690 3.74158477259e-05
691 3.70494244745e-05
692 3.6620963165e-05
693 3.61011537874e-05
694 3.56128690671e-05
695 3.50821233311e-05
696 3.46988677245e-05
697 3.42819279018e-05
698 3.38620961967e-05
699 3.34149385294e-05
700 4.96350492604e-05
701 4.76198489221e-05
702 4.56725899448e-05
703 4.68167431218e-05
704 4.60059783038e-05
705 4.57669798687e-05
706 4.6190652774e-05
707 4.65693421409e-05
708 4.64262597037e-05
709 4.61480798659e-05
710 4.65837874801e-05
711 4.59666313868e-05
712 4.62866394824e-05
713 4.5446217282e-05
714 4.5420092024e-05
715 4.53187065871e-05
716 4.50283646638e-05
717 4.50243734264e-05
718 4.44040394504e-05
719 4.40879484939e-05
720 4.44026444405e-05
721 4.43148262495e-05
722 4.38634213227e-05
723 4.33899742032e-05
724 4.32280539583e-05
725 4.28900525183e-05
726 4.23506487312e-05
727 4.19668028185e-05
728 4.18362178087e-05
729 4.14898022043e-05
730 4.08865190998e-05
731 4.07606643209e-05
732 4.06265881247e-05
733 4.00870765618e-05
734 3.96549837603e-05
735 3.9214239953e-05
736 3.89253468658e-05
737 3.85421599024e-05
738 3.82749504788e-05
739 3.78161527116e-05
740 3.74166503481e-05
741 3.70446561632e-05
742 3.66319688826e-05
743 3.61023024209e-05
744 3.56113467184e-05
745 3.50752814237e-05
746 3.47001035346e-05
747 3.42813129555e-05
748 3.38596752641e-05
749 3.34071969773e-05
750 4.96771755113e-05
751 4.76879643549e-05
752 4.56855086628e-05
753 4.68562229836e-05
754 4.60284080001e-05
755 4.57978295742e-05
756 4.62192658144e-05
757 4.66142588076e-05
758 4.64459393225e-05
759 4.61827955347e-05
760 4.6603324434e-05
761 4.60178342838e-05
762 4.63114969875e-05
763 4.54755902819e-05
764 4.54513579655e-05
765 4.53469955514e-05
766 4.50554888466e-05
767 4.50595344271e-05
768 4.44244523607e-05
769 4.41217134901e-05
770 4.44232415034e-05
771 4.4346160548e-05
772 4.3903792016e-05
773 4.34136501256e-05
774 4.32499562929e-05
775 4.28955063577e-05
776 4.23658246591e-05
777 4.19989291147e-05
778 4.18658843181e-05
779 4.14928618547e-05
780 4.08999683137e-05
781 4.07742793242e-05
782 4.06387818722e-05
783 4.00967430768e-05
784 3.96465860527e-05
785 3.92015837005e-05
786 3.89130544205e-05
787 3.8519565077e-05
788 3.82736406997e-05
789 3.78022488358e-05
790 3.74121225075e-05
791 3.70402780293e-05
792 3.66288560942e-05
793 3.61009395829e-05
794 3.5601352661e-05
795 3.50703047759e-05
796 3.4697499014e-05
797 3.4266990748e-05
798 3.3849105685e-05
799 3.33931060533e-05
800 4.96716697087e-05
801 4.76900181181e-05
802 4.57066360687e-05
803 4.69138200921e-05
804 4.60484125653e-05
805 4.58507324537e-05
806 4.62636477454e-05
807 4.66646366327e-05
808 4.64825985018e-05
809 4.62146808994e-05
810 4.66337860245e-05
811 4.60273733379e-05
812 4.63487786459e-05
813 4.5512699706e-05
814 4.54794849712e-05
815 4.5384333876e-05
816 4.50927286605e-05
817 4.5082523095e-05
818 4.44599707842e-05
819 4.41619023635e-05
820 4.44389820891e-05
821 4.43745513573e-05
822 4.39283912333e-05
823 4.34332700359e-05
824 4.32691462884e-05
825 4.29363667692e-05
826 4.2379333343e-05
827 4.20174180911e-05
828 4.18806712203e-05
829 4.15164207439e-05
830 4.09055627435e-05
831 4.07992399283e-05
832 4.06556422946e-05
833 4.0111716371e-05
834 3.96315672566e-05
835 3.92252625828e-05
836 3.89291874632e-05
837 3.85459849669e-05
838 3.82806547627e-05
839 3.7819144206e-05
840 3.741649213e-05
841 3.70343654565e-05
842 3.66086548684e-05
843 3.60938309168e-05
844 3.55909499306e-05
845 3.50638728938e-05
846 3.46875834726e-05
847 3.42559987563e-05
848 3.38338259396e-05
849 3.33840039762e-05
850 4.96799268151e-05
851 4.77452191958e-05
852 4.5732359074e-05
853 4.69328221707e-05
854 4.60785418865e-05
855 4.58783820912e-05
856 4.62952202316e-05
857 4.66996051899e-05
858 4.65181199846e-05
859 4.62466296219e-05
860 4.66567666577e-05
861 4.60539567446e-05
862 4.637295579e-05
863 4.55430385772e-05
864 4.54997743262e-05
865 4.54218002411e-05
866 4.51285114289e-05
867 4.51115369251e-05
868 4.44827913746e-05
869 4.41814406891e-05
870 4.44686557235e-05
871 4.4390132188e-05
872 4.39338293881e-05
873 4.34575433914e-05
874 4.32872564216e-05
875 4.29509636778e-05
876 4.23800419367e-05
877 4.20346005906e-05
878 4.18909794442e-05
879 4.15217010972e-05
880 4.09017672153e-05
881 4.08038269573e-05
882 4.06653490358e-05
883 4.01322070939e-05
884 3.96467759463e-05
885 3.92380425957e-05
886 3.89249162131e-05
887 3.85503285287e-05
888 3.82722952566e-05
889 3.78059751854e-05
890 3.74207154221e-05
891 3.70328132695e-05
892 3.66091935907e-05
893 3.61001421567e-05
894 3.55875183334e-05
895 3.50672868363e-05
896 3.46769653518e-05
897 3.42516256484e-05
898 3.3823397851e-05
899 3.33695741916e-05
900 4.97905618737e-05
901 4.77320059996e-05
902 4.57626848794e-05
903 4.69816179444e-05
904 4.61296088262e-05
905 4.59036045699e-05
906 4.63215771943e-05
907 4.67400217532e-05
908 4.65404792883e-05
909 4.62885677495e-05
910 4.6707002194e-05
911 4.60662509106e-05
912 4.64014228708e-05
913 4.55530412499e-05
914 4.55317935866e-05
915 4.54318151779e-05
916 4.51649570991e-05
917 4.51216812594e-05
918 4.45025604703e-05
919 4.4207752592e-05
920 4.44876450772e-05
921 4.43963498441e-05
922 4.39625302305e-05
923 4.34699439455e-05
924 4.33024464664e-05
925 4.29673860162e-05
926 4.24053156406e-05
927 4.20604033121e-05
928 4.19165829363e-05
929 4.15581268168e-05
930 4.09345261815e-05
931 4.08302372761e-05
932 4.06946546147e-05
933 4.0151297204e-05
934 3.96860534221e-05
935 3.92679675742e-05
936 3.89504626938e-05
937 3.85809051984e-05
938 3.82949850641e-05
939 3.78199272144e-05
940 3.74192824029e-05
941 3.70369574532e-05
942 3.66033390308e-05
943 3.60928147713e-05
944 3.55761638331e-05
945 3.50476718921e-05
946 3.46677993251e-05
947 3.42340613487e-05
948 3.38077518307e-05
949 3.33496063289e-05
950 4.97930400579e-05
951 4.7803098199e-05
952 4.58186792944e-05
953 4.70234611335e-05
954 4.61596875155e-05
955 4.59550897937e-05
956 4.63589007166e-05
957 4.67894198039e-05
958 4.65741251921e-05
959 4.63432828377e-05
960 4.67340307008e-05
961 4.61030627218e-05
962 4.64445090176e-05
963 4.55924351252e-05
964 4.55890654984e-05
965 4.54676853565e-05
966 4.52056959941e-05
967 4.51617961203e-05
968 4.45409621286e-05
969 4.42529510613e-05
970 4.45234947063e-05
971 4.44271309334e-05
972 4.39908064494e-05
973 4.35034357123e-05
974 4.3325392687e-05
975 4.2989190191e-05
976 4.24324580065e-05
977 4.20694269745e-05
978 4.19265592932e-05
979 4.1552963952e-05
980 4.09241760524e-05
981 4.0820724744e-05
982 4.06914000364e-05
983 4.01347169189e-05
984 3.96670411316e-05
985 3.9250512534e-05
986 3.89276663152e-05
987 3.85603186489e-05
988 3.82673950464e-05
989 3.77855690606e-05
990 3.74131721471e-05
991 3.70299393612e-05
992 3.66046023017e-05
993 3.60862534457e-05
994 3.55737302474e-05
995 3.50450502594e-05
996 3.46678105058e-05
997 3.42401132492e-05
998 3.3800529269e-05
999 3.33510666411e-05
1000 4.98103503295e-05
1001 4.78843686599e-05
1002 4.58461204886e-05
1003 4.70416037997e-05
1004 4.61758660502e-05
1005 4.59815169249e-05
1006 4.63881239419e-05
1007 4.68150681567e-05
1008 4.65939014198e-05
1009 4.6372480213e-05
1010 4.67669319113e-05
1011 4.61413628416e-05
1012 4.64638203077e-05
1013 4.56122124362e-05
1014 4.5616659811e-05
1015 4.55050033724e-05
1016 4.52220327841e-05
1017 4.51916331529e-05
1018 4.45627401855e-05
1019 4.42841248152e-05
1020 4.45231257828e-05
1021 4.44472881806e-05
1022 4.40104920684e-05
1023 4.3527617338e-05
1024 4.33268259759e-05
1025 4.30126206449e-05
1026 4.24478176013e-05
1027 4.20917282989e-05
1028 4.19503629126e-05
1029 4.158655087e-05
1030 4.09483337743e-05
1031 4.08471099436e-05
1032 4.07164462583e-05
1033 4.01500863414e-05
1034 3.96665040417e-05
1035 3.92418692403e-05
1036 3.89155521394e-05
1037 3.85539897806e-05
1038 3.82852094149e-05
1039 3.77996336859e-05
1040 3.74175402871e-05
1041 3.70266348541e-05
1042 3.66002713259e-05
1043 3.60817019171e-05
1044 3.55677488312e-05
1045 3.50285151419e-05
1046 3.46517850748e-05
1047 3.42168981972e-05
1048 3.37727323977e-05
1049 3.33153610405e-05
1050 4.98803944115e-05
1051 4.7924402402e-05
1052 4.59140527311e-05
1053 4.70973071154e-05
1054 4.62527750871e-05
1055 4.60380013667e-05
1056 4.64561496316e-05
1057 4.68771281067e-05
1058 4.66571437466e-05
1059 4.64330813697e-05
1060 4.68340423364e-05
1061 4.62007904339e-05
1062 4.65259778952e-05
1063 4.56841729723e-05
1064 4.56627535145e-05
1065 4.55671652348e-05
1066 4.52799157927e-05
1067 4.52463822159e-05
1068 4.46194194605e-05
1069 4.43453171835e-05
1070 4.45797582622e-05
1071 4.45005575943e-05
1072 4.4050402035e-05
1073 4.35827960609e-05
1074 4.336186784e-05
1075 4.30621917394e-05
1076 4.24797347511e-05
1077 4.21286872737e-05
1078 4.1981950316e-05
1079 4.16134822814e-05
1080 4.09705782399e-05
1081 4.08751431493e-05
1082 4.07262763124e-05
1083 4.01500368358e-05
1084 3.96832962347e-05
1085 3.92794162974e-05
1086 3.89483538233e-05
1087 3.85896375758e-05
1088 3.82866218863e-05
1089 3.78065252563e-05
1090 3.74132697932e-05
1091 3.70237146635e-05
1092 3.65968924556e-05
1093 3.60838701128e-05
1094 3.55649883229e-05
1095 3.50298764256e-05
1096 3.46482389086e-05
1097 3.42198454083e-05
1098 3.37714999719e-05
1099 3.33084730069e-05
1100 4.98906916747e-05
1101 4.79635520094e-05
1102 4.59661941239e-05
1103 4.71643487257e-05
1104 4.6309324247e-05
1105 4.60824667587e-05
1106 4.64850518015e-05
1107 4.69201403449e-05
1108 4.66931424599e-05
1109 4.64763245239e-05
1110 4.6881061398e-05
1111 4.62395353635e-05
1112 4.65687856166e-05
1113 4.57228387632e-05
1114 4.57068062872e-05
1115 4.56081576246e-05
1116 4.53329397526e-05
1117 4.52705802672e-05
1118 4.46549247256e-05
1119 4.43743040156e-05
1120 4.46174015957e-05
1121 4.45307246637e-05
1122 4.40911194519e-05
1123 4.36160488721e-05
1124 4.34041987893e-05
1125 4.30954515293e-05
1126 4.25058521866e-05
1127 4.21569975866e-05
1128 4.20120255078e-05
1129 4.1639005204e-05
1130 4.09937660995e-05
1131 4.09050057351e-05
1132 4.07685900725e-05
1133 4.02114486274e-05
1134 3.97225938609e-05
1135 3.93210749337e-05
1136 3.89709206606e-05
1137 3.86070633832e-05
1138 3.83107491995e-05
1139 3.7809336704e-05
1140 3.74222337549e-05
1141 3.7024731394e-05
1142 3.66000058573e-05
1143 3.60828270558e-05
1144 3.55474106048e-05
1145 3.50200601357e-05
1146 3.46260719169e-05
1147 3.4198365417e-05
1148 3.37484265946e-05
1149 3.3288084021e-05
1150 4.99987798375e-05
1151 4.80095184629e-05
1152 4.60194068712e-05
1153 4.72090823081e-05
1154 4.63540309788e-05
1155 4.61074586705e-05
1156 4.65201844475e-05
1157 4.69541484055e-05
1158 4.672050158e-05
1159 4.65115757125e-05
1160 4.69089017046e-05
1161 4.6270659918e-05
1162 4.66049851725e-05
1163 4.57552635734e-05
1164 4.57466227255e-05
1165 4.56321681235e-05
1166 4.53598554747e-05
1167 4.52820562231e-05
1168 4.4679908024e-05
1169 4.44088008995e-05
1170 4.46447198993e-05
1171 4.45492695058e-05
1172 4.4118692338e-05
1173 4.36290652449e-05
1174 4.34151341049e-05
1175 4.31043578616e-05
1176 4.25268354281e-05
1177 4.2176476229e-05
1178 4.20179401669e-05
1179 4.16509486612e-05
1180 4.09951015513e-05
1181 4.09053963022e-05
1182 4.07644799275e-05
1183 4.0189467963e-05
1184 3.97055895615e-05
1185 3.92966515257e-05
1186 3.89486650461e-05
1187 3.85842759084e-05
1188 3.82810418348e-05
1189 3.78001126431e-05
1190 3.74116715358e-05
1191 3.70063927073e-05
1192 3.65880594482e-05
1193 3.60780929685e-05
1194 3.55459609833e-05
1195 3.50115649407e-05
1196 3.46199198923e-05
1197 3.41957942101e-05
1198 3.37505608051e-05
1199 3.32700732625e-05
1200 5.00494190734e-05
1201 4.80633342641e-05
1202 4.60694599609e-05
1203 4.72342648124e-05
1204 4.63966690777e-05
1205 4.61444768497e-05
1206 4.65691918324e-05
1207 4.7011622274e-05
1208 4.67606112548e-05
1209 4.65543473395e-05
1210 4.69582504697e-05
1211 4.63068285261e-05
1212 4.66515689209e-05
1213 4.57834493952e-05
1214 4.5794687634e-05
1215 4.56729847022e-05
1216 4.54086969207e-05
1217 4.53220575449e-05
1218 4.47280063896e-05
1219 4.44447321446e-05
1220 4.46689633995e-05
1221 4.45838735057e-05
1222 4.41440703282e-05
1223 4.36515880838e-05
1224 4.34300113121e-05
1225 4.31294173297e-05
1226 4.25489517647e-05
1227 4.21968521979e-05
1228 4.20387093344e-05
1229 4.16676019117e-05
1230 4.10015641636e-05
1231 4.09190416493e-05
1232 4.07786015332e-05
1233 4.01950154932e-05
1234 3.97040687328e-05
1235 3.92983799918e-05
1236 3.89465258694e-05
1237 3.85797308498e-05
1238 3.82985127733e-05
1239 3.78144220159e-05
1240 3.74195711363e-05
1241 3.70094878123e-05
1242 3.65853401661e-05
1243 3.60754525367e-05
1244 3.55374685877e-05
1245 3.50019317312e-05
1246 3.4610344841e-05
1247 3.41703801647e-05
1248 3.37196688798e-05
1249 3.32459615903e-05
1250 5.00873345147e-05
1251 4.81022847292e-05
1252 4.61169594322e-05
1253 4.72697466936e-05
1254 4.64305772784e-05
1255 4.61926958555e-05
1256 4.66222661045e-05
1257 4.70547661229e-05
1258 4.6802925718e-05
1259 4.66070586919e-05
1260 4.69977243399e-05
1261 4.63507143597e-05
1262 4.66982484264e-05
1263 4.58225681566e-05
1264 4.58302756759e-05
1265 4.57196870531e-05
1266 4.54502799617e-05
1267 4.53412106564e-05
1268 4.47522508402e-05
1269 4.44754831448e-05
1270 4.46938385074e-05
1271 4.45946951851e-05
1272 4.41595287775e-05
1273 4.36772664352e-05
1274 4.3445784403e-05
1275 4.31450011954e-05
1276 4.25602113724e-05
1277 4.22042271489e-05
1278 4.20594545402e-05
1279 4.16726670856e-05
1280 4.10124462488e-05
1281 4.09306762418e-05
1282 4.07781430004e-05
1283 4.01924166525e-05
1284 3.97042622414e-05
1285 3.93088311764e-05
1286 3.89579874025e-05
1287 3.85939074727e-05
1288 3.82905587053e-05
1289 3.77915985669e-05
1290 3.73958112664e-05
1291 3.69886842156e-05
1292 3.65634727645e-05
1293 3.60568274892e-05
1294 3.55179330051e-05
1295 3.49863051115e-05
1296 3.45963452763e-05
1297 3.41646397994e-05
1298 3.3703936702e-05
1299 3.32339683619e-05
1300 5.01027821862e-05
1301 4.81336780864e-05
1302 4.61562791531e-05
1303 4.73112769119e-05
1304 4.64716230502e-05
1305 4.62292135156e-05
1306 4.66387389615e-05
1307 4.70916171431e-05
1308 4.68230858613e-05
1309 4.66367066894e-05
1310 4.70216210514e-05
1311 4.63877206202e-05
1312 4.67346290837e-05
1313 4.58624317032e-05
1314 4.5870588036e-05
1315 4.57434328285e-05
1316 4.54884120425e-05
1317 4.53901924346e-05
1318 4.4808965328e-05
1319 4.45330348053e-05
1320 4.47428724965e-05
1321 4.46551430094e-05
1322 4.42130548125e-05
1323 4.37456282285e-05
1324 4.34903676377e-05
1325 4.31901932575e-05
1326 4.26127587838e-05
1327 4.22444324494e-05
1328 4.20969319182e-05
1329 4.1698561017e-05
1330 4.10367795777e-05
1331 4.09571158165e-05
1332 4.08042199195e-05
1333 4.02180595947e-05
1334 3.97380953945e-05
1335 3.93294458839e-05
1336 3.89677984762e-05
1337 3.86003263624e-05
1338 3.8309849188e-05
1339 3.7810081371e-05
1340 3.74080175405e-05
1341 3.7001757826e-05
1342 3.65669309787e-05
1343 3.60553794443e-05
1344 3.55039458025e-05
1345 3.49664970118e-05
1346 3.45666209085e-05
1347 3.4125970394e-05
1348 3.36624940281e-05
1349 3.31876334898e-05
1350 5.01829659368e-05
1351 4.82282731751e-05
1352 4.62694820889e-05
1353 4.74130758279e-05
1354 4.65643547308e-05
1355 4.63044012485e-05
1356 4.67173415983e-05
1357 4.71696323919e-05
1358 4.68896412128e-05
1359 4.67107576003e-05
1360 4.70949481708e-05
1361 4.64505687315e-05
1362 4.68043184313e-05
1363 4.59243543476e-05
1364 4.59273635666e-05
1365 4.58034744043e-05
1366 4.55263692571e-05
1367 4.54311054678e-05
1368 4.48441826803e-05
1369 4.45587366485e-05
1370 4.47554693289e-05
1371 4.46563011945e-05
1372 4.42103635033e-05
1373 4.37421283422e-05
1374 4.34901973197e-05
1375 4.31869725985e-05
1376 4.26084034287e-05
1377 4.22428950415e-05
1378 4.21091380237e-05
1379 4.17103896666e-05
1380 4.10401185149e-05
1381 4.09624385621e-05
1382 4.08145283749e-05
1383 4.02196590542e-05
1384 3.97419289386e-05
1385 3.93461929556e-05
1386 3.89724914948e-05
1387 3.86028855322e-05
1388 3.82973816188e-05
1389 3.7788078756e-05
1390 3.73858013058e-05
1391 3.69835740512e-05
1392 3.65506676424e-05
1393 3.60437202629e-05
1394 3.54942294594e-05
1395 3.49582925956e-05
1396 3.45643590326e-05
1397 3.41235089578e-05
1398 3.36542555519e-05
1399 3.31674277447e-05
1400 5.02413112616e-05
1401 4.82892101596e-05
1402 4.63069861554e-05
1403 4.74398209127e-05
1404 4.6613810088e-05
1405 4.63322161067e-05
1406 4.67442174145e-05
1407 4.71881572377e-05
1408 4.6933427085e-05
1409 4.67530864549e-05
1410 4.71235352256e-05
1411 4.64946031834e-05
1412 4.68488848505e-05
1413 4.5966752113e-05
1414 4.5970275437e-05
1415 4.58373290024e-05
1416 4.55538189415e-05
1417 4.54576665934e-05
1418 4.48743972239e-05
1419 4.45942727589e-05
1420 4.4797174917e-05
1421 4.47031472164e-05
1422 4.42549621534e-05
1423 4.37905195741e-05
1424 4.35249026414e-05
1425 4.32270452003e-05
1426 4.26537585671e-05
1427 4.22717546576e-05
1428 4.21198427373e-05
1429 4.17260480852e-05
1430 4.10553894709e-05
1431 4.09736514175e-05
1432 4.083224071e-05
1433 4.02169174729e-05
1434 3.97454302511e-05
1435 3.93481811664e-05
1436 3.896863747e-05
1437 3.86019132056e-05
1438 3.8301244563e-05
1439 3.78003107176e-05
1440 3.73926965946e-05
1441 3.69775841344e-05
1442 3.65496778953e-05
1443 3.60443569047e-05
1444 3.5480226272e-05
1445 3.49323932582e-05
1446 3.45273921681e-05
1447 3.40998672944e-05
1448 3.3626062317e-05
1449 3.31375706437e-05
1450 5.02912711449e-05
1451 4.83353122741e-05
1452 4.63386368562e-05
1453 4.74828331956e-05
1454 4.66708084072e-05
1455 4.6359504682e-05
1456 4.6782264871e-05
1457 4.72337641161e-05
1458 4.69587867796e-05
1459 4.67984607915e-05
1460 4.71615820136e-05
1461 4.65402947717e-05
1462 4.68822831814e-05
1463 4.59985928207e-05
1464 4.60028047944e-05
1465 4.58745287203e-05
1466 4.56188279552e-05
1467 4.55038250228e-05
1468 4.4931320507e-05
1469 4.46491780592e-05
1470 4.4842739086e-05
1471 4.47437617726e-05
1472 4.42889320334e-05
1473 4.38221663937e-05
1474 4.35565990717e-05
1475 4.3259795347e-05
1476 4.26808915719e-05
1477 4.23022853213e-05
1478 4.21465947408e-05
1479 4.17450326621e-05
1480 4.10683063695e-05
1481 4.09813778894e-05
1482 4.08399493764e-05
1483 4.02104593511e-05
1484 3.973557178e-05
1485 3.93459097709e-05
1486 3.89506531579e-05
1487 3.85993546382e-05
1488 3.82921289623e-05
1489 3.77906529923e-05
1490 3.73728937327e-05
1491 3.69551150019e-05
1492 3.65255155287e-05
1493 3.60234028691e-05
1494 3.54502242189e-05
1495 3.4914365115e-05
1496 3.451691994e-05
1497 3.40878669353e-05
1498 3.3606147384e-05
1499 3.31067115192e-05
1500 5.03405624079e-05
1501 4.83657379654e-05
1502 4.63929455394e-05
1503 4.75379435205e-05
1504 4.67146085586e-05
1505 4.64151450453e-05
1506 4.68311054809e-05
1507 4.72918573199e-05
1508 4.70073157036e-05
1509 4.68569129303e-05
1510 4.72137630766e-05
1511 4.65876410604e-05
1512 4.69350250124e-05
1513 4.60301990599e-05
1514 4.60587897191e-05
1515 4.59238895863e-05
1516 4.56584504352e-05
1517 4.55314178801e-05
1518 4.4969182124e-05
1519 4.46781664705e-05
1520 4.48760857514e-05
1521 4.47688203422e-05
1522 4.4316644218e-05
1523 4.38445782889e-05
1524 4.35762555604e-05
1525 4.32701051103e-05
1526 4.26950447179e-05
1527 4.23234069513e-05
1528 4.21650126578e-05
1529 4.17661662898e-05
1530 4.10873445887e-05
1531 4.10121563092e-05
1532 4.086018584e-05
1533 4.02311571587e-05
1534 3.97516209845e-05
1535 3.93443098676e-05
1536 3.89680423186e-05
1537 3.85907660223e-05
1538 3.82845480523e-05
1539 3.77732164416e-05
1540 3.73579110307e-05
1541 3.69454293147e-05
1542 3.65135630365e-05
1543 3.60056000739e-05
1544 3.54330412103e-05
1545 3.48915033162e-05
1546 3.44789824282e-05
1547 3.40490459465e-05
1548 3.35626886624e-05
1549 3.30588941392e-05
1550 5.03858164862e-05
1551 4.84045622493e-05
1552 4.6477015136e-05
1553 4.76123501297e-05
1554 4.67831407468e-05
1555 4.64919482966e-05
1556 4.69000600044e-05
1557 4.73578576704e-05
1558 4.70607324454e-05
1559 4.69140034611e-05
1560 4.72631779923e-05
1561 4.66283192766e-05
1562 4.69813626518e-05
1563 4.60673334452e-05
1564 4.61000341453e-05
1565 4.595881235e-05
1566 4.56926693896e-05
1567 4.5554384614e-05
1568 4.50090490413e-05
1569 4.47257938746e-05
1570 4.49026980895e-05
1571 4.47987147009e-05
1572 4.43473040223e-05
1573 4.38852620385e-05
1574 4.36195035379e-05
1575 4.33057835913e-05
1576 4.27367123742e-05
1577 4.23405756529e-05
1578 4.2187359459e-05
1579 4.17744006907e-05
1580 4.10921408205e-05
1581 4.10044436731e-05
1582 4.08591845787e-05
1583 4.02233782683e-05
1584 3.97783775227e-05
1585 3.93815590835e-05
1586 3.89712858768e-05
1587 3.85964446132e-05
1588 3.82945886371e-05
1589 3.77795896096e-05
1590 3.73501119913e-05
1591 3.69288472597e-05
1592 3.64859650662e-05
1593 3.59772656432e-05
1594 3.54062866585e-05
1595 3.48631210018e-05
1596 3.44474859901e-05
1597 3.4004072385e-05
1598 3.35231717318e-05
1599 3.30352286419e-05
1600 5.04324479683e-05
1601 4.85063999751e-05
1602 4.65397909313e-05
1603 4.76741126243e-05
1604 4.68385168966e-05
1605 4.65586890233e-05
1606 4.69523484282e-05
1607 4.74032372315e-05
1608 4.71173300325e-05
1609 4.69643310301e-05
1610 4.73122664498e-05
1611 4.66974751151e-05
1612 4.70463053572e-05
1613 4.61363236108e-05
1614 4.61682745524e-05
1615 4.6018705533e-05
1616 4.57449161556e-05
1617 4.56143872329e-05
1618 4.50630485983e-05
1619 4.47700884381e-05
1620 4.49466056925e-05
1621 4.48329539774e-05
1622 4.43853844798e-05
1623 4.39031025813e-05
1624 4.36371200573e-05
1625 4.33244776572e-05
1626 4.27521417048e-05
1627 4.23564802662e-05
1628 4.22072724283e-05
1629 4.17904979683e-05
1630 4.10966744164e-05
1631 4.10148508967e-05
1632 4.08648727319e-05
1633 4.02230588656e-05
1634 3.97605566755e-05
1635 3.93586183387e-05
1636 3.89475419932e-05
1637 3.85714531654e-05
1638 3.82643465565e-05
1639 3.77425614779e-05
1640 3.7315141869e-05
1641 3.68967505727e-05
1642 3.64558537257e-05
1643 3.59544180753e-05
1644 3.53858997092e-05
1645 3.48408369988e-05
1646 3.44288576227e-05
1647 3.40018979734e-05
1648 3.35051423762e-05
1649 3.30002097923e-05
1650 5.0517642308e-05
1651 4.85707398318e-05
1652 4.65909721266e-05
1653 4.77256930772e-05
1654 4.68880593681e-05
1655 4.65926671233e-05
1656 4.69918926264e-05
1657 4.74384034029e-05
1658 4.71496764581e-05
1659 4.70327971116e-05
1660 4.7356160471e-05
1661 4.67515764236e-05
1662 4.70860350853e-05
1663 4.61836610163e-05
1664 4.62119777525e-05
1665 4.60605441069e-05
1666 4.57952153249e-05
1667 4.56576342777e-05
1668 4.51157352661e-05
1669 4.48247038087e-05
1670 4.50025496261e-05
1671 4.48848110486e-05
1672 4.44324730438e-05
1673 4.39609990432e-05
1674 4.36842183391e-05
1675 4.33694605501e-05
1676 4.27980633495e-05
1677 4.23898899047e-05
1678 4.22452884617e-05
1679 4.18272126902e-05
1680 4.11266714779e-05
1681 4.10298962109e-05
1682 4.08748906337e-05
1683 4.02281830536e-05
1684 3.97668962705e-05
1685 3.9367919399e-05
1686 3.89496274792e-05
1687 3.857768393e-05
1688 3.82626191661e-05
1689 3.77555858795e-05
1690 3.7325084493e-05
1691 3.68994951424e-05
1692 3.64528067254e-05
1693 3.59534667681e-05
1694 3.5361965493e-05
1695 3.48170647751e-05
1696 3.4399905524e-05
1697 3.39627907345e-05
1698 3.3469645904e-05
1699 3.29650653973e-05
1700 5.05604016208e-05
1701 4.86306180849e-05
1702 4.66633781033e-05
1703 4.77983490836e-05
1704 4.69599092527e-05
1705 4.66476771475e-05
1706 4.70512541652e-05
1707 4.74920483539e-05
1708 4.72027199206e-05
1709 4.70907007213e-05
1710 4.74076751113e-05
1711 4.67990871461e-05
1712 4.71328972867e-05
1713 4.62281589255e-05
1714 4.62494478099e-05
1715 4.61002812379e-05
1716 4.58338075102e-05
1717 4.56832308888e-05
1718 4.51461799334e-05
1719 4.48502506789e-05
1720 4.50114558644e-05
1721 4.48871978369e-05
1722 4.44303567025e-05
1723 4.39588005081e-05
1724 4.36835694231e-05
1725 4.33623064043e-05
1726 4.28039742036e-05
1727 4.23837582139e-05
1728 4.22375642737e-05
1729 4.18175893325e-05
1730 4.11146430705e-05
1731 4.1024672755e-05
1732 4.08870685689e-05
1733 4.0245280211e-05
1734 3.97731709068e-05
1735 3.93583733371e-05
1736 3.89507291082e-05
1737 3.85882850505e-05
1738 3.82747845468e-05
1739 3.77600946276e-05
1740 3.73180175108e-05
1741 3.68929877982e-05
1742 3.64445476966e-05
1743 3.59475298097e-05
1744 3.53502894363e-05
1745 3.48034817146e-05
1746 3.43689174897e-05
1747 3.392736666e-05
1748 3.34156107098e-05
1749 3.29000766978e-05
1750 5.05955260201e-05
1751 4.86508277946e-05
1752 4.6726671934e-05
1753 4.78618339629e-05
1754 4.70198625236e-05
1755 4.67057214452e-05
1756 4.70935124514e-05
1757 4.7542839695e-05
1758 4.72485216869e-05
1759 4.71369116356e-05
1760 4.74530866712e-05
1761 4.68351624536e-05
1762 4.71731498862e-05
1763 4.62678820757e-05
1764 4.62869144705e-05
1765 4.61444378203e-05
1766 4.5871052018e-05
1767 4.57285490752e-05
1768 4.51982975954e-05
1769 4.49078716808e-05
1770 4.50525744254e-05
1771 4.49556201367e-05
1772 4.44934924931e-05
1773 4.40263619109e-05
1774 4.37389461653e-05
1775 4.34203934899e-05
1776 4.28545928504e-05
1777 4.24223632961e-05
1778 4.22717903655e-05
1779 4.18572822642e-05
1780 4.11524765053e-05
1781 4.10598411748e-05
1782 4.09105825657e-05
1783 4.02505164712e-05
1784 3.97786284755e-05
1785 3.93704984847e-05
1786 3.89390082053e-05
1787 3.85669476883e-05
1788 3.82466652857e-05
1789 3.77192055226e-05
1790 3.72784047541e-05
1791 3.68525430825e-05
1792 3.64004554246e-05
1793 3.58985882497e-05
1794 3.53001221595e-05
1795 3.47564114413e-05
1796 3.43265735235e-05
1797 3.38990962906e-05
1798 3.33938649188e-05
1799 3.28772272706e-05
1800 5.0656633997e-05
1801 4.87467883785e-05
1802 4.68188092522e-05
1803 4.79600582642e-05
1804 4.71161796477e-05
1805 4.68035754482e-05
1806 4.71774370677e-05
1807 4.76272434508e-05
1808 4.73356801719e-05
1809 4.72259159816e-05
1810 4.75347193834e-05
1811 4.69230403372e-05
1812 4.7250608394e-05
1813 4.6336151845e-05
1814 4.63644322733e-05
1815 4.6207083235e-05
1816 4.59246758711e-05
1817 4.5774261922e-05
1818 4.52518953493e-05
1819 4.4962079233e-05
1820 4.50892474988e-05
1821 4.49800885445e-05
1822 4.45190393309e-05
1823 4.40472222706e-05
1824 4.37621376037e-05
1825 4.34402798943e-05
1826 4.28764507045e-05
1827 4.24411415424e-05
1828 4.22891281716e-05
1829 4.1867176379e-05
1830 4.11500490813e-05
1831 4.10570791493e-05
1832 4.08990794824e-05
1833 4.02410681122e-05
1834 3.97909243648e-05
1835 3.93999721227e-05
1836 3.89505022219e-05
1837 3.85728942949e-05
1838 3.82405979785e-05
1839 3.7717263026e-05
1840 3.72634431043e-05
1841 3.68354487923e-05
1842 3.63755014728e-05
1843 3.58837306898e-05
1844 3.52776343193e-05
1845 3.47312766616e-05
1846 3.42986226171e-05
1847 3.385847525e-05
1848 3.33456978807e-05
1849 3.28225645675e-05
1850 5.07019253638e-05
1851 4.88548277705e-05
1852 4.68691389548e-05
1853 4.80205605564e-05
1854 4.71582584284e-05
1855 4.68519973144e-05
1856 4.72101573358e-05
1857 4.76660402089e-05
1858 4.7370436094e-05
1859 4.72666438065e-05
1860 4.75616946557e-05
1861 4.69745525763e-05
1862 4.72951703428e-05
1863 4.63980563586e-05
1864 4.64293274461e-05
1865 4.62723688744e-05
1866 4.59928088466e-05
1867 4.58277037123e-05
1868 4.53069923532e-05
1869 4.50278570958e-05
1870 4.51424097746e-05
1871 4.50157599148e-05
1872 4.45669711486e-05
1873 4.40858056719e-05
1874 4.37960987722e-05
1875 4.34629833814e-05
1876 4.28987064717e-05
1877 4.2450747898e-05
1878 4.22976530098e-05
1879 4.18709643174e-05
1880 4.11552656129e-05
1881 4.10577866087e-05
1882 4.09001795398e-05
1883 4.02466205907e-05
1884 3.97862047133e-05
1885 3.93852868346e-05
1886 3.89205017322e-05
1887 3.85567162499e-05
1888 3.82247186047e-05
1889 3.77008279348e-05
1890 3.72439693941e-05
1891 3.68174978903e-05
1892 3.63525272099e-05
1893 3.58551541028e-05
1894 3.52399722184e-05
1895 3.46999290505e-05
1896 3.42696983872e-05
1897 3.38228740756e-05
1898 3.3313385797e-05
1899 3.27783355238e-05
1900 5.07690749145e-05
1901 4.89085715785e-05
1902 4.69489500407e-05
1903 4.80800069304e-05
1904 4.72403154633e-05
1905 4.69248629538e-05
1906 4.72845178938e-05
1907 4.77394055068e-05
1908 4.7438658417e-05
1909 4.73521942468e-05
1910 4.76287383809e-05
1911 4.70433772992e-05
1912 4.73468873225e-05
1913 4.64366271413e-05
1914 4.646666682e-05
1915 4.63021063334e-05
1916 4.60196174925e-05
1917 4.58457770729e-05
1918 4.53292191161e-05
1919 4.50539997402e-05
1920 4.51581404908e-05
1921 4.50281990869e-05
1922 4.45777919323e-05
1923 4.40869712636e-05
1924 4.38117440802e-05
1925 4.34827176439e-05
1926 4.29414723848e-05
1927 4.24890220748e-05
1928 4.23370783679e-05
1929 4.19045044198e-05
1930 4.11864404269e-05
1931 4.10800329599e-05
1932 4.09216123562e-05
1933 4.02606303776e-05
1934 3.97970288888e-05
1935 3.93778185622e-05
1936 3.89025276071e-05
1937 3.85316640989e-05
1938 3.82003317925e-05
1939 3.76726550414e-05
1940 3.72111887268e-05
1941 3.67851297571e-05
1942 3.63147607412e-05
1943 3.58152723841e-05
1944 3.5198869789e-05
1945 3.46661544202e-05
1946 3.42263272684e-05
1947 3.37867870382e-05
1948 3.32607888895e-05
1949 3.27327745129e-05
1950 5.08338776659e-05
1951 4.89409101257e-05
1952 4.70232538565e-05
1953 4.81406772744e-05
1954 4.73018216291e-05
1955 4.69970229849e-05
1956 4.7343574943e-05
1957 4.77794587214e-05
1958 4.74763009558e-05
1959 4.74064538339e-05
1960 4.76602023332e-05
1961 4.70777501845e-05
1962 4.73794823884e-05
1963 4.64605278568e-05
1964 4.64939796103e-05
1965 4.63348906814e-05
1966 4.60552505001e-05
1967 4.58772295339e-05
1968 4.53876545827e-05
1969 4.51116283071e-05
1970 4.52066884596e-05
1971 4.50783092854e-05
1972 4.46192108233e-05
1973 4.41278197397e-05
1974 4.38439900054e-05
1975 4.34982398579e-05
1976 4.29581409594e-05
1977 4.24835069354e-05
1978 4.23302433729e-05
1979 4.18986967386e-05
1980 4.11805854766e-05
1981 4.10733401871e-05
1982 4.09059027442e-05
1983 4.02413708645e-05
1984 3.9772763665e-05
1985 3.9382315378e-05
1986 3.89065125505e-05
1987 3.8530173399e-05
1988 3.81910495764e-05
1989 3.76552288035e-05
1990 3.71866522224e-05
1991 3.67635486137e-05
1992 3.62891202096e-05
1993 3.57812095178e-05
1994 3.51591045913e-05
1995 3.46193604982e-05
1996 3.41712983116e-05
1997 3.37288718282e-05
1998 3.32039881333e-05
1999 3.26726431112e-05
2000 5.08705223029e-05
2001 4.89972388779e-05
2002 4.7083316959e-05
2003 4.81950455293e-05
2004 4.73557863704e-05
2005 4.70613262605e-05
2006 4.73850621884e-05
2007 4.78224466047e-05
2008 4.75135560878e-05
2009 4.74606937768e-05
2010 4.77129634658e-05
2011 4.71273718479e-05
2012 4.74344761156e-05
2013 4.65322362694e-05
2014 4.65696166169e-05
2015 4.6395666557e-05
2016 4.61133932946e-05
2017 4.59238378115e-05
2018 4.54308400698e-05
2019 4.51553998862e-05
2020 4.52412416314e-05
2021 4.51213805302e-05
2022 4.46508394791e-05
2023 4.41522580728e-05
2024 4.38798455009e-05
2025 4.35295599574e-05
2026 4.29892353175e-05
2027 4.25052471627e-05
2028 4.23550366493e-05
2029 4.19284243023e-05
2030 4.12082002914e-05
2031 4.10903343169e-05
2032 4.09215165958e-05
2033 4.02557415878e-05
2034 3.98071179657e-05
2035 3.93967667617e-05
2036 3.88934361265e-05
2037 3.85282535174e-05
2038 3.8194900266e-05
2039 3.76556053141e-05
2040 3.71878829737e-05
2041 3.67578222315e-05
2042 3.62754324021e-05
2043 3.57585980742e-05
2044 3.51372150948e-05
2045 3.45997246382e-05
2046 3.41450580382e-05
2047 3.36887618532e-05
2048 3.31567472921e-05
2049 3.26107300313e-05
2050 5.09616553793e-05
2051 4.90961319176e-05
2052 4.71895943046e-05
2053 4.83192138221e-05
2054 4.74767176294e-05
2055 4.71839828258e-05
2056 4.74851878456e-05
2057 4.79253102768e-05
2058 4.7616832054e-05
2059 4.75720617204e-05
2060 4.78057965301e-05
2061 4.72178602793e-05
2062 4.75169829992e-05
2063 4.65986010451e-05
2064 4.66347221412e-05
2065 4.64545675239e-05
2066 4.61607085063e-05
2067 4.59695078806e-05
2068 4.54748057624e-05
2069 4.52013870117e-05
2070 4.5270555595e-05
2071 4.51531058551e-05
2072 4.46783383707e-05
2073 4.41843431256e-05
2074 4.39045816965e-05
2075 4.35563117855e-05
2076 4.30175330974e-05
2077 4.25132970509e-05
2078 4.23597010322e-05
2079 4.19328993045e-05
2080 4.1200521298e-05
2081 4.10825511078e-05
2082 4.09077732739e-05
2083 4.02403658845e-05
2084 3.97779845979e-05
2085 3.9362266871e-05
2086 3.88629393544e-05
2087 3.84992800745e-05
2088 3.81510785042e-05
2089 3.76258874859e-05
2090 3.71477191625e-05
2091 3.67244096761e-05
2092 3.62312615537e-05
2093 3.57322996022e-05
2094 3.50931104697e-05
2095 3.45626405457e-05
2096 3.41081991867e-05
2097 3.36484888268e-05
2098 3.31211730681e-05
2099 3.25693752385e-05
2100 5.10507362909e-05
2101 4.92024336242e-05
2102 4.72729750233e-05
2103 4.84010181429e-05
2104 4.75556672866e-05
2105 4.72787987511e-05
2106 4.75486565307e-05
2107 4.7991615459e-05
2108 4.76868924264e-05
2109 4.76444891643e-05
2110 4.78599156407e-05
2111 4.72834843594e-05
2112 4.75766648168e-05
2113 4.66652828459e-05
2114 4.66958568354e-05
2115 4.65201555929e-05
2116 4.6226171155e-05
2117 4.60265043957e-05
2118 4.55430427159e-05
2119 4.5272395737e-05
2120 4.53303995044e-05
2121 4.51944759228e-05
2122 4.4727819397e-05
2123 4.42298159649e-05
2124 4.3950531327e-05
2125 4.35943508578e-05
2126 4.30565935902e-05
2127 4.25409313509e-05
2128 4.23901237408e-05
2129 4.19519409765e-05
2130 4.12193981191e-05
2131 4.11002796592e-05
2132 4.09186125914e-05
2133 4.02555765269e-05
2134 3.97899649808e-05
2135 3.93799725978e-05
2136 3.88584824691e-05
2137 3.84925377885e-05
2138 3.81332301856e-05
2139 3.75927632221e-05
2140 3.7105802697e-05
2141 3.66789978375e-05
2142 3.6188365554e-05
2143 3.5683093254e-05
2144 3.50503967538e-05
2145 3.45170240086e-05
2146 3.40617793927e-05
2147 3.36026495929e-05
2148 3.30705307866e-05
2149 3.25130535291e-05
2150 5.10861226435e-05
2151 4.92370694013e-05
2152 4.73249224515e-05
2153 4.84604508312e-05
2154 4.76102677562e-05
2155 4.73453492208e-05
2156 4.76023211949e-05
2157 4.80460457644e-05
2158 4.77323525829e-05
2159 4.77188227706e-05
2160 4.79223158433e-05
2161 4.73332648359e-05
2162 4.76234457893e-05
2163 4.6721899253e-05
2164 4.67542288999e-05
2165 4.65714289325e-05
2166 4.62734239061e-05
2167 4.60679267038e-05
2168 4.55930098204e-05
2169 4.53280111656e-05
2170 4.53746049841e-05
2171 4.52365241457e-05
2172 4.47716216135e-05
2173 4.42648820556e-05
2174 4.39754511091e-05
2175 4.36148661391e-05
2176 4.30760196513e-05
2177 4.25499643586e-05
2178 4.24066595663e-05
2179 4.19650618911e-05
2180 4.12341049753e-05
2181 4.11125098989e-05
2182 4.09235150468e-05
2183 4.02647209457e-05
2184 3.9791376689e-05
2185 3.93744507765e-05
2186 3.88434875987e-05
2187 3.84762414661e-05
2188 3.81161433171e-05
2189 3.7580866667e-05
2190 3.70871025751e-05
2191 3.66536596898e-05
2192 3.61525768782e-05
2193 3.56383103497e-05
2194 3.50002013722e-05
2195 3.44711934387e-05
2196 3.40044976961e-05
2197 3.35457508283e-05
2198 3.30051654042e-05
2199 3.24385305064e-05
2200 5.11592913032e-05
2201 4.93137591941e-05
2202 4.73976283721e-05
2203 4.85360931545e-05
2204 4.76967110944e-05
2205 4.74393042373e-05
2206 4.76695330092e-05
2207 4.81022413285e-05
2208 4.77765147957e-05
2209 4.77786494459e-05
2210 4.79895023307e-05
2211 4.73949332726e-05
2212 4.76832187923e-05
2213 4.67717404498e-05
2214 4.68169491208e-05
2215 4.66250362907e-05
2216 4.63311654489e-05
2217 4.61146908762e-05
2218 4.5650847338e-05
2219 4.53865993393e-05
2220 4.5415988964e-05
2221 4.52769514935e-05
2222 4.47967914275e-05
2223 4.4287365996e-05
2224 4.40013249494e-05
2225 4.36269446525e-05
2226 4.30977266907e-05
2227 4.25568880993e-05
2228 4.24147680277e-05
2229 4.19745515268e-05
2230 4.12475512806e-05
2231 4.11192640274e-05
2232 4.09149064958e-05
2233 4.02484558603e-05
2234 3.97721712493e-05
2235 3.93544592135e-05
2236 3.88200314697e-05
2237 3.84504591148e-05
2238 3.80851878954e-05
2239 3.75507895258e-05
2240 3.70461793979e-05
2241 3.66058039799e-05
2242 3.61177005277e-05
2243 3.55967852205e-05
2244 3.49512717507e-05
2245 3.44180715917e-05
2246 3.39463777324e-05
2247 3.34850350672e-05
2248 3.29531131427e-05
2249 3.23916714683e-05
2250 5.12664338442e-05
2251 4.9359579294e-05
2252 4.74786216324e-05
2253 4.86215981739e-05
2254 4.77732971022e-05
2255 4.75328187562e-05
2256 4.77457576673e-05
2257 4.8168242086e-05
2258 4.78382017385e-05
2259 4.78515403868e-05
2260 4.80564628499e-05
2261 4.74490646417e-05
2262 4.77260414925e-05
2263 4.68210524357e-05
2264 4.68658309747e-05
2265 4.66694308472e-05
2266 4.63601315424e-05
2267 4.61405154499e-05
2268 4.56768956852e-05
2269 4.54158684969e-05
2270 4.54317977054e-05
2271 4.5298076984e-05
2272 4.48122766588e-05
2273 4.43025237496e-05
2274 4.40376645206e-05
2275 4.36575046293e-05
2276 4.3138121498e-05
2277 4.25775501413e-05
2278 4.24220944734e-05
2279 4.19689648925e-05
2280 4.12414150757e-05
2281 4.11034043195e-05
2282 4.08942446144e-05
2283 4.02357700476e-05
2284 3.97513925047e-05
2285 3.93334990615e-05
2286 3.87891738176e-05
2287 3.84163240447e-05
2288 3.80415828104e-05
2289 3.75007300267e-05
2290 3.69961099343e-05
2291 3.65697564695e-05
2292 3.60761004617e-05
2293 3.55493091e-05
2294 3.49040222125e-05
2295 3.43723487548e-05
2296 3.38997009017e-05
2297 3.3433369523e-05
2298 3.28919210898e-05
2299 3.23158932719e-05
2300 5.13471461711e-05
2301 4.94111735929e-05
2302 4.75621950145e-05
2303 4.86885384598e-05
2304 4.7863948161e-05
2305 4.76289902253e-05
2306 4.7814366067e-05
2307 4.82358504427e-05
2308 4.78949163209e-05
2309 4.79231246996e-05
2310 4.81046132564e-05
2311 4.74901829658e-05
2312 4.77626758837e-05
2313 4.68636727758e-05
2314 4.69068316517e-05
2315 4.67054932584e-05
2316 4.64046201426e-05
2317 4.61771366407e-05
2318 4.57311116733e-05
2319 4.5463637719e-05
2320 4.54784393268e-05
2321 4.53390052386e-05
2322 4.48445604545e-05
2323 4.4325823169e-05
2324 4.40529272328e-05
2325 4.36696298407e-05
2326 4.31500379993e-05
2327 4.25895533308e-05
2328 4.24273440211e-05
2329 4.19818592164e-05
2330 4.1258803672e-05
2331 4.11088513346e-05
2332 4.08974571706e-05
2333 4.02387635868e-05
2334 3.97409312144e-05
2335 3.93193504106e-05
2336 3.87538086633e-05
2337 3.83870926121e-05
2338 3.80163272646e-05
2339 3.7504530792e-05
2340 3.69830178693e-05
2341 3.65502463539e-05
2342 3.60451340443e-05
2343 3.55104718699e-05
2344 3.48557461955e-05
2345 3.43232906126e-05
2346 3.38394669101e-05
2347 3.3363906654e-05
2348 3.28254848462e-05
2349 3.22389725306e-05
2350 5.14425633943e-05
2351 4.94659918792e-05
2352 4.76136224593e-05
2353 4.8754058023e-05
2354 4.79185286142e-05
2355 4.76899294083e-05
2356 4.78565273355e-05
2357 4.82805509783e-05
2358 4.79306549267e-05
2359 4.7974954866e-05
2360 4.81601211363e-05
2361 4.75369846332e-05
2362 4.78076608749e-05
2363 4.69132526813e-05
2364 4.69572728144e-05
2365 4.67584536862e-05
2366 4.64615203723e-05
2367 4.62308843001e-05
2368 4.57834913226e-05
2369 4.55208979808e-05
2370 4.55293842298e-05
2371 4.53801704814e-05
2372 4.48887827165e-05
2373 4.43666641459e-05
2374 4.40880480858e-05
2375 4.37011471047e-05
2376 4.31888814385e-05
2377 4.26058244183e-05
2378 4.24367611407e-05
2379 4.1996816668e-05
2380 4.12618838993e-05
2381 4.11098967162e-05
2382 4.08937621507e-05
2383 4.0242457535e-05
2384 3.97444655435e-05
2385 3.93249575188e-05
2386 3.87715142728e-05
2387 3.83906769264e-05
2388 3.8000627358e-05
2389 3.74687533907e-05
2390 3.69283500491e-05
2391 3.64848941325e-05
2392 3.5980459676e-05
2393 3.54489618894e-05
2394 3.47929779551e-05
2395 3.42597118128e-05
2396 3.37652210383e-05
2397 3.32834486998e-05
2398 3.27477611067e-05
2399 3.21495927174e-05
2400 5.158006273e-05
2401 4.95883932242e-05
2402 4.77155974823e-05
2403 4.88709994278e-05
2404 4.80467509455e-05
2405 4.78173605485e-05
2406 4.79626368526e-05
2407 4.83802941135e-05
2408 4.8020120994e-05
2409 4.80664029039e-05
2410 4.82518420522e-05
2411 4.76115390983e-05
2412 4.78813004475e-05
2413 4.69798335748e-05
2414 4.70189140419e-05
2415 4.68192452576e-05
2416 4.64951120615e-05
2417 4.62586719937e-05
2418 4.58226481774e-05
2419 4.5537960708e-05
2420 4.55256915318e-05
2421 4.53681032436e-05
2422 4.48827334902e-05
2423 4.43523917921e-05
2424 4.40763774723e-05
2425 4.36752578491e-05
2426 4.3168174609e-05
2427 4.25802393809e-05
2428 4.24076503215e-05
2429 4.19748398801e-05
2430 4.12572041952e-05
2431 4.10992722956e-05
2432 4.08681631673e-05
2433 4.02156832268e-05
2434 3.96984939593e-05
2435 3.92907468589e-05
2436 3.87255330105e-05
2437 3.83419243485e-05
2438 3.79501782484e-05
2439 3.74269581026e-05
2440 3.68826060167e-05
2441 3.64490755229e-05
2442 3.59419618516e-05
2443 3.54087900307e-05
2444 3.47500074879e-05
2445 3.42172833072e-05
2446 3.37200338393e-05
2447 3.32276967225e-05
2448 3.26780150009e-05
2449 3.20771018032e-05
2450 5.16596346821e-05
2451 4.96415887333e-05
2452 4.77887743659e-05
2453 4.89385994605e-05
2454 4.81167935448e-05
2455 4.7891691727e-05
2456 4.80225481121e-05
2457 4.84401839852e-05
2458 4.80660111549e-05
2459 4.81365690443e-05
2460 4.8301529069e-05
2461 4.76630314745e-05
2462 4.79279482702e-05
2463 4.70291121676e-05
2464 4.70753717073e-05
2465 4.68772638425e-05
2466 4.65530010564e-05
2467 4.63130579094e-05
2468 4.58867781987e-05
2469 4.56230477309e-05
2470 4.56126894511e-05
2471 4.54560440182e-05
2472 4.49612117456e-05
2473 4.4425822346e-05
2474 4.41509706526e-05
2475 4.37420947204e-05
2476 4.32328059774e-05
2477 4.26220127205e-05
2478 4.24365738956e-05
2479 4.19856830523e-05
2480 4.12488315744e-05
2481 4.10807419677e-05
2482 4.08532312531e-05
2483 4.02051181193e-05
2484 3.9672074352e-05
2485 3.92621509746e-05
2486 3.86912864676e-05
2487 3.83058130022e-05
2488 3.79054064603e-05
2489 3.73881400502e-05
2490 3.68405843175e-05
2491 3.63965934587e-05
2492 3.58799672025e-05
2493 3.53340391205e-05
2494 3.46666441956e-05
2495 3.41334959071e-05
2496 3.36298765132e-05
2497 3.31579906079e-05
2498 3.26187434011e-05
2499 3.20103381977e-05
