0 -0.000684826008603
1 0.0254335907544
2 0.0201148351744
3 0.0164943398954
4 0.0133468958799
5 0.0105890829608
6 0.00841840850087
7 0.00701009595093
8 0.00590894193035
9 0.00493030706381
10 0.004176048599
11 0.00360727616535
12 0.00313000791574
13 0.00273131913881
14 0.00239980956977
15 0.00211862001267
16 0.00187714965181
17 0.0016731130028
18 0.00149858246761
19 0.00135164334096
20 0.00121748799744
21 0.00109510388236
22 0.000993316018123
23 0.000906156201768
24 0.0008257142766
25 0.000758057248141
26 0.000693946039798
27 0.000629143758461
28 0.000565789618398
29 0.000497890240671
30 0.000427900339983
31 0.000362837036216
32 0.000319304161493
33 0.000296884904878
34 0.000290881354747
35 0.000293501595523
36 0.000297362653572
37 0.000298204623409
38 0.000294798948858
39 0.000287362528321
40 0.000277305033675
41 0.000265521201998
42 0.000251983119275
43 0.000238352918839
44 0.000224144270036
45 0.000210699772217
46 0.000198045990654
47 0.000186146636668
48 0.000174727832049
49 0.000163721768506
50 -0.0583173025137
51 -0.0210843588824
52 0.000704532803724
53 0.00585215495513
54 0.00762065392201
55 0.00729907116523
56 0.00653950193731
57 0.00574844825826
58 0.00496653875503
59 0.0043549531676
60 0.0037821872509
61 0.00330861109749
62 0.00290891735745
63 0.00257164011936
64 0.00227406023591
65 0.00202275449086
66 0.00180323163831
67 0.00161233168098
68 0.00144975937059
69 0.00130844124385
70 0.00118546470778
71 0.00106805308043
72 0.00097131915809
73 0.000887695497616
74 0.000810178753122
75 0.000744206823512
76 0.000682242211024
77 0.000620254533257
78 0.000559150311067
79 0.000490862017145
80 0.000421479607731
81 0.000357609773648
82 0.0003149397296
83 0.000293849787424
84 0.000288523927496
85 0.000291496943471
86 0.000295445356936
87 0.000296337952653
88 0.000292962622751
89 0.000285738849305
90 0.000275736731906
91 0.000263919450375
92 0.000250628184537
93 0.000237154866206
94 0.000223140412324
95 0.00020979725635
96 0.000197378502236
97 0.000185464134929
98 0.000174105007565
99 0.000163259715047
100 -0.039204182473
101 -0.02679266293
102 -0.0123705535688
103 -0.0053319077641
104 -0.000108085569176
105 0.00215101397185
106 0.00309693648379
107 0.00337338514954
108 0.00331566809344
109 0.0031638046745
110 0.00292240834855
111 0.00266446557528
112 0.00242217014333
113 0.00219646339109
114 0.00198253536952
115 0.00179320172049
116 0.00162116735585
117 0.00146600194991
118 0.00133112090164
119 0.0012110789783
120 0.00110492856598
121 0.00100246359245
122 0.000916596657188
123 0.000841465804696
124 0.000771331925456
125 0.000711033881697
126 0.000653451829206
127 0.000594973205507
128 0.000536288453218
129 0.000470351176567
130 0.000403894561802
131 0.000343992838653
132 0.000305161524555
133 0.000286996697202
134 0.000283346334968
135 0.000286956339893
136 0.000290946456645
137 0.000291700032493
138 0.000288217975331
139 0.000281020163283
140 0.0002711489076
141 0.000259536932965
142 0.00024652520589
143 0.000233344782091
144 0.000219652045934
145 0.000206607748147
146 0.00019446269114
147 0.000182805594929
148 0.00017169000534
149 0.000161066714391
150 -0.0267089527553
151 -0.0217525498101
152 -0.0145364917716
153 -0.00961589168361
154 -0.00481535710848
155 -0.00184791089597
156 -4.30459332817e-05
157 0.000958667532966
158 0.00150021616014
159 0.00177258782065
160 0.00186848838687
161 0.00184865204081
162 0.00178744962264
163 0.00169543670075
164 0.00158624560967
165 0.00147584158825
166 0.00136603782079
167 0.00125893776195
168 0.00116157743624
169 0.00107065908154
170 0.000987948435361
171 0.000906492767758
172 0.000836125158817
173 0.000773151944441
174 0.00071364527165
175 0.000661517392418
176 0.000610257193135
177 0.000556813067716
178 0.000501686104924
179 0.000439412106705
180 0.000377632658874
181 0.000323879550824
182 0.000290812076038
183 0.000276850218955
184 0.000275520987735
185 0.000279936799895
186 0.000283922578084
187 0.000284454787804
188 0.000280830991017
189 0.000273689671734
190 0.000264044225664
191 0.000252763440354
192 0.00024018135142
193 0.000227464891151
194 0.000214266815259
195 0.000201682845043
196 0.000189954349681
197 0.000178700462812
198 0.000167966787944
199 0.000157687618138
200 -0.0191887793327
201 -0.0168090949659
202 -0.0131299537353
203 -0.010084904762
204 -0.006643152892
205 -0.00403941766148
206 -0.0021520017294
207 -0.000896755084294
208 -4.22505517659e-05
209 0.000497864288659
210 0.000842324154054
211 0.00101832292711
212 0.00111642430424
213 0.00114950939451
214 0.00114346242097
215 0.00111342437313
216 0.00106940582071
217 0.00101456784237
218 0.000958788075384
219 0.000900804088845
220 0.000845060470249
221 0.000788130845417
222 0.000736061898628
223 0.000687683722319
224 0.000640973284835
225 0.000598635343729
226 0.000555065869016
227 0.000507745871129
228 0.000457084463789
229 0.00039981940526
230 0.000344513230281
231 0.000298908242303
232 0.000273065933126
233 0.000264073599962
234 0.000265317019254
235 0.000270512142546
236 0.000274398964869
237 0.000274644443159
238 0.000270886547295
239 0.00026387190173
240 0.000254555934525
241 0.000243745562871
242 0.000231751797661
243 0.000219653470634
244 0.000207119129355
245 0.000195150685338
246 0.000183977155444
247 0.000173245171323
248 0.000163009838056
249 0.000153187604481
250 -0.0143749993186
251 -0.013072432124
252 -0.0110792089113
253 -0.00919542993233
254 -0.00688484039368
255 -0.00489053192814
256 -0.00326634483957
257 -0.0020632971049
258 -0.00113655104615
259 -0.000490734210166
260 -1.11528684445e-05
261 0.000289400229062
262 0.000501823791083
263 0.000631676242903
264 0.000708675211109
265 0.000749198533112
266 0.000764708876182
267 0.000758280740011
268 0.000742248177185
269 0.000717221370997
270 0.000688454173388
271 0.000656665036005
272 0.000623800967076
273 0.000590947105544
274 0.000557806814478
275 0.000526071177082
276 0.00049059800448
277 0.00044989353953
278 0.000404347867669
279 0.000353440316868
280 0.000306456444232
281 0.00027074986666
282 0.000253150719114
283 0.000249408297694
284 0.00025311832785
285 0.000258904093207
286 0.000262524570145
287 0.000262408317856
288 0.000258508259669
289 0.000251671662126
290 0.000242796635373
291 0.000232564997333
292 0.000221283854828
293 0.000209956795936
294 0.000198224161529
295 0.000186974980654
296 0.000176491376414
297 0.000166416811701
298 0.000156770892445
299 0.000147529059596
300 -0.0111872789455
301 -0.0104310784366
302 -0.00923239265731
303 -0.00803282321707
304 -0.00645635955454
305 -0.00499738716048
306 -0.00369771718747
307 -0.00265450343219
308 -0.00178819567263
309 -0.00115129908138
310 -0.000627341327759
311 -0.000263348579029
312 9.09502692862e-06
313 0.000200963331108
314 0.00033193325925
315 0.000427076016355
316 0.000488780536502
317 0.000519637412492
318 0.000535590427786
319 0.000541587198706
320 0.000535266629547
321 0.000524980197843
322 0.000510364550089
323 0.000492606416033
324 0.000471502931693
325 0.00045038918199
326 0.000422333652845
327 0.000387435583237
328 0.00034792344642
329 0.000304863724747
330 0.000267498508469
331 0.000242641131937
332 0.000233324276982
333 0.000234455519307
334 0.000239830584752
335 0.000245718074267
336 0.000248841647947
337 0.000248304568019
338 0.000244358745222
339 0.000237697656872
340 0.000229252452567
341 0.000219759497255
342 0.000209314271645
343 0.000198807596412
344 0.000187953069546
345 0.000177621682772
346 0.000167822330109
347 0.000158473194273
348 0.000149550146513
349 0.000140898416924
350 -0.00899961979781
351 -0.00861435874759
352 -0.00776344948081
353 -0.00699085339857
354 -0.00586241832282
355 -0.00478706806491
356 -0.00376972555516
357 -0.00290533730634
358 -0.00214174985737
359 -0.00155234147279
360 -0.00103965086264
361 -0.000659805129535
362 -0.000365077005852
363 -0.000137237931076
364 2.97050404774e-05
365 0.000157804542106
366 0.000250433031449
367 0.000312434311324
368 0.000352534428218
369 0.000383636728639
370 0.000396877179332
371 0.000403190787663
372 0.000403410268128
373 0.000400056039685
374 0.000389395629312
375 0.000376932577722
376 0.000356981655834
377 0.000327541770178
378 0.000295079379172
379 0.000260735570612
380 0.000234182553882
381 0.00021770673636
382 0.000214625676171
383 0.000219063976687
384 0.000225453235144
385 0.000231032206588
386 0.000233851182743
387 0.000233202327846
388 0.000229555386057
389 0.000223484361917
390 0.000215742991701
391 0.000207099924787
392 0.000197593942637
393 0.000187948120303
394 0.00017808962636
395 0.000168547440359
396 0.000159772851354
397 0.000151054957989
398 0.000142852428303
399 0.000134845660805
400 -0.00734725424571
401 -0.00717474222098
402 -0.00653673599251
403 -0.00601957947197
404 -0.00522681036894
405 -0.00442233092216
406 -0.00363997378722
407 -0.00294772879352
408 -0.00230270760602
409 -0.00178539573562
410 -0.00131396391301
411 -0.00094854602164
412 -0.000651060869467
413 -0.000412587496438
414 -0.000222138320382
415 -7.5495799569e-05
416 3.8485525228e-05
417 0.000124455927986
418 0.000184851793488
419 0.000232836707978
420 0.000265087622671
421 0.000285995307385
422 0.000298457008085
423 0.000307529163251
424 0.000307298310717
425 0.000301976766558
426 0.000289745716942
427 0.000267493948124
428 0.000242152485227
429 0.000217270484954
430 0.000200661880176
431 0.00019320701742
432 0.000195067478879
433 0.000201886943073
434 0.000209140111768
435 0.000214499399468
436 0.000217098549775
437 0.000216567901163
438 0.000213126177699
439 0.000207811286499
440 0.000200996198241
441 0.000193329572574
442 0.000184892888187
443 0.000176168387815
444 0.000167299193902
445 0.000158739294564
446 0.000150772902467
447 0.000142910642817
448 0.000135405303637
449 0.000128106041148
450 -0.00605376536766
451 -0.00595013098309
452 -0.00550147742303
453 -0.00515077258706
454 -0.00459107654127
455 -0.00399308230967
456 -0.00340010123006
457 -0.00285632139971
458 -0.00232609316696
459 -0.00188600768321
460 -0.00147314458407
461 -0.00113919965457
462 -0.000854585699334
463 -0.000621617720738
464 -0.000424879286749
465 -0.000270710880141
466 -0.00014346457838
467 -4.30497702313e-05
468 3.28921903114e-05
469 9.29863207357e-05
470 0.000139253928262
471 0.000173293513371
472 0.000197206770227
473 0.00021598758724
474 0.000225028762255
475 0.000226502064144
476 0.000220471602565
477 0.000206229510714
478 0.000189882691977
479 0.00017527859971
480 0.000168132505507
481 0.00016870000328
482 0.000174608584798
483 0.000182944237588
484 0.000190505128406
485 0.000195711410152
486 0.000198087760833
487 0.000197750242301
488 0.000194751850114
489 0.000190103898273
490 0.000184421083125
491 0.000177797106148
492 0.00017057129279
493 0.000163001462851
494 0.000155125801353
495 0.000147654262476
496 0.000140524533772
497 0.000133622655931
498 0.000126934303111
499 0.000120345744062
500 -0.00504635012532
501 -0.00495262365314
502 -0.00464993180588
503 -0.00440390613304
504 -0.00400526649749
505 -0.00356129641131
506 -0.00310994720405
507 -0.00268662380989
508 -0.00225866194023
509 -0.0018930481388
510 -0.00154029838017
511 -0.00124510726713
512 -0.000984794878584
513 -0.000767063431231
514 -0.000575968406529
515 -0.000421775514704
516 -0.000290393106362
517 -0.000183163258007
518 -9.78866246648e-05
519 -2.96252854886e-05
520 2.58342965386e-05
521 7.07652870033e-05
522 0.000103877208344
523 0.000129629907775
524 0.000146713374911
525 0.000154327020829
526 0.00015461544706
527 0.00014887161954
528 0.000141830545174
529 0.000137384198055
530 0.00013829118197
531 0.000144758364355
532 0.000153348122263
533 0.0001623668932
534 0.000169789591346
535 0.000174892021764
536 0.000177175275792
537 0.000177202397303
538 0.00017490400786
539 0.000171150299787
540 0.000166521065656
541 0.000161106168019
542 0.000155067231254
543 0.000148804209148
544 0.00014209915925
545 0.000135666825815
546 0.000129553692006
547 0.00012354054459
548 0.000117732498216
549 0.000111926490337
550 -0.00424749820263
551 -0.0041595328114
552 -0.00395863536404
553 -0.0037801020608
554 -0.00348820699028
555 -0.00315623077759
556 -0.00281104737086
557 -0.00248053232407
558 -0.00213698138196
559 -0.00183758820085
560 -0.00154051805028
561 -0.00128533816669
562 -0.00105383346063
563 -0.000855169282071
564 -0.000678360283287
565 -0.000529400068213
566 -0.000400399249102
567 -0.000292753824667
568 -0.000204135820433
569 -0.000131051409386
570 -7.02900792995e-05
571 -1.797099742e-05
572 2.18216908402e-05
573 5.28307189017e-05
574 7.6267076183e-05
575 8.98357408491e-05
576 9.66319178724e-05
577 9.91655333365e-05
578 0.000100681710182
579 0.000104631899606
580 0.000111310428001
581 0.000121376565558
582 0.000131356387451
583 0.000140384346484
584 0.000147539657791
585 0.000152646852128
586 0.000155102872164
587 0.000155694235
588 0.000154232426115
589 0.000151545386766
590 0.000148025684473
591 0.000143878488773
592 0.000139045546021
593 0.000134045904662
594 0.000128581311671
595 0.000123235046473
596 0.000118130253514
597 0.000113022236913
598 0.00010807156333
599 0.000103109068352
600 -0.00360884225957
601 -0.00353892148272
602 -0.00339883101428
603 -0.00326943109502
604 -0.0030444051442
605 -0.0027986024807
606 -0.00253151210611
607 -0.00226883979572
608 -0.00199368580213
609 -0.00174871784518
610 -0.00149995449037
611 -0.00128067883163
612 -0.00107918124183
613 -0.000901776672311
614 -0.000740954770646
615 -0.00060149484256
616 -0.00047887414193
617 -0.000374478463115
618 -0.000286238611353
619 -0.000211167532667
620 -0.000148104900559
621 -9.12597367143e-05
622 -4.64333831759e-05
623 -1.11162417771e-05
624 1.73866729122e-05
625 3.66508615417e-05
626 4.95561198259e-05
627 5.88116288985e-05
628 6.69369692381e-05
629 7.63947688543e-05
630 8.63921699894e-05
631 9.80354214892e-05
632 0.000108530261179
633 0.000117478313534
634 0.000124379386224
635 0.000129680608294
636 0.000132636846259
637 0.000133980367589
638 0.00013359578111
639 0.000132034239782
640 0.000129653465695
641 0.000126741065027
642 0.000123182044494
643 0.000119364240807
644 0.000115112878166
645 0.00011087094157
646 0.000106709470289
647 0.000102510880545
648 9.84350123646e-05
649 9.42657028671e-05
650 -0.00309701767161
651 -0.00304765011753
652 -0.00294195257895
653 -0.00284903186052
654 -0.00267082623118
655 -0.00248664062091
656 -0.0022763120212
657 -0.00206703900141
658 -0.00184705952445
659 -0.00164427974765
660 -0.00143542901672
661 -0.00124939866294
662 -0.00107461620525
663 -0.000919257364701
664 -0.000773966369462
665 -0.000646565208563
666 -0.000532222591801
667 -0.000432729287795
668 -0.00034714870613
669 -0.000272488631979
670 -0.000208277099333
671 -0.000148351395794
672 -9.98488611149e-05
673 -6.04921540219e-05
674 -2.81704160865e-05
675 -4.65302792137e-06
676 1.27162713201e-05
677 2.63155137789e-05
678 3.82659134178e-05
679 5.05468377491e-05
680 6.22133879542e-05
681 7.42457305818e-05
682 8.49521282854e-05
683 9.40176994685e-05
684 0.000100981576243
685 0.0001066300579
686 0.000110340335878
687 0.00011254079535
688 0.000113405203312
689 0.000113028162023
690 0.000111859123334
691 0.000110054524192
692 0.00010779326257
693 0.00010508850781
694 0.000101990972221
695 9.87963457905e-05
696 9.56289997529e-05
697 9.22608794574e-05
698 8.90472266504e-05
699 8.56119774687e-05
700 -0.00267803439487
701 -0.00265031162209
702 -0.00256248252105
703 -0.00249379794525
704 -0.0023549178864
705 -0.00221188937066
706 -0.00204523320655
707 -0.0018778440103
708 -0.00170046280607
709 -0.00153312486859
710 -0.00135891769133
711 -0.00120198873796
712 -0.00105127081526
713 -0.000915166218764
714 -0.000785679636813
715 -0.000671317638988
716 -0.000566052976884
717 -0.000472177626316
718 -0.000389887629902
719 -0.000316429510217
720 -0.000251073495555
721 -0.000188489300014
722 -0.00013749375938
723 -9.57024922739e-05
724 -6.14695721325e-05
725 -3.63002868464e-05
726 -1.71485959388e-05
727 -1.53829254449e-06
728 1.18538708376e-05
729 2.52681977473e-05
730 3.77238268783e-05
731 4.990228112e-05
732 6.08055117553e-05
733 7.02131024993e-05
734 7.77213235112e-05
735 8.38669694347e-05
736 8.85016361087e-05
737 9.16663918596e-05
738 9.36568558923e-05
739 9.45921896547e-05
740 9.45924174983e-05
741 9.39795073523e-05
742 9.28341921442e-05
743 9.11857819748e-05
744 8.92418596178e-05
745 8.69445479589e-05
746 8.47572689516e-05
747 8.22206395238e-05
748 7.97402930049e-05
749 7.71090697204e-05
750 -0.00233160073867
751 -0.00232028083903
752 -0.002242922547
753 -0.00218961155353
754 -0.00208415309898
755 -0.00196948034244
756 -0.00183706106547
757 -0.00170305653241
758 -0.00155866775398
759 -0.00142162502247
760 -0.0012762878171
761 -0.00114375803298
762 -0.0010145135809
763 -0.000896820057748
764 -0.000782342856485
765 -0.000679382203969
766 -0.000582496956201
767 -0.000494087742638
768 -0.00041446434655
769 -0.000341888085883
770 -0.000275195794398
771 -0.000211322444263
772 -0.000159853709656
773 -0.000118793315324
774 -8.60341988866e-05
775 -6.21926366813e-05
776 -4.35148227205e-05
777 -2.76984321665e-05
778 -1.39744484293e-05
779 -1.8688391664e-07
780 1.28313581058e-05
781 2.52795799948e-05
782 3.65982318879e-05
783 4.64562213223e-05
784 5.48840717193e-05
785 6.16717394149e-05
786 6.73239461363e-05
787 7.15212095682e-05
788 7.45454599893e-05
789 7.67397554468e-05
790 7.78825712616e-05
791 7.83954867371e-05
792 7.8323657615e-05
793 7.76601029704e-05
794 7.67792547598e-05
795 7.53985415967e-05
796 7.40560123381e-05
797 7.23480161157e-05
798 7.05844763073e-05
799 6.8692767481e-05
800 -0.00204095021049
801 -0.0020370519355
802 -0.00197180219664
803 -0.0019291265386
804 -0.00184862487505
805 -0.0017556930556
806 -0.00165048998687
807 -0.00154333776917
808 -0.00142484379859
809 -0.00131239945984
810 -0.0011913653732
811 -0.00107955849921
812 -0.000968715529148
813 -0.000866651428755
814 -0.000765062948957
815 -0.000671343638158
816 -0.000580975328929
817 -0.000496696216275
818 -0.000418306068971
819 -0.000346266060634
820 -0.000280099936634
821 -0.00021850070442
822 -0.000171006111577
823 -0.000134925539604
824 -0.000106935055405
825 -8.63523839028e-05
826 -6.92438130356e-05
827 -5.38675878706e-05
828 -3.9836674158e-05
829 -2.56905411059e-05
830 -1.20288660301e-05
831 1.01041034415e-06
832 1.28699067444e-05
833 2.3315626223e-05
834 3.2732341153e-05
835 4.03679326901e-05
836 4.70034802691e-05
837 5.22582036188e-05
838 5.63113853923e-05
839 5.95752823171e-05
840 6.18571060099e-05
841 6.3350946979e-05
842 6.43386963218e-05
843 6.46006677593e-05
844 6.46054037909e-05
845 6.41701551234e-05
846 6.35522996657e-05
847 6.26625079098e-05
848 6.15554475455e-05
849 6.03124416246e-05
850 -0.00179601328886
851 -0.00179330670159
852 -0.00174053718022
853 -0.00170707382153
854 -0.0016440726154
855 -0.00156880363923
856 -0.00148512223255
857 -0.00139840334362
858 -0.00130020218607
859 -0.00120740022224
860 -0.00110598481358
861 -0.00101085731599
862 -0.000914477631907
863 -0.000823909290207
864 -0.000731886531756
865 -0.000644084391785
866 -0.000557407731926
867 -0.000475812738353
868 -0.000399343399974
869 -0.000330631383461
870 -0.000270537867605
871 -0.000217498358667
872 -0.00017895293969
873 -0.000150747956022
874 -0.000128690471743
875 -0.000111251047811
876 -9.53766635216e-05
877 -7.99907225476e-05
878 -6.52316869665e-05
879 -5.04427189063e-05
880 -3.60571460392e-05
881 -2.20611953589e-05
882 -9.54629399093e-06
883 1.55639395473e-06
884 1.18493680742e-05
885 2.04305748213e-05
886 2.79701702413e-05
887 3.41847166936e-05
888 3.92327699073e-05
889 4.33706231169e-05
890 4.66602319105e-05
891 4.90832334035e-05
892 5.10285139672e-05
893 5.21684514562e-05
894 5.29367508366e-05
895 5.33759742989e-05
896 5.34104233763e-05
897 5.32722663831e-05
898 5.27833479742e-05
899 5.21418675886e-05
900 -0.00158985062726
901 -0.00158740462475
902 -0.00154459349456
903 -0.00151884116449
904 -0.0014678608661
905 -0.00140726755876
906 -0.00133942344054
907 -0.00126740084224
908 -0.00118485696245
909 -0.00110616954178
910 -0.00101891372782
911 -0.000934955100699
912 -0.000848483730583
913 -0.000765047746126
914 -0.000677750988212
915 -0.000593555287639
916 -0.000510828032128
917 -0.000434151965417
918 -0.000365193021147
919 -0.000306995369335
920 -0.000259351590692
921 -0.000219756283127
922 -0.000191934183601
923 -0.000170873351159
924 -0.000153049660865
925 -0.000137095231031
926 -0.000121315847456
927 -0.000105141011407
928 -8.92423808525e-05
929 -7.34814981024e-05
930 -5.82774465256e-05
931 -4.33247702756e-05
932 -3.00812867095e-05
933 -1.82229979135e-05
934 -7.27995862604e-06
935 2.18246686547e-06
936 1.05204285265e-05
937 1.75510627532e-05
938 2.3555477072e-05
939 2.84528498595e-05
940 3.25796476232e-05
941 3.58287929974e-05
942 3.85981527335e-05
943 4.05528655052e-05
944 4.20221895258e-05
945 4.32105897876e-05
946 4.38635432328e-05
947 4.43487744912e-05
948 4.4472965475e-05
949 4.43545393148e-05
950 -0.00141195325111
951 -0.00140939641085
952 -0.00137412813916
953 -0.00135371325168
954 -0.00131128889819
955 -0.00126125020858
956 -0.00120358346197
957 -0.00114186684063
958 -0.00106944239924
959 -0.000999314123444
960 -0.000920200146943
961 -0.000842437250697
962 -0.000761442035683
963 -0.000682801144244
964 -0.000600213688566
965 -0.000523037222457
966 -0.000450776113928
967 -0.000386659458366
968 -0.000333478757016
969 -0.000291728961178
970 -0.000258673597016
971 -0.000232027381478
972 -0.000212057004064
973 -0.000195018799634
974 -0.000178572679325
975 -0.000162286580723
976 -0.000145520136975
977 -0.000128030689274
978 -0.000110874401597
979 -9.40594751975e-05
980 -7.80148175899e-05
981 -6.23532213072e-05
982 -4.84176505733e-05
983 -3.5820873567e-05
984 -2.43830388302e-05
985 -1.41813046397e-05
986 -5.1763040555e-06
987 2.54154006729e-06
988 9.31131865545e-06
989 1.49082810482e-05
990 1.97405101556e-05
991 2.36786825509e-05
992 2.71260921082e-05
993 2.97964967269e-05
994 3.18970192494e-05
995 3.36913385056e-05
996 3.49419224619e-05
997 3.59363066863e-05
998 3.66217483223e-05
999 3.69719555458e-05
1000 -0.00124672908564
1001 -0.00124319664162
1002 -0.00121250816588
1003 -0.00119606977984
1004 -0.00115853335084
1005 -0.00111424897107
1006 -0.00106195762629
1007 -0.00100633588755
1008 -0.000939208969194
1009 -0.000873390075061
1010 -0.00079945503243
1011 -0.000727490874831
1012 -0.000653744716799
1013 -0.00058398419966
1014 -0.000514207586605
1015 -0.000453330448129
1016 -0.000399742093915
1017 -0.000355077832339
1018 -0.000320502770884
1019 -0.00029357712238
1020 -0.000271851189327
1021 -0.000252948002058
1022 -0.000236156155099
1023 -0.000219736100752
1024 -0.000202518081847
1025 -0.000184785313694
1026 -0.000166515316575
1027 -0.00014759908719
1028 -0.000129422068636
1029 -0.000111706331959
1030 -9.49414145045e-05
1031 -7.87728032209e-05
1032 -6.43225887199e-05
1033 -5.12049035319e-05
1034 -3.93148860315e-05
1035 -2.86074723203e-05
1036 -1.911490282e-05
1037 -1.08596163106e-05
1038 -3.51789132198e-06
1039 2.67502683829e-06
1040 8.08131679144e-06
1041 1.26275240659e-05
1042 1.65899318785e-05
1043 1.98755609527e-05
1044 2.25712058553e-05
1045 2.48464546907e-05
1046 2.6644609116e-05
1047 2.80933762413e-05
1048 2.92396993873e-05
1049 3.00321538887e-05
1050 -0.00106965014792
1051 -0.00106724601479
1052 -0.00103787789294
1053 -0.00102376799111
1054 -0.000989469443721
1055 -0.000948202341049
1056 -0.000899873461537
1057 -0.000849175364792
1058 -0.000788443690116
1059 -0.000729553825175
1060 -0.000666345533193
1061 -0.000606705986218
1062 -0.000549317604288
1063 -0.000497481307901
1064 -0.000449302231702
1065 -0.000409870766211
1066 -0.000376653470883
1067 -0.000349845196533
1068 -0.000328580485039
1069 -0.00031017934643
1070 -0.000293615715628
1071 -0.00027667170546
1072 -0.000259540471268
1073 -0.000241750072848
1074 -0.000222722477828
1075 -0.000203315604226
1076 -0.000183619065531
1077 -0.000163478867957
1078 -0.000144628993899
1079 -0.000126275267617
1080 -0.000109103858736
1081 -9.26086821361e-05
1082 -7.78473101463e-05
1083 -6.4478984059e-05
1084 -5.22397643533e-05
1085 -4.1212249259e-05
1086 -3.13499731371e-05
1087 -2.2674226316e-05
1088 -1.49443032319e-05
1089 -8.23529777003e-06
1090 -2.40532051823e-06
1091 2.66430240596e-06
1092 7.0164727922e-06
1093 1.07876700142e-05
1094 1.40029489991e-05
1095 1.66812646963e-05
1096 1.89438313048e-05
1097 2.07854242067e-05
1098 2.23244635292e-05
1099 2.35351411378e-05
1100 -0.000874982786124
1101 -0.000875715568167
1102 -0.000847361930005
1103 -0.00083584095128
1104 -0.00080712852932
1105 -0.000771247125053
1106 -0.000731784457073
1107 -0.000691400238784
1108 -0.000644946140972
1109 -0.000601869899139
1110 -0.000557699923903
1111 -0.000518205248492
1112 -0.000482298659958
1113 -0.000451377150979
1114 -0.000423941318512
1115 -0.000401238561866
1116 -0.000381675434991
1117 -0.000364418904317
1118 -0.000348524551873
1119 -0.000332414588146
1120 -0.000316007042696
1121 -0.000297531365212
1122 -0.000278466788005
1123 -0.000258708801547
1124 -0.000237859694306
1125 -0.000217086320863
1126 -0.000196369918029
1127 -0.000175486307333
1128 -0.000156325698912
1129 -0.000137687791944
1130 -0.000120431014556
1131 -0.000103836974497
1132 -8.89733924104e-05
1133 -7.55713891176e-05
1134 -6.31715576891e-05
1135 -5.19880105683e-05
1136 -4.18945306955e-05
1137 -3.29639467163e-05
1138 -2.49566786278e-05
1139 -1.79004178288e-05
1140 -1.17488960106e-05
1141 -6.29336789704e-06
1142 -1.62412297038e-06
1143 2.53841146414e-06
1144 6.1642596225e-06
1145 9.20177759846e-06
1146 1.18195998032e-05
1147 1.40068692245e-05
1148 1.58874207323e-05
1149 1.74628592488e-05
1150 -0.000702784882434
1151 -0.000705578138067
1152 -0.000683876335224
1153 -0.000676259803729
1154 -0.000656333432196
1155 -0.000632013390912
1156 -0.000606675088346
1157 -0.000581670905494
1158 -0.000553978095447
1159 -0.0005294252869
1160 -0.000504914718639
1161 -0.000483528650492
1162 -0.000464060587464
1163 -0.000446824251241
1164 -0.000430613568541
1165 -0.00041536311421
1166 -0.000400493651392
1167 -0.000384987615218
1168 -0.000368901208513
1169 -0.000351540310048
1170 -0.000332947709154
1171 -0.000312057600633
1172 -0.000290947857933
1173 -0.000269660568236
1174 -0.000247558235553
1175 -0.000225991819967
1176 -0.00020483010367
1177 -0.0001837720743
1178 -0.000164569959764
1179 -0.000146056609354
1180 -0.000128976130514
1181 -0.000112552715721
1182 -9.77982285433e-05
1183 -8.44845243555e-05
1184 -7.21255545115e-05
1185 -6.09214798084e-05
1186 -5.07512856999e-05
1187 -4.16980049106e-05
1188 -3.35489825489e-05
1189 -2.63007361866e-05
1190 -1.99275274096e-05
1191 -1.42131812446e-05
1192 -9.27941196138e-06
1193 -4.82876055035e-06
1194 -8.86805824262e-07
1195 2.46124049125e-06
1196 5.3407072493e-06
1197 7.83457653895e-06
1198 1.00006765103e-05
1199 1.18652176291e-05
1200 -0.000604590593467
1201 -0.000605730347322
1202 -0.000594993243214
1203 -0.000590352134278
1204 -0.000579305574352
1205 -0.0005669701515
1206 -0.000553905001873
1207 -0.00054084555278
1208 -0.000526970548817
1209 -0.000514222640197
1210 -0.000500591390934
1211 -0.000488068697503
1212 -0.00047533294934
1213 -0.000462407909164
1214 -0.000448800704869
1215 -0.000434028589675
1216 -0.000418271308294
1217 -0.000400911655957
1218 -0.000382557739439
1219 -0.000363050255819
1220 -0.00034229106701
1221 -0.000319438024295
1222 -0.000297015524465
1223 -0.000274906591029
1224 -0.000252331860563
1225 -0.000230585958918
1226 -0.00020958248482
1227 -0.000188816619906
1228 -0.000169892880089
1229 -0.000151804149443
1230 -0.000135113711072
1231 -0.000119070306944
1232 -0.000104603156726
1233 -9.15272490048e-05
1234 -7.93794380907e-05
1235 -6.82922358425e-05
1236 -5.8170599877e-05
1237 -4.91213623992e-05
1238 -4.08855637626e-05
1239 -3.35612491894e-05
1240 -2.70279935092e-05
1241 -2.11630230221e-05
1242 -1.60170215889e-05
1243 -1.13716989221e-05
1244 -7.20582278667e-06
1245 -3.59348768948e-06
1246 -5.0585853084e-07
1247 2.2297532731e-06
1248 4.64090185598e-06
1249 6.73635659687e-06
1250 -0.000580497107605
1251 -0.000579040957461
1252 -0.000575861498412
1253 -0.000572214372354
1254 -0.000566496207823
1255 -0.000559997190582
1256 -0.000552522917682
1257 -0.000544439528953
1258 -0.000535536525323
1259 -0.000526414931358
1260 -0.000515346110616
1261 -0.000503998169354
1262 -0.000491470933022
1263 -0.000477705351247
1264 -0.000462423654877
1265 -0.000445588768953
1266 -0.000427283310085
1267 -0.000407671273586
1268 -0.000387217056168
1269 -0.000366198196942
1270 -0.000344197002805
1271 -0.000320331893247
1272 -0.000297449215167
1273 -0.000275306087686
1274 -0.000252933830321
1275 -0.000231567009913
1276 -0.000211165036054
1277 -0.000190967438375
1278 -0.000172743486832
1279 -0.00015525162023
1280 -0.000139126149004
1281 -0.0001235994808
1282 -0.000109537027035
1283 -9.68401267017e-05
1284 -8.50090257642e-05
1285 -7.41432710198e-05
1286 -6.41707021872e-05
1287 -5.52333778896e-05
1288 -4.70333667307e-05
1289 -3.97215840431e-05
1290 -3.31259268585e-05
1291 -2.71824983804e-05
1292 -2.1893955589e-05
1293 -1.71131275544e-05
1294 -1.28046635422e-05
1295 -9.00252297463e-06
1296 -5.75273392782e-06
1297 -2.82513097214e-06
1298 -2.18119282077e-07
1299 2.07019271658e-06
1300 -0.00058971414225
1301 -0.000587638687277
1302 -0.00058625303066
1303 -0.000582720801179
1304 -0.000578252300255
1305 -0.00057254959642
1306 -0.000565664343862
1307 -0.000557877185306
1308 -0.000548503831586
1309 -0.000538609736813
1310 -0.000526195970037
1311 -0.000513129131386
1312 -0.000498509034754
1313 -0.000482795641528
1314 -0.000465074533297
1315 -0.000446396023436
1316 -0.000426210886489
1317 -0.000405176628821
1318 -0.000383616066588
1319 -0.000362113745939
1320 -0.000339786274335
1321 -0.000315893237506
1322 -0.000293415361757
1323 -0.000271813276627
1324 -0.000250182638484
1325 -0.000229646068325
1326 -0.00021012424392
1327 -0.000190767913639
1328 -0.000173423297691
1329 -0.000156729455276
1330 -0.000141299426417
1331 -0.000126469651487
1332 -0.000112937851383
1333 -0.000100697265899
1334 -8.92567608584e-05
1335 -7.87047380134e-05
1336 -6.89643532428e-05
1337 -6.02076363464e-05
1338 -5.21217839988e-05
1339 -4.48861047694e-05
1340 -3.82998778506e-05
1341 -3.23322619086e-05
1342 -2.69901098486e-05
1343 -2.21148541719e-05
1344 -1.77040564898e-05
1345 -1.37884538895e-05
1346 -1.04115367121e-05
1347 -7.33760155126e-06
1348 -4.58666815879e-06
1349 -2.144925903e-06
1350 -0.000597959898392
1351 -0.000596462617621
1352 -0.000593676736943
1353 -0.000590403031807
1354 -0.00058520368718
1355 -0.000578543186964
1356 -0.000570423757409
1357 -0.000561379833843
1358 -0.000550221429059
1359 -0.000538591435928
1360 -0.000524232130896
1361 -0.000509673386447
1362 -0.00049323731208
1363 -0.000476289258986
1364 -0.000457056940315
1365 -0.000437567930715
1366 -0.000416678548353
1367 -0.000395276876083
1368 -0.00037367562729
1369 -0.000352574627691
1370 -0.000330804988263
1371 -0.000307576952515
1372 -0.000286052735504
1373 -0.000265505907839
1374 -0.000244942459399
1375 -0.000225528423194
1376 -0.000207056242569
1377 -0.000188709150507
1378 -0.000172357037564
1379 -0.000156535714851
1380 -0.000141919173542
1381 -0.000127818968214
1382 -0.000114911438072
1383 -0.000103243020829
1384 -9.22331625436e-05
1385 -8.20552578048e-05
1386 -7.26571570902e-05
1387 -6.41512972402e-05
1388 -5.62482612751e-05
1389 -4.91198584073e-05
1390 -4.26113029541e-05
1391 -3.66710097902e-05
1392 -3.13539946184e-05
1393 -2.64377277133e-05
1394 -2.19619535207e-05
1395 -1.79862961455e-05
1396 -1.45212720444e-05
1397 -1.13507696933e-05
1398 -8.49242678932e-06
1399 -5.92755984182e-06
1400 -0.000591758518579
1401 -0.000590901891022
1402 -0.000586403584526
1403 -0.000583444618085
1404 -0.00057744529457
1405 -0.000569765590125
1406 -0.000560640622527
1407 -0.000550526723823
1408 -0.000538104079446
1409 -0.00052539029947
1410 -0.000510013081245
1411 -0.000494827103102
1412 -0.000477665805811
1413 -0.000460432806806
1414 -0.000440967827894
1415 -0.000421601704667
1416 -0.000401059418225
1417 -0.000380180195162
1418 -0.000359375694335
1419 -0.000339328201134
1420 -0.000318590195411
1421 -0.000296586882425
1422 -0.000276342368453
1423 -0.000257107495226
1424 -0.000237854034125
1425 -0.000219693787765
1426 -0.000202399155661
1427 -0.000185204781643
1428 -0.000169888516019
1429 -0.000155011896634
1430 -0.000141311339496
1431 -0.000127987761471
1432 -0.000115766477511
1433 -0.000104695641053
1434 -9.41857243785e-05
1435 -8.44521896855e-05
1436 -7.54113898596e-05
1437 -6.71795942761e-05
1438 -5.9514854328e-05
1439 -5.25378820509e-05
1440 -4.61505096127e-05
1441 -4.02746459546e-05
1442 -3.50175991345e-05
1443 -3.01100784899e-05
1444 -2.56199161148e-05
1445 -2.16219061163e-05
1446 -1.81094462466e-05
1447 -1.48893392405e-05
1448 -1.19478516223e-05
1449 -9.29529823988e-06
1450 -0.00057113924315
1451 -0.000570756314714
1452 -0.000565136574009
1453 -0.000562480505121
1454 -0.000556295043925
1455 -0.000548080624764
1456 -0.00053869325764
1457 -0.000528145082181
1458 -0.000515266343064
1459 -0.00050246418117
1460 -0.000487071031649
1461 -0.000472026099633
1462 -0.000455114730551
1463 -0.000438344093251
1464 -0.000419742116907
1465 -0.000401109448811
1466 -0.000381609948321
1467 -0.000361886795175
1468 -0.000342371697072
1469 -0.000323713553985
1470 -0.000304292368952
1471 -0.000283897295113
1472 -0.000265072722825
1473 -0.000247275106449
1474 -0.00022941052789
1475 -0.000212517283467
1476 -0.000196466207943
1477 -0.000180525682045
1478 -0.000166243626531
1479 -0.00015236567218
1480 -0.000139576676149
1481 -0.000127058052968
1482 -0.000115558686163
1483 -0.000105075983899
1484 -9.51510525597e-05
1485 -8.58819023497e-05
1486 -7.72333749681e-05
1487 -6.93191807056e-05
1488 -6.18922813604e-05
1489 -5.51368432494e-05
1490 -4.89144146255e-05
1491 -4.31540376492e-05
1492 -3.79836860975e-05
1493 -3.3138904179e-05
1494 -2.8685733973e-05
1495 -2.46953426272e-05
1496 -2.11730213418e-05
1497 -1.79358141542e-05
1498 -1.4963488136e-05
1499 -1.22649491005e-05
1500 -0.000540475916747
1501 -0.000540840122316
1502 -0.000534534451135
1503 -0.000532366233022
1504 -0.000526273174536
1505 -0.000518168228405
1506 -0.000509031223478
1507 -0.000498741895579
1508 -0.000486093759694
1509 -0.00047381151787
1510 -0.00045928426182
1511 -0.000444812230375
1512 -0.000428872294075
1513 -0.000413163524707
1514 -0.000395833283263
1515 -0.000378505056138
1516 -0.000360325697232
1517 -0.000342115478628
1518 -0.000324055987403
1519 -0.0003069626215
1520 -0.000289027372864
1521 -0.000270310723128
1522 -0.000252983655354
1523 -0.000236594322192
1524 -0.000220229372288
1525 -0.000204632779864
1526 -0.000189850511892
1527 -0.000175162585138
1528 -0.000161893972056
1529 -0.000149035017543
1530 -0.000137102556697
1531 -0.000125426791073
1532 -0.000114641997629
1533 -0.000104759487653
1534 -9.53923068596e-05
1535 -8.65947015604e-05
1536 -7.83383836759e-05
1537 -7.07580119669e-05
1538 -6.36082930059e-05
1539 -5.70955016096e-05
1540 -5.10551758626e-05
1541 -4.54461631963e-05
1542 -4.03884163863e-05
1543 -3.56221341253e-05
1544 -3.12449001013e-05
1545 -2.72871032274e-05
1546 -2.37884524855e-05
1547 -2.05665117404e-05
1548 -1.75844950307e-05
1549 -1.4881973921e-05
1550 -0.000504481329783
1551 -0.000505548504983
1552 -0.000499002039138
1553 -0.000497480766056
1554 -0.000491575118742
1555 -0.00048395379462
1556 -0.000475345827524
1557 -0.000465844928777
1558 -0.000453901461204
1559 -0.00044251174695
1560 -0.000429122013383
1561 -0.000415741488184
1562 -0.000401093832689
1563 -0.000386693448173
1564 -0.000370770882336
1565 -0.000355042482601
1566 -0.000338322803569
1567 -0.000321758452096
1568 -0.000305281477456
1569 -0.000289758694688
1570 -0.000273366400239
1571 -0.000256290976058
1572 -0.000240493525214
1573 -0.00022554893337
1574 -0.000210562054346
1575 -0.000196245745156
1576 -0.000182702388436
1577 -0.000169176346003
1578 -0.000156922216566
1579 -0.000145066161688
1580 -0.000133998182785
1581 -0.000123154695184
1582 -0.000113072268359
1583 -0.000103772993963
1584 -9.4959386741e-05
1585 -8.66277319691e-05
1586 -7.87783069941e-05
1587 -7.15476738042e-05
1588 -6.47034666886e-05
1589 -5.84388155083e-05
1590 -5.26172606552e-05
1591 -4.71956174814e-05
1592 -4.22837616503e-05
1593 -3.76354485471e-05
1594 -3.33509917405e-05
1595 -2.94683456007e-05
1596 -2.60284622297e-05
1597 -2.28361607262e-05
1598 -1.98752128548e-05
1599 -1.71745554857e-05
1600 -0.000466994045296
1601 -0.000468360655872
1602 -0.000461923282438
1603 -0.000460989494917
1604 -0.000455426732245
1605 -0.000448367705905
1606 -0.000440441004637
1607 -0.000431968524776
1608 -0.000421030767512
1609 -0.000410664810232
1610 -0.000398452483754
1611 -0.000386435250693
1612 -0.00037320204111
1613 -0.000360153149703
1614 -0.000345693019249
1615 -0.000331622415703
1616 -0.000316450948976
1617 -0.000301509203928
1618 -0.000286596575311
1619 -0.000272552918033
1620 -0.00025772430314
1621 -0.000242224144886
1622 -0.000227918742894
1623 -0.000214313877118
1624 -0.000200688387311
1625 -0.000187595625116
1626 -0.000175271674601
1627 -0.000162836441441
1628 -0.000151606453421
1629 -0.00014065544835
1630 -0.000130409511444
1631 -0.000120352330873
1632 -0.000110926169519
1633 -0.000102210822094
1634 -9.39354669715e-05
1635 -8.60695990796e-05
1636 -7.86296385323e-05
1637 -7.17619531064e-05
1638 -6.52446862609e-05
1639 -5.92595900302e-05
1640 -5.36763352819e-05
1641 -4.84515936148e-05
1642 -4.37147169257e-05
1643 -3.92005232172e-05
1644 -3.50427278301e-05
1645 -3.12574225628e-05
1646 -2.7900086347e-05
1647 -2.4761615939e-05
1648 -2.18434228355e-05
1649 -1.91655942727e-05
1650 -0.000430171365335
1651 -0.000431643064232
1652 -0.000425495906853
1653 -0.000425009701744
1654 -0.00041992672416
1655 -0.000413377283406
1656 -0.000406391287875
1657 -0.000398855784719
1658 -0.000389110703722
1659 -0.000379708703204
1660 -0.000368567687964
1661 -0.000358004233886
1662 -0.000346067835895
1663 -0.000334446158275
1664 -0.000321341905301
1665 -0.0003088026154
1666 -0.000295181234588
1667 -0.000281771456966
1668 -0.000268405753261
1669 -0.000255769047306
1670 -0.00024243953597
1671 -0.000228433548849
1672 -0.000215557906752
1673 -0.000203196459925
1674 -0.000190847243762
1675 -0.000178944825667
1676 -0.000167735981473
1677 -0.000156317137374
1678 -0.000146034991847
1679 -0.000135949200784
1680 -0.000126458781583
1681 -0.000117109139515
1682 -0.000108328837056
1683 -0.000100211795125
1684 -9.24219152261e-05
1685 -8.5019128713e-05
1686 -7.80021792722e-05
1687 -7.15101402101e-05
1688 -6.53185462729e-05
1689 -5.96225239194e-05
1690 -5.42750216101e-05
1691 -4.926485329e-05
1692 -4.47281167292e-05
1693 -4.03733039095e-05
1694 -3.63635170136e-05
1695 -3.2700656995e-05
1696 -2.943879217e-05
1697 -2.63749391766e-05
1698 -2.35162248889e-05
1699 -2.08742397197e-05
1700 -0.000395282283094
1701 -0.000396630353492
1702 -0.000391005048049
1703 -0.000390691086475
1704 -0.000386218231446
1705 -0.000380188848766
1706 -0.000374159494123
1707 -0.000367387021708
1708 -0.000358763100757
1709 -0.00035030474277
1710 -0.000340291605391
1711 -0.000330950465453
1712 -0.0003203584815
1713 -0.000310052648407
1714 -0.000298252787423
1715 -0.000287121131715
1716 -0.000274969640854
1717 -0.000262998755831
1718 -0.000251028793499
1719 -0.000239717112803
1720 -0.00022778953545
1721 -0.000215152646669
1722 -0.000203515148327
1723 -0.00019238658495
1724 -0.000181195017567
1725 -0.000170400331888
1726 -0.000160175685394
1727 -0.000149702854563
1728 -0.000140278448675
1729 -0.000130967785669
1730 -0.00012221928898
1731 -0.000113541385
1732 -0.00010536529349
1733 -9.7813412091e-05
1734 -9.05243321595e-05
1735 -8.35625288502e-05
1736 -7.69893601176e-05
1737 -7.08594556264e-05
1738 -6.50077919448e-05
1739 -5.95912324195e-05
1740 -5.45145561853e-05
1741 -4.97362224147e-05
1742 -4.54185529901e-05
1743 -4.12403841871e-05
1744 -3.73890156083e-05
1745 -3.3860392781e-05
1746 -3.0704287182e-05
1747 -2.77203865527e-05
1748 -2.49180411387e-05
1749 -2.23203763524e-05
1750 -0.000362650357808
1751 -0.000363687542842
1752 -0.000358686383105
1753 -0.000358372127434
1754 -0.00035454746657
1755 -0.000349075055987
1756 -0.000343875638204
1757 -0.000337811374572
1758 -0.000330145883944
1759 -0.000322686750006
1760 -0.000313812158744
1761 -0.000305517766003
1762 -0.000296185783905
1763 -0.000287104231004
1764 -0.000276603292746
1765 -0.000266688196786
1766 -0.000255874278723
1767 -0.000245228453616
1768 -0.000234510497438
1769 -0.000224428133298
1770 -0.000213774760285
1771 -0.000202410737216
1772 -0.000191883397019
1773 -0.000181875773183
1774 -0.000171746406602
1775 -0.000161906370667
1776 -0.00015257942553
1777 -0.000143000842035
1778 -0.000134340822069
1779 -0.000125758980838
1780 -0.000117726514552
1781 -0.000109663284057
1782 -0.000102081466179
1783 -9.50610805545e-05
1784 -8.82668894581e-05
1785 -8.17486109335e-05
1786 -7.56023712863e-05
1787 -6.98267365095e-05
1788 -6.43141534159e-05
1789 -5.91957926941e-05
1790 -5.44130635517e-05
1791 -4.98864937647e-05
1792 -4.57835636375e-05
1793 -4.18006887141e-05
1794 -3.8120449663e-05
1795 -3.47199678076e-05
1796 -3.16777041766e-05
1797 -2.87860629311e-05
1798 -2.60568671696e-05
1799 -2.35224870913e-05
1800 -0.000332730964719
1801 -0.00033352775355
1802 -0.000329015745247
1803 -0.000328794774319
1804 -0.00032543198769
1805 -0.000320662197885
1806 -0.000316124553691
1807 -0.000310652226112
1808 -0.000303865803712
1809 -0.000297332416972
1810 -0.000289525026152
1811 -0.000282176693622
1812 -0.000273965806051
1813 -0.000265901841788
1814 -0.000256611195427
1815 -0.000247782134571
1816 -0.000238192435947
1817 -0.000228696344069
1818 -0.000219096861544
1819 -0.000210158762945
1820 -0.000200596274714
1821 -0.00019034936799
1822 -0.000180826931751
1823 -0.000171743796715
1824 -0.000162603623411
1825 -0.000153599850736
1826 -0.000145108381605
1827 -0.000136350740816
1828 -0.000128404165061
1829 -0.000120510071889
1830 -0.000113108670218
1831 -0.000105667054005
1832 -9.86381434558e-05
1833 -9.21284404419e-05
1834 -8.58201601365e-05
1835 -7.974181163e-05
1836 -7.39881789395e-05
1837 -6.85701746084e-05
1838 -6.33879324716e-05
1839 -5.85936972407e-05
1840 -5.4075666558e-05
1841 -4.9807821009e-05
1842 -4.59208102233e-05
1843 -4.21259154755e-05
1844 -3.86188008084e-05
1845 -3.53533423429e-05
1846 -3.24214019693e-05
1847 -2.96303892007e-05
1848 -2.69775963564e-05
1849 -2.4511166059e-05
1850 -0.000305380496906
1851 -0.000305990203693
1852 -0.000301899671093
1853 -0.000301786236493
1854 -0.000298806010287
1855 -0.000294675046744
1856 -0.000290652523796
1857 -0.000285803286598
1858 -0.000279787712631
1859 -0.000274067130701
1860 -0.000267207254572
1861 -0.000260748176537
1862 -0.000253483932705
1863 -0.000246325429437
1864 -0.00023818093161
1865 -0.000230305701875
1866 -0.000221768122569
1867 -0.000213272443507
1868 -0.000204670705419
1869 -0.000196754903951
1870 -0.000188093925479
1871 -0.00017887357175
1872 -0.00017024412749
1873 -0.000162016246962
1874 -0.000153744895287
1875 -0.000145527984878
1876 -0.000137790261267
1877 -0.00012975599858
1878 -0.000122478343716
1879 -0.000115253444373
1880 -0.000108440731759
1881 -0.000101585376217
1882 -9.50938863705e-05
1883 -8.90466300638e-05
1884 -8.31961289339e-05
1885 -7.75401569992e-05
1886 -7.21767987663e-05
1887 -6.71261603939e-05
1888 -6.22859299402e-05
1889 -5.78047435775e-05
1890 -5.35662388911e-05
1891 -4.95462638439e-05
1892 -4.58646040057e-05
1893 -4.22535470535e-05
1894 -3.89091114254e-05
1895 -3.57794726858e-05
1896 -3.29644256016e-05
1897 -3.0265863258e-05
1898 -2.77055064756e-05
1899 -2.53157828174e-05
1900 -0.000280350599887
1901 -0.000280846342335
1902 -0.00027720498592
1903 -0.000277244651397
1904 -0.000274588472743
1905 -0.000270941780874
1906 -0.000267425228669
1907 -0.000263174541212
1908 -0.000257829886651
1909 -0.000252806018403
1910 -0.0002467823087
1911 -0.000241092670601
1912 -0.000234648643236
1913 -0.000228274337361
1914 -0.00022108458324
1915 -0.000214082358713
1916 -0.000206423595015
1917 -0.000198857673115
1918 -0.000191127510824
1919 -0.000184080660717
1920 -0.000176213919308
1921 -0.00016793656141
1922 -0.000160112135828
1923 -0.000152664562942
1924 -0.000145169287276
1925 -0.000137690637962
1926 -0.0001306445312
1927 -0.00012331271517
1928 -0.000116651267257
1929 -0.000110039778191
1930 -0.000103774012137
1931 -9.74788687126e-05
1932 -9.14821956744e-05
1933 -8.58886586984e-05
1934 -8.04826159591e-05
1935 -7.52506037398e-05
1936 -7.02743030482e-05
1937 -6.55738601227e-05
1938 -6.10776043864e-05
1939 -5.68899510523e-05
1940 -5.29103723897e-05
1941 -4.91146146107e-05
1942 -4.5628620334e-05
1943 -4.21921664368e-05
1944 -3.90077134844e-05
1945 -3.60120994966e-05
1946 -3.33179644077e-05
1947 -3.07207457567e-05
1948 -2.82538249149e-05
1949 -2.59394517178e-05
1950 -0.00025758938606
1951 -0.000258125436354
1952 -0.000254892217149
1953 -0.000255056993991
1954 -0.000252658006217
1955 -0.000249406060191
1956 -0.000246324045854
1957 -0.000242584230618
1958 -0.000237863135361
1959 -0.000233434251919
1960 -0.000228070183188
1961 -0.000223065690557
1962 -0.000217298215842
1963 -0.000211668059064
1964 -0.000205244999245
1965 -0.000199019776555
1966 -0.000192130095331
1967 -0.000185396032673
1968 -0.000178444269172
1969 -0.000172105968355
1970 -0.00016501269643
1971 -0.000157521375398
1972 -0.000150479968999
1973 -0.000143719071679
1974 -0.000136911186884
1975 -0.000130129410001
1976 -0.000123721225551
1977 -0.000117010420232
1978 -0.000110927880517
1979 -0.000104875648944
1980 -9.91362148181e-05
1981 -9.33621345975e-05
1982 -8.78456291853e-05
1983 -8.26896496549e-05
1984 -7.7714522648e-05
1985 -7.28925291279e-05
1986 -6.82911599576e-05
1987 -6.39385093647e-05
1988 -5.97463460206e-05
1989 -5.58344016371e-05
1990 -5.21016155966e-05
1991 -4.8521746984e-05
1992 -4.52367028599e-05
1993 -4.19721575243e-05
1994 -3.89440985292e-05
1995 -3.60882686053e-05
1996 -3.35086735011e-05
1997 -3.10164027877e-05
1998 -2.86399583116e-05
1999 -2.64047608095e-05
2000 -0.000236770184823
2001 -0.000237434636995
2002 -0.000234534531225
2003 -0.000234830494797
2004 -0.00023265222045
2005 -0.00022967903781
2006 -0.000227024398942
2007 -0.000223721596102
2008 -0.000219552995671
2009 -0.000215605309003
2010 -0.000210775809404
2011 -0.000206365713697
2012 -0.000201229959742
2013 -0.000196234827419
2014 -0.000190474452728
2015 -0.000184924626557
2016 -0.000178765986159
2017 -0.000172756063159
2018 -0.000166514295706
2019 -0.00016077372293
2020 -0.000154422185215
2021 -0.000147650610276
2022 -0.000141308386254
2023 -0.000135188874927
2024 -0.000129026286568
2025 -0.000122879289239
2026 -0.000117070581212
2027 -0.000110948374296
2028 -0.000105396840689
2029 -9.98558055154e-05
2030 -9.46193968827e-05
2031 -8.93515716353e-05
2032 -8.43012287495e-05
2033 -7.95890338161e-05
2034 -7.50081614674e-05
2035 -7.0560292559e-05
2036 -6.63033716334e-05
2037 -6.22556069899e-05
2038 -5.83474784364e-05
2039 -5.46858101433e-05
2040 -5.11767856802e-05
2041 -4.77980215878e-05
2042 -4.47014021612e-05
2043 -4.16079453012e-05
2044 -3.87349225126e-05
2045 -3.60177491256e-05
2046 -3.3554361274e-05
2047 -3.11653838517e-05
2048 -2.88744501097e-05
2049 -2.67116517197e-05
2050 -0.000217811222682
2051 -0.000218548636543
2052 -0.000215928688348
2053 -0.000216243548172
2054 -0.000214358975424
2055 -0.000211590572351
2056 -0.000209324878045
2057 -0.000206393735345
2058 -0.000202687712987
2059 -0.000199156197979
2060 -0.000194809470521
2061 -0.000190911861612
2062 -0.000186343262467
2063 -0.000181904923883
2064 -0.000176728830057
2065 -0.000171806224356
2066 -0.000166258632952
2067 -0.000160904708991
2068 -0.000155306168068
2069 -0.000150122528573
2070 -0.000144450083429
2071 -0.000138337023762
2072 -0.000132616870711
2073 -0.00012707580574
2074 -0.000121496083416
2075 -0.000115928262546
2076 -0.000110670119486
2077 -0.000105116388891
2078 -0.000100074955457
2079 -9.50295662846e-05
2080 -9.02898740284e-05
2081 -8.54803631797e-05
2082 -8.08547223086e-05
2083 -7.65474254704e-05
2084 -7.23417709006e-05
2085 -6.82238529049e-05
2086 -6.42908041775e-05
2087 -6.05268727722e-05
2088 -5.68824883938e-05
2089 -5.344606654e-05
2090 -5.01538573699e-05
2091 -4.69716297415e-05
2092 -4.40597301335e-05
2093 -4.11296029688e-05
2094 -3.83939027994e-05
2095 -3.58063026078e-05
2096 -3.34489192066e-05
2097 -3.11638104889e-05
2098 -2.89565702486e-05
2099 -2.68653058167e-05
2100 -0.000200574621421
2101 -0.000201279054738
2102 -0.000198904200453
2103 -0.000199200994197
2104 -0.000197587997436
2105 -0.000195071529375
2106 -0.000193104357639
2107 -0.000190486852372
2108 -0.000187165129809
2109 -0.000184023648441
2110 -0.000180154170641
2111 -0.000176693034959
2112 -0.000172656731892
2113 -0.000168721498291
2114 -0.000164074773794
2115 -0.000159695861601
2116 -0.000154722434346
2117 -0.000149916386308
2118 -0.00014489068462
2119 -0.000140212601005
2120 -0.000135133938918
2121 -0.000129616939613
2122 -0.000124442550897
2123 -0.000119444532301
2124 -0.000114425834767
2125 -0.000109392266264
2126 -0.00010463563014
2127 -9.96206577451e-05
2128 -9.50443292e-05
2129 -9.04580780678e-05
2130 -8.61639999518e-05
2131 -8.17729948873e-05
2132 -7.75339533464e-05
2133 -7.35773098996e-05
2134 -6.97111890248e-05
2135 -6.59001847944e-05
2136 -6.2252838419e-05
2137 -5.87396810335e-05
2138 -5.53314314423e-05
2139 -5.21161551023e-05
2140 -4.9030728147e-05
2141 -4.60456111353e-05
2142 -4.32992617452e-05
2143 -4.05259661676e-05
2144 -3.79421887856e-05
2145 -3.54714542269e-05
2146 -3.3218629943e-05
2147 -3.10214396386e-05
2148 -2.88887797774e-05
2149 -2.68787320421e-05
2150 -0.000184871103039
2151 -0.000185532334595
2152 -0.000183357477695
2153 -0.000183659244026
2154 -0.000182267741555
2155 -0.000180008800043
2156 -0.000178290276505
2157 -0.000175939867095
2158 -0.000172974633924
2159 -0.000170182338368
2160 -0.000166768844029
2161 -0.000163689606963
2162 -0.000160108604206
2163 -0.000156572533633
2164 -0.00015241532742
2165 -0.000148503425925
2166 -0.00014406532028
2167 -0.000139737746126
2168 -0.00013523714678
2169 -0.000131069601704
2170 -0.000126500258124
2171 -0.00012152895134
2172 -0.000116876308276
2173 -0.000112380903101
2174 -0.000107881100108
2175 -0.000103331286544
2176 -9.90441106621e-05
2177 -9.45075820602e-05
2178 -9.03667286438e-05
2179 -8.62017123678e-05
2180 -8.22847851046e-05
2181 -7.82721752971e-05
2182 -7.43668188042e-05
2183 -7.07291718061e-05
2184 -6.71561936715e-05
2185 -6.36192124164e-05
2186 -6.02364883019e-05
2187 -5.69615115433e-05
2188 -5.37849499612e-05
2189 -5.07792468846e-05
2190 -4.78841048926e-05
2191 -4.50792917495e-05
2192 -4.24817444664e-05
2193 -3.9838622434e-05
2194 -3.73710547853e-05
2195 -3.50162736841e-05
2196 -3.28593149095e-05
2197 -3.07562808842e-05
2198 -2.8710103838e-05
2199 -2.67830610341e-05
2200 -0.000170546324628
2201 -0.000171123844805
2202 -0.000169183787946
2203 -0.000169494738112
2204 -0.000168295073798
2205 -0.000166245013357
2206 -0.000164766276796
2207 -0.000162647469907
2208 -0.000159995088049
2209 -0.00015750452767
2210 -0.000154502846915
2211 -0.000151754484824
2212 -0.00014857693585
2213 -0.000145381172724
2214 -0.000141680165639
2215 -0.000138191259481
2216 -0.000134223424936
2217 -0.000130359631006
2218 -0.000126334658135
2219 -0.000122653942761
2220 -0.000118551379228
2221 -0.000114094187852
2222 -0.000109918908015
2223 -0.000105868479912
2224 -0.000101834831413
2225 -9.77232236344e-05
2226 -9.38472659612e-05
2227 -8.97232887667e-05
2228 -8.59578432776e-05
2229 -8.21634374046e-05
2230 -7.85799817293e-05
2231 -7.49018535301e-05
2232 -7.13006134739e-05
2233 -6.79470328739e-05
2234 -6.46428467901e-05
2235 -6.13617788273e-05
2236 -5.82274422597e-05
2237 -5.51721399365e-05
2238 -5.22047361207e-05
2239 -4.93919937496e-05
2240 -4.66666153557e-05
2241 -4.40257654183e-05
2242 -4.15635201368e-05
2243 -3.90570893066e-05
2244 -3.67165994037e-05
2245 -3.44702395053e-05
2246 -3.24062049013e-05
2247 -3.03911494886e-05
2248 -2.84320516729e-05
2249 -2.65883418779e-05
2250 -0.000157520327248
2251 -0.000157914291263
2252 -0.000156239696337
2253 -0.00015653803855
2254 -0.000155507229321
2255 -0.000153659062053
2256 -0.000152375110493
2257 -0.000150498627215
2258 -0.000148122893298
2259 -0.000145912093424
2260 -0.000143267179525
2261 -0.000140817137111
2262 -0.000138007854296
2263 -0.000135144382281
2264 -0.000131870690442
2265 -0.000128770144581
2266 -0.000125228251665
2267 -0.000121791954454
2268 -0.000118191817401
2269 -0.00011495435925
2270 -0.000111261303505
2271 -0.000107264998388
2272 -0.000103522967087
2273 -9.98715742059e-05
2274 -9.6228676886e-05
2275 -9.25046517781e-05
2276 -8.8987574747e-05
2277 -8.52444508676e-05
2278 -8.17957346275e-05
2279 -7.83179415557e-05
2280 -7.50252427882e-05
2281 -7.16509908607e-05
2282 -6.8324215101e-05
2283 -6.52297614566e-05
2284 -6.2182670316e-05
2285 -5.91415707274e-05
2286 -5.62267377978e-05
2287 -5.33745896647e-05
2288 -5.05999030693e-05
2289 -4.7969504772e-05
2290 -4.54034530079e-05
2291 -4.2907802839e-05
2292 -4.05750480533e-05
2293 -3.81886763087e-05
2294 -3.59644285834e-05
2295 -3.38223425315e-05
2296 -3.18594460878e-05
2297 -2.99413105357e-05
2298 -2.80717602165e-05
2299 -2.6319252309e-05
2300 -0.000145733980592
2301 -0.000145965593748
2302 -0.000144538766616
2303 -0.000144792315705
2304 -0.000143908833299
2305 -0.000142257368283
2306 -0.000141140928564
2307 -0.000139478781927
2308 -0.000137370281662
2309 -0.000135423893774
2310 -0.000133066929131
2311 -0.00013089853639
2312 -0.000128408839732
2313 -0.000125855847527
2314 -0.000122957626322
2315 -0.000120188327854
2316 -0.000117038859886
2317 -0.000113979783745
2318 -0.00011077505328
2319 -0.000107880327308
2320 -0.00010456059159
2321 -0.000100966421065
2322 -9.7589283773e-05
2323 -9.42902874167e-05
2324 -9.09843445576e-05
2325 -8.76093224887e-05
2326 -8.44039525095e-05
2327 -8.09783073906e-05
2328 -7.78189967487e-05
2329 -7.46380838175e-05
2330 -7.16203745253e-05
2331 -6.85240073103e-05
2332 -6.54664022622e-05
2333 -6.26119957282e-05
2334 -5.97905646111e-05
2335 -5.69635250932e-05
2336 -5.42440636e-05
2337 -5.1579998549e-05
2338 -4.89721058558e-05
2339 -4.64954620361e-05
2340 -4.40754610697e-05
2341 -4.17155308663e-05
2342 -3.95065051679e-05
2343 -3.72385949686e-05
2344 -3.51298455858e-05
2345 -3.30999276828e-05
2346 -3.12375106609e-05
2347 -2.94255997654e-05
2348 -2.76503016156e-05
2349 -2.59828592313e-05
2350 -0.00013504823014
2351 -0.000135257639073
2352 -0.000134008743272
2353 -0.000134223346299
2354 -0.000133468724826
2355 -0.000131998883638
2356 -0.000131015879607
2357 -0.000129542796686
2358 -0.000127677100027
2359 -0.000125959784055
2360 -0.000123850544371
2361 -0.000121919423593
2362 -0.000119727534077
2363 -0.000117452360781
2364 -0.000114879907882
2365 -0.000112386126175
2366 -0.000109558512576
2367 -0.000106849877174
2368 -0.000103967862278
2369 -0.000101351913119
2370 -9.83690188749e-05
2371 -9.51171290978e-05
2372 -9.20583582784e-05
2373 -8.90591601802e-05
2374 -8.60718538249e-05
2375 -8.29917742672e-05
2376 -8.00817679804e-05
2377 -7.69441224276e-05
2378 -7.40500306056e-05
2379 -7.11269901347e-05
2380 -6.83655648613e-05
2381 -6.55212141449e-05
2382 -6.26997383475e-05
2383 -6.0054894023e-05
2384 -5.74405522411e-05
2385 -5.47994731258e-05
2386 -5.22635507606e-05
2387 -4.97628005251e-05
2388 -4.73146657917e-05
2389 -4.4978104085e-05
2390 -4.26965622283e-05
2391 -4.04628157904e-05
2392 -3.83769773512e-05
2393 -3.62338990116e-05
2394 -3.42406726353e-05
2395 -3.232387323e-05
2396 -3.05628189376e-05
2397 -2.88505899841e-05
2398 -2.71675925418e-05
2399 -2.55807767105e-05
2400 -0.000125427558192
2401 -0.000125644853236
2402 -0.000124507339048
2403 -0.00012474796114
2404 -0.000124084061246
2405 -0.000122758900158
2406 -0.00012190442603
2407 -0.000120586427736
2408 -0.000118927099606
2409 -0.000117407251606
2410 -0.000115511859275
2411 -0.000113798338597
2412 -0.000111847295687
2413 -0.000109813990712
2414 -0.000107507723563
2415 -0.000105264662371
2416 -0.000102730450448
2417 -0.000100322162031
2418 -9.77026638679e-05
2419 -9.53312603641e-05
2420 -9.26374537827e-05
2421 -8.96919244151e-05
2422 -8.69105151551e-05
2423 -8.41812702787e-05
2424 -8.14705218429e-05
2425 -7.86654166455e-05
2426 -7.60178250504e-05
2427 -7.31466337673e-05
2428 -7.04855792081e-05
2429 -6.77922337899e-05
2430 -6.52656810402e-05
2431 -6.26262394427e-05
2432 -6.00031842596e-05
2433 -5.75407641092e-05
2434 -5.51124061213e-05
2435 -5.26353150823e-05
2436 -5.02579612482e-05
2437 -4.7912291716e-05
2438 -4.56103203942e-05
2439 -4.34079252434e-05
2440 -4.12670612817e-05
2441 -3.916720416e-05
2442 -3.72108221181e-05
2443 -3.51920976602e-05
2444 -3.33199553072e-05
2445 -3.15143935549e-05
2446 -2.98483324611e-05
2447 -2.82323541159e-05
2448 -2.66335189515e-05
2449 -2.51208680216e-05
2450 -0.000116812606841
2451 -0.000117022000711
2452 -0.00011595292372
2453 -0.000116241593668
2454 -0.000115627012386
2455 -0.000114430468241
2456 -0.000113682736342
2457 -0.000112480115778
2458 -0.000110997961744
2459 -0.000109638634241
2460 -0.000107924881915
2461 -0.000106402648247
2462 -0.000104646647259
2463 -0.000102820971442
2464 -0.000100734383803
2465 -9.87382401242e-05
2466 -9.64322556155e-05
2467 -9.42762192273e-05
2468 -9.18869429934e-05
2469 -8.97452688658e-05
2470 -8.73102528416e-05
2471 -8.46403889214e-05
2472 -8.21073114938e-05
2473 -7.96216842749e-05
2474 -7.71665699669e-05
2475 -7.45950094864e-05
2476 -7.21754329885e-05
2477 -6.95330805637e-05
2478 -6.70864662852e-05
2479 -6.45956450011e-05
2480 -6.22704266742e-05
2481 -5.98149644639e-05
2482 -5.73698726897e-05
2483 -5.50724526472e-05
2484 -5.28054077597e-05
2485 -5.04879622412e-05
2486 -4.82498162983e-05
2487 -4.60516849309e-05
2488 -4.38964711923e-05
2489 -4.18292180853e-05
2490 -3.98257593397e-05
2491 -3.78617352717e-05
2492 -3.60289995762e-05
2493 -3.41356345345e-05
2494 -3.23780690768e-05
2495 -3.06754585964e-05
2496 -2.91008704001e-05
2497 -2.75741807912e-05
2498 -2.60569512557e-05
2499 -2.46260626358e-05
