0 -0.00240503565718
1 0.00557486055685
2 0.00845226022053
3 0.00740972623125
4 0.00616066706151
5 0.00510518904192
6 0.00427031209311
7 0.00360493848726
8 0.00308322670921
9 0.00265985110243
10 0.00231208986548
11 0.00202452615333
12 0.0017846466349
13 0.0015824664886
14 0.00141060503929
15 0.00126283519056
16 0.0011354937486
17 0.001024695661
18 0.00092745677812
19 0.000842359136425
20 0.0007674374825
21 0.00070293825872
22 0.000650761110139
23 0.000613149376172
24 0.000585414891169
25 0.000552930349347
26 0.000503895942444
27 0.000442599155104
28 0.000382092447692
29 0.000332279863068
30 0.000295470545982
31 0.00026965755613
32 0.000251583072298
33 0.000238375899407
34 0.000228019338393
35 0.000219196095297
36 0.000211133492867
37 0.000203435176131
38 0.000195903095022
39 0.000188424665921
40 0.000180983282348
41 0.000173602646175
42 0.000166295239291
43 0.000159155216774
44 0.000152220200467
45 0.000145530962731
46 0.000139081912616
47 0.000132879256646
48 0.000126908030443
49 0.000121168092796
50 0.00782385231377
51 -0.0135647543759
52 -0.0060618737408
53 -0.000519348724603
54 0.00172785017861
55 0.00251712956571
56 0.0026614647413
57 0.00256106076698
58 0.00237595370108
59 0.00216471542305
60 0.00195628248374
61 0.00176307607746
62 0.00158834414436
63 0.00143245443496
64 0.00129415580956
65 0.00117112931849
66 0.0010624266007
67 0.000965881494451
68 0.000879696695907
69 0.00080317904325
70 0.000735028143329
71 0.000676065522824
72 0.00062826374259
73 0.000594046037617
74 0.000568655534281
75 0.000537801208487
76 0.000490444432885
77 0.000431190472211
78 0.000372814846671
79 0.000324862592339
80 0.000289467750172
81 0.000264670659123
82 0.000247310081213
83 0.000234626317904
84 0.000224666566627
85 0.000216163417348
86 0.000208367921061
87 0.00020090594821
88 0.000193582894567
89 0.000186295679839
90 0.000179027035673
91 0.000171804695796
92 0.000164647464901
93 0.000157644433046
94 0.000150834758642
95 0.000144259751937
96 0.000137914938505
97 0.00013180659877
98 0.000125922374149
99 0.000120261992325
100 0.0202095747313
101 -0.00199487805792
102 -0.00943012183325
103 -0.00690755079238
104 -0.00363424498614
105 -0.00136173957662
106 -6.19923328282e-05
107 0.000649238408582
108 0.00100793767662
109 0.00117005339572
110 0.00122128872553
111 0.00121066624575
112 0.00116631759149
113 0.00110557495395
114 0.00103767140592
115 0.000967575151074
116 0.000899051851431
117 0.000833574543943
118 0.000771686134557
119 0.000714245835234
120 0.000661279408094
121 0.000614583898947
122 0.000576643872037
123 0.000550021842863
124 0.000529875941922
125 0.000502800255447
126 0.000459407728022
127 0.00040493689368
128 0.000351490141124
129 0.000307769841737
130 0.000275597028503
131 0.000253103084656
132 0.000237377828405
133 0.000225891109441
134 0.000216843332341
135 0.000209078279216
136 0.000201905069502
137 0.000194989617651
138 0.000188156720211
139 0.000181314906839
140 0.000174452599755
141 0.000167603105286
142 0.000160794258018
143 0.000154110923687
144 0.000147594797611
145 0.000141287403476
146 0.000135186319632
147 0.000129299983851
148 0.000123619638979
149 0.000118144924436
150 0.0189622650212
151 0.0062470042413
152 -0.00404767803593
153 -0.00666314665512
154 -0.00568380084493
155 -0.00389448431692
156 -0.00235292482711
157 -0.00122451834924
158 -0.000474205657133
159 1.36759051534e-05
160 0.000321307638557
161 0.000506993072067
162 0.000612194098361
163 0.000665898715145
164 0.000685922060842
165 0.00068400722579
166 0.00066845875565
167 0.000644743895735
168 0.000616095630472
169 0.000585137312565
170 0.000553483196684
171 0.00052412735003
172 0.00050020814508
173 0.000484327892213
174 0.000471619728565
175 0.000450165768277
176 0.000412890005639
177 0.000365708874529
178 0.000319624957502
179 0.000282140030066
180 0.00025469385475
181 0.000235582321021
182 0.000222270025234
183 0.000212557940492
184 0.000204873687554
185 0.000198217996847
186 0.000191985944989
187 0.000185899815991
188 0.000179813025083
189 0.000173650642972
190 0.0001674098589
191 0.000161130983435
192 0.00015485473237
193 0.00014866120309
194 0.000142595274445
195 0.000136698309021
196 0.000130971592086
197 0.00012542639102
198 0.000120059702222
199 0.000114871092056
200 0.0159805418741
201 0.00888484483638
202 0.000727882348806
203 -0.00373291062745
204 -0.0049375121992
205 -0.00448724462664
206 -0.00349070614978
207 -0.00247397415649
208 -0.00164178088986
209 -0.00100349863066
210 -0.000535101836212
211 -0.000202797162888
212 2.77877831794e-05
213 0.000185591500926
214 0.000290678459207
215 0.000357980180586
216 0.000398268335774
217 0.000419954394401
218 0.000428370497067
219 0.000427580917011
220 0.000420620918314
221 0.000411578267843
222 0.000404168453712
223 0.000400859955241
224 0.000396966720261
225 0.000382674803101
226 0.000353534249801
227 0.000315844601646
228 0.000279079685937
229 0.000249358450885
230 0.000227758879669
231 0.000212840726372
232 0.000202539816626
233 0.000195062419814
234 0.000189113695922
235 0.000183882988612
236 0.000178868762513
237 0.000173861700566
238 0.00016874943047
239 0.000163477723425
240 0.000158053730642
241 0.000152525939519
242 0.000146951189904
243 0.000141403592908
244 0.000135932079812
245 0.000130577569196
246 0.000125346064233
247 0.000120252802482
248 0.000115301923167
249 0.000110492905034
250 0.0132986692495
251 0.00913077601558
252 0.00337878183998
253 -0.000945386980742
254 -0.00316238115716
255 -0.00381700131342
256 -0.00357520959485
257 -0.00297007599344
258 -0.00230768249639
259 -0.00170331048955
260 -0.00119900224136
261 -0.000800795069659
262 -0.000495912681751
263 -0.000265973805114
264 -9.52419461129e-05
265 2.98432961712e-05
266 0.000119384042385
267 0.000183121353441
268 0.0002270200544
269 0.0002560512917
270 0.000274056194305
271 0.000285843759578
272 0.000295365243699
273 0.00030493667656
274 0.00031041134988
275 0.000304526077321
276 0.000285252650558
277 0.000258687420575
278 0.000232464078007
279 0.000211380718354
280 0.000196248817228
281 0.000185979189788
282 0.00017905238501
283 0.000174108299178
284 0.00017016071155
285 0.000166587970652
286 0.000163008719651
287 0.000159277683782
288 0.000155324758616
289 0.000151120251374
290 0.000146674239728
291 0.000142047457218
292 0.000137316905736
293 0.000132547704967
294 0.000127793670161
295 0.000123095499338
296 0.000118461174498
297 0.000113914531334
298 0.00010946787245
299 0.000105119230666
300 0.011200286733
301 0.00857659083603
302 0.00454505815469
303 0.000932794734032
304 -0.00147846901421
305 -0.00271530124994
306 -0.00306043570057
307 -0.00289760010249
308 -0.00250731289061
309 -0.00204883101832
310 -0.00160561926313
311 -0.00121654388618
312 -0.000893064002567
313 -0.000630885272857
314 -0.000422894006438
315 -0.000259380807737
316 -0.000134296263091
317 -3.78703826233e-05
318 3.49183384e-05
319 8.92821371581e-05
320 0.000129348011771
321 0.0001595941578
322 0.000184207632204
323 0.000205229480811
324 0.000219869940179
325 0.00022309706289
326 0.000214614850376
327 0.000199685100555
328 0.000184124723756
329 0.000171589918036
330 0.000162836513616
331 0.000157193302703
332 0.0001536535887
333 0.00015128334784
334 0.000149407695582
335 0.00014758464446
336 0.000145541299672
337 0.000143178386884
338 0.000140454084049
339 0.000137410721097
340 0.000134046661688
341 0.00013040019136
342 0.000126588923719
343 0.000122675143229
344 0.000118711580049
345 0.000114738613905
346 0.000110765789206
347 0.00010682226862
348 0.00010293406835
349 9.9092664433e-05
350 0.00958913928811
351 0.007836550667
352 0.00493893008166
353 0.00204047741959
354 -0.000206732949046
355 -0.00164969549583
356 -0.00234474372589
357 -0.0025260932005
358 -0.00239926749786
359 -0.00212062003109
360 -0.00178745334237
361 -0.0014553490187
362 -0.00115430205199
363 -0.000893199129801
364 -0.000674023983116
365 -0.000492378077872
366 -0.000346154232546
367 -0.000228516088103
368 -0.000135097161525
369 -6.18082997227e-05
370 -4.34126099399e-06
371 4.06126138547e-05
372 7.73380171664e-05
373 0.00010770821325
374 0.000131013728651
375 0.000143707656502
376 0.000146196789884
377 0.000142518215175
378 0.000136922460633
379 0.000132215594055
380 0.000129318126518
381 0.000127986281555
382 0.000127647289791
383 0.000127744189133
384 0.000127875789903
385 0.000127780696011
386 0.000127288102978
387 0.000126322058607
388 0.000124862128197
389 0.000122997529552
390 0.000120736036411
391 0.000118128295059
392 0.000115262734277
393 0.000112227938029
394 0.000109084338519
395 0.000105869957095
396 0.000102589189159
397 9.92855054825e-05
398 9.5979675307e-05
399 9.26724217106e-05
400 0.0082673560782
401 0.0070559693512
402 0.00495435383274
403 0.00268522277456
404 0.000728631381967
405 -0.00071835454352
406 -0.0015924037784
407 -0.00201375516396
408 -0.00210965064775
409 -0.00200983478756
410 -0.00180588755226
411 -0.00155874192661
412 -0.00130750693543
413 -0.00107176610128
414 -0.000861440631211
415 -0.000678491728502
416 -0.000523693612289
417 -0.000394472435411
418 -0.000287847917664
419 -0.000201235210786
420 -0.000131106185858
421 -7.49576463882e-05
422 -2.89328795151e-05
423 9.69685342618e-06
424 4.16749396802e-05
425 6.45609946586e-05
426 7.83158213933e-05
427 8.55426250871e-05
428 8.92698406863e-05
429 9.18615248943e-05
430 9.43931823899e-05
431 9.71429951565e-05
432 9.9892611339e-05
433 0.000102485977286
434 0.000104641968978
435 0.000106326041286
436 0.000107445526987
437 0.000107952415323
438 0.000107868499581
439 0.000107260372366
440 0.000106165642792
441 0.000104677861978
442 0.000102848647154
443 0.000100757301545
444 9.84912342252e-05
445 9.60896876881e-05
446 9.35617876912e-05
447 9.09482732571e-05
448 8.8277427225e-05
449 8.55539257547e-05
450 0.00715022848755
451 0.00629549135037
452 0.00476400687549
453 0.00301063790726
454 0.00137642310827
455 3.89147027292e-05
456 -0.000889544243579
457 -0.00145364441541
458 -0.00171593765078
459 -0.0017726294849
460 -0.00169700257762
461 -0.00154659504587
462 -0.00136242737852
463 -0.00117021530198
464 -0.000985192897567
465 -0.000814991875992
466 -0.000663750876638
467 -0.000532372791356
468 -0.000420128089107
469 -0.000326286558011
470 -0.000248900897821
471 -0.000185859877301
472 -0.000133365594501
473 -8.72060836331e-05
474 -4.61429694072e-05
475 -1.25489809496e-05
476 1.22146707903e-05
477 2.94832162192e-05
478 4.15640099691e-05
479 5.06881174622e-05
480 5.81019329619e-05
481 6.46135442917e-05
482 7.03010319356e-05
483 7.53371618552e-05
484 7.95439628185e-05
485 8.30586949053e-05
486 8.58369898015e-05
487 8.78801526683e-05
488 8.92359302809e-05
489 8.99737132447e-05
490 9.0139166746e-05
491 8.98351894396e-05
492 8.91258476108e-05
493 8.8063704578e-05
494 8.67512345343e-05
495 8.52244628441e-05
496 8.35173054971e-05
497 8.16577689963e-05
498 7.9679497964e-05
499 7.75972053035e-05
500 0.00621253906762
501 0.00559713926683
502 0.00446898386971
503 0.00311761930416
504 0.00178219744412
505 0.00060414426292
506 -0.000296495778205
507 -0.00092263773686
508 -0.00129059121886
509 -0.00146629272294
510 -0.00150131779593
511 -0.00144385787692
512 -0.00133200150427
513 -0.00119270776534
514 -0.00104406559901
515 -0.00089747402595
516 -0.000760086866175
517 -0.000635464183362
518 -0.000525298808063
519 -0.00043114553176
520 -0.000352466754682
521 -0.000287163028663
522 -0.000230425487664
523 -0.000177050351225
524 -0.000126700576015
525 -8.29651516453e-05
526 -4.85522026824e-05
527 -2.29734588333e-05
528 -4.09929503007e-06
529 1.03413152636e-05
530 2.18598403441e-05
531 3.15982150775e-05
532 3.99242591599e-05
533 4.72103128913e-05
534 5.34027595363e-05
535 5.86886450495e-05
536 6.31136738644e-05
537 6.67010459833e-05
538 6.95172810314e-05
539 7.16297416404e-05
540 7.3076346749e-05
541 7.39896611005e-05
542 7.44340828633e-05
543 7.44470723962e-05
544 7.41309057552e-05
545 7.3526417513e-05
546 7.26749601342e-05
547 7.16151044439e-05
548 7.03695815741e-05
549 6.89678118672e-05
550 0.00543472122274
551 0.00498118929456
552 0.00413625508788
553 0.00308890606338
554 0.00200566954862
555 0.000994597480672
556 0.000165246293549
557 -0.000466087870874
558 -0.000887972413564
559 -0.00114232397834
560 -0.00126193440661
561 -0.00128335730498
562 -0.00123887838858
563 -0.00115353485319
564 -0.00104608313009
565 -0.000929400781738
566 -0.000812875901912
567 -0.000702070767308
568 -0.00060098823423
569 -0.000513076575273
570 -0.00043866024723
571 -0.000374573840506
572 -0.000314495300853
573 -0.000253840371209
574 -0.000194799578404
575 -0.000142846925412
576 -0.000101244766828
577 -6.9733926037e-05
578 -4.60107226467e-05
579 -2.7690550562e-05
580 -1.29915854333e-05
581 -6.73600251882e-07
582 9.87854349207e-06
583 1.91356615995e-05
584 2.71480372263e-05
585 3.4083065867e-05
586 4.00766849276e-05
587 4.51493020372e-05
588 4.93788922608e-05
589 5.28453582497e-05
590 5.55669286693e-05
591 5.76831440522e-05
592 5.92725119938e-05
593 6.03630029944e-05
594 6.10463963837e-05
595 6.13740703548e-05
596 6.13802507747e-05
597 6.11317018866e-05
598 6.06338769925e-05
599 5.99259546852e-05
600 0.00479228607761
601 0.00445107507785
602 0.00380540728205
603 0.00298412079536
604 0.00210369873111
605 0.00124619026069
606 0.000504414445728
607 -9.83985856319e-05
608 -0.00053712562741
609 -0.000835864212658
610 -0.00101372492899
611 -0.00109594647299
612 -0.00110809500499
613 -0.00107187735338
614 -0.00100491395372
615 -0.000920204010752
616 -0.000828076601872
617 -0.000735842446977
618 -0.00064925294565
619 -0.000572881196815
620 -0.000506464014124
621 -0.00044472089777
622 -0.00038085223439
623 -0.000313291624052
624 -0.000247497675489
625 -0.000190294992564
626 -0.000144592323805
627 -0.000109748772002
628 -8.31424953545e-05
629 -6.23415218066e-05
630 -4.54265995821e-05
631 -3.11704834529e-05
632 -1.88509414633e-05
633 -7.97056907886e-06
634 1.6123985574e-06
635 1.00314117313e-05
636 1.74535329102e-05
637 2.39019456591e-05
638 2.94462182175e-05
639 3.4192458459e-05
640 3.81433886112e-05
641 4.14037101157e-05
642 4.4089481407e-05
643 4.62230743123e-05
644 4.78708931086e-05
645 4.91064808199e-05
646 4.99572066252e-05
647 5.05020662564e-05
648 5.07416259879e-05
649 5.07179731044e-05
650 0.00425733263794
651 0.00399555699522
652 0.00349323390201
653 0.00284053858968
654 0.00212186175403
655 0.00139746387469
656 0.000744418116965
657 0.000186554315512
658 -0.000245145721566
659 -0.000563146445716
660 -0.000777062938214
661 -0.000902887053656
662 -0.000959513233291
663 -0.000964940082681
664 -0.000934634947105
665 -0.000881063883986
666 -0.000814556653574
667 -0.000743798353803
668 -0.000675496073566
669 -0.000613767884442
670 -0.000556071260154
671 -0.000495403875387
672 -0.000427053436113
673 -0.000354203604951
674 -0.000284833526252
675 -0.000225855232811
676 -0.000179072755068
677 -0.000143197426655
678 -0.000115409268166
679 -9.33292023507e-05
680 -7.50487936728e-05
681 -5.94391972501e-05
682 -4.57919469737e-05
683 -3.36300403647e-05
684 -2.27344046257e-05
685 -1.30223242222e-05
686 -4.33944764014e-06
687 3.34443175436e-06
688 1.00850022934e-05
689 1.59958175755e-05
690 2.10916733055e-05
691 2.54245698242e-05
692 2.91325229471e-05
693 3.22459074283e-05
694 3.48150497544e-05
695 3.69179543708e-05
696 3.85829670701e-05
697 3.98776060259e-05
698 4.08346089849e-05
699 4.1476359175e-05
700 0.00380263544357
701 0.00359890149991
702 0.00320249135948
703 0.00267896769478
704 0.00208995068796
705 0.00147905875974
706 0.000909771794171
707 0.000403807844745
708 -6.81932535225e-06
709 -0.000326985483679
710 -0.00055997095011
711 -0.000715116564283
712 -0.000805119095881
713 -0.0008444069533
714 -0.000845994755862
715 -0.000821437970578
716 -0.000780763059118
717 -0.000733232129846
718 -0.000685211620985
719 -0.000638264050928
720 -0.000586995431345
721 -0.000525177280417
722 -0.000452898466467
723 -0.000377836023552
724 -0.00030877854594
725 -0.000251350600954
726 -0.000206050378231
727 -0.000170991396435
728 -0.000143343327653
729 -0.000120934315647
730 -0.000102003851694
731 -8.55566741542e-05
732 -7.09410278161e-05
733 -5.77468176599e-05
734 -4.5794151946e-05
735 -3.49920748079e-05
736 -2.52181834822e-05
737 -1.64429574769e-05
738 -8.62311557468e-06
739 -1.66798534539e-06
740 4.46280287982e-06
741 9.80191960074e-06
742 1.44540047937e-05
743 1.84731049484e-05
744 2.19180226347e-05
745 2.48413828828e-05
746 2.72826042243e-05
747 2.9306132501e-05
748 3.09528497189e-05
749 3.22454471137e-05
750 0.00340988685345
751 0.00324944205095
752 0.0029330957307
753 0.00251049310923
754 0.00202591925075
755 0.00151155396743
756 0.00101861082978
757 0.000566054381129
758 0.000184465959706
759 -0.000126591777734
760 -0.000366284230918
761 -0.000539082608738
762 -0.000652765900469
763 -0.00071863168946
764 -0.000747255485374
765 -0.000749153075578
766 -0.000733945803393
767 -0.000710048112512
768 -0.000681433927279
769 -0.000645868555993
770 -0.000597210918511
771 -0.000533185841494
772 -0.00045961077536
773 -0.000386525351476
774 -0.000321657684621
775 -0.000268628666226
776 -0.000226774549029
777 -0.000193896231107
778 -0.000167376582364
779 -0.000145362930574
780 -0.000126328840524
781 -0.000109457968633
782 -9.41992094228e-05
783 -8.02587416092e-05
784 -6.7487551621e-05
785 -5.57971868618e-05
786 -4.51022373434e-05
787 -3.53874850862e-05
788 -2.66180558292e-05
789 -1.87308524083e-05
790 -1.16763310533e-05
791 -5.41863594991e-06
792 1.04716176832e-07
793 4.95904891186e-06
794 9.20971955182e-06
795 1.29031803719e-05
796 1.60820199282e-05
797 1.88083693657e-05
798 2.11135634813e-05
799 2.30350488359e-05
800 0.00306745720508
801 0.00293932949018
802 0.0026849145635
803 0.00234162266183
804 0.00194166411273
805 0.00150864588192
806 0.00108380428355
807 0.000683269853952
808 0.000334554362377
809 3.9669477444e-05
810 -0.000197679328818
811 -0.000378884411063
812 -0.000508196279227
813 -0.000594113668309
814 -0.000645332577931
815 -0.000671141912553
816 -0.000680026267845
817 -0.000677555902407
818 -0.000663710054954
819 -0.000634010966328
820 -0.000585043850752
821 -0.00052054829272
822 -0.000450140509732
823 -0.000383434415466
824 -0.000325923687675
825 -0.000279309161728
826 -0.000242179306356
827 -0.000212379581187
828 -0.000187697473186
829 -0.000166608467381
830 -0.000147894407247
831 -0.000130974987839
832 -0.000115412329116
833 -0.00010098727565
834 -8.76322055282e-05
835 -7.52601856096e-05
836 -6.38303229022e-05
837 -5.33365685027e-05
838 -4.37589087897e-05
839 -3.50610743719e-05
840 -2.72012187575e-05
841 -2.01382881914e-05
842 -1.38346470161e-05
843 -8.21911354139e-06
844 -3.2382583872e-06
845 1.16521490866e-06
846 5.02890857718e-06
847 8.40272730196e-06
848 1.13336650432e-05
849 1.38501817884e-05
850 0.00276814817842
851 0.00266466431639
852 0.00245840609783
853 0.00217760404131
854 0.00184589240237
855 0.00148098485972
856 0.00111567945071
857 0.000763396941703
858 0.000448574192197
859 0.000174045336773
860 -5.49609994022e-05
861 -0.000237618366043
862 -0.000376129695171
863 -0.000476688071621
864 -0.000546511822118
865 -0.000593234151116
866 -0.000622435065658
867 -0.000635474573683
868 -0.000629310944562
869 -0.000600970609731
870 -0.000552276091164
871 -0.000491653873611
872 -0.000429174550021
873 -0.000372259859835
874 -0.000324032560498
875 -0.000284840835647
876 -0.00025304347413
877 -0.000226790053592
878 -0.000204349736021
879 -0.000184560211812
880 -0.000166535210936
881 -0.000149883652601
882 -0.000134306598584
883 -0.000119653591514
884 -0.000105943454313
885 -9.30985306575e-05
886 -8.11275706075e-05
887 -7.00320404956e-05
888 -5.98046894323e-05
889 -5.04430446664e-05
890 -4.19084285057e-05
891 -3.41658849781e-05
892 -2.71752585428e-05
893 -2.08888438402e-05
894 -1.52504392021e-05
895 -1.02083281989e-05
896 -5.72103140391e-06
897 -1.75119808642e-06
898 1.75907359412e-06
899 4.83384426605e-06
900 0.00250700308104
901 0.00242265215224
902 0.00225387677597
903 0.00202238252797
904 0.00174555654152
905 0.00143701022035
906 0.00112296237237
907 0.000814143643845
908 0.000531949728697
909 0.000279463048057
910 6.25835057029e-05
911 -0.000116799458908
912 -0.000259666765456
913 -0.000370528089916
914 -0.000455024429022
915 -0.000517843188204
916 -0.000560465621119
917 -0.000581071186699
918 -0.000576940995067
919 -0.000549428879484
920 -0.000504826619981
921 -0.000452950267297
922 -0.000401829970956
923 -0.000356442027694
924 -0.000318096672633
925 -0.000286453340652
926 -0.000260045082673
927 -0.000237465033902
928 -0.000217441667714
929 -0.000199181760404
930 -0.000182104194384
931 -0.000165972175809
932 -0.000150632439443
933 -0.000135999160038
934 -0.000122152088205
935 -0.000109051806918
936 -9.67267655367e-05
937 -8.52031636129e-05
938 -7.44963041484e-05
939 -6.46130130638e-05
940 -5.55378507684e-05
941 -4.72427926161e-05
942 -3.96756097865e-05
943 -3.28197594016e-05
944 -2.66163195442e-05
945 -2.101786494e-05
946 -1.59786551532e-05
947 -1.14707201259e-05
948 -7.43652255873e-06
949 -3.85413758045e-06
950 0.00227797213992
951 0.00220845026736
952 0.00206935148735
953 0.00187699181449
954 0.0016448456215
955 0.00138314775515
956 0.00111299509426
957 0.000842920627934
958 0.000591481281837
959 0.000361526665887
960 0.000158780892494
961 -1.44335083898e-05
962 -0.000158332498792
963 -0.0002758678214
964 -0.000370266212908
965 -0.000442463589988
966 -0.0004907086436
967 -0.000513056341166
968 -0.000509831803013
969 -0.000486272221625
970 -0.000450434649074
971 -0.000410593562703
972 -0.000372312117493
973 -0.000338552150251
974 -0.000309635448129
975 -0.000285077188196
976 -0.000263765475726
977 -0.000244749460003
978 -0.000227175208165
979 -0.000210570719721
980 -0.000194621855262
981 -0.000179216620273
982 -0.000164332923704
983 -0.000149939105409
984 -0.000136159670288
985 -0.000122990888112
986 -0.000110496042578
987 -9.87148960594e-05
988 -8.76918863097e-05
989 -7.74443346323e-05
990 -6.79656210686e-05
991 -5.92509186046e-05
992 -5.12371561225e-05
993 -4.39174691475e-05
994 -3.72467806404e-05
995 -3.11793896545e-05
996 -2.56663629391e-05
997 -2.06851815465e-05
998 -1.6188931437e-05
999 -1.21533640182e-05
1000 0.00207662711208
1001 0.00201900188569
1002 0.00190371320751
1003 0.00174284744636
1004 0.00154758035582
1005 0.00132520968769
1006 0.00109283337963
1007 0.000857291321371
1008 0.000634343033246
1009 0.000426393283378
1010 0.000238554466091
1011 7.30277096317e-05
1012 -6.95692754611e-05
1013 -0.000190149627028
1014 -0.000288807506183
1015 -0.000363803455395
1016 -0.000412542293685
1017 -0.000435360303658
1018 -0.000435557073916
1019 -0.000419937231217
1020 -0.000395807584758
1021 -0.000369037719593
1022 -0.000343257369567
1023 -0.000320097028774
1024 -0.000299575173376
1025 -0.000281323289456
1026 -0.000264636415602
1027 -0.000248945212288
1028 -0.000233766471265
1029 -0.000218896411935
1030 -0.000204199651933
1031 -0.000189701405052
1032 -0.000175448701527
1033 -0.000161483761378
1034 -0.000147954784326
1035 -0.000134902779249
1036 -0.000122413169763
1037 -0.000110556220489
1038 -9.93895319597e-05
1039 -8.89362384416e-05
1040 -7.91916047927e-05
1041 -7.01787754262e-05
1042 -6.18331922585e-05
1043 -5.41495002497e-05
1044 -4.70901496831e-05
1045 -4.06347080528e-05
1046 -3.47172203974e-05
1047 -2.93307144029e-05
1048 -2.44361861701e-05
1049 -2.00075584928e-05
1050 0.0019015295168
1051 0.00185375702659
1052 0.00175788538291
1053 0.00162321250093
1054 0.00145890841595
1055 0.00127006860867
1056 0.00107063818035
1057 0.000865919648214
1058 0.000669018159627
1059 0.000481497461674
1060 0.000307671932276
1061 0.000149817377609
1062 9.98400891306e-06
1063 -0.000110244625688
1064 -0.000208520655203
1065 -0.000282382426865
1066 -0.000330577898208
1067 -0.000355686830149
1068 -0.000362438595547
1069 -0.000357046555855
1070 -0.000345140440595
1071 -0.000330638120307
1072 -0.000315847391403
1073 -0.000301720249079
1074 -0.000288335718685
1075 -0.000275533118007
1076 -0.00026293707062
1077 -0.000250304302611
1078 -0.000237441593563
1079 -0.000224334284751
1080 -0.000210987638929
1081 -0.000197537757779
1082 -0.000184071982622
1083 -0.000170700529086
1084 -0.000157598713977
1085 -0.00014483960067
1086 -0.000132515327918
1087 -0.000120748817487
1088 -0.000109578249666
1089 -9.90600906201e-05
1090 -8.91885384859e-05
1091 -7.9988265392e-05
1092 -7.14203258215e-05
1093 -6.34800427593e-05
1094 -5.61318532117e-05
1095 -4.93601844338e-05
1096 -4.31148710072e-05
1097 -3.73918486707e-05
1098 -3.21626933099e-05
1099 -2.739576295e-05
1100 0.00175676929661
1101 0.00171726375373
1102 0.00163744838048
1103 0.00152499740579
1104 0.0013868643856
1105 0.00122671440115
1106 0.001055586496
1107 0.000877075329714
1108 0.000701861713283
1109 0.000530793847628
1110 0.000367821938161
1111 0.000216298922159
1112 8.0206873982e-05
1113 -3.69921849381e-05
1114 -0.000132190900121
1115 -0.00020378710616
1116 -0.000252435129206
1117 -0.000281747271806
1118 -0.000296399985723
1119 -0.000301209598853
1120 -0.000300250621027
1121 -0.000296102024588
1122 -0.000290317951551
1123 -0.000283578335418
1124 -0.000276104368472
1125 -0.000267900878811
1126 -0.000258885294617
1127 -0.000249044559287
1128 -0.00023839650055
1129 -0.000227053851844
1130 -0.000215137914049
1131 -0.000202840086045
1132 -0.000190294973165
1133 -0.000177662674095
1134 -0.00016514172662
1135 -0.000152814784552
1136 -0.000140818107797
1137 -0.000129277394019
1138 -0.000118252408384
1139 -0.000107798397576
1140 -9.79283046132e-05
1141 -8.86582813307e-05
1142 -7.99775144638e-05
1143 -7.18855712993e-05
1144 -6.43397711039e-05
1145 -5.73347401072e-05
1146 -5.08406752303e-05
1147 -4.48473824137e-05
1148 -3.93437132167e-05
1149 -3.42966864734e-05
1150 0.00165006961212
1151 0.0016171452851
1152 0.00155022137211
1153 0.00145549458437
1154 0.00133788190599
1155 0.00119979701488
1156 0.00104961545004
1157 0.000889586919417
1158 0.000728779961701
1159 0.000568259597768
1160 0.000412698510239
1161 0.00026697122941
1162 0.000136372290656
1163 2.47188079235e-05
1164 -6.57543988266e-05
1165 -0.000134910308963
1166 -0.000184602127077
1167 -0.000218402463422
1168 -0.000240252147833
1169 -0.000253624973143
1170 -0.000261387754473
1171 -0.00026531848351
1172 -0.000266551745449
1173 -0.000265666540234
1174 -0.000262972910882
1175 -0.000258609676189
1176 -0.00025270362711
1177 -0.000245404386782
1178 -0.000236847351611
1179 -0.000227252827362
1180 -0.00021680704321
1181 -0.000205732280049
1182 -0.000194214260919
1183 -0.000182444009686
1184 -0.000170622087542
1185 -0.000158868232642
1186 -0.000147343860921
1187 -0.000136169694976
1188 -0.00012542334149
1189 -0.000115162715157
1190 -0.0001054053653
1191 -9.61675306756e-05
1192 -8.74706164816e-05
1193 -7.92985507274e-05
1194 -7.1638998411e-05
1195 -6.44800375351e-05
1196 -5.78107780196e-05
1197 -5.16215605101e-05
1198 -4.5908869666e-05
1199 -4.06458793061e-05
1200 0.00157449645547
1201 0.00154594519253
1202 0.0014876001343
1203 0.00140428564027
1204 0.00129946221818
1205 0.00117459347965
1206 0.00103645983363
1207 0.000886910452776
1208 0.000734764675976
1209 0.000581963185048
1210 0.000434251349243
1211 0.000296976091813
1212 0.000175216733356
1213 7.17842625967e-05
1214 -1.26018020787e-05
1215 -7.88231036079e-05
1216 -0.000129049150372
1217 -0.000166340001904
1218 -0.000193667863793
1219 -0.000213421963565
1220 -0.000227632516441
1221 -0.00023759124569
1222 -0.000244145410402
1223 -0.000247810413874
1224 -0.000248952878313
1225 -0.00024780192815
1226 -0.000244618535555
1227 -0.000239624692837
1228 -0.000233049764822
1229 -0.000225168459668
1230 -0.00021620036561
1231 -0.000206404283176
1232 -0.000195997161275
1233 -0.000185178436741
1234 -0.000174161394951
1235 -0.000163106541537
1236 -0.000152172220052
1237 -0.00014148417445
1238 -0.000131131908765
1239 -0.000121159488807
1240 -0.000111606044611
1241 -0.000102502293132
1242 -9.38701776692e-05
1243 -8.57131512542e-05
1244 -7.80182137616e-05
1245 -7.07831706835e-05
1246 -6.40104333111e-05
1247 -5.76975281765e-05
1248 -5.18424867394e-05
1249 -4.64263280584e-05
1250 0.00149545390639
1251 0.00146915737338
1252 0.00141527870024
1253 0.00133791096735
1254 0.00123984784674
1255 0.0011225400816
1256 0.000992317023169
1257 0.000851441235117
1258 0.000708997861156
1259 0.000567338954369
1260 0.000432140843074
1261 0.000307964899159
1262 0.000198533781833
1263 0.000105317061978
1264 2.79999650964e-05
1265 -3.46449039582e-05
1266 -8.44653200195e-05
1267 -0.000123826923906
1268 -0.00015479013564
1269 -0.000178947453526
1270 -0.000197729697808
1271 -0.000212078416768
1272 -0.000222612523566
1273 -0.000229808914578
1274 -0.000234052406809
1275 -0.000235619179151
1276 -0.000234823072134
1277 -0.000231942651919
1278 -0.000227248113547
1279 -0.000221032591896
1280 -0.00021354501651
1281 -0.000205068372985
1282 -0.000195827511481
1283 -0.000186029210565
1284 -0.000175915823902
1285 -0.000165657784454
1286 -0.000155411729137
1287 -0.000145304724737
1288 -0.000135427592152
1289 -0.000125836556933
1290 -0.000116578652171
1291 -0.000107700696345
1292 -9.92265410391e-05
1293 -9.11586494142e-05
1294 -8.35009348135e-05
1295 -7.62630694557e-05
1296 -6.94569469975e-05
1297 -6.30873734069e-05
1298 -5.71521349735e-05
1299 -5.16389404375e-05
1300 0.00137672141992
1301 0.00135223063824
1302 0.00130198779337
1303 0.00122995122565
1304 0.00113903867699
1305 0.00103100455683
1306 0.000912050621528
1307 0.000784861764847
1308 0.000657880299138
1309 0.000533053312423
1310 0.000415044587894
1311 0.000307084123391
1312 0.000211534193135
1313 0.000129038218712
1314 5.89365326619e-05
1315 2.63831072553e-07
1316 -4.83778698622e-05
1317 -8.85920764889e-05
1318 -0.000121705553084
1319 -0.00014872590778
1320 -0.000170661434058
1321 -0.000188150515624
1322 -0.000201659728463
1323 -0.000211608290087
1324 -0.000218393527935
1325 -0.000222264975621
1326 -0.000223580724959
1327 -0.000222634409257
1328 -0.000219704390599
1329 -0.00021509874131
1330 -0.000209077552689
1331 -0.000201936251722
1332 -0.000193886534417
1333 -0.000185171452088
1334 -0.000176038352062
1335 -0.000166651598659
1336 -0.000157170035411
1337 -0.000147723699334
1338 -0.000138400576337
1339 -0.000129266870365
1340 -0.000120381367479
1341 -0.000111806880461
1342 -0.000103558521651
1343 -9.56485690721e-05
1344 -8.8098059691e-05
1345 -8.09250998738e-05
1346 -7.41530377954e-05
1347 -6.77894390703e-05
1348 -6.18367590565e-05
1349 -5.62783243174e-05
1350 0.00121927613312
1351 0.00119759695553
1352 0.00115318815818
1353 0.00108968245373
1354 0.00101030198024
1355 0.000916620478461
1356 0.000814347987452
1357 0.000706039057474
1358 0.000598600013788
1359 0.000493373197874
1360 0.000393779675
1361 0.000302004063244
1362 0.00021962469386
1363 0.000146975841263
1364 8.35394151526e-05
1365 2.86758518975e-05
1366 -1.83688385572e-05
1367 -5.8616072499e-05
1368 -9.28373099054e-05
1369 -0.000121631353184
1370 -0.000145679936034
1371 -0.000165398693223
1372 -0.000181143141745
1373 -0.000193244777635
1374 -0.000202118355296
1375 -0.000207980054986
1376 -0.000211173897973
1377 -0.000211987172453
1378 -0.000210706598084
1379 -0.00020764074059
1380 -0.000203056454746
1381 -0.000197229410157
1382 -0.000190391671131
1383 -0.000182806781037
1384 -0.00017469786424
1385 -0.000166239633413
1386 -0.000157579595226
1387 -0.000148849671474
1388 -0.000140137109519
1389 -0.000131523001809
1390 -0.000123083218846
1391 -0.00011487258244
1392 -0.000106906375655
1393 -9.92174066836e-05
1394 -9.18357935212e-05
1395 -8.47939143873e-05
1396 -7.81174031424e-05
1397 -7.18169180149e-05
1398 -6.58978532571e-05
1399 -6.03431627028e-05
1400 0.00105551208015
1401 0.00103748014762
1402 0.00100073908044
1403 0.000948294438024
1404 0.000882935555355
1405 0.000806058882762
1406 0.000722294969845
1407 0.000633673257144
1408 0.000545494020235
1409 0.000458600564391
1410 0.000375497313966
1411 0.000297694800292
1412 0.000226389670487
1413 0.000161966587641
1414 0.000104174232872
1415 5.27586916286e-05
1416 7.4427665849e-06
1417 -3.23577180902e-05
1418 -6.70134165455e-05
1419 -9.68266061574e-05
1420 -0.000122258733977
1421 -0.000143554289164
1422 -0.000160984937019
1423 -0.000174797850142
1424 -0.00018538335534
1425 -0.000192964920018
1426 -0.000197816905987
1427 -0.000200229229334
1428 -0.000200490253431
1429 -0.000198891975964
1430 -0.000195686212632
1431 -0.000191154706347
1432 -0.000185551976872
1433 -0.00017911185865
1434 -0.000172059147178
1435 -0.00016456127469
1436 -0.000156758997131
1437 -0.000148783796839
1438 -0.000140729445641
1439 -0.00013269554841
1440 -0.000124748577766
1441 -0.000116944493546
1442 -0.000109314738608
1443 -0.000101904186688
1444 -9.4751564532e-05
1445 -8.79000338441e-05
1446 -8.13755640911e-05
1447 -7.51928425356e-05
1448 -6.93476582937e-05
1449 -6.3841395922e-05
1450 0.000915636168878
1451 0.000901277800638
1452 0.000871976288017
1453 0.000830222190356
1454 0.000777928335052
1455 0.000716376060538
1456 0.000648970000437
1457 0.000577134617281
1458 0.000504975718572
1459 0.00043291740059
1460 0.00036284897061
1461 0.000295970733491
1462 0.000233332923052
1463 0.000175416080972
1464 0.000122220324832
1465 7.37985166845e-05
1466 3.01867097122e-05
1467 -8.89966089036e-06
1468 -4.35533296836e-05
1469 -7.38707013796e-05
1470 -0.000100175699854
1471 -0.000122573148299
1472 -0.000141271932438
1473 -0.000156455563
1474 -0.000168479996881
1475 -0.000177516548962
1476 -0.000183822573941
1477 -0.000187678209519
1478 -0.000189364799133
1479 -0.000189127802947
1480 -0.000187229108813
1481 -0.00018397223205
1482 -0.000179588576946
1483 -0.000174287939021
1484 -0.000168298080767
1485 -0.000161768781673
1486 -0.00015483874176
1487 -0.00014764078463
1488 -0.000140280460631
1489 -0.000132861204414
1490 -0.0001254421352
1491 -0.000118082736351
1492 -0.000110835389023
1493 -0.00010375068036
1494 -9.68808242063e-05
1495 -9.02700878555e-05
1496 -8.39475907674e-05
1497 -7.79243753754e-05
1498 -7.21994487462e-05
1499 -6.67815435131e-05
1500 0.000810209278663
1501 0.000798824283679
1502 0.00077554091411
1503 0.000742313592416
1504 0.000700402965639
1505 0.000650805341857
1506 0.000595997213429
1507 0.00053690819334
1508 0.000476785456931
1509 0.000415772816685
1510 0.000355425267527
1511 0.000296754089202
1512 0.000240699642713
1513 0.000187845512326
1514 0.0001383779229
1515 9.25278764865e-05
1516 5.05334307759e-05
1517 1.23122973451e-05
1518 -2.20580113703e-05
1519 -5.25380656939e-05
1520 -7.93263438142e-05
1521 -0.000102466045076
1522 -0.000122107758051
1523 -0.000138376545342
1524 -0.000151574941925
1525 -0.000161842944028
1526 -0.00016942676293
1527 -0.000174583472859
1528 -0.000177560411664
1529 -0.000178596787855
1530 -0.000177965338633
1531 -0.000175935363734
1532 -0.000172725716063
1533 -0.000168540647167
1534 -0.000163590262243
1535 -0.000158014138241
1536 -0.000151951004328
1537 -0.000145543099224
1538 -0.000138899944169
1539 -0.000132111938345
1540 -0.000125238807892
1541 -0.000118356914698
1542 -0.000111528902649
1543 -0.000104814702649
1544 -9.82733927125e-05
1545 -9.19467926924e-05
1546 -8.58657114196e-05
1547 -8.00381118399e-05
1548 -7.4474089437e-05
1549 -6.91894562628e-05
1550 0.000735188599293
1551 0.000725940047343
1552 0.000707061043293
1553 0.000680009723884
1554 0.000645697033609
1555 0.000604777156716
1556 0.000559089319998
1557 0.000509227647226
1558 0.000457821454356
1559 0.000404888425631
1560 0.000351725994871
1561 0.00029919810592
1562 0.00024818431977
1563 0.000199343643431
1564 0.000152947351021
1565 0.000109337124549
1566 6.88930189488e-05
1567 3.16300435485e-05
1568 -2.2597565822e-06
1569 -3.26393026356e-05
1570 -5.9644329043e-05
1571 -8.32531195539e-05
1572 -0.000103548232482
1573 -0.000120641436506
1574 -0.000134786466927
1575 -0.000146098806939
1576 -0.000154798430095
1577 -0.00016110402748
1578 -0.00016525087639
1579 -0.00016748773622
1580 -0.000168063065256
1581 -0.000167200093041
1582 -0.000165120139241
1583 -0.000162012529434
1584 -0.000158071749885
1585 -0.000153422143412
1586 -0.000148221274726
1587 -0.000142609240309
1588 -0.000136685238946
1589 -0.000130531131506
1590 -0.000124222549346
1591 -0.000117845331053
1592 -0.000111470339789
1593 -0.000105167985009
1594 -9.89923375764e-05
1595 -9.29871270462e-05
1596 -8.71806078946e-05
1597 -8.15846437374e-05
1598 -7.62182743018e-05
1599 -7.11021994145e-05
1600 0.000682468619145
1601 0.000674748864033
1602 0.00065897669461
1603 0.000636257459357
1604 0.000607308952488
1605 0.000572518836886
1606 0.000533291626196
1607 0.000490052072296
1608 0.000444957088874
1609 0.000397946163339
1610 0.000350138066066
1611 0.000302298645739
1612 0.000255257588481
1613 0.000209696954331
1614 0.000165910099943
1615 0.000124340429178
1616 8.53971074272e-05
1617 4.917493554e-05
1618 1.59329098695e-05
1619 -1.41467942606e-05
1620 -4.11408223132e-05
1621 -6.49775485092e-05
1622 -8.57164024781e-05
1623 -0.000103426305798
1624 -0.000118330095177
1625 -0.00013051165155
1626 -0.000140158926026
1627 -0.000147478851077
1628 -0.000152693275324
1629 -0.000156031947167
1630 -0.000157713455664
1631 -0.00015794625887
1632 -0.000156930136312
1633 -0.000154847918391
1634 -0.000151865905019
1635 -0.000148122107823
1636 -0.000143771606217
1637 -0.000138938012926
1638 -0.000133717982435
1639 -0.000128199069553
1640 -0.00012246919349
1641 -0.000116620814335
1642 -0.000110731490698
1643 -0.000104869729275
1644 -9.9091269488e-05
1645 -9.34346867851e-05
1646 -8.79289999087e-05
1647 -8.25952287244e-05
1648 -7.74591851575e-05
1649 -7.2541230122e-05
1650 0.000644554321648
1651 0.000637926395421
1652 0.000624336224442
1653 0.000604657012212
1654 0.000579501456251
1655 0.000549044145175
1656 0.000514450729837
1657 0.000476014747583
1658 0.000435565405858
1659 0.000393011031244
1660 0.000349329349177
1661 0.000305206645656
1662 0.000261429520225
1663 0.000218673296689
1664 0.000177227804337
1665 0.000137548304745
1666 0.000100096678886
1667 6.49948851356e-05
1668 3.25288550633e-05
1669 2.9175403267e-06
1670 -2.38754226298e-05
1671 -4.77591805848e-05
1672 -6.87519535392e-05
1673 -8.68862265631e-05
1674 -0.000102374028624
1675 -0.000115247740013
1676 -0.000125699767826
1677 -0.000133916809527
1678 -0.000140084941389
1679 -0.000144420419146
1680 -0.000147110889478
1681 -0.000148352046043
1682 -0.000148325391829
1683 -0.000147195993132
1684 -0.000145120655699
1685 -0.000142245598868
1686 -0.000138714719943
1687 -0.000134634254527
1688 -0.000130098364815
1689 -0.000125214854186
1690 -0.000120074509835
1691 -0.000114770639915
1692 -0.000109385735739
1693 -0.000103986766898
1694 -9.86238315422e-05
1695 -9.33323741794e-05
1696 -8.81501423605e-05
1697 -8.31037972541e-05
1698 -7.82243795065e-05
1699 -7.35334254964e-05
1700 0.000615422910152
1701 0.000609573258721
1702 0.000597552234552
1703 0.000580093196008
1704 0.000557707335232
1705 0.000530448978241
1706 0.000499333996805
1707 0.000464550196207
1708 0.00042770790016
1709 0.0003886988024
1710 0.000348382841718
1711 0.000307382094662
1712 0.00026641908084
1713 0.000226133624452
1714 0.000186840758387
1715 0.000148983732469
1716 0.000113014516139
1717 7.90899340402e-05
1718 4.75147277461e-05
1719 1.85057564533e-05
1720 -7.93566059271e-06
1721 -3.16955234088e-05
1722 -5.27646603295e-05
1723 -7.11526658619e-05
1724 -8.70533414585e-05
1725 -0.000100463742615
1726 -0.000111588864807
1727 -0.000120566647127
1728 -0.000127572056019
1729 -0.000132787621267
1730 -0.000136388742506
1731 -0.000138540072639
1732 -0.000139413806008
1733 -0.000139164000986
1734 -0.000137942786542
1735 -0.000135896803799
1736 -0.000133143132499
1737 -0.000129780438836
1738 -0.000125922689586
1739 -0.000121670763775
1740 -0.000117125082856
1741 -0.000112378610679
1742 -0.000107508820717
1743 -0.000102582825663
1744 -9.76434476762e-05
1745 -9.2731438676e-05
1746 -8.78926915723e-05
1747 -8.31574014047e-05
1748 -7.85564666203e-05
1749 -7.41115530109e-05
1750 0.000591114399323
1751 0.000585842011427
1752 0.000575017599483
1753 0.000559287937707
1754 0.000539026923514
1755 0.000514286612932
1756 0.000485937435771
1757 0.000454102473041
1758 0.000420240226518
1759 0.000384183931699
1760 0.000346743462917
1761 0.000308469590773
1762 0.000270028212178
1763 0.000232033490022
1764 0.000194785324939
1765 0.000158701907494
1766 0.000124222677724
1767 9.15285039819e-05
1768 6.09287012106e-05
1769 3.2642815325e-05
1770 6.68674132577e-06
1771 -1.68058118808e-05
1772 -3.77981976648e-05
1773 -5.62926254414e-05
1774 -7.24616788851e-05
1775 -8.62921855429e-05
1776 -9.79541979229e-05
1777 -0.000107569891148
1778 -0.000115298542549
1779 -0.000121278490514
1780 -0.000125689681674
1781 -0.000128654999255
1782 -0.000130349362294
1783 -0.000130917250575
1784 -0.000130492475566
1785 -0.00012920985672
1786 -0.000127177475572
1787 -0.000124503092272
1788 -0.000121298262942
1789 -0.000117668886622
1790 -0.000113711268897
1791 -0.000109521397807
1792 -0.000105172447019
1793 -0.000100718730605
1794 -9.62061979018e-05
1795 -9.16858973211e-05
1796 -8.72056253704e-05
1797 -8.27983168058e-05
1798 -7.849305602e-05
1799 -7.43083769337e-05
1800 0.00056940535635
1801 0.00056459870502
1802 0.000554740535032
1803 0.000540413860698
1804 0.000521877699868
1805 0.000499208414909
1806 0.000473161182575
1807 0.000443813522267
1808 0.000412502932985
1809 0.000379027958808
1810 0.000344145079069
1811 0.000308341563722
1812 0.000272218268964
1813 0.00023636918302
1814 0.000201072056518
1815 0.00016673092482
1816 0.000133757629576
1817 0.000102339999448
1818 7.27927699564e-05
1819 4.53263141394e-05
1820 1.99705888708e-05
1821 -3.13403760836e-06
1822 -2.39253624584e-05
1823 -4.23993565112e-05
1824 -5.87004389959e-05
1825 -7.28240823021e-05
1826 -8.48992786342e-05
1827 -9.50294060517e-05
1828 -0.000103364399034
1829 -0.000109997080246
1830 -0.000115105380227
1831 -0.000118799244331
1832 -0.000121239242879
1833 -0.0001225559022
1834 -0.000122859813588
1835 -0.00012227765918
1836 -0.000120919285365
1837 -0.000118897961445
1838 -0.000116324647733
1839 -0.000113306190835
1840 -0.000109927133648
1841 -0.000106285638086
1842 -0.000102445361756
1843 -9.84565896632e-05
1844 -9.43767383253e-05
1845 -9.02534792993e-05
1846 -8.61422310943e-05
1847 -8.20725429371e-05
1848 -7.80710018211e-05
1849 -7.4156614949e-05
1850 0.000548885195303
1851 0.000544480148929
1852 0.000535445102785
1853 0.000522308292632
1854 0.000505253591747
1855 0.000484388890016
1856 0.000460357980671
1857 0.000433205497869
1858 0.000404168457813
1859 0.000373024579655
1860 0.000340474470063
1861 0.000306952286784
1862 0.000273011623378
1863 0.000239208766586
1864 0.000205809007674
1865 0.000173181634779
1866 0.000141731220738
1867 0.000111632595445
1868 8.31826397836e-05
1869 5.6602903205e-05
1870 3.19427005782e-05
1871 9.33313388073e-06
1872 -1.11556069129e-05
1873 -2.94967934522e-05
1874 -4.58351328348e-05
1875 -6.0141833146e-05
1876 -7.25178636209e-05
1877 -8.30506630181e-05
1878 -9.18710322251e-05
1879 -9.90501846711e-05
1880 -0.000104754633604
1881 -0.000109087320374
1882 -0.000112184392552
1883 -0.00011415861114
1884 -0.000115117790343
1885 -0.000115178881764
1886 -0.000114445580783
1887 -0.000113042629852
1888 -0.0001110786882
1889 -0.000108650151779
1890 -0.00010584096977
1891 -0.000102728918866
1892 -9.93814758896e-05
1893 -9.58528179311e-05
1894 -9.22023093422e-05
1895 -8.84831455794e-05
1896 -8.47462914099e-05
1897 -8.10185993734e-05
1898 -7.73249972136e-05
1899 -7.3682562454e-05
1900 0.000528883111337
1901 0.000524845751399
1902 0.00051652988149
1903 0.000504435223607
1904 0.000488704065089
1905 0.000469451706498
1906 0.000447221636219
1907 0.000422054547515
1908 0.000395096083061
1909 0.000366093001902
1910 0.000335709060394
1911 0.000304338200979
1912 0.000272479058415
1913 0.000240651267261
1914 0.000209094437284
1915 0.000178169454776
1916 0.000148237509134
1917 0.000119468026085
1918 9.21705117459e-05
1919 6.65488029244e-05
1920 4.26593727082e-05
1921 2.06279531675e-05
1922 5.25012666508e-07
1923 -1.75991028322e-05
1924 -3.38803135975e-05
1925 -4.82601014808e-05
1926 -6.08240086197e-05
1927 -7.16478996846e-05
1928 -8.08414309428e-05
1929 -8.84750918921e-05
1930 -9.46865470892e-05
1931 -9.95707687868e-05
1932 -0.000103227217505
1933 -0.000105780552765
1934 -0.000107328446321
1935 -0.000107980658118
1936 -0.000107839325557
1937 -0.000107029010113
1938 -0.000105645731072
1939 -0.00010378213583
1940 -0.000101513353256
1941 -9.89083128925e-05
1942 -9.60394885737e-05
1943 -9.29646725493e-05
1944 -8.97428802085e-05
1945 -8.64254713404e-05
1946 -8.30601261911e-05
1947 -7.9672260653e-05
1948 -7.62854733351e-05
1949 -7.29131621913e-05
1950 0.000509094803228
1951 0.000505388636686
1952 0.000497723692483
1953 0.000486555751233
1954 0.000472028135881
1955 0.000454244567253
1956 0.000433654483186
1957 0.000410324370393
1958 0.000385285247137
1959 0.000358289715733
1960 0.000329949239793
1961 0.000300617083535
1962 0.000270741939831
1963 0.000240814447645
1964 0.000211049603149
1965 0.000181780754836
1966 0.000153366833964
1967 0.000125959721026
1968 9.9852340404e-05
1969 7.52317339102e-05
1970 5.21675292677e-05
1971 3.07811602162e-05
1972 1.1149861821e-05
1973 -6.66822666887e-06
1974 -2.27879881512e-05
1975 -3.71341626465e-05
1976 -4.97939071181e-05
1977 -6.08110541948e-05
1978 -7.02831423825e-05
1979 -7.8282949972e-05
1980 -8.49116382161e-05
1981 -9.02566020306e-05
1982 -9.44009585082e-05
1983 -9.74709383306e-05
1984 -9.95493270626e-05
1985 -0.000100748708156
1986 -0.000101165973317
1987 -0.000100913437123
1988 -0.000100080819029
1989 -9.87500237105e-05
1990 -9.69902437911e-05
1991 -9.48729397866e-05
1992 -9.24694831136e-05
1993 -8.98401524873e-05
1994 -8.70416494261e-05
1995 -8.41198073222e-05
1996 -8.11212485167e-05
1997 -7.80674416935e-05
1998 -7.4980317544e-05
1999 -7.18740816518e-05
2000 0.00048936340604
2001 0.00048596183605
2002 0.0004788923202
2003 0.000468575326495
2004 0.00045516796413
2005 0.000438735100874
2006 0.000419677738886
2007 0.00039806437642
2008 0.000374819477157
2009 0.000349704962686
2010 0.000323290811758
2011 0.00029588779294
2012 0.000267902172615
2013 0.000239816890312
2014 0.000211809831046
2015 0.000184188106308
2016 0.000157288865863
2017 0.000131246529585
2018 0.000106344880562
2019 8.27570496732e-05
2020 6.0558985737e-05
2021 3.98705889795e-05
2022 2.07725447833e-05
2023 3.33403325106e-06
2024 -1.25526509414e-05
2025 -2.67942753547e-05
2026 -3.94699779174e-05
2027 -5.06061033923e-05
2028 -6.0276857534e-05
2029 -6.85585673905e-05
2030 -7.55148877165e-05
2031 -8.12369486009e-05
2032 -8.58087968419e-05
2033 -8.93266822457e-05
2034 -9.18805146685e-05
2035 -9.35783435378e-05
2036 -9.45077929829e-05
2037 -9.47712278218e-05
2038 -9.4449558306e-05
2039 -9.36108765754e-05
2040 -9.23288947093e-05
2041 -9.06742086658e-05
2042 -8.87204463514e-05
2043 -8.65237693979e-05
2044 -8.41354549216e-05
2045 -8.16011933868e-05
2046 -7.89587159564e-05
2047 -7.62292353624e-05
2048 -7.3432505291e-05
2049 -7.05907146793e-05
2050 0.00046976006759
2051 0.000466639802818
2052 0.00046010875097
2053 0.000450586777914
2054 0.000438212337863
2055 0.000423021674099
2056 0.000405385293625
2057 0.000385360588739
2058 0.000363788821885
2059 0.000340452298696
2060 0.000315867252423
2061 0.00029031846507
2062 0.000264175808502
2063 0.000237860796774
2064 0.000211558812454
2065 0.000185543909121
2066 0.00016012424273
2067 0.000135430421008
2068 0.000111738869667
2069 8.91926227666e-05
2070 6.78862014904e-05
2071 4.79284839539e-05
2072 2.94112199811e-05
2073 1.2404959078e-05
2074 -3.18030574988e-06
2075 -1.72517837827e-05
2076 -2.9863452737e-05
2077 -4.10399490111e-05
2078 -5.08340828127e-05
2079 -5.9308159555e-05
2080 -6.65205868003e-05
2081 -7.25500575001e-05
2082 -7.74810528447e-05
2083 -8.13933378518e-05
2084 -8.43739356654e-05
2085 -8.65250555404e-05
2086 -8.79284765961e-05
2087 -8.86644211365e-05
2088 -8.88065951203e-05
2089 -8.84249665276e-05
2090 -8.75951782918e-05
2091 -8.63836312124e-05
2092 -8.48609449891e-05
2093 -8.30789331069e-05
2094 -8.10816438399e-05
2095 -7.8915218811e-05
2096 -7.66113148029e-05
2097 -7.41870768917e-05
2098 -7.16724994455e-05
2099 -6.90935537866e-05
2100 0.000450353748332
2101 0.000447484718211
2102 0.000441454702413
2103 0.000432683924819
2104 0.000421261784811
2105 0.000407233611579
2106 0.000390930508177
2107 0.000372403917649
2108 0.000352425202343
2109 0.000330775861507
2110 0.000307925154184
2111 0.000284136672489
2112 0.000259731426519
2113 0.000235120091625
2114 0.000210455638247
2115 0.000185982698242
2116 0.000161998440866
2117 0.000138622818964
2118 0.000116109691126
2119 9.46000462937e-05
2120 7.41907816581e-05
2121 5.49834631158e-05
2122 3.70810852083e-05
2123 2.05538622314e-05
2124 5.32315884189e-06
2125 -8.51425028803e-06
2126 -2.09956329593e-05
2127 -3.21425335968e-05
2128 -4.19845851205e-05
2129 -5.0582897655e-05
2130 -5.79924447184e-05
2131 -6.42677766546e-05
2132 -6.95016026386e-05
2133 -7.37604807494e-05
2134 -7.71196348849e-05
2135 -7.96744909856e-05
2136 -8.14933426877e-05
2137 -8.26467537789e-05
2138 -8.32121477053e-05
2139 -8.32556962464e-05
2140 -8.28509537856e-05
2141 -8.20613203166e-05
2142 -8.09449638504e-05
2143 -7.95496081343e-05
2144 -7.79227412688e-05
2145 -7.60997567117e-05
2146 -7.41124042832e-05
2147 -7.19816407973e-05
2148 -6.97407586258e-05
2149 -6.74220091195e-05
2150 0.000431367174874
2151 0.000428716052678
2152 0.000423165873444
2153 0.000415097980889
2154 0.000404561298664
2155 0.000391617184021
2156 0.000376555668553
2157 0.000359425608126
2158 0.000340936557748
2159 0.0003208633665
2160 0.0002996428472
2161 0.000277510216765
2162 0.000254749133
2163 0.000231746375693
2164 0.00020863248189
2165 0.000185636682371
2166 0.000163033076598
2167 0.000140920843096
2168 0.000119555784704
2169 9.90704382064e-05
2170 7.95511674952e-05
2171 6.11080271889e-05
2172 4.3845450816e-05
2173 2.78314250492e-05
2174 1.29960175141e-05
2175 -5.56977277179e-07
2176 -1.28544094239e-05
2177 -2.3903019616e-05
2178 -3.3744760821e-05
2179 -4.24067173048e-05
2180 -4.99513631905e-05
2181 -5.64192416781e-05
2182 -6.18991911217e-05
2183 -6.64482402002e-05
2184 -7.01369367316e-05
2185 -7.30401621617e-05
2186 -7.52231475417e-05
2187 -7.67523408188e-05
2188 -7.77051481627e-05
2189 -7.81412716975e-05
2190 -7.81282906465e-05
2191 -7.7727396579e-05
2192 -7.69907668505e-05
2193 -7.5959591402e-05
2194 -7.46767488932e-05
2195 -7.31760927075e-05
2196 -7.14880511415e-05
2197 -6.96382929092e-05
2198 -6.76682205042e-05
2199 -6.56050229374e-05
2200 0.000412897664716
2201 0.00041043885064
2202 0.000405335899378
2203 0.000397913352254
2204 0.000388196079289
2205 0.000376267683934
2206 0.000362363858307
2207 0.00034653421087
2208 0.000329432590733
2209 0.000310828564379
2210 0.000291133879665
2211 0.000270548903194
2212 0.000249332542868
2213 0.000227846880139
2214 0.000206199000954
2215 0.000184605929844
2216 0.00016331392178
2217 0.000142419564877
2218 0.000122172697046
2219 0.000102689514649
2220 8.40611824262e-05
2221 6.63900282446e-05
2222 4.97782320121e-05
2223 3.42993126942e-05
2224 1.98938263981e-05
2225 6.66522066273e-06
2226 -5.3926739794e-06
2227 -1.63052140469e-05
2228 -2.60880140514e-05
2229 -3.47605175888e-05
2230 -4.23831184167e-05
2231 -4.89944029952e-05
2232 -5.46712711012e-05
2233 -5.94616028781e-05
2234 -6.34243213981e-05
2235 -6.66261872222e-05
2236 -6.91320456343e-05
2237 -7.09999533676e-05
2238 -7.23036150035e-05
2239 -7.30994496534e-05
2240 -7.34479759793e-05
2241 -7.34064765896e-05
2242 -7.30213826602e-05
2243 -7.23297656453e-05
2244 -7.13666456698e-05
2245 -7.01640609307e-05
2246 -6.87568133054e-05
2247 -6.71787887562e-05
2248 -6.5472483165e-05
2249 -6.36566475309e-05
2250 0.000394992913812
2251 0.000392719193845
2252 0.000388030111366
2253 0.00038119454945
2254 0.0003722374638
2255 0.000361248824219
2256 0.000348424245486
2257 0.000333798267897
2258 0.000317982484253
2259 0.000300747180827
2260 0.000282471252646
2261 0.000263330663076
2262 0.000243558993361
2263 0.000223492618836
2264 0.000203225288252
2265 0.000182957471732
2266 0.000162925983547
2267 0.000143208038382
2268 0.00012404818193
2269 0.000105545787558
2270 8.77958394947e-05
2271 7.08895301373e-05
2272 5.49338222691e-05
2273 4.00061447289e-05
2274 2.6065688478e-05
2275 1.32020089107e-05
2276 1.40662415514e-06
2277 -9.32044866711e-06
2278 -1.89997385911e-05
2279 -2.76377819908e-05
2280 -3.53010289196e-05
2281 -4.20145166499e-05
2282 -4.783936156e-05
2283 -5.28186375446e-05
2284 -5.70057936648e-05
2285 -6.0462560399e-05
2286 -6.32491329314e-05
2287 -6.54149973803e-05
2288 -6.70325666869e-05
2289 -6.81558473829e-05
2290 -6.88375033998e-05
2291 -6.9124004331e-05
2292 -6.90566441288e-05
2293 -6.86707610196e-05
2294 -6.79992610081e-05
2295 -6.7078460597e-05
2296 -6.59446201166e-05
2297 -6.46339727917e-05
2298 -6.31786169031e-05
2299 -6.1597423389e-05
2300 0.000377718313059
2301 0.000375620739744
2302 0.000371312694151
2303 0.000365003510754
2304 0.000356745240488
2305 0.000346621184513
2306 0.000334785149088
2307 0.000321268221376
2308 0.000306633321862
2309 0.000290658841408
2310 0.000273692747471
2311 0.000255893914097
2312 0.000237473512698
2313 0.000218737737437
2314 0.000199780596603
2315 0.000180775631378
2316 0.000161949284884
2317 0.000143364961523
2318 0.000125251701764
2319 0.000107700470683
2320 9.0807132994e-05
2321 7.466124077e-05
2322 5.93720174492e-05
2323 4.50131877799e-05
2324 3.15518913626e-05
2325 1.90742486937e-05
2326 7.58085605603e-06
2327 -2.92662482186e-06
2328 -1.24623071844e-05
2329 -2.10394291373e-05
2330 -2.86970793311e-05
2331 -3.54664641581e-05
2332 -4.13930628453e-05
2333 -4.65172766947e-05
2334 -5.08879958037e-05
2335 -5.45612548915e-05
2336 -5.75913580418e-05
2337 -6.0025726611e-05
2338 -6.19278474405e-05
2339 -6.3346042833e-05
2340 -6.43233874439e-05
2341 -6.48993169669e-05
2342 -6.51166677979e-05
2343 -6.50067053867e-05
2344 -6.46014146675e-05
2345 -6.39466347923e-05
2346 -6.30770284078e-05
2347 -6.20192433746e-05
2348 -6.07971076622e-05
2349 -5.94406803318e-05
2350 0.000361040837765
2351 0.000359103346039
2352 0.000355141164434
2353 0.000349324996393
2354 0.000341706840025
2355 0.000332369612973
2356 0.000321443159967
2357 0.00030894486098
2358 0.000295404224298
2359 0.00028059696678
2360 0.000264851681871
2361 0.000248308429636
2362 0.000231158570763
2363 0.000213683496436
2364 0.000195952842309
2365 0.000178149644267
2366 0.00016045319738
2367 0.000142939593094
2368 0.000125824551013
2369 0.000109191047909
2370 9.31374705117e-05
2371 7.77482720919e-05
2372 6.31256163141e-05
2373 4.93472658484e-05
2374 3.6373361475e-05
2375 2.43065689947e-05
2376 1.31403864727e-05
2377 2.88543248266e-06
2378 -6.46772057852e-06
2379 -1.49400098297e-05
2380 -2.25506602143e-05
2381 -2.93301208557e-05
2382 -3.5320134838e-05
2383 -4.05521976143e-05
2384 -4.50701676938e-05
2385 -4.89264719251e-05
2386 -5.21688387021e-05
2387 -5.48419113812e-05
2388 -5.69968444278e-05
2389 -5.86720784292e-05
2390 -5.99097159006e-05
2391 -6.07439408306e-05
2392 -6.12163682332e-05
2393 -6.1359815454e-05
2394 -6.12079475287e-05
2395 -6.08053020449e-05
2396 -6.01808341031e-05
2397 -5.93575742416e-05
2398 -5.83577199643e-05
2399 -5.72140158486e-05
2400 0.000344943753849
2401 0.000343162469208
2402 0.000339510528539
2403 0.000334156993563
2404 0.000327137578289
2405 0.000318523018192
2406 0.00030843858378
2407 0.000296884027861
2408 0.000284358556554
2409 0.000270642278536
2410 0.000256030614871
2411 0.000240657622604
2412 0.000224683380517
2413 0.000208370815483
2414 0.000191794787645
2415 0.000175095020908
2416 0.000158468842049
2417 0.000141973357591
2418 0.000125817102844
2419 0.000110074013798
2420 9.48404947847e-05
2421 8.01956968651e-05
2422 6.62407194679e-05
2423 5.30478366636e-05
2424 4.05797934467e-05
2425 2.89399346651e-05
2426 1.81233740177e-05
2427 8.14110059005e-06
2428 -1.01424646411e-06
2429 -9.35131090657e-06
2430 -1.6882257311e-05
2431 -2.36406339428e-05
2432 -2.96599651236e-05
2433 -3.49635910959e-05
2434 -3.95895827519e-05
2435 -4.35911024827e-05
2436 -4.7004633823e-05
2437 -4.98736999325e-05
2438 -5.22414489997e-05
2439 -5.41364638588e-05
2440 -5.56018068353e-05
2441 -5.66671909992e-05
2442 -5.73705108205e-05
2443 -5.77486082385e-05
2444 -5.78369695941e-05
2445 -5.76688384811e-05
2446 -5.72694751135e-05
2447 -5.66649035227e-05
2448 -5.58808743387e-05
2449 -5.49370367573e-05
2450 0.000329537799933
2451 0.00032790323268
2452 0.000324532594039
2453 0.000319601447761
2454 0.0003131245135
2455 0.0003051674697
2456 0.000295836465615
2457 0.000285146773435
2458 0.000273545247961
2459 0.0002608204019
2460 0.000247239114014
2461 0.000232940817916
2462 0.000218049711388
2463 0.000202822025928
2464 0.00018731550875
2465 0.000171674954723
2466 0.000156061672304
2467 0.000140540760143
2468 0.000125305938718
2469 0.000110426021588
2470 9.59938588708e-05
2471 8.20825761967e-05
2472 6.87880860606e-05
2473 5.6178833357e-05
2474 4.42205794646e-05
2475 3.30126984395e-05
2476 2.25508778656e-05
2477 1.28521952253e-05
2478 3.92197945499e-06
2479 -4.24951913812e-06
2480 -1.16763341808e-05
2481 -1.83845951663e-05
2482 -2.44033621192e-05
2483 -2.97484352851e-05
2484 -3.44565033767e-05
2485 -3.85708689102e-05
2486 -4.21229204724e-05
2487 -4.51547603319e-05
2488 -4.76984231144e-05
2489 -4.97786147832e-05
2490 -5.14374316671e-05
2491 -5.27056712121e-05
2492 -5.3618935198e-05
2493 -5.42129365458e-05
2494 -5.45177153977e-05
2495 -5.45602997789e-05
2496 -5.43680924979e-05
2497 -5.3963568104e-05
2498 -5.33763935613e-05
2499 -5.2620696039e-05
