0.0001	-696.2695765020097
0.00010202	-695.0280019698985
0.00010408	-693.7624042281736
0.00010618	-692.4727825808013
0.00010833	-691.1571332680551
0.00011052	-689.8154584940247
0.00011275	-688.4487575187813
0.00011503	-687.0550263500211
0.00011735	-685.6332673292437
0.00011972	-684.1844763016995
0.00012214	-682.7076522664505
0.00012461	-681.2027942014518
0.00012712	-679.6679046430551
0.00012969	-678.1029754402729
0.00013231	-676.5070090162919
0.00013499	-674.8810004637799
0.00013771	-673.2229561802213
0.00014049	-671.5328673355116
0.00014333	-669.8097325207672
0.00014623	-668.0525502967085
0.00014918	-666.2613233943462
0.0001522	-664.436041997282
0.00015527	-662.5747130644896
0.00015841	-660.677326379241
0.00016161	-658.7378846356937
0.00016487	-656.7663862121935
0.0001682	-654.764824720759
0.0001716	-652.713198192597
0.00017507	-650.6215046175455
0.0001786	-648.4897469731033
0.00018221	-646.3179132099995
0.00018589	-644.106006123285
0.00018965	-641.8540181975014
0.00019348	-639.5519523401056
0.00019739	-637.1998007291353
0.00020138	-634.8175607227588
0.00020544	-632.3752354098302
0.00020959	-629.892810588028
0.00021383	-627.3602831030136
0.00021815	-624.7776558745655
0.00022255	-622.144925984018
0.00022705	-619.4620776734449
0.00023164	-616.7291136648442
0.00023632	-613.9360304696937
0.00024109	-611.0928245310316
0.00024596	-608.199485298411
0.00025093	-605.2460086593115
0.000256	-602.2323904168508
0.00026117	-599.1686262898254
0.00026645	-596.0347044105505
0.00027183	-592.8506275283894
0.00027732	-589.5963832925802
0.00028292	-586.2819666039675
0.00028864	-582.907364134647
0.00029447	-579.4625783799399
0.00030042	-575.9575954669531
0.00030649	-572.3724093672623
0.00031268	-568.7270139311221
0.00031899	-565.0114028871754
0.00032544	-561.2255515179535
0.00033201	-557.3594708955692
0.00033872	-553.4231352920006
0.00034556	-549.4165465059727
0.00035254	-545.3296871057332
0.00035966	-541.1625488421884
0.00036693	-536.915112970758
0.00037434	-532.5773808256547
0.0003819	-528.1693328988888
0.00038962	-523.6709486499257
0.00039749	-519.0922288439365
0.00040552	-514.4131521013492
0.00041371	-509.6537075791259
0.00042207	-504.8038723361659
0.0004306	-499.8536343788626
0.00043929	-494.81299383733835
0.00044817	-489.6819011305969
0.00045722	-484.4503677652017
0.00046646	-479.1083544980499
0.00047588	-473.67585991326655
0.0004855	-468.13284237231596
0.0004953	-462.48931352987574
0.00050531	-456.7452158338176
0.00051552	-450.88054606342195
0.00052593	-444.9052869949482
0.00053656	-438.81939086205307
0.00054739	-432.62286875835065
0.00055845	-426.305655261498
0.00056973	-419.8677449566044
0.00058124	-413.30910055890394
0.00059299	-406.62968305744283
0.00060496	-399.8195027325624
0.00061719	-392.87846790265723
0.00062965	-385.81660492901136
0.00064237	-378.613835421672
0.00065535	-371.2901315077819
0.00066859	-363.81546474735035
0.0006821	-356.20978693789726
0.00069588	-348.4530673461327
0.00070993	-340.5652746286641
0.00072427	-332.526336069609
0.00073891	-324.3361958485822
0.00075383	-315.994859402771
0.00076906	-307.4922266369299
0.0007846	-298.84825779991326
0.00080045	-290.0329123377985
0.00081662	-281.06612591731994
0.00083311	-271.92785499217405
0.00084994	-262.6280073372145
0.00086711	-253.1565348103075
0.00088463	-243.51336341813374
0.0009025	-233.68844158816944
0.00092073	-223.6916908284736
0.00093933	-213.52302954231982
0.00095831	-203.16237292773098
0.00097767	-192.61966037103434
0.00099742	-181.88480200822255
0.0010176	-170.95761866081773
0.0010381	-159.8383586040968
0.0010591	-148.52643072815158
0.0010805	-137.00205071266885
0.0011023	-125.28514673399013
0.0011246	-113.36532945574106
0.0011473	-101.22282791540636
0.0011705	-88.87723694483009
0.0011941	-76.31879498621413
0.0012182	-63.547080552088346
0.0012429	-50.541643340302244
0.001268	-37.32307200224136
0.0012936	-23.880919023382944
0.0013197	-10.20507729957012
0.0013464	3.7049406354725534
0.0013736	17.84888283418229
0.0014013	32.23686292541879
0.0014296	46.859398159807824
0.0014585	61.72663037056566
0.001488	76.84870431648358
0.001518	92.21534134403589
0.0015487	107.827536125861
0.00158	123.70502423620269
0.0016119	139.8379620623141
0.0016445	156.23697049167822
0.0016777	172.89176855164487
0.0017116	189.82300208163963
0.0017462	207.01086829456528
0.0017814	224.48506850842148
0.0018174	242.22679731972858
0.0018541	260.2757736572777
0.0018916	278.57274073223664
0.0019298	297.0774059243804
0.0019688	315.99054215177705
0.0020086	335.11240731505234
0.0020491	354.5426900959885
0.0020905	374.28279537126843
0.0021328	394.3330304515795
0.0021758	414.69249018731796
0.0022198	435.26328600031945
0.0022646	456.2445119147467
0.0023104	477.43775475158054
0.0023571	498.94273073724526
0.0024047	520.7597837342671
0.0024533	542.889949733706
0.0025028	565.3329259331273
0.0025534	588.0905022254287
0.002605	611.1624043875952
0.0026576	634.449051599361
0.0027113	658.1516273890701
0.002766	682.0698384303787
0.0028219	706.4057010809581
0.0028789	730.9589545481788
0.0029371	755.9309225807399
0.0029964	781.1213320556492
0.0030569	806.6315572118942
0.0031187	832.4630477848696
0.0031817	858.6155608615726
0.003246	885.0906014653971
0.0033115	911.8879137435813
0.0033784	938.9099975873389
0.0034467	966.3575949469443
0.0035163	994.0304846258057
0.0035874	1021.9313677378317
0.0036598	1050.2590525522644
0.0037338	1078.817376468403
0.0038092	1107.6051548845444
0.0038861	1136.8242811878358
0.0039646	1166.176744020957
0.0040447	1195.9635129030335
0.0041264	1225.8855725801354
0.0042098	1256.145084156094
0.0042948	1286.6419450758558
0.0043816	1317.4795982412438
0.0044701	1348.557995686894
0.0045604	1379.7795200928786
0.0046525	1411.3453872443183
0.0047465	1443.1581318599824
0.0048424	1475.1190768013198
0.0049402	1507.4295625353184
0.00504	1539.792324709776
0.0051419	1572.510219651778
0.0052457	1605.3819343177258
0.0053517	1638.4132494367575
0.0054598	1671.6043457949154
0.0055701	1705.0583392080835
0.0056826	1738.5769328581578
0.0057974	1772.3634175587654
0.0059145	1806.2196168474725
0.006034	1840.2490003826067
0.0061559	1874.3535137962988
0.0062803	1908.536808632483
0.0064072	1942.8009533581067
0.0065366	1977.1480310309191
0.0066686	2011.4819210603416
0.0068033	2046.0066417353573
0.0069408	2080.4263518653534
0.007081	2114.9415884720074
0.007224	2149.3565946155386
0.00737	2183.7777015108727
0.0075189	2218.105566787875
0.0076708	2252.444749186091
0.0078257	2286.697891689143
0.0079838	2320.8718094372284
0.0081451	2354.969345765231
0.0083096	2388.793334017576
0.0084775	2422.5509854074426
0.0086488	2456.145317037805
0.0088235	2489.4793224699097
0.0090017	2522.5582727582737
0.0091836	2555.4898968705115
0.0093691	2587.9750341270274
0.0095583	2620.319164955924
0.0097514	2652.230322411399
0.0099484	2683.8117849150167
0.010149	2714.9591503579077
0.010354	2745.795780366521
0.010564	2776.0409449852855
0.010777	2805.9458151165845
0.010995	2835.2659236723334
0.011217	2864.077920618849
0.011443	2892.2844284905505
0.011675	2919.943969844473
0.01191	2946.9758626289986
0.012151	2973.367404261596
0.012397	2998.9935352742286
0.012647	3023.9274570942007
0.012902	3048.1004109584233
0.013163	3071.4447914771595
0.013429	3094.032908138923
0.0137	3115.6662414674793
0.013977	3136.3771531824614
0.014259	3156.2357534732855
0.014547	3175.07419379976
0.014841	3192.89319443821
0.015141	3209.692928301495
0.015447	3225.372985089544
0.015759	3239.932334782513
0.016077	3253.36929196099
0.016402	3265.6149628863272
0.016734	3276.66687128957
0.017072	3286.4877777335214
0.017416	3294.9728913120634
0.017768	3302.1849727604117
0.018127	3307.9839304661587
0.018493	3312.4624935921865
0.018867	3315.646768106896
0.019248	3317.2928303377
0.019637	3317.5244147361077
0.020034	3316.2294312760446
0.020438	3313.459881644911
0.020851	3309.269707027057
0.021272	3303.5078106016736
0.021702	3296.2900872178984
0.022141	3287.4961453184856
0.022588	3277.1701291000395
0.023044	3265.2220655098904
0.02351	3251.858969730593
0.023985	3236.9192601508544
0.024469	3220.373038981261
0.024964	3202.4517738572545
0.025468	3182.85639946484
0.025982	3161.881648607576
0.026507	3139.517914078257
0.027043	3115.6216574939976
0.027589	3090.4187653888935
0.028146	3063.791405931749
0.028715	3035.916644696596
0.029295	3006.7145872682922
0.029887	2976.3568998157834
0.03049	2944.762367796151
0.031106	2912.1206077985084
0.031735	2878.468403632035
0.032376	2843.8213261873893
0.03303	2808.2373500039557
0.033697	2771.751753737876
0.034378	2734.5165295132147
0.035072	2696.649240009118
0.035781	2658.1149573982398
0.036504	2619.0332225646234
0.037241	2579.3426406445205
0.037993	2538.8943629016185
0.038761	2497.9377705458787
0.039544	2456.6092851819467
0.040343	2415.0663417480737
0.041158	2373.5643366726013
0.041989	2331.966654699224
0.042838	2290.545561234603
0.043703	2249.177730004558
0.044586	2208.150881002332
0.045486	2167.266488504263
0.046405	2126.7280693678204
0.047343	2086.5567175266974
0.048299	2046.6966624910383
0.049275	2007.0860382455066
0.05027	1967.9004884522305
0.051286	1928.9050597519583
0.052322	1890.309139469441
0.053379	1852.018991750876
0.054457	1814.0675088174758
0.055557	1776.4917486413053
0.05668	1739.1432756951367
0.057825	1702.2113045267063
0.058993	1666.5731291252696
0.060184	1632.1271897063232
0.0614	1598.057130656088
0.062641	1563.7738914933066
0.063906	1529.7964837022027
0.065197	1496.5113027353566
0.066514	1463.81544668818
0.067858	1431.4850493083836
0.069229	1399.2840757795345
0.070627	1367.449740420212
0.072054	1335.7838615862013
0.07351	1304.2614192008655
0.074994	1272.8136872992293
0.076509	1241.5293413119275
0.078055	1210.4509211265274
0.079632	1179.7682924299652
0.081241	1149.523439165704
0.082882	1119.703856358284
0.084556	1090.5545792171204
0.086264	1062.1789521698556
0.088007	1034.3448004653262
0.089785	1007.2866161452388
0.091598	980.8739390903596
0.093449	955.0317057643063
0.095337	929.7135741646659
0.097263	904.8538374392556
0.099227	880.4183198269908
0.10123	856.3786388555638
0.10328	832.7250836149885
0.10536	809.468060830005
0.10749	786.6129013885386
0.10966	764.173562137805
0.11188	742.1527614412988
0.11414	720.5950926269279
0.11644	699.529882907208
0.1188	678.8895582911614
0.1212	658.7804799140054
0.12365	639.1376176753652
0.12614	619.9533003656126
0.12869	601.1338453244874
0.13129	582.6501558333506
0.13394	564.496614784678
0.13665	546.6755747374015
0.13941	529.279559489368
0.14223	512.3811273136834
0.1451	496.02169834787304
0.14803	480.21088769554456
0.15102	464.8824996727862
0.15407	449.95603030930255
0.15718	435.34304926821943
0.16036	421.0733733174862
0.1636	407.1422135599836
0.1669	393.6276949868637
0.17028	380.528175667634
0.17371	367.8228744379407
0.17722	355.45547900668765
0.1808	343.40116339929136
0.18446	331.6857862620474
0.18818	320.38592238485944
0.19198	309.48824744626523
0.19586	298.95064530789404
0.19982	288.693348652309
0.20386	278.6715838951888
0.20797	268.88385072878185
0.21218	259.37658770823236
0.21646	250.14368164064066
0.22083	241.18369380618248
0.2253	232.48822021206658
0.22985	224.06974948107452
0.23449	215.9192099069122
0.23923	208.0795816697016
0.24406	200.49458495873353
0.24899	193.14261259847345
0.25402	186.01570910091414
0.25915	179.12371273627826
0.26439	172.4784219471921
0.26973	166.0576997713877
0.27518	159.87326615310826
0.28074	153.90032116797627
0.28641	148.13044382660203
0.29219	142.55440969022217
0.2981	137.13170043669754
0.30412	131.87037628119097
0.31026	126.77496211924006
0.31653	121.86722759465353
0.32292	117.15274600496896
0.32945	112.60173100200478
0.3361	108.23202714350992
0.34289	103.99192647823733
0.34982	99.91809289177415
0.35689	96.00437725836214
0.36409	92.2294831221051
0.37145	88.59839304223011
0.37895	85.07937719485369
0.38661	81.68104974828097
0.39442	78.4001906714442
0.40239	75.23347860393862
0.41052	72.198156277171
0.41881	69.28035491774878
0.42727	66.47819773501908
0.4359	63.78829180264392
0.44471	61.18940126940624
0.45369	58.691980764818375
0.46286	56.28826309035239
0.47221	53.96814714538957
0.48174	51.73570013173504
0.49148	49.586444417924454
0.50141	47.52705799740555
0.51153	45.559306523694744
0.52187	43.66444482532022
0.53241	41.8394913857292
0.54317	40.0845547762022
0.55414	38.39533476480116
0.56533	36.77319379208957
0.57675	35.21639214946529
0.5884	33.72358972532317
0.60029	32.29608227124618
0.61242	30.92394463531398
0.62479	29.600708579098985
0.63741	28.330546945251584
0.65029	27.11455461030237
0.66342	25.9491026150779
0.67683	24.834251881259746
0.6905	23.766575777127134
0.70445	22.737786559990873
0.71868	21.747558702148794
0.7332	20.799179024004257
0.74801	19.892839501581264
0.76312	19.024296417156805
0.77854	18.1918418943445
0.79426	17.391585215019372
0.81031	16.623402319816737
0.82668	15.89122419840388
0.84338	15.190748220780877
0.86041	14.518962605930078
0.8778	13.873802276736576
0.89553	13.255916346101957
0.91362	12.667275716505108
0.93208	12.10353332289176
0.95091	11.562076932576378
0.97011	11.043706090603374
0.98971	10.548440459894701
1.0097	10.075845253633776
1.0301	9.621676614980922
1.0509	9.187228492831187
1.0721	8.77290811720254
1.0938	8.376031290817712
1.1159	7.995602766086573
1.1384	7.632637615797462
1.1614	7.2855992212741185
1.1849	6.953223285431077
1.2088	6.635900271178744
1.2333	6.332303460945004
1.2582	6.042516447341256
1.2836	5.764902593355602
1.3095	5.500253031213177
1.336	5.247087212157205
1.363	5.004960672832779
1.3905	4.77411597254469
1.4186	4.553222548337339
1.4472	4.3424591886283475
1.4765	4.140948427052214
1.5063	3.948721729481676
1.5367	3.765040937224713
1.5678	3.5894914612883366
1.5994	3.42223571948443
1.6318	3.2621725589845236
1.6647	3.1097254108339967
1.6984	2.963763809281916
1.7327	2.825018605045028
1.7677	2.692128183312512
1.8034	2.5655542655114147
1.8398	2.4446480286798526
1.877	2.3294210322948428
1.9149	2.2192890532893252
1.9536	2.1144224585208002
1.993	2.014290417377214
2.0333	1.9188238891025817
2.0744	1.8276709285829635
2.1163	1.740825081946965
2.159	1.6578650812988753
2.2026	1.578924876437575
2.2471	1.5035719931047355
2.2925	1.431807131176302
2.3388	1.3632986692245272
2.3861	1.2979844837155359
2.4343	1.2358181418026075
2.4835	1.1764878592282546
2.5336	1.1200027690438006
2.5848	1.0661136580157031
2.637	1.0147883203691614
2.6903	0.9658581443518831
2.7447	0.9192588596339184
2.8001	0.8748342379034396
2.8567	0.8325249478133417
2.9144	0.7922257123318642
2.9733	0.7538245265783332
3.0333	0.7172458008106366
3.0946	0.6824047029208128
3.1571	0.6492422029554211
3.2209	0.6176454295905163
3.286	0.5875518183095505
3.3523	0.5588986072883915
3.4201	0.5316157315003509
3.4892	0.5056368092073643
3.5596	0.4809085837047024
3.6316	0.4573704518683666
3.7049	0.43495097551876283
3.7798	0.4136182746857181
3.8561	0.3933033314943974
3.934	0.3739756848374399
4.0135	0.35556488469377345
4.0946	0.3380400576260198
4.1773	0.3213613589995123
4.2617	0.30548851818510386
4.3478	0.2903816186842934
4.4356	0.2760019619581221
4.5252	0.26231079494076326
4.6166	0.24929018010059734
4.7099	0.23690245182782202
4.805	0.22512060718498322
4.9021	0.21392851770666785
5.0011	0.20329166906943144
5.1021	0.1932007678418996
5.2052	0.18360197869469683
5.3104	0.17449170872237027
5.4176	0.1658353023938529
5.5271	0.1576045263476403
5.6387	0.14976668120484005
5.7526	0.14230016833911543
5.8689	0.13520452632078234
5.9874	0.12845364253367256
6.1084	0.12202794725259476
6.2318	0.11590961329546202
6.3577	0.11010000005262448
6.4861	0.10457999999999923
6.6171	0.09932599999999928
6.7508	0.09433500000000086
6.8872	0.08959199999999828
7.0263	0.08508400000000045
7.1682	0.08079899999999768
7.313	0.0767269999999994
7.4608	0.07285799999999905
7.6115	0.06918199999999945
7.7653	0.06568800000000259
7.9221	0.062368999999997884
8.0822	0.05921500000000031
8.2454	0.056219000000001296
8.412	0.0533720000000017
8.5819	0.05066799999999903
8.7553	0.048099
8.9322	0.0456579999999992
9.1126	0.04333999999999842
9.2967	0.04113799999999971
9.4845	0.03904699999999924
9.6761	0.037060999999998304
9.8716	0.03517399999999952
10.071	0.03338300000000115
10.274	0.03168199999999706
10.482	0.03006600000000012
10.694	0.02853200000000012
10.91	0.02707500000000124
11.13	0.025691999999999184
11.355	0.02437900000000009
11.584	0.0231319999999995
11.818	0.02194799999999591
12.057	0.0208240000000003
12.301	0.019756999999999855
12.549	0.018743999999998446
12.803	0.017781999999999566
13.061	0.016870000000000142
13.325	0.01600299999999814
13.594	0.015180999999998524
13.869	0.014399999999999111
14.149	0.013658999999999883
14.435	0.01295599999999924
14.727	0.012288999999998003
15.024	0.01165600000000055
15.328	0.01105500000000031
15.637	0.01048500000000147
15.953	0.009943500000000301
16.275	0.009430099999999537
16.604	0.008942799999999862
16.94	0.008480600000001972
17.282	0.008041899999999592
17.631	0.0076257999999990505
17.987	0.007230999999999963
18.351	0.006856399999999403
18.721	0.006501099999999463
19.099	0.00616399999999945
19.485	0.005844200000000373
19.879	0.005540799999999778
20.28	0.005253100000000239
20.69	0.004980200000000082
21.108	0.004721299999999095
21.535	0.004475700000000522
21.97	0.004242900000001361
22.413	0.0040219999999982665
22.866	0.003812499999999393
23.328	0.0036138999999992794
23.799	0.003425499999999502
24.28	0.003246800000000568
24.771	0.003077399999999975
25.271	0.002916699999998602
25.782	0.0027643999999987876
26.302	0.002619900000000225
26.834	0.0024829999999998933
27.376	0.002353100000000951
27.929	0.002230000000000383
28.493	0.0021132000000007685
29.069	0.002002499999999959
29.656	0.0018976000000003152
30.255	0.0017980999999980946
30.866	0.001703799999999488
31.49	0.0016144000000004651
32.126	0.0015297000000001856
32.775	0.001449299999999732
33.437	0.001373200000000655
34.112	0.0013010000000010845
34.801	0.0012325999999996393
35.504	0.0011676999999992634
36.222	0.001106300000001579
36.953	0.001048000000001281
37.7	0.0009928100000005753
38.462	0.0009404899999999463
39.239	0.0008908999999989724
40.031	0.0008438999999986073
40.84	0.0007993600000005943
41.665	0.000757160000000761
42.507	0.0007171600000000811
43.365	0.0006792700000013462
44.241	0.0006433500000016768
45.135	0.0006093300000002382
46.047	0.0005770800000004144
46.977	0.0005465300000012827
47.926	0.0005175900000006971
48.894	0.0004901599999998619
49.882	0.00046418000000007374
50.89	0.0004395599999994237
51.918	0.0004162399999994869
52.966	0.0003941399999997934
54.036	0.00037320999999969557
55.128	0.00035338000000000876
56.242	0.0003346000000015885
57.378	0.00031680000000148774
58.537	0.0002999500000005281
59.72	0.000283980000001441
60.926	0.00026886000000096803
62.157	0.00025453000000070754
63.412	0.00024097000000046379
64.693	0.00022812000000046174
66.	0.00021593999999963313
67.334	0.0002044199999995081
68.694	0.0001934999999998972
70.082	0.00018315999999953084
71.497	0.00017336000000043694
72.942	0.0001640900000014427
74.415	0.00015531000000067375
75.918	0.00014698999999990792
77.452	0.0001391200000005915
79.017	0.00013166000000072313
80.613	0.00012460000000040646
82.241	0.0001179100000005099
83.903	0.00011158000000062973
85.598	0.00010559000000046389
87.327	0.00009991000000027308
89.091	0.00009453600000010921
90.891	0.0000894480000006085
92.727	0.00008463100000067354
94.6	0.00008007100000158334
96.511	0.00007575300000108918
98.461	0.00007166600000024052
100.45	0.00006779700000062658
102.48	0.00006413399999955337
104.55	0.00006066699999966053
106.66	0.000057385000000398756
108.82	0.00005427900000009842
111.01	0.000051338000000419155
113.26	0.000048555000000198346
115.54	0.000045921000000449154
117.88	0.000043427000000696386
120.26	0.000041068000000925184
122.69	0.000038834000001313593
125.17	0.000036721000001168224
127.7	0.00003472100000064277
130.28	0.000032828000000499056
132.91	0.00003103699999971836
135.59	0.00002934199999966101
138.33	0.00002773800000002402
141.13	0.000026220000000081545
143.98	0.000024784000000365304
146.89	0.000023426000000759788
149.85	0.00002214000000015631
152.88	0.000020924000000258835
155.97	0.00001977300000074706
159.12	0.00001868500000081567
162.33	0.000017655000000600827
165.61	0.000016681000000500578
168.96	0.00001576000000045263
172.37	0.000014887999999772067
175.85	0.000014063999999794015
179.41	0.000013284000000065965
183.03	0.000012546999999936244
186.73	0.000011849999999664263
190.5	0.000011190000000654192
194.35	0.000010566999999691006
198.28	9.976800000237605e-6
202.28	9.419200000369867e-6
206.37	8.892000000602737e-6
210.54	8.39350000061881e-6
214.79	7.922300000715413e-6
219.13	7.47680000023967e-6
223.56	7.055699999524289e-6
228.07	6.657599999597604e-6
232.68	6.2812999997494895e-6
237.38	5.925699999991034e-6
242.17	5.589699999957628e-6
247.07	5.272100000725937e-6
252.06	4.972000000509093e-6
257.15	4.688400000429789e-6
262.34	4.420500000307856e-6
267.64	4.167400000156781e-6
273.05	3.928400000546757e-6
278.57	3.7026000006057145e-6
284.19	3.4893000002860737e-6
289.94	3.28789999975236e-6
295.79	3.0976999998141004e-6
301.77	2.9181000002780518e-6
307.86	2.74849999996719e-6
314.08	2.588500000075944e-6
320.43	2.4374000007030193e-6
326.9	2.2948000004030513e-6
333.51	2.1603000002708526e-6
340.24	2.0333000001746384e-6
347.12	1.913499999705546e-6
354.13	1.8004999999701893e-6
361.28	1.6939999999597363e-6
368.58	1.5934999998370707e-6
376.03	1.4987000002411176e-6
383.62	1.4094000001119e-6
391.37	1.3252000003506818e-6
399.28	1.245800000284312e-6
407.34	1.1710000003368482e-6
415.57	1.1005000003583897e-6
423.97	1.0341000002209034e-6
432.53	9.716099998735469e-7
441.27	9.127300001533793e-7
450.19	8.572999997602692e-7
459.28	8.051200002173197e-7
468.56	7.560200004032999e-7
478.02	7.09820000211976e-7
487.68	6.663500000759352e-7
497.53	6.254699998074879e-7
507.58	5.870300000841638e-7
517.84	5.508799998599104e-7
528.3	5.169000000706989e-7
538.97	4.849600003881967e-7
549.86	4.5495000036400535e-7
560.97	4.267599999214389e-7
572.3	4.00290000218145e-7
583.86	3.754200000667219e-7
595.65	3.520799999275833e-7
607.69	3.301700002314386e-7
619.96	3.096100002633266e-7
632.49	2.903199999719933e-7
645.26	2.7221000006349536e-7
658.3	2.552299999250198e-7
671.6	2.39310000033485e-7
685.16	2.243700000605088e-7
699.01	2.1036000038067097e-7
713.13	1.9722999999460633e-7
727.53	1.8492000002853388e-7
742.23	1.733699999504264e-7
757.22	1.6255000009285647e-7
772.52	1.5240999997155732e-7
788.13	1.4289999999491949e-7
804.05	1.3399000019683518e-7
820.29	1.256399998579323e-7
836.86	1.1782000021109431e-7
853.77	1.1047999975583535e-7
871.01	1.0360999995510795e-7
888.61	9.716600001302568e-8
906.56	9.112700034862807e-8
924.88	8.546700013371404e-8
943.56	8.016100036546593e-8
962.62	7.518800026228105e-8
982.07	7.0525999792793e-8
1001.9	6.615599977750435e-8
1022.1	6.205899997118882e-8
1042.8	5.821799979721666e-8
1063.9	5.461600001236562e-8
1085.4	5.123900025840612e-8
1107.3	4.807200028073077e-8
1129.6	4.510100029970758e-8
1152.5	4.2315000180873575e-8
