0 0.375251737413
1 0.13376656024
2 0.0606082022215
3 0.0332881267861
4 0.0213189444451
5 0.0131927152335
6 0.00903618069692
7 0.00637847637599
8 0.00449081150156
9 0.00331396727135
10 0.00246311518784
11 0.00185111530658
12 0.00140168091199
13 0.00104848637605
14 0.000809277706213
15 0.000621650826789
16 0.000467952541273
17 0.000353776308842
18 0.000260104404329
19 0.000185131907979
20 0.000137483104056
21 0.000129536749145
22 0.000180001254322
23 0.000264927346192
24 0.000318415654862
25 0.000297086163948
26 0.000221044538586
27 0.000133921269495
28 6.21178026476e-05
29 9.81792183894e-06
30 -2.40391679822e-05
31 -4.42237229215e-05
32 -5.58001732884e-05
33 -6.11567781595e-05
34 -6.27283692536e-05
35 -6.20177827733e-05
36 -6.04221582699e-05
37 -5.8014819445e-05
38 -5.56019786211e-05
39 -5.28333547424e-05
40 -5.00202591401e-05
41 -4.72961776689e-05
42 -4.44074681131e-05
43 -4.14221432368e-05
44 -3.85877489621e-05
45 -3.57393861899e-05
46 -3.32017369463e-05
47 -3.0847155123e-05
48 -2.88979822161e-05
49 -2.71795800396e-05
50 0.123616947921
51 0.0809917377039
52 0.0444781202367
53 0.0287016415285
54 0.0178367939249
55 0.0119007435271
56 0.00818692100056
57 0.00587945276572
58 0.00423630653957
59 0.00309987627653
60 0.00232870958563
61 0.00173545211202
62 0.00133162874537
63 0.000999918902853
64 0.000767871304087
65 0.000589795347894
66 0.000448186116146
67 0.000340671612561
68 0.000247964636352
69 0.000177128613408
70 0.000132368562807
71 0.0001277696211
72 0.000179528729146
73 0.000262086199075
74 0.000311332439169
75 0.000287144011066
76 0.000212052974834
77 0.000127660878081
78 5.82944959977e-05
79 8.09512029021e-06
80 -2.43566006347e-05
81 -4.37867896126e-05
82 -5.48084984876e-05
83 -5.97380226718e-05
84 -6.11888545863e-05
85 -6.05270642417e-05
86 -5.89598498627e-05
87 -5.65700008089e-05
88 -5.41024542063e-05
89 -5.1382574605e-05
90 -4.86918849483e-05
91 -4.60004587682e-05
92 -4.31193228156e-05
93 -4.02093149725e-05
94 -3.74366334843e-05
95 -3.46710407519e-05
96 -3.22153079267e-05
97 -2.99383121097e-05
98 -2.80257741001e-05
99 -2.63477939797e-05
100 0.0620842096239
101 0.0484543389642
102 0.0317293206389
103 0.0226136011734
104 0.0150159726341
105 0.0104293201891
106 0.00738136324428
107 0.00540153908955
108 0.00394685988075
109 0.00291717025947
110 0.00220951899291
111 0.00165651862815
112 0.00127687195504
113 0.000962553648893
114 0.000741434756544
115 0.000570677722328
116 0.000434050895552
117 0.000329873381172
118 0.000239783731509
119 0.000171310356951
120 0.000129802103541
121 0.000130132221531
122 0.000186389785041
123 0.000268370890032
124 0.000312167758347
125 0.000282743199104
126 0.000205822982067
127 0.000122107694787
128 5.42108363195e-05
129 5.43766578383e-06
130 -2.59152533653e-05
131 -4.4648420739e-05
132 -5.5231706431e-05
133 -5.98830543247e-05
134 -6.11800777068e-05
135 -6.04286561397e-05
136 -5.88192332689e-05
137 -5.64101479732e-05
138 -5.39178869072e-05
139 -5.12048644905e-05
140 -4.85153247637e-05
141 -4.58399604361e-05
142 -4.29743122548e-05
143 -4.00649139774e-05
144 -3.73003623872e-05
145 -3.45387719226e-05
146 -3.20965571511e-05
147 -2.98358570442e-05
148 -2.79379153832e-05
149 -2.62723702053e-05
150 0.0355492453203
151 0.0299993643796
152 0.0219255290316
153 0.0169968226477
154 0.0120482104556
155 0.00875014443829
156 0.00640783398577
157 0.00480118337629
158 0.00357201917203
159 0.00267538847068
160 0.002048932319
161 0.00155022090511
162 0.00120235320347
163 0.000910859422769
164 0.000704515264305
165 0.000543845138608
166 0.000413998626093
167 0.000314577065144
168 0.000228078521895
169 0.000163157813625
170 0.000126749215058
171 0.000134637350387
172 0.000197134651924
173 0.00027735078377
174 0.000312840004965
175 0.000276183584432
176 0.000196943617259
177 0.000114285483883
178 4.84698724004e-05
179 1.70803270907e-06
180 -2.8153345767e-05
181 -4.59219289254e-05
182 -5.59221433477e-05
183 -6.01903979949e-05
184 -6.12775108919e-05
185 -6.0377742879e-05
186 -5.87166581966e-05
187 -5.62780946092e-05
188 -5.3829249888e-05
189 -5.11360815152e-05
190 -4.84326586003e-05
191 -4.57305856531e-05
192 -4.28737671939e-05
193 -3.99557420937e-05
194 -3.71969858523e-05
195 -3.44353314276e-05
196 -3.20009802438e-05
197 -2.9756963339e-05
198 -2.78766292663e-05
199 -2.62292525118e-05
200 0.022167552352
201 0.0195412032192
202 0.0152161658277
203 0.0125843073195
204 0.00941613134817
205 0.00713973436468
206 0.00541342783385
207 0.0041679855129
208 0.00316548354601
209 0.00240595767995
210 0.00186933954434
211 0.0014256705194
212 0.00111408565914
213 0.000850315062006
214 0.000661257409171
215 0.000512299841941
216 0.000390527526145
217 0.000296311956083
218 0.000214105690733
219 0.00015377561397
220 0.000124441248379
221 0.00014258152585
222 0.000212092979202
223 0.00028842175201
224 0.000312708751958
225 0.000267107575286
226 0.000185364914453
227 0.00010440551376
228 4.13126510683e-05
229 -2.97425056966e-06
230 -3.10173401569e-05
231 -4.76361406856e-05
232 -5.69014434355e-05
233 -6.07327211709e-05
234 -6.14966229267e-05
235 -6.04375393219e-05
236 -5.8725832363e-05
237 -5.62270660321e-05
238 -5.37643244326e-05
239 -5.10734313736e-05
240 -4.83155292986e-05
241 -4.5646160503e-05
242 -4.27692240514e-05
243 -3.98865335282e-05
244 -3.71222438065e-05
245 -3.43181247164e-05
246 -3.18967304454e-05
247 -2.96905018639e-05
248 -2.78379202163e-05
249 -2.62205180591e-05
250 0.0146049150137
251 0.013059667952
252 0.0107153551255
253 0.00925169946562
254 0.00726205426796
255 0.00571011691428
256 0.00447638926231
257 0.00353671694739
258 0.00273848258998
259 0.00211973317301
260 0.00166859773223
261 0.00128830145909
262 0.00101710675404
263 0.000781433192496
264 0.000610596713296
265 0.000474506416381
266 0.000361710916103
267 0.000274039996957
268 0.000197313495335
269 0.000143440105351
270 0.000123904190696
271 0.00015485288729
272 0.000230730052556
273 0.000299952905522
274 0.000309769340309
275 0.000254257337707
276 0.00017082290452
277 9.2316738909e-05
278 3.27207451997e-05
279 -8.4765331918e-06
280 -3.42939696997e-05
281 -4.95605976391e-05
282 -5.79179092549e-05
283 -6.11812823392e-05
284 -6.16048469282e-05
285 -6.04016278935e-05
286 -5.85840176073e-05
287 -5.60422605648e-05
288 -5.36040074887e-05
289 -5.08706937156e-05
290 -4.81596104263e-05
291 -4.54728048548e-05
292 -4.25818633839e-05
293 -3.9708400327e-05
294 -3.69141027669e-05
295 -3.41507622709e-05
296 -3.17706875466e-05
297 -2.95706587839e-05
298 -2.77577992251e-05
299 -2.6149582653e-05
300 0.00999206708413
301 0.00898638531842
302 0.00765445275488
303 0.00681098225019
304 0.00554243134377
305 0.00450785678083
306 0.00363951460691
307 0.00294052765073
308 0.00232598367536
309 0.00183119571816
310 0.00146172703884
311 0.0011424202051
312 0.00091130247934
313 0.000704588787093
314 0.000553750671588
315 0.00043127583246
316 0.00032890220372
317 0.000248328910622
318 0.000178482493509
319 0.000133137412355
320 0.00012672330772
321 0.000172101143243
322 0.000252153743241
323 0.000308983121976
324 0.000301772219596
325 0.000237072524562
326 0.00015299798979
327 7.83096433874e-05
328 2.30363925297e-05
329 -1.45393803088e-05
330 -3.78101239502e-05
331 -5.14737187428e-05
332 -5.88314778169e-05
333 -6.14250147722e-05
334 -6.15452655511e-05
335 -6.01438163187e-05
336 -5.82100166425e-05
337 -5.56482956066e-05
338 -5.31804462769e-05
339 -5.04783040369e-05
340 -4.77706161025e-05
341 -4.50678840618e-05
342 -4.22102766013e-05
343 -3.93287373479e-05
344 -3.65685398908e-05
345 -3.38515186883e-05
346 -3.14998201531e-05
347 -2.93694223665e-05
348 -2.75683840072e-05
349 -2.59815856514e-05
350 0.00697145036699
351 0.00636234471347
352 0.00555803942096
353 0.00504736305802
354 0.00423805431492
355 0.00353302640134
356 0.00292777955204
357 0.00241323853254
358 0.00194879312521
359 0.00155945664723
360 0.001262622168
361 0.000998251025452
362 0.000802573964827
363 0.000625654452451
364 0.000494254242474
365 0.000385764906166
366 0.00029361925495
367 0.000220605861362
368 0.000159238633513
369 0.000125183601464
370 0.000135300248011
371 0.000195519458859
372 0.000274621198084
373 0.000313700741711
374 0.000288134950658
375 0.000215559370303
376 0.000132858107651
377 6.30183397141e-05
378 1.27056731842e-05
379 -2.08986646227e-05
380 -4.14341804124e-05
381 -5.33734048202e-05
382 -5.96778573055e-05
383 -6.1600738957e-05
384 -6.14385995504e-05
385 -5.98310800797e-05
386 -5.77750530911e-05
387 -5.51701620953e-05
388 -5.27322089169e-05
389 -5.00470805432e-05
390 -4.73220211023e-05
391 -4.46031032338e-05
392 -4.17741371025e-05
393 -3.88923704355e-05
394 -3.61773251551e-05
395 -3.34708422302e-05
396 -3.11699354565e-05
397 -2.90678901891e-05
398 -2.73005769704e-05
399 -2.57641396812e-05
400 0.00498174416378
401 0.00461784821242
402 0.00409218185484
403 0.00378650068625
404 0.00324396868118
405 0.00276741615292
406 0.00234029158356
407 0.00196967561298
408 0.00161717196725
409 0.00131294242917
410 0.00107771907304
411 0.000860353301155
412 0.000698113057412
413 0.000548454392394
414 0.000435001673429
415 0.000339724926083
416 0.000257683287449
417 0.000192649618242
418 0.000141576344993
419 0.000122322093911
420 0.000151954686748
421 0.000224586186493
422 0.000295442016869
423 0.000312287639751
424 0.000269092878994
425 0.000190732556994
426 0.000111131236244
427 4.7231073662e-05
428 2.20785550349e-06
429 -2.73275110869e-05
430 -4.50731994214e-05
431 -5.53201036101e-05
432 -6.05322226467e-05
433 -6.18456386889e-05
434 -6.1201020739e-05
435 -5.94275068837e-05
436 -5.72844778191e-05
437 -5.46566173578e-05
438 -5.22239257984e-05
439 -4.95456645641e-05
440 -4.67984281309e-05
441 -4.40958401719e-05
442 -4.12630674112e-05
443 -3.84490416307e-05
444 -3.57502286864e-05
445 -3.30707714581e-05
446 -3.07963776339e-05
447 -2.87485797746e-05
448 -2.70427596672e-05
449 -2.55590200957e-05
450 0.00364779384521
451 0.00340362336665
452 0.00305220044748
453 0.00286176236163
454 0.00249570873736
455 0.00216829232845
456 0.00186537654054
457 0.00159775113041
458 0.00133069793312
459 0.00109651234346
460 0.00091075376279
461 0.000733987026919
462 0.000600931035957
463 0.000474803953981
464 0.000377368561637
465 0.000294181057664
466 0.000221961971967
467 0.000166061829413
468 0.000128183570941
469 0.000127995562885
470 0.000178385604227
471 0.000256775742568
472 0.000310465640927
473 0.000302646770969
474 0.000244142364952
475 0.000163181841423
476 8.86924634749e-05
477 3.12970974307e-05
478 -8.13356193884e-06
479 -3.35425817375e-05
480 -4.85372594671e-05
481 -5.70720004909e-05
482 -6.11984294337e-05
483 -6.18638213556e-05
484 -6.09168864198e-05
485 -5.89230769586e-05
486 -5.67186620656e-05
487 -5.40976650156e-05
488 -5.16926968189e-05
489 -4.89814962689e-05
490 -4.62606853088e-05
491 -4.35755896069e-05
492 -4.07473502572e-05
493 -3.79660021966e-05
494 -3.52637732748e-05
495 -3.26089558559e-05
496 -3.04101492983e-05
497 -2.84177067611e-05
498 -2.67873779025e-05
499 -2.53293437866e-05
500 0.00271452624539
501 0.00254146842233
502 0.00230094089056
503 0.00218102094208
504 0.00192868999657
505 0.00169959900262
506 0.00148394361439
507 0.00128972855268
508 0.00108815046956
509 0.000908579623558
510 0.000761928161856
511 0.000620406289174
512 0.000511251840637
513 0.000405179949868
514 0.000321878838954
515 0.00024973697576
516 0.000187335093898
517 0.000143145679397
518 0.000122730177707
519 0.000145498423219
520 0.00021357447029
521 0.000287385732595
522 0.000316010476425
523 0.000283621218565
524 0.00021381547183
525 0.0001340255952
526 6.61168204398e-05
527 1.58051751136e-05
528 -1.80128819181e-05
529 -3.94143562447e-05
530 -5.17694482815e-05
531 -5.86758355049e-05
532 -6.17616539802e-05
533 -6.17966836891e-05
534 -6.04979020934e-05
535 -5.83300089662e-05
536 -5.60515376767e-05
537 -5.34158736032e-05
538 -5.1027728619e-05
539 -4.82988514004e-05
540 -4.55919629738e-05
541 -4.28998864123e-05
542 -4.01120110253e-05
543 -3.73716851279e-05
544 -3.47042367195e-05
545 -3.21239954097e-05
546 -2.99895128562e-05
547 -2.80752275436e-05
548 -2.65050503054e-05
549 -2.50737536744e-05
550 0.00204738086719
551 0.00191835291584
552 0.00174857388537
553 0.00167417408077
554 0.00149526361101
555 0.00133364388306
556 0.00117938992662
557 0.00103706685056
558 0.000885000000321
559 0.000746703402595
560 0.000631856192553
561 0.000518625584553
562 0.000429078644508
563 0.000340201480617
564 0.000269240058143
565 0.000207506852992
566 0.000156689570563
567 0.000127598265102
568 0.000129911279864
569 0.000176480062709
570 0.000253352262703
571 0.000309766992892
572 0.000308910254311
573 0.000255257113923
574 0.000179624009797
575 0.000104380546749
576 4.42248730075e-05
577 1.19323416401e-06
578 -2.71633093579e-05
579 -4.4760062604e-05
580 -5.46029876591e-05
581 -5.99710770196e-05
582 -6.21285696262e-05
583 -6.15753260147e-05
584 -5.99453500843e-05
585 -5.76578952933e-05
586 -5.53150149472e-05
587 -5.27431825701e-05
588 -5.03533682875e-05
589 -4.76465070138e-05
590 -4.49529793358e-05
591 -4.22353950307e-05
592 -3.95172689043e-05
593 -3.67822144466e-05
594 -3.41179458504e-05
595 -3.16328189627e-05
596 -2.95425949024e-05
597 -2.770943426e-05
598 -2.61886613449e-05
599 -2.48023294264e-05
600 0.00155904962187
601 0.00146255011157
602 0.00133816374751
603 0.00129099463529
604 0.00116271417512
605 0.00104750771836
606 0.000936384405191
607 0.000831080811649
608 0.000716411087911
609 0.000609559070563
610 0.000519593206099
611 0.000428073487997
612 0.00035451418318
613 0.000280271767971
614 0.000220398357181
615 0.000169723845656
616 0.000133456025579
617 0.000125062738225
618 0.000153983276637
619 0.000218743740716
620 0.000289615238956
621 0.000317914478859
622 0.000287774880546
623 0.000219496170533
624 0.000143514037778
625 7.54293074808e-05
626 2.37695387496e-05
627 -1.2118176293e-05
628 -3.53533088026e-05
629 -4.94727418882e-05
630 -5.69900077019e-05
631 -6.09528151247e-05
632 -6.22537635213e-05
633 -6.12250243556e-05
634 -5.93282949736e-05
635 -5.69272819791e-05
636 -5.45580123858e-05
637 -5.19916126518e-05
638 -4.9591375773e-05
639 -4.68879096444e-05
640 -4.41664349245e-05
641 -4.147684783e-05
642 -3.88012822378e-05
643 -3.61045356984e-05
644 -3.34946503799e-05
645 -3.10821286004e-05
646 -2.90636965277e-05
647 -2.73307884371e-05
648 -2.58522138037e-05
649 -2.45249443587e-05
650 0.00119334464014
651 0.00112166141621
652 0.00102975193944
653 0.000998492586954
654 0.000906396641476
655 0.000822373511775
656 0.000741786358564
657 0.000662958355282
658 0.000576297062084
659 0.000493200719399
660 0.000422168790383
661 0.000347923001257
662 0.000287318709656
663 0.000225760150501
664 0.000176919409244
665 0.000139883386756
666 0.000123486907721
667 0.000141543566398
668 0.000194837402671
669 0.000263774828667
670 0.000312722793166
671 0.00030785122716
672 0.000253973587183
673 0.00017919510471
674 0.000107572996852
675 4.83152977799e-05
676 5.28489961052e-06
677 -2.38761826109e-05
678 -4.24561248987e-05
679 -5.34650309664e-05
680 -5.89513725712e-05
681 -6.16693392014e-05
682 -6.21856222015e-05
683 -6.07087387096e-05
684 -5.86128799715e-05
685 -5.61074282746e-05
686 -5.37145356404e-05
687 -5.11760574063e-05
688 -4.87827774105e-05
689 -4.60614928394e-05
690 -4.33383744236e-05
691 -4.06892306107e-05
692 -3.80551141379e-05
693 -3.5369604845e-05
694 -3.28300804891e-05
695 -3.04906966446e-05
696 -2.8571153298e-05
697 -2.69132212522e-05
698 -2.54856297546e-05
699 -2.42152672305e-05
700 0.000915768759067
701 0.000862877196808
702 0.00079528909824
703 0.000774317799173
704 0.000707540976602
705 0.00064537273002
706 0.000585884746173
707 0.000526433185446
708 0.000459624327562
709 0.000394532254592
710 0.000337756508787
711 0.000277511447342
712 0.000227687770452
713 0.000178186640833
714 0.000142711922349
715 0.000124437871487
716 0.000134378282726
717 0.000179764417242
718 0.000245234867381
719 0.000299278368996
720 0.000315078058025
721 0.000279643871994
722 0.000211512716118
723 0.00013741937267
724 7.36663139113e-05
725 2.39171378225e-05
726 -1.08514105527e-05
727 -3.39233075319e-05
728 -4.83877261034e-05
729 -5.66435095336e-05
730 -6.03313330675e-05
731 -6.19450542233e-05
732 -6.18160349804e-05
733 -5.99906419484e-05
734 -5.77356713448e-05
735 -5.51681648166e-05
736 -5.27905933308e-05
737 -5.02753274494e-05
738 -4.78776083055e-05
739 -4.51501901085e-05
740 -4.24612898179e-05
741 -3.98501258973e-05
742 -3.72728622527e-05
743 -3.46102507363e-05
744 -3.21468740764e-05
745 -2.98949266764e-05
746 -2.80790680551e-05
747 -2.65029663365e-05
748 -2.51325755014e-05
749 -2.39103291424e-05
750 0.000705317196445
751 0.000665759361784
752 0.000614398102393
753 0.000600711703158
754 0.000550669139029
755 0.000504590333031
756 0.000459806136885
757 0.000414330508824
758 0.000361954134934
759 0.000310447143542
760 0.00026465528289
761 0.000216114689583
762 0.000176786650956
763 0.000141598407567
764 0.000124572198043
765 0.00013209056636
766 0.000170873473938
767 0.000233641314437
768 0.000290189658393
769 0.000313293796267
770 0.000294251374844
771 0.000237541361551
772 0.000165032563229
773 9.72120185051e-05
774 4.30983759558e-05
775 2.75378466211e-06
776 -2.45165433521e-05
777 -4.22658668563e-05
778 -5.32216805932e-05
779 -5.90668244065e-05
780 -6.1245763616e-05
781 -6.1945755803e-05
782 -6.12809784813e-05
783 -5.91679713504e-05
784 -5.67460051652e-05
785 -5.41591821906e-05
786 -5.18133744827e-05
787 -4.92942792567e-05
788 -4.69202768413e-05
789 -4.41796099944e-05
790 -4.15282054537e-05
791 -3.89678343427e-05
792 -3.6424943569e-05
793 -3.3815566504e-05
794 -3.14355753091e-05
795 -2.92889112592e-05
796 -2.75773133129e-05
797 -2.60705603802e-05
798 -2.47637577841e-05
799 -2.35943068719e-05
800 0.000541812414678
801 0.000511823150397
802 0.000473258919349
803 0.000463913306745
804 0.00042570601159
805 0.000391003375917
806 0.000356535727289
807 0.000321091055933
808 0.000279734262366
809 0.000238657439154
810 0.000202139241838
811 0.000165257203265
812 0.000139489390076
813 0.000123771611176
814 0.000132548140588
815 0.000169007727862
816 0.000227120610327
817 0.00028578415951
818 0.00031326971836
819 0.000299957131071
820 0.000253863616519
821 0.000187626264713
822 0.000118774793994
823 6.06528923303e-05
824 1.66158770596e-05
825 -1.49731068133e-05
826 -3.57212055508e-05
827 -4.89443614829e-05
828 -5.69200750755e-05
829 -6.078885154e-05
830 -6.16746846566e-05
831 -6.16501698395e-05
832 -6.05534905522e-05
833 -5.8211062951e-05
834 -5.56585511527e-05
835 -5.31512635388e-05
836 -5.0820100514e-05
837 -4.83141041326e-05
838 -4.59100535082e-05
839 -4.31887484574e-05
840 -4.05615628641e-05
841 -3.80405182888e-05
842 -3.55130607237e-05
843 -3.29934372959e-05
844 -3.07117017665e-05
845 -2.86772124881e-05
846 -2.70664986507e-05
847 -2.56336861115e-05
848 -2.43850294773e-05
849 -2.32777615246e-05
850 0.000412956578493
851 0.0003904137439
852 0.000360878369958
853 0.000353712994972
854 0.00032463650006
855 0.000297825221924
856 0.000270953597291
857 0.000243039855351
858 0.000210548228232
859 0.000179095984265
860 0.000153299709497
861 0.000131428017374
862 0.000125383781915
863 0.000136094188481
864 0.000173185348065
865 0.000228712984904
866 0.000283364489336
867 0.000315274008519
868 0.000304878680963
869 0.000261899621178
870 0.000201892111808
871 0.000136202616913
872 7.6260668181e-05
873 2.90629175753e-05
874 -5.38524151711e-06
875 -2.93213290685e-05
876 -4.45579243728e-05
877 -5.40813517625e-05
878 -5.95655833092e-05
879 -6.17970896772e-05
880 -6.16500686733e-05
881 -6.10465833611e-05
882 -5.96301981072e-05
883 -5.7137667601e-05
884 -5.45517572721e-05
885 -5.20767039609e-05
886 -4.97361762151e-05
887 -4.72390760332e-05
888 -4.48162432482e-05
889 -4.21081085421e-05
890 -3.95575311429e-05
891 -3.70729358173e-05
892 -3.45880254901e-05
893 -3.21697358217e-05
894 -2.99879370803e-05
895 -2.80765877403e-05
896 -2.65539170707e-05
897 -2.51978975273e-05
898 -2.40075472449e-05
899 -2.29535226706e-05
900 0.000309840728696
901 0.000292097233413
902 0.000269932947496
903 0.000264284464819
904 0.000241945579968
905 0.000221040509538
906 0.000200222612211
907 0.000179365490703
908 0.000156424884469
909 0.000137081057277
910 0.00012688111484
911 0.000126618668146
912 0.000147143349434
913 0.000183936332736
914 0.000237117085646
915 0.00028740640945
916 0.000314583142877
917 0.000309112453474
918 0.000267237156149
919 0.000208582684411
920 0.00014663695658
921 8.84259037166e-05
922 3.96008485167e-05
923 2.96843889167e-06
924 -2.29965025005e-05
925 -4.05319924886e-05
926 -5.13156496466e-05
927 -5.78039508606e-05
928 -6.12921754473e-05
929 -6.22434001957e-05
930 -6.1291677157e-05
931 -6.02343608609e-05
932 -5.85685452796e-05
933 -5.59656118434e-05
934 -5.34296551e-05
935 -5.09756420978e-05
936 -4.86267988824e-05
937 -4.61347562896e-05
938 -4.36999660273e-05
939 -4.10186069345e-05
940 -3.85094136661e-05
941 -3.60657191022e-05
942 -3.36348984749e-05
943 -3.13250349172e-05
944 -2.92579240774e-05
945 -2.74624857123e-05
946 -2.60416222261e-05
947 -2.4749033911e-05
948 -2.36261746829e-05
949 -2.2621472854e-05
950 0.000225426983632
951 0.000212841711604
952 0.000196272343976
953 0.000191831188014
954 0.00017547547478
955 0.000160873531288
956 0.000147366942361
957 0.000135891724188
958 0.000126383920057
959 0.000124860479385
960 0.000137489808397
961 0.000162726759374
962 0.000206246888949
963 0.000252074319775
964 0.000295487845324
965 0.000316571754759
966 0.000306346832614
967 0.000269796582125
968 0.000211508543194
969 0.000150618251788
970 9.49400765973e-05
971 4.72975804214e-05
972 9.54067740715e-06
973 -1.76640176979e-05
974 -3.65875094633e-05
975 -4.89662539752e-05
976 -5.62149786067e-05
977 -6.02572213328e-05
978 -6.21695173413e-05
979 -6.20924049988e-05
980 -6.05419251501e-05
981 -5.91516400858e-05
982 -5.73164539609e-05
983 -5.46729096919e-05
984 -5.21782103559e-05
985 -4.97469393466e-05
986 -4.7387529037e-05
987 -4.49013425211e-05
988 -4.2467131183e-05
989 -3.9840135947e-05
990 -3.74152548922e-05
991 -3.50083452421e-05
992 -3.26806817705e-05
993 -3.04821599662e-05
994 -2.85462871045e-05
995 -2.68725718668e-05
996 -2.55370292906e-05
997 -2.43206027884e-05
998 -2.32530026808e-05
999 -2.23014109676e-05
1000 0.000162229331214
1001 0.000153725819809
1002 0.00014251686357
1003 0.000140753396333
1004 0.000131633733555
1005 0.000125536643182
1006 0.000123528722303
1007 0.000126842409733
1008 0.000136624602708
1009 0.000157131884142
1010 0.000192280011657
1011 0.000231994042371
1012 0.00027712536744
1013 0.000304933861911
1014 0.000316858450872
1015 0.000301912892781
1016 0.000262305459636
1017 0.000210277710523
1018 0.000150241030472
1019 9.61327137386e-05
1020 5.05307757337e-05
1021 1.38586214694e-05
1022 -1.39498655896e-05
1023 -3.33784187663e-05
1024 -4.66376734203e-05
1025 -5.50456657335e-05
1026 -5.94817404881e-05
1027 -6.16588757759e-05
1028 -6.23720697888e-05
1029 -6.15574400121e-05
1030 -5.95731356227e-05
1031 -5.79414791292e-05
1032 -5.60054307586e-05
1033 -5.33801461686e-05
1034 -5.09009316751e-05
1035 -4.84619078641e-05
1036 -4.60968362e-05
1037 -4.36208758524e-05
1038 -4.12478424619e-05
1039 -3.86845781484e-05
1040 -3.62897426061e-05
1041 -3.39358906124e-05
1042 -3.17226049827e-05
1043 -2.96521479856e-05
1044 -2.78500511973e-05
1045 -2.62796867744e-05
1046 -2.50229532293e-05
1047 -2.38741248922e-05
1048 -2.28666630133e-05
1049 -2.19475439375e-05
1050 0.000132314920119
1051 0.000126943445472
1052 0.000121611713901
1053 0.000125642770897
1054 0.000126521073516
1055 0.000132612373277
1056 0.000146626011026
1057 0.000167608726031
1058 0.000194905566765
1059 0.000228440814376
1060 0.000268271933834
1061 0.000297207092793
1062 0.000318797064606
1063 0.000312872632151
1064 0.000291164146579
1065 0.000251058535047
1066 0.000198954618067
1067 0.000145722307627
1068 9.33397669885e-05
1069 4.98557235903e-05
1070 1.49198168584e-05
1071 -1.19441881636e-05
1072 -3.15711705782e-05
1073 -4.48913264368e-05
1074 -5.38128437817e-05
1075 -5.91415359334e-05
1076 -6.14258182793e-05
1077 -6.22007052073e-05
1078 -6.20071109113e-05
1079 -6.06594623294e-05
1080 -5.83686949966e-05
1081 -5.65889753621e-05
1082 -5.46094526894e-05
1083 -5.20210988406e-05
1084 -4.95834081922e-05
1085 -4.71692885986e-05
1086 -4.47973524983e-05
1087 -4.23377603418e-05
1088 -3.99831585676e-05
1089 -3.74882259645e-05
1090 -3.51201435521e-05
1091 -3.28647233775e-05
1092 -3.07769946146e-05
1093 -2.88488043706e-05
1094 -2.71780971858e-05
1095 -2.57097159296e-05
1096 -2.45263962475e-05
1097 -2.34561430864e-05
1098 -2.2501397735e-05
1099 -2.16091013324e-05
1100 0.000156380048943
1101 0.000152956709441
1102 0.000152195750319
1103 0.000164512759721
1104 0.000174802495134
1105 0.000191459640804
1106 0.000216673592519
1107 0.000245409651716
1108 0.000273024442614
1109 0.000297278896752
1110 0.000317624893903
1111 0.000317188008648
1112 0.000306925691281
1113 0.00027272221066
1114 0.000231598890792
1115 0.000183105209521
1116 0.000132569920753
1117 8.6739548862e-05
1118 4.56867782868e-05
1119 1.31841357488e-05
1120 -1.216989913e-05
1121 -3.10006940492e-05
1122 -4.42497635351e-05
1123 -5.29483904833e-05
1124 -5.85859784335e-05
1125 -6.15769015287e-05
1126 -6.22662915433e-05
1127 -6.20133498227e-05
1128 -6.11938359681e-05
1129 -5.94723778748e-05
1130 -5.69839267689e-05
1131 -5.51527942403e-05
1132 -5.32204819332e-05
1133 -5.06954498112e-05
1134 -4.82277637207e-05
1135 -4.58194059508e-05
1136 -4.34256486018e-05
1137 -4.10011219555e-05
1138 -3.87196352083e-05
1139 -3.62472041023e-05
1140 -3.39508010129e-05
1141 -3.18089019125e-05
1142 -2.98578243185e-05
1143 -2.80713847542e-05
1144 -2.65125637366e-05
1145 -2.5140261803e-05
1146 -2.40256370985e-05
1147 -2.30274298234e-05
1148 -2.21176782769e-05
1149 -2.12540813241e-05
1150 0.000235345899948
1151 0.000230102546394
1152 0.000228549264007
1153 0.000245401785881
1154 0.000255898944665
1155 0.000271079046829
1156 0.000291327600297
1157 0.000309061405062
1158 0.0003173458063
1159 0.00031677953514
1160 0.000308852940582
1161 0.000281839412321
1162 0.000250391028631
1163 0.000204789180922
1164 0.000160247578551
1165 0.000115613749949
1166 7.39893088433e-05
1167 3.86068958758e-05
1168 8.76716016008e-06
1169 -1.41343170949e-05
1170 -3.17793152219e-05
1171 -4.44261492192e-05
1172 -5.29558698263e-05
1173 -5.81867794141e-05
1174 -6.13818005326e-05
1175 -6.26606953012e-05
1176 -6.22368499058e-05
1177 -6.12631156883e-05
1178 -5.99985174688e-05
1179 -5.80390439368e-05
1180 -5.54486026421e-05
1181 -5.36313032697e-05
1182 -5.17263990803e-05
1183 -4.91937951023e-05
1184 -4.67364602507e-05
1185 -4.43246795268e-05
1186 -4.19562645856e-05
1187 -3.96010818973e-05
1188 -3.73677803638e-05
1189 -3.49647611669e-05
1190 -3.27722976918e-05
1191 -3.07578155803e-05
1192 -2.89577046673e-05
1193 -2.73241405891e-05
1194 -2.58766497792e-05
1195 -2.45850712526e-05
1196 -2.35516007389e-05
1197 -2.26194353755e-05
1198 -2.17494536456e-05
1199 -2.08934881374e-05
1200 0.000316430262543
1201 0.000306291647251
1202 0.000297896957868
1203 0.000310612629303
1204 0.000310563665037
1205 0.000312517872972
1206 0.000315551021655
1207 0.000313184486605
1208 0.000298737310228
1209 0.000276946541489
1210 0.00025050383539
1211 0.000212229444576
1212 0.000175201813129
1213 0.000132138741798
1214 9.38410277382e-05
1215 5.85404184147e-05
1216 2.75570216234e-05
1217 2.20230785144e-06
1218 -1.81767215168e-05
1219 -3.35308068265e-05
1220 -4.53316253491e-05
1221 -5.34817776296e-05
1222 -5.85287431083e-05
1223 -6.12436359001e-05
1224 -6.26699912683e-05
1225 -6.27603444919e-05
1226 -6.15528547638e-05
1227 -6.01067008617e-05
1228 -5.85542646903e-05
1229 -5.64538582641e-05
1230 -5.38638182627e-05
1231 -5.20925271694e-05
1232 -5.01967198746e-05
1233 -4.76578060798e-05
1234 -4.51988016046e-05
1235 -4.28018458544e-05
1236 -4.04835733303e-05
1237 -3.81979217898e-05
1238 -3.6025748653e-05
1239 -3.37028670075e-05
1240 -3.16348841675e-05
1241 -2.97594057497e-05
1242 -2.81073325242e-05
1243 -2.66071905193e-05
1244 -2.52514961404e-05
1245 -2.40457174747e-05
1246 -2.30892431633e-05
1247 -2.21966053208e-05
1248 -2.13524125466e-05
1249 -2.05174162005e-05
1250 0.000335493312499
1251 0.000321447653459
1252 0.000306255329855
1253 0.000310408197022
1254 0.00029850103363
1255 0.000287351582377
1256 0.000275248718527
1257 0.000258620735918
1258 0.000232461955971
1259 0.000202948758849
1260 0.000171993266997
1261 0.000135766676148
1262 0.000103113947057
1263 6.92257225805e-05
1264 4.02356413226e-05
1265 1.48218647701e-05
1266 -6.61489319259e-06
1267 -2.36932647063e-05
1268 -3.6859643192e-05
1269 -4.66378551308e-05
1270 -5.42415802797e-05
1271 -5.91126735885e-05
1272 -6.16779976366e-05
1273 -6.26302587935e-05
1274 -6.28212829489e-05
1275 -6.20883800935e-05
1276 -6.03817157265e-05
1277 -5.8619048815e-05
1278 -5.69166983939e-05
1279 -5.47747099368e-05
1280 -5.2251636611e-05
1281 -5.05005817235e-05
1282 -4.85762114891e-05
1283 -4.6046289779e-05
1284 -4.35988042807e-05
1285 -4.12554364361e-05
1286 -3.90124905687e-05
1287 -3.67835367107e-05
1288 -3.46402021366e-05
1289 -3.24302215757e-05
1290 -3.05059611103e-05
1291 -2.87874577875e-05
1292 -2.72869202968e-05
1293 -2.5902237825e-05
1294 -2.46386143699e-05
1295 -2.35223857667e-05
1296 -2.2634737477e-05
1297 -2.17876821075e-05
1298 -2.09607337128e-05
1299 -2.01334422439e-05
1300 0.000282771319456
1301 0.000268953142201
1302 0.000251999949807
1303 0.000249732411376
1304 0.000232844214562
1305 0.000216206699312
1306 0.000198301769247
1307 0.000178060495138
1308 0.000151657570911
1309 0.000124639667241
1310 9.79070474202e-05
1311 6.97299850425e-05
1312 4.49147595499e-05
1313 2.10428975218e-05
1314 8.71025731596e-07
1315 -1.62018017498e-05
1316 -3.02036698802e-05
1317 -4.11730459058e-05
1318 -4.91654817046e-05
1319 -5.50466026518e-05
1320 -5.96415877681e-05
1321 -6.22417498039e-05
1322 -6.30729978753e-05
1323 -6.28437478319e-05
1324 -6.21789377798e-05
1325 -6.09319183152e-05
1326 -5.89196416218e-05
1327 -5.69593392879e-05
1328 -5.52051228872e-05
1329 -5.30913643831e-05
1330 -5.06167195867e-05
1331 -4.88571613765e-05
1332 -4.69227881527e-05
1333 -4.44039636104e-05
1334 -4.19943472895e-05
1335 -3.97103041504e-05
1336 -3.75210175177e-05
1337 -3.53322462916e-05
1338 -3.32986829606e-05
1339 -3.12338073096e-05
1340 -2.94571189251e-05
1341 -2.79003782736e-05
1342 -2.65249305868e-05
1343 -2.52356375904e-05
1344 -2.40542031491e-05
1345 -2.30166015359e-05
1346 -2.21746858102e-05
1347 -2.13526737968e-05
1348 -2.05411829967e-05
1349 -1.97018312846e-05
1350 0.000195365264288
1351 0.000184735315183
1352 0.000170615994551
1353 0.000165727222337
1354 0.000150281172081
1355 0.000134723562364
1356 0.000118178753979
1357 0.000100560586619
1358 7.96608009742e-05
1359 5.91319321933e-05
1360 3.92250934168e-05
1361 1.9700120083e-05
1362 2.45373832211e-06
1363 -1.29906291449e-05
1364 -2.61663317522e-05
1365 -3.70287731122e-05
1366 -4.56458784767e-05
1367 -5.23506324699e-05
1368 -5.67589305929e-05
1369 -5.98808024957e-05
1370 -6.23875126659e-05
1371 -6.34071778353e-05
1372 -6.30812514807e-05
1373 -6.20637276576e-05
1374 -6.09009610339e-05
1375 -5.93220601814e-05
1376 -5.71330648559e-05
1377 -5.51306586686e-05
1378 -5.34245238733e-05
1379 -5.13555720632e-05
1380 -4.88882938122e-05
1381 -4.71177337936e-05
1382 -4.51822902967e-05
1383 -4.26787112449e-05
1384 -4.03438733311e-05
1385 -3.81500099882e-05
1386 -3.59940240766e-05
1387 -3.38804683106e-05
1388 -3.1967879488e-05
1389 -3.0052915738e-05
1390 -2.84399409367e-05
1391 -2.70399844392e-05
1392 -2.57773581989e-05
1393 -2.45882129343e-05
1394 -2.34996018036e-05
1395 -2.25337417388e-05
1396 -2.17355446416e-05
1397 -2.09384532548e-05
1398 -2.01279120741e-05
1399 -1.92600009231e-05
1400 0.000109353163977
1401 0.000102627176775
1402 9.29476885374e-05
1403 8.79613472126e-05
1404 7.66670023055e-05
1405 6.49696676299e-05
1406 5.2391599057e-05
1407 3.93342247321e-05
1408 2.48537155438e-05
1409 1.0880908412e-05
1410 -2.68102345227e-06
1411 -1.5040587822e-05
1412 -2.63333967219e-05
1413 -3.55525509119e-05
1414 -4.37050964154e-05
1415 -5.02264114966e-05
1416 -5.51807228723e-05
1417 -5.89422377325e-05
1418 -6.09000436857e-05
1419 -6.21837607258e-05
1420 -6.33075917692e-05
1421 -6.33064716017e-05
1422 -6.22466557415e-05
1423 -6.07655282119e-05
1424 -5.92686287124e-05
1425 -5.75144604169e-05
1426 -5.52931856487e-05
1427 -5.33061864952e-05
1428 -5.16112695391e-05
1429 -4.95603056431e-05
1430 -4.71041998524e-05
1431 -4.5319120196e-05
1432 -4.33916534242e-05
1433 -4.09318961255e-05
1434 -3.86898603442e-05
1435 -3.65499670715e-05
1436 -3.4449036552e-05
1437 -3.24680452196e-05
1438 -3.07100825428e-05
1439 -2.89688970063e-05
1440 -2.75168459562e-05
1441 -2.62333408398e-05
1442 -2.50743660114e-05
1443 -2.39815319557e-05
1444 -2.29668704474e-05
1445 -2.20461189318e-05
1446 -2.12713257418e-05
1447 -2.04994104485e-05
1448 -1.96750681542e-05
1449 -1.87845122345e-05
1450 4.19187338075e-05
1451 3.85279470559e-05
1452 3.30921316987e-05
1453 2.88770592089e-05
1454 2.16345210134e-05
1455 1.39109899173e-05
1456 5.26482456984e-06
1457 -3.58614605096e-06
1458 -1.27892534852e-05
1459 -2.15661572584e-05
1460 -3.02941951712e-05
1461 -3.75488007049e-05
1462 -4.46188746559e-05
1463 -4.95900475305e-05
1464 -5.43767204914e-05
1465 -5.79968837682e-05
1466 -6.05059734438e-05
1467 -6.22832313876e-05
1468 -6.26472777945e-05
1469 -6.27303670908e-05
1470 -6.29380944644e-05
1471 -6.22949026909e-05
1472 -6.07978086385e-05
1473 -5.90303600631e-05
1474 -5.73674054039e-05
1475 -5.5573279704e-05
1476 -5.33945295298e-05
1477 -5.14569608536e-05
1478 -4.97591215583e-05
1479 -4.76955366946e-05
1480 -4.52506765399e-05
1481 -4.34554505728e-05
1482 -4.15663462303e-05
1483 -3.91863486795e-05
1484 -3.70067138311e-05
1485 -3.49271784932e-05
1486 -3.29289294741e-05
1487 -3.11138450128e-05
1488 -2.95117109494e-05
1489 -2.79458387422e-05
1490 -2.66314968159e-05
1491 -2.54536094098e-05
1492 -2.43907682582e-05
1493 -2.33929558504e-05
1494 -2.24401323458e-05
1495 -2.15678142233e-05
1496 -2.08213370605e-05
1497 -2.00489540318e-05
1498 -1.91970691352e-05
1499 -1.82896192897e-05
1500 -4.81083777813e-06
1501 -5.76214603662e-06
1502 -7.97527633573e-06
1503 -1.1369442434e-05
1504 -1.54603985224e-05
1505 -2.00731872746e-05
1506 -2.56955783793e-05
1507 -3.14273112667e-05
1508 -3.6844120652e-05
1509 -4.20177599744e-05
1510 -4.74127141621e-05
1511 -5.1256834404e-05
1512 -5.55422400186e-05
1513 -5.77004325653e-05
1514 -6.02693844469e-05
1515 -6.1965192129e-05
1516 -6.28509982991e-05
1517 -6.33413249233e-05
1518 -6.27097263155e-05
1519 -6.20327474498e-05
1520 -6.17081793443e-05
1521 -6.06770127076e-05
1522 -5.89355358898e-05
1523 -5.70290926825e-05
1524 -5.53386720739e-05
1525 -5.35733646818e-05
1526 -5.14547984268e-05
1527 -4.95376103949e-05
1528 -4.78255682278e-05
1529 -4.57707383351e-05
1530 -4.33463341454e-05
1531 -4.15911801995e-05
1532 -3.97624847023e-05
1533 -3.74625697777e-05
1534 -3.53283954224e-05
1535 -3.33373396025e-05
1536 -3.15065643676e-05
1537 -2.98315892251e-05
1538 -2.84017629338e-05
1539 -2.69920325525e-05
1540 -2.57969848603e-05
1541 -2.47242179298e-05
1542 -2.3755385832e-05
1543 -2.2833469004e-05
1544 -2.19310348285e-05
1545 -2.10863298221e-05
1546 -2.03415588865e-05
1547 -1.95524007102e-05
1548 -1.86777220212e-05
1549 -1.7773721293e-05
1550 -3.45519145781e-05
1551 -3.38729840649e-05
1552 -3.40213227214e-05
1553 -3.67542209708e-05
1554 -3.86621423729e-05
1555 -4.11908704029e-05
1556 -4.47296815906e-05
1557 -4.83439030292e-05
1558 -5.12533330805e-05
1559 -5.4088703301e-05
1560 -5.73055707323e-05
1561 -5.89277106288e-05
1562 -6.13701424974e-05
1563 -6.17210944584e-05
1564 -6.28587067204e-05
1565 -6.33234544158e-05
1566 -6.32022404984e-05
1567 -6.28883777946e-05
1568 -6.16878849688e-05
1569 -6.06007743474e-05
1570 -5.99205446853e-05
1571 -5.86799324415e-05
1572 -5.68438863153e-05
1573 -5.49591600449e-05
1574 -5.33145419023e-05
1575 -5.15786107676e-05
1576 -4.94856981707e-05
1577 -4.75384877541e-05
1578 -4.58284484048e-05
1579 -4.37691171584e-05
1580 -4.1397550165e-05
1581 -3.96970478565e-05
1582 -3.79374092475e-05
1583 -3.56906173519e-05
1584 -3.36866034538e-05
1585 -3.18547648826e-05
1586 -3.01566865362e-05
1587 -2.86571170524e-05
1588 -2.7397807958e-05
1589 -2.61164962512e-05
1590 -2.50152612206e-05
1591 -2.4034553391e-05
1592 -2.3146319109e-05
1593 -2.22833194797e-05
1594 -2.14196070963e-05
1595 -2.05956278771e-05
1596 -1.98425809667e-05
1597 -1.90199416721e-05
1598 -1.81442346636e-05
1599 -1.72604058489e-05
1600 -5.22033367807e-05
1601 -5.05940674291e-05
1602 -4.94094541484e-05
1603 -5.16768670778e-05
1604 -5.21922782346e-05
1605 -5.34177710876e-05
1606 -5.56003953414e-05
1607 -5.78366683719e-05
1608 -5.91594807206e-05
1609 -6.04742505787e-05
1610 -6.22781762213e-05
1611 -6.25403258505e-05
1612 -6.38051102094e-05
1613 -6.30640838627e-05
1614 -6.33103451847e-05
1615 -6.30189521029e-05
1616 -6.22949399991e-05
1617 -6.15501059789e-05
1618 -6.00143339809e-05
1619 -5.86741659779e-05
1620 -5.78172873054e-05
1621 -5.64988640356e-05
1622 -5.46975826049e-05
1623 -5.28445579347e-05
1624 -5.12294703225e-05
1625 -4.94970227232e-05
1626 -4.74117786526e-05
1627 -4.54715474841e-05
1628 -4.37653031378e-05
1629 -4.17472636078e-05
1630 -3.94620896146e-05
1631 -3.7827143634e-05
1632 -3.61008303321e-05
1633 -3.39491168613e-05
1634 -3.2081351905e-05
1635 -3.0408528585e-05
1636 -2.8885106997e-05
1637 -2.75614510178e-05
1638 -2.64352208751e-05
1639 -2.52611554717e-05
1640 -2.42639450986e-05
1641 -2.33803721011e-05
1642 -2.25622970801e-05
1643 -2.1746697138e-05
1644 -2.09127651972e-05
1645 -2.00926810586e-05
1646 -1.93189718689e-05
1647 -1.84902792387e-05
1648 -1.76137656797e-05
1649 -1.67218801347e-05
1650 -6.19034710434e-05
1651 -5.97175687807e-05
1652 -5.77217833871e-05
1653 -5.96623084928e-05
1654 -5.93161227296e-05
1655 -5.96918823177e-05
1656 -6.101839581e-05
1657 -6.23701965491e-05
1658 -6.27032616145e-05
1659 -6.3133859729e-05
1660 -6.40234226344e-05
1661 -6.3467735114e-05
1662 -6.39953643028e-05
1663 -6.26308299099e-05
1664 -6.23504875126e-05
1665 -6.16472805758e-05
1666 -6.06123846706e-05
1667 -5.96074368949e-05
1668 -5.7921634311e-05
1669 -5.64932885922e-05
1670 -5.56033077573e-05
1671 -5.43091002276e-05
1672 -5.25539168579e-05
1673 -5.07454401025e-05
1674 -4.91115716613e-05
1675 -4.73760713184e-05
1676 -4.53087645877e-05
1677 -4.33668806461e-05
1678 -4.17014627789e-05
1679 -3.97671818519e-05
1680 -3.75641989619e-05
1681 -3.5948275854e-05
1682 -3.42925619398e-05
1683 -3.2294170852e-05
1684 -3.05931590667e-05
1685 -2.90961703054e-05
1686 -2.77477990055e-05
1687 -2.65745338706e-05
1688 -2.55532047965e-05
1689 -2.44959692365e-05
1690 -2.35951067848e-05
1691 -2.27839848652e-05
1692 -2.20093349103e-05
1693 -2.12269736222e-05
1694 -2.0392069464e-05
1695 -1.9557333931e-05
1696 -1.87565445793e-05
1697 -1.79251220044e-05
1698 -1.70597581988e-05
1699 -1.61571565667e-05
1700 -6.62995108482e-05
1701 -6.38519884092e-05
1702 -6.1444093331e-05
1703 -6.31508911235e-05
1704 -6.2307811959e-05
1705 -6.21601548255e-05
1706 -6.29609564981e-05
1707 -6.37619555928e-05
1708 -6.35121545042e-05
1709 -6.33994772775e-05
1710 -6.37502946275e-05
1711 -6.27207578758e-05
1712 -6.28363060497e-05
1713 -6.11500346119e-05
1714 -6.05734143333e-05
1715 -5.96460927145e-05
1716 -5.844099168e-05
1717 -5.73109388235e-05
1718 -5.56166014198e-05
1719 -5.42076248281e-05
1720 -5.33182421178e-05
1721 -5.20434156952e-05
1722 -5.03008921752e-05
1723 -4.84989437263e-05
1724 -4.68677778455e-05
1725 -4.51300971541e-05
1726 -4.31058437835e-05
1727 -4.12093412728e-05
1728 -3.96156002179e-05
1729 -3.77530204759e-05
1730 -3.56138394405e-05
1731 -3.40784639115e-05
1732 -3.25733793835e-05
1733 -3.0753148295e-05
1734 -2.9219463379e-05
1735 -2.78914513686e-05
1736 -2.67074986991e-05
1737 -2.56581757901e-05
1738 -2.47413442262e-05
1739 -2.37814216173e-05
1740 -2.29578352641e-05
1741 -2.22009078588e-05
1742 -2.14598904571e-05
1743 -2.0698753644e-05
1744 -1.98541239527e-05
1745 -1.89942529748e-05
1746 -1.81768926471e-05
1747 -1.73538401009e-05
1748 -1.64737070558e-05
1749 -1.55513597382e-05
1750 -6.73764200513e-05
1751 -6.48007112158e-05
1752 -6.22606126344e-05
1753 -6.37971148201e-05
1754 -6.26848507254e-05
1755 -6.22507952333e-05
1756 -6.27099847307e-05
1757 -6.31972579389e-05
1758 -6.26203042946e-05
1759 -6.22091324866e-05
1760 -6.22670153516e-05
1761 -6.09938267687e-05
1762 -6.08801719096e-05
1763 -5.90428094845e-05
1764 -5.83148618561e-05
1765 -5.73025083595e-05
1766 -5.60583438711e-05
1767 -5.49501995132e-05
1768 -5.33195923148e-05
1769 -5.19570928599e-05
1770 -5.10444425479e-05
1771 -4.97920228663e-05
1772 -4.80500000732e-05
1773 -4.6264639587e-05
1774 -4.46227052668e-05
1775 -4.29100829124e-05
1776 -4.09534459533e-05
1777 -3.91312824218e-05
1778 -3.75866723518e-05
1779 -3.57787024327e-05
1780 -3.37447516839e-05
1781 -3.233937173e-05
1782 -3.09776000519e-05
1783 -2.93283847483e-05
1784 -2.79795390923e-05
1785 -2.68159932807e-05
1786 -2.57357268818e-05
1787 -2.47861129377e-05
1788 -2.39657329704e-05
1789 -2.30892825464e-05
1790 -2.23265610884e-05
1791 -2.16071395663e-05
1792 -2.08875480006e-05
1793 -2.01225038378e-05
1794 -1.92546819741e-05
1795 -1.83854471005e-05
1796 -1.75813302373e-05
1797 -1.67678546193e-05
1798 -1.5876167653e-05
1799 -1.49563128598e-05
1800 -6.64982534576e-05
1801 -6.3968300688e-05
1802 -6.1376249982e-05
1803 -6.27939594054e-05
1804 -6.15614083975e-05
1805 -6.09891404395e-05
1806 -6.12505519422e-05
1807 -6.15542682626e-05
1808 -6.0819773094e-05
1809 -6.02533140805e-05
1810 -6.01322969784e-05
1811 -5.87660953651e-05
1812 -5.85157742644e-05
1813 -5.66454492774e-05
1814 -5.59018396258e-05
1815 -5.48857245757e-05
1816 -5.36703492841e-05
1817 -5.25851489717e-05
1818 -5.10016518219e-05
1819 -4.96449536971e-05
1820 -4.86882965435e-05
1821 -4.74151166204e-05
1822 -4.56884200537e-05
1823 -4.39162168349e-05
1824 -4.23121263112e-05
1825 -4.06690182911e-05
1826 -3.88067788776e-05
1827 -3.70441494343e-05
1828 -3.55389102593e-05
1829 -3.38281025857e-05
1830 -3.19499817284e-05
1831 -3.06945521887e-05
1832 -2.94913218532e-05
1833 -2.80361334177e-05
1834 -2.68665622021e-05
1835 -2.58373441707e-05
1836 -2.48518803632e-05
1837 -2.40008419974e-05
1838 -2.3263568413e-05
1839 -2.24562333095e-05
1840 -2.17261995897e-05
1841 -2.10322665348e-05
1842 -2.03123256461e-05
1843 -1.95322255901e-05
1844 -1.86424797848e-05
1845 -1.77799017586e-05
1846 -1.6980242525e-05
1847 -1.61458263758e-05
1848 -1.52434259066e-05
1849 -1.43483881079e-05
1850 -6.44938696391e-05
1851 -6.20999317516e-05
1852 -5.94713542844e-05
1853 -6.07989922241e-05
1854 -5.95077195044e-05
1855 -5.8878635412e-05
1856 -5.90147689345e-05
1857 -5.92163917671e-05
1858 -5.8407328673e-05
1859 -5.77843521732e-05
1860 -5.75752325165e-05
1861 -5.62454400279e-05
1862 -5.59651320011e-05
1863 -5.41808341851e-05
1864 -5.34612392922e-05
1865 -5.24742606909e-05
1866 -5.12848910281e-05
1867 -5.01817304951e-05
1868 -4.86123312232e-05
1869 -4.72691237876e-05
1870 -4.62814049261e-05
1871 -4.49860320558e-05
1872 -4.33003166321e-05
1873 -4.15813734766e-05
1874 -4.00494652267e-05
1875 -3.84666109977e-05
1876 -3.66657631691e-05
1877 -3.49531618945e-05
1878 -3.35505982394e-05
1879 -3.1990807134e-05
1880 -3.02945822302e-05
1881 -2.91987326979e-05
1882 -2.81694286992e-05
1883 -2.6885698996e-05
1884 -2.58324945462e-05
1885 -2.4904093852e-05
1886 -2.40126738018e-05
1887 -2.32647077552e-05
1888 -2.25936255418e-05
1889 -2.18307667644e-05
1890 -2.11286748299e-05
1891 -2.04446887319e-05
1892 -1.9702855814e-05
1893 -1.88965886844e-05
1894 -1.80069132597e-05
1895 -1.71602744918e-05
1896 -1.63524200819e-05
1897 -1.55009392426e-05
1898 -1.46186096223e-05
1899 -1.37626361712e-05
1900 -6.19023123074e-05
1901 -5.95744730308e-05
1902 -5.70689775539e-05
1903 -5.82865225316e-05
1904 -5.70406185131e-05
1905 -5.63884661586e-05
1906 -5.64809198048e-05
1907 -5.66367272663e-05
1908 -5.58296402631e-05
1909 -5.52371144462e-05
1910 -5.50017945201e-05
1911 -5.37250696383e-05
1912 -5.34268754197e-05
1913 -5.16898473622e-05
1914 -5.09679321818e-05
1915 -4.99710431878e-05
1916 -4.87795730905e-05
1917 -4.76636205055e-05
1918 -4.61164852115e-05
1919 -4.47824413356e-05
1920 -4.3776523138e-05
1921 -4.25095756033e-05
1922 -4.08988565952e-05
1923 -3.92569173423e-05
1924 -3.77963281142e-05
1925 -3.62622771161e-05
1926 -3.45653744984e-05
1927 -3.29817241418e-05
1928 -3.17230514953e-05
1929 -3.03256872837e-05
1930 -2.88161418157e-05
1931 -2.78819495986e-05
1932 -2.69979496485e-05
1933 -2.58377069149e-05
1934 -2.48911666878e-05
1935 -2.4054365187e-05
1936 -2.3252558044e-05
1937 -2.25689621878e-05
1938 -2.1941058418e-05
1939 -2.12082387637e-05
1940 -2.05159791315e-05
1941 -1.98163096759e-05
1942 -1.90456254276e-05
1943 -1.82369749248e-05
1944 -1.73614865482e-05
1945 -1.65162889111e-05
1946 -1.56871660731e-05
1947 -1.48483210802e-05
1948 -1.39976203863e-05
1949 -1.31988045611e-05
1950 -5.90794634328e-05
1951 -5.68195952441e-05
1952 -5.44766890329e-05
1953 -5.56164237865e-05
1954 -5.4421725085e-05
1955 -5.38057607252e-05
1956 -5.38717017616e-05
1957 -5.39928844347e-05
1958 -5.32130022509e-05
1959 -5.26559122672e-05
1960 -5.23885810379e-05
1961 -5.1148898809e-05
1962 -5.08240084313e-05
1963 -4.91148867378e-05
1964 -4.83824518431e-05
1965 -4.73897563734e-05
1966 -4.6207863593e-05
1967 -4.50888511848e-05
1968 -4.35946375513e-05
1969 -4.22920046459e-05
1970 -4.13159016764e-05
1971 -4.01147370113e-05
1972 -3.85689424059e-05
1973 -3.69844397265e-05
1974 -3.55650766416e-05
1975 -3.4114305436e-05
1976 -3.25661392223e-05
1977 -3.11275149079e-05
1978 -3.00239706009e-05
1979 -2.88064425264e-05
1980 -2.74842178923e-05
1981 -2.66853788807e-05
1982 -2.59048153772e-05
1983 -2.48569907683e-05
1984 -2.40120279787e-05
1985 -2.32885422371e-05
1986 -2.25562250322e-05
1987 -2.19133729988e-05
1988 -2.13100033155e-05
1989 -2.05876480622e-05
1990 -1.98782224626e-05
1991 -1.91531635562e-05
1992 -1.8374178952e-05
1993 -1.75739587138e-05
1994 -1.66980183855e-05
1995 -1.58343382469e-05
1996 -1.5002343005e-05
1997 -1.41965317736e-05
1998 -1.33979860332e-05
1999 -1.26601495669e-05
2000 -5.62303461807e-05
2001 -5.41028145351e-05
2002 -5.18733799627e-05
2003 -5.29464571735e-05
2004 -5.180308948e-05
2005 -5.1218866262e-05
2006 -5.1242837923e-05
2007 -5.13429068283e-05
2008 -5.05701136637e-05
2009 -5.0026471013e-05
2010 -4.97337014546e-05
2011 -4.851346014e-05
2012 -4.81686678847e-05
2013 -4.65212548915e-05
2014 -4.57810807752e-05
2015 -4.4774890327e-05
2016 -4.36058427235e-05
2017 -4.250244606e-05
2018 -4.10757016535e-05
2019 -3.98412859323e-05
2020 -3.89006633472e-05
2021 -3.77459447862e-05
2022 -3.62424983212e-05
2023 -3.47346590775e-05
2024 -3.34409848668e-05
2025 -3.21329269636e-05
2026 -3.07469331385e-05
2027 -2.94725673349e-05
2028 -2.85368448396e-05
2029 -2.74910460233e-05
2030 -2.6312362876e-05
2031 -2.56097379508e-05
2032 -2.49278002649e-05
2033 -2.39884696975e-05
2034 -2.32495340724e-05
2035 -2.25790981473e-05
2036 -2.1874992978e-05
2037 -2.12693935412e-05
2038 -2.06816173557e-05
2039 -1.99466064102e-05
2040 -1.92110551286e-05
2041 -1.84725035265e-05
2042 -1.770089634e-05
2043 -1.68991724871e-05
2044 -1.6010767653e-05
2045 -1.51454629907e-05
2046 -1.43399481584e-05
2047 -1.3576574646e-05
2048 -1.28359963348e-05
2049 -1.21630446661e-05
2050 -5.34039895731e-05
2051 -5.13912769172e-05
2052 -4.92762372434e-05
2053 -5.03013837424e-05
2054 -4.91989893661e-05
2055 -4.86277275773e-05
2056 -4.86032622994e-05
2057 -4.86754457482e-05
2058 -4.79146937528e-05
2059 -4.73755954081e-05
2060 -4.70432337027e-05
2061 -4.58475435047e-05
2062 -4.5472257499e-05
2063 -4.38626593997e-05
2064 -4.31255879983e-05
2065 -4.2149389072e-05
2066 -4.10270605499e-05
2067 -3.99799015936e-05
2068 -3.8623480926e-05
2069 -3.74378006777e-05
2070 -3.6502471295e-05
2071 -3.53970622201e-05
2072 -3.4000749788e-05
2073 -3.26373009229e-05
2074 -3.14809130271e-05
2075 -3.03302336501e-05
2076 -2.91178617718e-05
2077 -2.80058111925e-05
2078 -2.72140136903e-05
2079 -2.629220671e-05
2080 -2.52233470539e-05
2081 -2.46171457707e-05
2082 -2.40269181726e-05
2083 -2.31814919592e-05
2084 -2.24979650958e-05
2085 -2.1867050405e-05
2086 -2.1196989702e-05
2087 -2.06050941233e-05
2088 -1.9994741458e-05
2089 -1.92425525656e-05
2090 -1.84919930637e-05
2091 -1.77681197892e-05
2092 -1.69954365802e-05
2093 -1.618904256e-05
2094 -1.52877161175e-05
2095 -1.44536600796e-05
2096 -1.36953544623e-05
2097 -1.29883031201e-05
2098 -1.2320321965e-05
2099 -1.17232867113e-05
2100 -5.04869287013e-05
2101 -4.86007883963e-05
2102 -4.65750229676e-05
2103 -4.75316439321e-05
2104 -4.64738999299e-05
2105 -4.59316840358e-05
2106 -4.58547834311e-05
2107 -4.58999908962e-05
2108 -4.51560810526e-05
2109 -4.46176781441e-05
2110 -4.42544414998e-05
2111 -4.31117400955e-05
2112 -4.27322148413e-05
2113 -4.12155405637e-05
2114 -4.0511958745e-05
2115 -3.95922911566e-05
2116 -3.85233119763e-05
2117 -3.75084401298e-05
2118 -3.62112263335e-05
2119 -3.5083201344e-05
2120 -3.42088791343e-05
2121 -3.31995613755e-05
2122 -3.19536039344e-05
2123 -3.07398327917e-05
2124 -2.97369955194e-05
2125 -2.87453004586e-05
2126 -2.77010827696e-05
2127 -2.6723933801e-05
2128 -2.60397249141e-05
2129 -2.5215256505e-05
2130 -2.42571632474e-05
2131 -2.37407752235e-05
2132 -2.3223863331e-05
2133 -2.24442937508e-05
2134 -2.1799289879e-05
2135 -2.11998125622e-05
2136 -2.05299608029e-05
2137 -1.99215234986e-05
2138 -1.92766687323e-05
2139 -1.85078916135e-05
2140 -1.77649318782e-05
2141 -1.70435994714e-05
2142 -1.62590488175e-05
2143 -1.54408192081e-05
2144 -1.45694764243e-05
2145 -1.37823526517e-05
2146 -1.30807022867e-05
2147 -1.24411248787e-05
2148 -1.18485127224e-05
2149 -1.1328372975e-05
2150 -4.7452782413e-05
2151 -4.56760047519e-05
2152 -4.37807635763e-05
2153 -4.46766438244e-05
2154 -4.36659959979e-05
2155 -4.31511076572e-05
2156 -4.30509930895e-05
2157 -4.30767848916e-05
2158 -4.23560074212e-05
2159 -4.1867372848e-05
2160 -4.15074688791e-05
2161 -4.04183131883e-05
2162 -4.00541372571e-05
2163 -3.86293805964e-05
2164 -3.79523987405e-05
2165 -3.70563482961e-05
2166 -3.60243781968e-05
2167 -3.50599616616e-05
2168 -3.38697108187e-05
2169 -3.28580345962e-05
2170 -3.20847115181e-05
2171 -3.12026024564e-05
2172 -3.01115572757e-05
2173 -2.90544412178e-05
2174 -2.82021855081e-05
2175 -2.73517115299e-05
2176 -2.64313630526e-05
2177 -2.55568135533e-05
2178 -2.49712549484e-05
2179 -2.42448457707e-05
2180 -2.33891407782e-05
2181 -2.2938784121e-05
2182 -2.24640194861e-05
2183 -2.1728833147e-05
2184 -2.11066687889e-05
2185 -2.05111349847e-05
2186 -1.98214028899e-05
2187 -1.91844749818e-05
2188 -1.85300069363e-05
2189 -1.77775588114e-05
2190 -1.70366931303e-05
2191 -1.62974854268e-05
2192 -1.54983655837e-05
2193 -1.46979998527e-05
2194 -1.38728094348e-05
2195 -1.31452982993e-05
2196 -1.25061509874e-05
2197 -1.19430896474e-05
2198 -1.14268303241e-05
2199 -1.09713754994e-05
2200 -4.44548414848e-05
2201 -4.27919062233e-05
2202 -4.10120781197e-05
2203 -4.18504920592e-05
2204 -4.09115965686e-05
2205 -4.04326955885e-05
2206 -4.03142142675e-05
2207 -4.03249374725e-05
2208 -3.96361947895e-05
2209 -3.9185893107e-05
2210 -3.88448096035e-05
2211 -3.78021276049e-05
2212 -3.74366919372e-05
2213 -3.60727271456e-05
2214 -3.54354101308e-05
2215 -3.45944066504e-05
2216 -3.36573792518e-05
2217 -3.27881576384e-05
2218 -3.17333597914e-05
2219 -3.08467928121e-05
2220 -3.01824514077e-05
2221 -2.943863032e-05
2222 -2.84962843775e-05
2223 -2.75865201089e-05
2224 -2.68556626604e-05
2225 -2.61008707068e-05
2226 -2.52898760845e-05
2227 -2.45075970999e-05
2228 -2.40107587168e-05
2229 -2.33716694124e-05
2230 -2.25903866773e-05
2231 -2.21753096315e-05
2232 -2.17222954019e-05
2233 -2.10102382486e-05
2234 -2.03905320943e-05
2235 -1.97754533667e-05
2236 -1.90608799078e-05
2237 -1.84166268679e-05
2238 -1.77701059871e-05
2239 -1.70237620631e-05
2240 -1.6264259112e-05
2241 -1.55111641253e-05
2242 -1.47388014115e-05
2243 -1.3981748649e-05
2244 -1.3213907443e-05
2245 -1.25521760351e-05
2246 -1.19870988695e-05
2247 -1.15030593068e-05
2248 -1.1061753479e-05
2249 -1.06527562772e-05
2250 -4.15784037299e-05
2251 -3.99754183696e-05
2252 -3.83403987664e-05
2253 -3.91229714635e-05
2254 -3.82339096834e-05
2255 -3.77926505098e-05
2256 -3.76582815126e-05
2257 -3.76463807867e-05
2258 -3.69847068768e-05
2259 -3.65541451609e-05
2260 -3.62154662323e-05
2261 -3.5227995744e-05
2262 -3.4883520294e-05
2263 -3.36360845217e-05
2264 -3.3072974065e-05
2265 -3.23258311632e-05
2266 -3.14899375342e-05
2267 -3.07322314098e-05
2268 -2.98115363916e-05
2269 -2.90604125239e-05
2270 -2.85151096463e-05
2271 -2.79031763604e-05
2272 -2.70823449629e-05
2273 -2.62797460743e-05
2274 -2.56551065971e-05
2275 -2.49913138169e-05
2276 -2.4282383586e-05
2277 -2.35805752039e-05
2278 -2.31446345948e-05
2279 -2.25536284861e-05
2280 -2.18184622887e-05
2281 -2.14224941975e-05
2282 -2.09816109878e-05
2283 -2.02757668896e-05
2284 -1.96294688168e-05
2285 -1.8992202414e-05
2286 -1.82743336295e-05
2287 -1.76396848176e-05
2288 -1.69887396647e-05
2289 -1.62262291938e-05
2290 -1.54592582446e-05
2291 -1.47338144691e-05
2292 -1.40051048556e-05
2293 -1.33030316954e-05
2294 -1.26052934647e-05
2295 -1.20207506308e-05
2296 -1.15352938352e-05
2297 -1.11215681039e-05
2298 -1.07250040537e-05
2299 -1.03290161755e-05
2300 -3.87204143524e-05
2301 -3.72095150619e-05
2302 -3.57065172841e-05
2303 -3.64171120146e-05
2304 -3.56017387813e-05
2305 -3.51892729347e-05
2306 -3.50400743195e-05
2307 -3.5027489582e-05
2308 -3.4410882372e-05
2309 -3.4033673293e-05
2310 -3.37223251649e-05
2311 -3.28271933342e-05
2312 -3.25380480213e-05
2313 -3.14198606921e-05
2314 -3.09412344001e-05
2315 -3.02956873113e-05
2316 -2.95855801766e-05
2317 -2.89439630339e-05
2318 -2.81704756381e-05
2319 -2.75353328132e-05
2320 -2.70866533872e-05
2321 -2.65604829584e-05
2322 -2.58308453425e-05
2323 -2.51170912027e-05
2324 -2.45755076661e-05
2325 -2.39982532526e-05
2326 -2.33702951589e-05
2327 -2.27336064938e-05
2328 -2.23338833046e-05
2329 -2.1782955942e-05
2330 -2.10817703701e-05
2331 -2.06844955573e-05
2332 -2.02284780818e-05
2333 -1.95016521187e-05
2334 -1.88318547771e-05
2335 -1.81960683834e-05
2336 -1.74809838783e-05
2337 -1.68465537225e-05
2338 -1.61799392291e-05
2339 -1.54253454493e-05
2340 -1.46753545741e-05
2341 -1.39924757489e-05
2342 -1.33163824932e-05
2343 -1.26785236037e-05
2344 -1.20558967921e-05
2345 -1.15524427943e-05
2346 -1.11365756884e-05
2347 -1.07697206737e-05
2348 -1.03957320249e-05
2349 -1.00010631679e-05
2350 -3.60012785283e-05
2351 -3.4575134717e-05
2352 -3.31787990437e-05
2353 -3.38549387247e-05
2354 -3.30998229834e-05
2355 -3.27328843377e-05
2356 -3.25981069385e-05
2357 -3.26074186574e-05
2358 -3.20528285114e-05
2359 -3.17418266964e-05
2360 -3.14898676569e-05
2361 -3.06893583355e-05
2362 -3.04656227279e-05
2363 -2.94759843222e-05
2364 -2.90909255248e-05
2365 -2.85552072499e-05
2366 -2.79600545037e-05
2367 -2.74183048418e-05
2368 -2.67449436976e-05
2369 -2.61973752308e-05
2370 -2.58180553138e-05
2371 -2.53640769219e-05
2372 -2.4725928181e-05
2373 -2.40980528117e-05
2374 -2.36285108157e-05
2375 -2.31130987229e-05
2376 -2.2539596055e-05
2377 -2.19318879211e-05
2378 -2.15533894259e-05
2379 -2.10247557393e-05
2380 -2.03242908523e-05
2381 -1.99029688738e-05
2382 -1.94153121397e-05
2383 -1.86864532787e-05
2384 -1.80267585479e-05
2385 -1.74020689625e-05
2386 -1.6690163631e-05
2387 -1.60307566359e-05
2388 -1.53511315137e-05
2389 -1.46170159987e-05
2390 -1.39081427491e-05
2391 -1.3276439614e-05
2392 -1.26687152906e-05
2393 -1.21094937921e-05
2394 -1.15701694507e-05
2395 -1.11417541688e-05
2396 -1.07737349275e-05
2397 -1.0426663669e-05
2398 -1.00591539323e-05
2399 -9.66469721602e-06
2400 -3.35734302219e-05
2401 -3.22406641418e-05
2402 -3.09364643268e-05
2403 -3.15845445402e-05
2404 -3.09044600541e-05
2405 -3.0580294638e-05
2406 -3.04642296025e-05
2407 -3.04964585172e-05
2408 -3.00057482268e-05
2409 -2.97551186028e-05
2410 -2.95659249005e-05
2411 -2.88578182214e-05
2412 -2.87031308805e-05
2413 -2.78267845609e-05
2414 -2.75171146501e-05
2415 -2.70618981895e-05
2416 -2.65302791656e-05
2417 -2.60582962014e-05
2418 -2.54723500089e-05
2419 -2.49873194858e-05
2420 -2.4665560005e-05
2421 -2.42806736468e-05
2422 -2.3723624097e-05
2423 -2.31567470546e-05
2424 -2.27348773274e-05
2425 -2.22499421939e-05
2426 -2.17120822806e-05
2427 -2.11282011594e-05
2428 -2.07530595557e-05
2429 -2.02192120758e-05
2430 -1.95106632843e-05
2431 -1.9060924337e-05
2432 -1.85603325852e-05
2433 -1.78477102246e-05
2434 -1.71873908946e-05
2435 -1.65590831415e-05
2436 -1.58303314481e-05
2437 -1.51721023192e-05
2438 -1.45226011095e-05
2439 -1.3842988515e-05
2440 -1.31930856685e-05
2441 -1.26323018871e-05
2442 -1.21004086353e-05
2443 -1.16216105226e-05
2444 -1.11578352808e-05
2445 -1.07821111602e-05
2446 -1.04361106118e-05
2447 -1.00902363951e-05
2448 -9.72103364726e-06
2449 -9.33297507546e-06
2450 -3.14166643803e-05
2451 -3.01599756673e-05
2452 -2.89645945834e-05
2453 -2.95791560595e-05
2454 -2.89642121357e-05
2455 -2.86876155711e-05
2456 -2.85994848783e-05
2457 -2.86636288347e-05
2458 -2.82325259195e-05
2459 -2.80520887206e-05
2460 -2.79047372676e-05
2461 -2.72808736621e-05
2462 -2.71710011448e-05
2463 -2.63838575673e-05
2464 -2.61329007189e-05
2465 -2.5741615597e-05
2466 -2.52792776243e-05
2467 -2.48721280407e-05
2468 -2.43659522287e-05
2469 -2.39614700572e-05
2470 -2.36990652724e-05
2471 -2.33663908e-05
2472 -2.28521406872e-05
2473 -2.23219035627e-05
2474 -2.19281617828e-05
2475 -2.14633288854e-05
2476 -2.09390006827e-05
2477 -2.03441275936e-05
2478 -1.99400825393e-05
2479 -1.93741702659e-05
2480 -1.86524013189e-05
2481 -1.81991695119e-05
2482 -1.7708537654e-05
2483 -1.70033710056e-05
2484 -1.63237789601e-05
2485 -1.56829145882e-05
2486 -1.49658136559e-05
2487 -1.43426863659e-05
2488 -1.37385927677e-05
2489 -1.312193631e-05
2490 -1.25412396338e-05
2491 -1.20531829373e-05
2492 -1.15987546431e-05
2493 -1.11894826439e-05
2494 -1.07756149398e-05
2495 -1.04226737204e-05
2496 -1.00800859622e-05
2497 -9.74452567625e-06
2498 -9.3853154062e-06
2499 -9.00633076215e-06
