0 -0.0155356855295
1 0.00722028916238
2 0.0088273267793
3 0.00724588464333
4 0.00608468898428
5 0.00466869450991
6 0.00381862114486
7 0.00315178671437
8 0.00258095916743
9 0.00218186609079
10 0.00185434190356
11 0.00158803376454
12 0.00136667750662
13 0.00116675634134
14 0.00102622879373
15 0.000901466965974
16 0.000786331868046
17 0.000698149812791
18 0.000619936993753
19 0.000551265955727
20 0.000499303781478
21 0.000449887915481
22 0.000405124054726
23 0.000365819619189
24 0.000333521504619
25 0.000302106699614
26 0.000269200682187
27 0.000234902515149
28 0.000201220816622
29 0.000170294583359
30 0.000147951255291
31 0.000137476624097
32 0.000135362884412
33 0.00013550909127
34 0.00013548871294
35 0.000133742691273
36 0.00013081309804
37 0.000126013391537
38 0.000120639274424
39 0.000114009275529
40 0.000107123402109
41 0.000100534358657
42 9.39599294215e-05
43 8.75366150919e-05
44 8.15738059306e-05
45 7.58833228482e-05
46 7.08835388319e-05
47 6.61315801079e-05
48 6.19096738828e-05
49 5.78801529452e-05
50 -0.0262534032886
51 -0.0118315821875
52 -0.00198369473555
53 0.00137093786851
54 0.00254334391672
55 0.00270483829502
56 0.00256356129359
57 0.00232878435371
58 0.00204969861922
59 0.001783323228
60 0.00157286016896
61 0.00136352277258
62 0.00120481590696
63 0.00104521962706
64 0.000924194600657
65 0.000819103446587
66 0.000725231683546
67 0.000650317797112
68 0.000576621028664
69 0.000516436797995
70 0.000469877504492
71 0.000426031505219
72 0.000384545712797
73 0.000348144732955
74 0.000317728800278
75 0.000287933927975
76 0.00025701174131
77 0.000224759327288
78 0.000192726401213
79 0.000163533938246
80 0.000142535320197
81 0.000132918895727
82 0.00013083278844
83 0.00013072103292
84 0.00013078163913
85 0.000129344142903
86 0.000126619150699
87 0.00012200614851
88 0.000116683407161
89 0.000110306964278
90 0.000103797864907
91 9.74131272692e-05
92 9.09863699487e-05
93 8.47987427445e-05
94 7.90290367769e-05
95 7.35525779877e-05
96 6.8742371094e-05
97 6.41655966442e-05
98 6.00482517291e-05
99 5.61328434085e-05
100 -0.0178861490357
101 -0.0125559037189
102 -0.00631479971838
103 -0.00278587334456
104 -0.000487600425658
105 0.000593743921561
106 0.0011165014701
107 0.00131303244136
108 0.00133604950706
109 0.00127175762744
110 0.00119817643758
111 0.00108775228023
112 0.00099455981711
113 0.000886950544443
114 0.000801740064114
115 0.000723114844684
116 0.000649379072
117 0.000589311237516
118 0.000527837935711
119 0.000476829103973
120 0.00043720875575
121 0.000398828880148
122 0.000362028257979
123 0.000329295303643
124 0.000301689826782
125 0.000274071485394
126 0.00024477563481
127 0.000213923507468
128 0.000183470298538
129 0.000156329939044
130 0.000137394845497
131 0.000129288319756
132 0.000128004173711
133 0.000128163840581
134 0.000128255889303
135 0.000126787847542
136 0.00012406784504
137 0.000119526586087
138 0.000114279708037
139 0.000108067560668
140 0.000101731673979
141 9.55480724527e-05
142 8.93177177556e-05
143 8.32841703149e-05
144 7.76651583772e-05
145 7.23239676712e-05
146 6.7637003317e-05
147 6.31736412083e-05
148 5.91536286828e-05
149 5.53254766242e-05
150 -0.0124754371195
151 -0.0100978693209
152 -0.00668856540582
153 -0.00432668442846
154 -0.0022359363359
155 -0.00094775472638
156 -0.000125929648975
157 0.00034112356733
158 0.000596564106768
159 0.000710313304321
160 0.000767010645567
161 0.000759237510133
162 0.000737502541324
163 0.00068841757671
164 0.000645048154515
165 0.000598398855876
166 0.000549469828051
167 0.000508176727887
168 0.000462169552183
169 0.000423009697442
170 0.000392604458341
171 0.000361856775277
172 0.000331384554014
173 0.000303475595547
174 0.000279578660496
175 0.000254891199548
176 0.00022776753736
177 0.000198863802246
178 0.000170716754342
179 0.000146557583616
180 0.00013050650591
181 0.000124405841325
182 0.000124207705135
183 0.000124690120108
184 0.000124809008573
185 0.000123250130434
186 0.000120555765772
187 0.000116117640503
188 0.0001111230454
189 0.000105159229967
190 9.904279536e-05
191 9.30626728624e-05
192 8.70893673796e-05
193 8.12600574936e-05
194 7.58475876065e-05
195 7.06910846133e-05
196 6.61627715143e-05
197 6.18514200034e-05
198 5.79651950718e-05
199 5.42618747592e-05
200 -0.00910514250655
201 -0.00788876041844
202 -0.00590061079196
203 -0.0044846605326
204 -0.00291392315459
205 -0.00179003050463
206 -0.000957435864029
207 -0.000401629854295
208 -2.56494445196e-05
209 0.0002043469545
210 0.00035572381768
211 0.000430670673645
212 0.000471638873979
213 0.000477528969708
214 0.000474679820369
215 0.000460199560135
216 0.000437366978927
217 0.000415646520142
218 0.000386490239636
219 0.000360334610704
220 0.00034003723917
221 0.000318003482137
222 0.000294533378417
223 0.000272249426862
224 0.000252694235478
225 0.000231254293122
226 0.000206661212362
227 0.000180316298414
228 0.00015538047283
229 0.000135071050286
230 0.000122539069126
231 0.000118769437145
232 0.000119655571269
233 0.00012049910639
234 0.000120491254714
235 0.000118871043138
236 0.000116244188569
237 0.00011191146853
238 0.00010712623024
239 0.000101450827919
240 9.55674371919e-05
241 8.99549382428e-05
242 8.42607247107e-05
243 7.87621920601e-05
244 7.35959520525e-05
245 6.86130698278e-05
246 6.42915358671e-05
247 6.01987587313e-05
248 5.64894857783e-05
249 5.29537262549e-05
250 -0.00688248603885
251 -0.0061262482396
252 -0.00494361492453
253 -0.00409764132502
254 -0.00299925300092
255 -0.00212432506621
256 -0.00141267396242
257 -0.000884535226686
258 -0.000478857403506
259 -0.000196217393355
260 5.55799159962e-06
261 0.000137309341587
262 0.000224604485069
263 0.000273953211326
264 0.000304806909089
265 0.000318565663904
266 0.000319675560955
267 0.000316948038102
268 0.000304623813428
269 0.000291924105514
270 0.000281943720964
271 0.000268665545246
272 0.000252521570569
273 0.000236577150606
274 0.000221553669876
275 0.00020358734677
276 0.000182032289756
277 0.000158854787611
278 0.000137868774927
279 0.000122136508723
280 0.000113430859452
281 0.000112095073478
282 0.000113899588488
283 0.000114945186405
284 0.000114871646593
285 0.000113283877645
286 0.000110695188224
287 0.000106577163579
288 0.000102128418436
289 9.67500552539e-05
290 9.13372484232e-05
291 8.6082972775e-05
292 8.07447568833e-05
293 7.55923150937e-05
294 7.06943036935e-05
295 6.60582073918e-05
296 6.20205407215e-05
297 5.81273361845e-05
298 5.46388146102e-05
299 5.12671547607e-05
300 -0.005342281415
301 -0.00480920811127
302 -0.00407537949654
303 -0.00356108763017
304 -0.00280144312619
305 -0.00215877396598
306 -0.00159696678397
307 -0.00114521930069
308 -0.00076615108847
309 -0.000478539231312
310 -0.000261051837705
311 -0.000100789892084
312 1.29141570956e-05
313 9.26578401696e-05
314 0.000148375733468
315 0.000184318628713
316 0.000205652760035
317 0.00021903348068
318 0.000222019364537
319 0.000221601765214
320 0.000221196028788
321 0.000216080296188
322 0.0002076816558
323 0.000197603659533
324 0.000187121816885
325 0.00017292727057
326 0.000154725735741
327 0.000135559575637
328 0.000119372195576
329 0.000108615481477
330 0.000103569559344
331 0.00010426637801
332 0.000106844081107
333 0.000107945212387
334 0.000107929140544
335 0.00010634964587
336 0.000103871599913
337 0.000100086590814
338 9.59599608173e-05
339 9.10776997444e-05
340 8.61371162702e-05
341 8.13123536925e-05
342 7.64581502426e-05
343 7.16792776849e-05
344 6.71957030281e-05
345 6.2946524095e-05
346 5.92023203092e-05
347 5.56298241251e-05
348 5.23429582617e-05
349 4.91801416467e-05
350 -0.00419870278848
351 -0.00384112108555
352 -0.0033597690463
353 -0.0030333614116
354 -0.00251126465849
355 -0.00204049132273
356 -0.00161509817355
357 -0.00124762097135
358 -0.000920706680699
359 -0.000655054746807
360 -0.000445454686769
361 -0.000277782110083
362 -0.00015341468108
363 -5.61887741061e-05
364 1.4962930487e-05
365 6.63996222552e-05
366 0.000102528723276
367 0.000128322793442
368 0.000143861432933
369 0.000153823471429
370 0.000161470958684
371 0.000163970075071
372 0.000162313676555
373 0.000157698499189
374 0.000151411484068
375 0.000140799848555
376 0.000126573095457
377 0.000112083536662
378 0.000101164624724
379 9.51257298723e-05
380 9.34448279665e-05
381 9.56685898082e-05
382 9.87643839749e-05
383 9.99113040283e-05
384 0.000100006941352
385 9.85061375949e-05
386 9.62214073861e-05
387 9.28037200499e-05
388 8.9155089039e-05
389 8.48066857647e-05
390 8.03665309514e-05
391 7.60274708214e-05
392 7.16853172145e-05
393 6.73361053057e-05
394 6.33145751043e-05
395 5.94243719315e-05
396 5.6026539726e-05
397 5.27339531221e-05
398 4.97001970347e-05
399 4.68045148591e-05
400 -0.00335868930736
401 -0.00312223643817
402 -0.00278138979078
403 -0.00257596465789
404 -0.00220306805186
405 -0.00186266446123
406 -0.0015427684278
407 -0.00125480521666
408 -0.000982688734689
409 -0.000749321228062
410 -0.0005604089412
411 -0.000398215106074
412 -0.000274329696555
413 -0.000170541823782
414 -9.20619662112e-05
415 -3.17524206032e-05
416 1.41979330426e-05
417 4.86935241793e-05
418 7.35651591206e-05
419 9.15301919058e-05
420 0.000105632858548
421 0.000114538495404
422 0.000118544292549
423 0.000118746095704
424 0.000116280159164
425 0.000109149271726
426 9.92385116234e-05
427 8.99848728696e-05
428 8.4291694766e-05
429 8.24237494722e-05
430 8.3371912595e-05
431 8.66815053741e-05
432 8.99555409615e-05
433 9.11953876226e-05
434 9.1136809897e-05
435 8.98627408551e-05
436 8.7914755682e-05
437 8.49588475513e-05
438 8.18058593003e-05
439 7.80307495655e-05
440 7.41359109352e-05
441 7.03633785126e-05
442 6.65170689972e-05
443 6.27162156819e-05
444 5.91379961962e-05
445 5.56470064752e-05
446 5.25753119729e-05
447 4.96097255056e-05
448 4.68807170445e-05
449 4.42639437426e-05
450 -0.00274003865342
451 -0.00256630385898
452 -0.00231926876626
453 -0.00218585696097
454 -0.00191726712578
455 -0.00166833554525
456 -0.00142813252452
457 -0.00120581682114
458 -0.000983743733869
459 -0.000786064777775
460 -0.000622057121867
461 -0.000472614291413
462 -0.000356466497134
463 -0.000253500458603
464 -0.000173702393202
465 -0.000109745265158
466 -5.84713556149e-05
467 -1.85826539172e-05
468 1.27103187216e-05
469 3.64548916778e-05
470 5.54410976021e-05
471 6.91193684135e-05
472 7.76516524814e-05
473 8.1982732128e-05
474 8.28741322648e-05
475 7.94857154054e-05
476 7.42671249033e-05
477 7.00845820402e-05
478 6.89462617421e-05
479 7.03391108985e-05
480 7.30828999193e-05
481 7.69688598018e-05
482 8.02371207931e-05
483 8.15016375036e-05
484 8.16353188705e-05
485 8.06031835979e-05
486 7.90940587281e-05
487 7.66868393702e-05
488 7.4107909513e-05
489 7.09041011284e-05
490 6.76444128858e-05
491 6.44573622412e-05
492 6.11387763058e-05
493 5.78517043269e-05
494 5.47057280088e-05
495 5.16164195659e-05
496 4.89413795833e-05
497 4.63118682229e-05
498 4.3907275159e-05
499 4.15419488528e-05
500 -0.00226616291404
501 -0.00213191339757
502 -0.00194828526083
503 -0.00186103128509
504 -0.00166336976041
505 -0.00147861751722
506 -0.0012983207206
507 -0.00112750927895
508 -0.000948194671498
509 -0.000784290436488
510 -0.000644893526127
511 -0.000512385819616
512 -0.000407355122276
513 -0.000309749929873
514 -0.000232750899268
515 -0.000168926756747
516 -0.000115751190696
517 -7.34256808531e-05
518 -3.82856263231e-05
519 -1.07628913668e-05
520 1.15075446529e-05
521 2.87163768896e-05
522 4.09152042694e-05
523 4.86255595599e-05
524 5.26846933967e-05
525 5.328682922e-05
526 5.2573446708e-05
527 5.28496819934e-05
528 5.51877381447e-05
529 5.87676651933e-05
530 6.25212979089e-05
531 6.66587940058e-05
532 6.98743213159e-05
533 7.12241187902e-05
534 7.15626162501e-05
535 7.09346995523e-05
536 6.98982848505e-05
537 6.80429760957e-05
538 6.60648467952e-05
539 6.34891872387e-05
540 6.08566309199e-05
541 5.82354890999e-05
542 5.54921045025e-05
543 5.27328236688e-05
544 5.00725352805e-05
545 4.74472067886e-05
546 4.51488300574e-05
547 4.28804205578e-05
548 4.07794508179e-05
549 3.8675296555e-05
550 -0.00189730233825
551 -0.00178805276433
552 -0.0016472301503
553 -0.001591921258
554 -0.00144221995219
555 -0.00130409822693
556 -0.00116812641485
557 -0.00103649088317
558 -0.000892611282223
559 -0.000757912150249
560 -0.000641460551501
561 -0.000526601737185
562 -0.000434130186786
563 -0.000344450803009
564 -0.000272686531259
565 -0.000211630307423
566 -0.000159079068755
567 -0.00011653425138
568 -7.95285735658e-05
569 -4.9878693548e-05
570 -2.55424475869e-05
571 -5.77174299949e-06
572 9.37964987712e-06
573 2.00078269826e-05
574 2.71012612696e-05
575 3.13591516144e-05
576 3.4416827824e-05
577 3.79480191438e-05
578 4.24653671052e-05
579 4.72579137934e-05
580 5.1494586917e-05
581 5.56953470651e-05
582 5.89510831599e-05
583 6.04915384607e-05
584 6.11445973717e-05
585 6.1048990521e-05
586 6.05343200122e-05
587 5.93461068867e-05
588 5.79739809036e-05
589 5.60761202619e-05
590 5.40704999431e-05
591 5.1999453196e-05
592 4.9848074483e-05
593 4.75781095e-05
594 4.53632873733e-05
595 4.32086661277e-05
596 4.12591979286e-05
597 3.93433068386e-05
598 3.75324586209e-05
599 3.57142473503e-05
600 -0.00160457150105
601 -0.00151488113451
602 -0.00140248760371
603 -0.00136744963715
604 -0.00125227145396
605 -0.00114801336694
606 -0.00104505141726
607 -0.000943193105218
608 -0.000828301023732
609 -0.000717897212601
610 -0.000621888262776
611 -0.000523131305336
612 -0.000443276742475
613 -0.000362529716253
614 -0.000297462207654
615 -0.000240607396372
616 -0.000190432586448
617 -0.000148989160216
618 -0.000111500258048
619 -8.07742538785e-05
620 -5.50686652224e-05
621 -3.33202038638e-05
622 -1.58294945346e-05
623 -2.78508214226e-06
624 6.69880615016e-06
625 1.35770561133e-05
626 1.91535202917e-05
627 2.45863033924e-05
628 3.0226083526e-05
629 3.55701102139e-05
630 4.00665946805e-05
631 4.43153305064e-05
632 4.76842592218e-05
633 4.95932591764e-05
634 5.07095406476e-05
635 5.11794588387e-05
636 5.12373644856e-05
637 5.06702629563e-05
638 4.99086908351e-05
639 4.86510745007e-05
640 4.7225811606e-05
641 4.5739310966e-05
642 4.41253159658e-05
643 4.23706478937e-05
644 4.06317802983e-05
645 3.88960294918e-05
646 3.73162087316e-05
647 3.575633791e-05
648 3.42289565429e-05
649 3.27058352441e-05
650 -0.00136661650924
651 -0.0012930512908
652 -0.00120215943324
653 -0.00117935545229
654 -0.00109063824429
655 -0.00101019869087
656 -0.000932148403906
657 -0.000852532623331
658 -0.00076108415685
659 -0.000670846001528
660 -0.000592351607509
661 -0.000508116496386
662 -0.000439807827829
663 -0.00036835724269
664 -0.000310292941024
665 -0.000258282089202
666 -0.000211332396058
667 -0.000171613506705
668 -0.000134302595971
669 -0.000102912986217
670 -7.6152435002e-05
671 -5.30339773853e-05
672 -3.41346856073e-05
673 -1.98363482613e-05
674 -9.23570028176e-06
675 -1.12709331117e-06
676 5.67473739936e-06
677 1.19637971001e-05
678 1.80774483879e-05
679 2.36815830998e-05
680 2.8470386249e-05
681 3.28586553613e-05
682 3.64423368951e-05
683 3.87931535787e-05
684 4.0463211168e-05
685 4.15096665654e-05
686 4.21339667739e-05
687 4.21941960835e-05
688 4.20483619485e-05
689 4.13868597283e-05
690 4.05395887915e-05
691 3.9605856685e-05
692 3.85032011796e-05
693 3.72182641477e-05
694 3.59327484412e-05
695 3.459265606e-05
696 3.33864013152e-05
697 3.21388895131e-05
698 3.09013478011e-05
699 2.96582389468e-05
700 -0.00117058118492
701 -0.00111056849231
702 -0.00103740487928
703 -0.00102293010364
704 -0.000954137932887
705 -0.000890994067565
706 -0.000831083710572
707 -0.000768895592166
708 -0.000695375049348
709 -0.000621856170996
710 -0.000557741811909
711 -0.000486224866636
712 -0.000428287476371
713 -0.000365435367911
714 -0.000313940454936
715 -0.000266678264581
716 -0.000222763989838
717 -0.000184498315485
718 -0.000147446672016
719 -0.000115535391264
720 -8.83332132669e-05
721 -6.51579471124e-05
722 -4.65879838085e-05
723 -3.27437961449e-05
724 -2.24375983829e-05
725 -1.42335456116e-05
726 -7.04989469237e-06
727 -3.92641098451e-07
728 5.94376938782e-06
729 1.17886699497e-05
730 1.69156523464e-05
731 2.15395183037e-05
732 2.54624839338e-05
733 2.83229422646e-05
734 3.05544449712e-05
735 3.21803331095e-05
736 3.33761275231e-05
737 3.40352779343e-05
738 3.44583377356e-05
739 3.43657259348e-05
740 3.40827984894e-05
741 3.36508256922e-05
742 3.3038695782e-05
743 3.22071775804e-05
744 3.13386016968e-05
745 3.03806665349e-05
746 2.9520398679e-05
747 2.85793688404e-05
748 2.76282947697e-05
749 2.66425369894e-05
750 -0.00101169852161
751 -0.000961879234989
752 -0.000900592380723
753 -0.000892709271008
754 -0.000837500242651
755 -0.000788208715188
756 -0.000741904363881
757 -0.000693340682142
758 -0.000633688411932
759 -0.000573574891515
760 -0.000521011574929
761 -0.000460628983815
762 -0.000411152586334
763 -0.00035569011878
764 -0.000309592844513
765 -0.000266009283743
766 -0.000224202662421
767 -0.000186828903249
768 -0.000150113236275
769 -0.000118831886847
770 -9.31319489373e-05
771 -7.22387112071e-05
772 -5.60195443358e-05
773 -4.39697130211e-05
774 -3.47482932599e-05
775 -2.68403131301e-05
776 -1.95107197234e-05
777 -1.25534191877e-05
778 -5.95369094184e-06
779 2.21597305171e-07
780 5.7710638039e-06
781 1.07330748984e-05
782 1.50485477352e-05
783 1.84342760024e-05
784 2.11902556908e-05
785 2.33620077859e-05
786 2.5091385583e-05
787 2.63001267094e-05
788 2.72519479969e-05
789 2.76823966461e-05
790 2.79125970723e-05
791 2.79464488233e-05
792 2.7770903126e-05
793 2.73709391075e-05
794 2.68839062959e-05
795 2.6289230672e-05
796 2.57443358042e-05
797 2.50852226277e-05
798 2.44091303295e-05
799 2.36712514246e-05
800 -0.000879928624863
801 -0.000837801339024
802 -0.000787030400067
803 -0.00078366816819
804 -0.000738534280398
805 -0.000699934444556
806 -0.000663789730835
807 -0.000625501929294
808 -0.000576787531844
809 -0.000527023090965
810 -0.000483486683991
811 -0.000431410717983
812 -0.000388677778862
813 -0.00033869355524
814 -0.000296071827071
815 -0.000254733680677
816 -0.000214361009894
817 -0.0001783015509
818 -0.000143983337971
819 -0.000116156395063
820 -9.48354916726e-05
821 -7.83050622199e-05
822 -6.54170719283e-05
823 -5.53532806161e-05
824 -4.70688643514e-05
825 -3.92598824959e-05
826 -3.16018237238e-05
827 -2.42307005182e-05
828 -1.7273154531e-05
829 -1.06739448747e-05
830 -4.6596528321e-06
831 6.6529282913e-07
832 5.37646987146e-06
833 9.26223916892e-06
834 1.25112511743e-05
835 1.51977670589e-05
836 1.74049192564e-05
837 1.9121993848e-05
838 2.05133462602e-05
839 2.14278926712e-05
840 2.2101267159e-05
841 2.25471644916e-05
842 2.27569079116e-05
843 2.2753208159e-05
844 2.26176206767e-05
845 2.23528231311e-05
846 2.20928197887e-05
847 2.17057482865e-05
848 2.12783856447e-05
849 2.07800034618e-05
850 -0.000770699490329
851 -0.000735187060044
852 -0.000691913114529
853 -0.000690931687541
854 -0.000654175666341
855 -0.000623029098545
856 -0.0005944075918
857 -0.00056356592508
858 -0.000522982773115
859 -0.00048068208173
860 -0.000443144145012
861 -0.00039686635455
862 -0.000357936217028
863 -0.000311482002493
864 -0.000271022010169
865 -0.000232031454344
866 -0.00019489694397
867 -0.000163347651271
868 -0.000135045979422
869 -0.000113647996429
870 -9.84099130586e-05
871 -8.63937837608e-05
872 -7.61631412763e-05
873 -6.72613056132e-05
874 -5.92160708243e-05
875 -5.10714578808e-05
876 -4.28550388322e-05
877 -3.49761909198e-05
878 -2.76006032929e-05
879 -2.05704369232e-05
880 -1.41024335301e-05
881 -8.45014520661e-06
882 -3.38498339115e-06
883 9.45876299431e-07
884 4.63538761178e-06
885 7.74622375803e-06
886 1.03618799955e-05
887 1.25087893297e-05
888 1.4288361752e-05
889 1.56126327181e-05
890 1.66841707565e-05
891 1.74956696215e-05
892 1.8058556217e-05
893 1.83989066474e-05
894 1.85741734699e-05
895 1.86070845086e-05
896 1.8600929651e-05
897 1.84685169242e-05
898 1.82685824972e-05
899 1.79854587228e-05
900 -0.000678191823578
901 -0.000645976080566
902 -0.000609503939674
903 -0.000609977519784
904 -0.0005791370043
905 -0.000552844419001
906 -0.000528947350364
907 -0.000502807787444
908 -0.000467135457259
909 -0.000429558653875
910 -0.000395137243382
911 -0.000352200073057
912 -0.000315786167646
913 -0.000273130618582
914 -0.000236973797994
915 -0.000203716501405
916 -0.000174201583707
917 -0.000150869851338
918 -0.000130787126783
919 -0.000116203032877
920 -0.000106008174703
921 -9.68310462224e-05
922 -8.77383955999e-05
923 -7.88534044827e-05
924 -7.04168999184e-05
925 -6.16500252137e-05
926 -5.28109408327e-05
927 -4.44207807551e-05
928 -3.6656109992e-05
929 -2.92641091514e-05
930 -2.2410872392e-05
931 -1.64909239822e-05
932 -1.11445154692e-05
933 -6.449382897e-06
934 -2.39659941878e-06
935 1.05798757118e-06
936 4.01798378673e-06
937 6.51570479781e-06
938 8.62396819557e-06
939 1.02952900531e-05
940 1.16849233285e-05
941 1.28145963047e-05
942 1.36786750927e-05
943 1.43146413688e-05
944 1.476792509e-05
945 1.50579774322e-05
946 1.52919369742e-05
947 1.53832067335e-05
948 1.53944341478e-05
949 1.53086487314e-05
950 -0.000589433351752
951 -0.000562663677066
952 -0.000531026147053
953 -0.000531059423371
954 -0.000504070000481
955 -0.000481024836341
956 -0.000459150275991
957 -0.000435142860568
958 -0.000402431959253
959 -0.000368199896738
960 -0.000336375174872
961 -0.00029855368559
962 -0.000267396633148
963 -0.000232766108468
964 -0.000205546421222
965 -0.000182077470255
966 -0.000162471696467
967 -0.000147768378945
968 -0.000134314436659
969 -0.000124091669559
970 -0.000116324521868
971 -0.000107921116387
972 -9.85912560702e-05
973 -8.9055223611e-05
974 -7.99210286884e-05
975 -7.04958459451e-05
976 -6.11089604078e-05
977 -5.22957890862e-05
978 -4.42603709516e-05
979 -3.66124360641e-05
980 -2.94943354034e-05
981 -2.33981572868e-05
982 -1.78712885554e-05
983 -1.29033500422e-05
984 -8.58751659427e-06
985 -4.86549778066e-06
986 -1.64308642459e-06
987 1.12698554367e-06
988 3.49214778975e-06
989 5.45045309085e-06
990 7.11962800375e-06
991 8.51079948816e-06
992 9.6378646266e-06
993 1.05262310932e-05
994 1.12232957969e-05
995 1.17440934597e-05
996 1.21840573178e-05
997 1.24816691293e-05
998 1.26761252543e-05
999 1.27738700019e-05
1000 -0.000494556644042
1001 -0.00047279063358
1002 -0.000445634165552
1003 -0.000444384357886
1004 -0.000420784137173
1005 -0.000400278360251
1006 -0.000380485351964
1007 -0.000359114702522
1008 -0.000331289419343
1009 -0.000303196409057
1010 -0.000278423680778
1011 -0.000250091430789
1012 -0.000228788244728
1013 -0.000205345885353
1014 -0.000188776701402
1015 -0.000174789384066
1016 -0.000162689498678
1017 -0.000153320799572
1018 -0.000142857013004
1019 -0.000133986354174
1020 -0.000126374533302
1021 -0.000117517630026
1022 -0.000107363130559
1023 -9.70293525725e-05
1024 -8.72274682548e-05
1025 -7.73459218627e-05
1026 -6.75839026303e-05
1027 -5.85533562491e-05
1028 -5.03980541456e-05
1029 -4.26404796987e-05
1030 -3.53725739588e-05
1031 -2.91944718e-05
1032 -2.35754679546e-05
1033 -1.8427336639e-05
1034 -1.39385254749e-05
1035 -1.00294346914e-05
1036 -6.62019217328e-06
1037 -3.64904485823e-06
1038 -1.07741410775e-06
1039 1.11262474998e-06
1040 2.9969536594e-06
1041 4.5999976301e-06
1042 5.94157279783e-06
1043 7.04559337081e-06
1044 7.94757160756e-06
1045 8.66628314588e-06
1046 9.28468757364e-06
1047 9.75802442463e-06
1048 1.01178907857e-05
1049 1.03725829979e-05
1050 -0.000396987254519
1051 -0.000379440943201
1052 -0.000358118092067
1053 -0.000356917013643
1054 -0.00033839791428
1055 -0.000322434795254
1056 -0.000307970358492
1057 -0.000293027242595
1058 -0.000273855484334
1059 -0.000255413505102
1060 -0.000240931007639
1061 -0.000223310457704
1062 -0.000212012752294
1063 -0.000197430705956
1064 -0.000187899142974
1065 -0.00017909056176
1066 -0.000170092565614
1067 -0.000162214818509
1068 -0.000151936004261
1069 -0.000142587100428
1070 -0.000134177652102
1071 -0.000124447256893
1072 -0.000113463031591
1073 -0.000102554902185
1074 -9.23244885083e-05
1075 -8.22391777128e-05
1076 -7.2316271597e-05
1077 -6.32602118761e-05
1078 -5.51283928532e-05
1079 -4.7383396432e-05
1080 -4.00916117986e-05
1081 -3.39344045204e-05
1082 -2.83004044219e-05
1083 -2.30679266236e-05
1084 -1.84946669119e-05
1085 -1.44703892894e-05
1086 -1.09381114595e-05
1087 -7.82701416379e-06
1088 -5.1030281759e-06
1089 -2.7381545274e-06
1090 -6.88246917538e-07
1091 1.08219402707e-06
1092 2.59688457914e-06
1093 3.87969059082e-06
1094 4.95234383978e-06
1095 5.84402671211e-06
1096 6.61388155715e-06
1097 7.24216464145e-06
1098 7.74603250548e-06
1099 8.14035817621e-06
1100 -0.000322725826883
1101 -0.000308990555907
1102 -0.000292709766503
1103 -0.000293989967985
1104 -0.000281349386395
1105 -0.000271571683989
1106 -0.000264141846835
1107 -0.000256938397087
1108 -0.000246175255832
1109 -0.000236058224082
1110 -0.00022940514594
1111 -0.000218450480295
1112 -0.000212584452525
1113 -0.0002016663089
1114 -0.000194503664004
1115 -0.000186742440518
1116 -0.000177827990391
1117 -0.000169284755292
1118 -0.00015812170252
1119 -0.000147814793526
1120 -0.000138607277626
1121 -0.000128206632508
1122 -0.000116791202389
1123 -0.000105620497884
1124 -9.53321426935e-05
1125 -8.52724040309e-05
1126 -7.54288726159e-05
1127 -6.65230778243e-05
1128 -5.85532098435e-05
1129 -5.09421704467e-05
1130 -4.37388566425e-05
1131 -3.76886546218e-05
1132 -3.21329789248e-05
1133 -2.69008727784e-05
1134 -2.22922681957e-05
1135 -1.82206955937e-05
1136 -1.46202635702e-05
1137 -1.14261285423e-05
1138 -8.60968902965e-06
1139 -6.12385513766e-06
1140 -3.95158163572e-06
1141 -2.05415684567e-06
1142 -4.03790150433e-07
1143 1.02043489246e-06
1144 2.2319885622e-06
1145 3.26565562505e-06
1146 4.16207982621e-06
1147 4.91823384558e-06
1148 5.54651235959e-06
1149 6.06429633287e-06
1150 -0.000290547703466
1151 -0.000278207504528
1152 -0.000264729043304
1153 -0.000268578233318
1154 -0.000259996620941
1155 -0.000254416683125
1156 -0.000251780852457
1157 -0.000249122664463
1158 -0.000242606225266
1159 -0.000236147933761
1160 -0.000232397809516
1161 -0.000223322782373
1162 -0.000218565910979
1163 -0.000207788224995
1164 -0.000200301676624
1165 -0.000191716220618
1166 -0.000181854116858
1167 -0.000172297777758
1168 -0.000160341913926
1169 -0.000149409313112
1170 -0.000139729599221
1171 -0.000129082739515
1172 -0.000117648765986
1173 -0.000106553830085
1174 -9.6478155585e-05
1175 -8.66871684752e-05
1176 -7.71358457261e-05
1177 -6.85109471144e-05
1178 -6.07996478583e-05
1179 -5.34351771569e-05
1180 -4.64042714757e-05
1181 -4.05318034137e-05
1182 -3.51127007434e-05
1183 -2.99387557209e-05
1184 -2.53728253442e-05
1185 -2.1316750219e-05
1186 -1.77104696487e-05
1187 -1.44856146619e-05
1188 -1.16270088935e-05
1189 -9.06551715226e-06
1190 -6.81088390211e-06
1191 -4.82192591214e-06
1192 -3.07207393795e-06
1193 -1.53761288024e-06
1194 -2.11781435324e-07
1195 9.33950338726e-07
1196 1.93703847908e-06
1197 2.79856467767e-06
1198 3.53306626543e-06
1199 4.15370675654e-06
1200 -0.000286586517604
1201 -0.000274578269633
1202 -0.000261822098274
1203 -0.000266724843026
1204 -0.0002595501915
1205 -0.000255282653455
1206 -0.000254086985747
1207 -0.000252551813085
1208 -0.000246632131498
1209 -0.000240482226345
1210 -0.000236681959335
1211 -0.000227052699542
1212 -0.000221609870493
1213 -0.000209860158124
1214 -0.000201514701694
1215 -0.000192009833804
1216 -0.000181424849878
1217 -0.000171246338592
1218 -0.00015897703214
1219 -0.000147850034659
1220 -0.000138135353644
1221 -0.000127699952961
1222 -0.0001165571024
1223 -0.000105835786576
1224 -9.61600421755e-05
1225 -8.6815852319e-05
1226 -7.767092941e-05
1227 -6.94342887805e-05
1228 -6.20805277926e-05
1229 -5.50245601293e-05
1230 -4.82383593926e-05
1231 -4.26054179577e-05
1232 -3.73757353247e-05
1233 -3.23179670491e-05
1234 -2.78407333474e-05
1235 -2.38514319875e-05
1236 -2.02821418271e-05
1237 -1.70630300464e-05
1238 -1.41995534838e-05
1239 -1.1593684733e-05
1240 -9.28943990633e-06
1241 -7.23925629191e-06
1242 -5.41990488676e-06
1243 -3.80522234518e-06
1244 -2.39294782803e-06
1245 -1.15839009079e-06
1246 -7.14272100202e-08
1247 8.73677826558e-07
1248 1.69267896911e-06
1249 2.40288787801e-06
1250 -0.000288785341031
1251 -0.000276726281688
1252 -0.000264048068284
1253 -0.000268872610198
1254 -0.000261621252991
1255 -0.000257267870872
1256 -0.000255776892574
1257 -0.000253718423393
1258 -0.000247185036166
1259 -0.000240392241668
1260 -0.000235673750324
1261 -0.000225303743979
1262 -0.000219040415252
1263 -0.000206666643792
1264 -0.00019772514297
1265 -0.000187867775209
1266 -0.000177064235391
1267 -0.00016677947116
1268 -0.000154723089842
1269 -0.000143908823197
1270 -0.00013454407162
1271 -0.000124554905304
1272 -0.000113973464821
1273 -0.000103838231953
1274 -9.46968964243e-05
1275 -8.58904397968e-05
1276 -7.72414472533e-05
1277 -6.94641023491e-05
1278 -6.25422704627e-05
1279 -5.5834499684e-05
1280 -4.93604899068e-05
1281 -4.40007905932e-05
1282 -3.89905352232e-05
1283 -3.41005813506e-05
1284 -2.9758530685e-05
1285 -2.58741110073e-05
1286 -2.23738899416e-05
1287 -1.91937144672e-05
1288 -1.63419992167e-05
1289 -1.37255111967e-05
1290 -1.14023668987e-05
1291 -9.32098667816e-06
1292 -7.45985547809e-06
1293 -5.79312279215e-06
1294 -4.31924938028e-06
1295 -3.01866396424e-06
1296 -1.86910487339e-06
1297 -8.57032106787e-07
1298 2.94320751924e-08
1299 8.09201357143e-07
1300 -0.00028522424902
1301 -0.00027346207151
1302 -0.000260984252016
1303 -0.000265357069515
1304 -0.00025788609199
1305 -0.000253121786032
1306 -0.000250936652312
1307 -0.00024837390972
1308 -0.000241243205612
1309 -0.000234012589029
1310 -0.000228693767712
1311 -0.000218119833938
1312 -0.000211485800666
1313 -0.000199154083124
1314 -0.000190190711126
1315 -0.000180426493734
1316 -0.000169982693192
1317 -0.000160134831396
1318 -0.000148678958388
1319 -0.00013845460684
1320 -0.000129650411503
1321 -0.000120338761142
1322 -0.000110423948568
1323 -0.000100986423536
1324 -9.24267502674e-05
1325 -8.4218881304e-05
1326 -7.61321278072e-05
1327 -6.88376089894e-05
1328 -6.23576047902e-05
1329 -5.60300513313e-05
1330 -4.9893181841e-05
1331 -4.48341350467e-05
1332 -4.00781545467e-05
1333 -3.53873379194e-05
1334 -3.12051858501e-05
1335 -2.7435965188e-05
1336 -2.40224065861e-05
1337 -2.09061837733e-05
1338 -1.81066511732e-05
1339 -1.55067020602e-05
1340 -1.31875757245e-05
1341 -1.10999153514e-05
1342 -9.21700139263e-06
1343 -7.51827352539e-06
1344 -6.00302279501e-06
1345 -4.65729698078e-06
1346 -3.46437599711e-06
1347 -2.40413399335e-06
1348 -1.46617200773e-06
1349 -6.3493139457e-07
1350 -0.000274587406732
1351 -0.000263438270225
1352 -0.000251537841276
1353 -0.000255342014776
1354 -0.000247895490093
1355 -0.000242898658323
1356 -0.000240394690408
1357 -0.000237506377692
1358 -0.000230265490381
1359 -0.000223043751607
1360 -0.000217614938966
1361 -0.000207281324364
1362 -0.000200785349872
1363 -0.00018895062426
1364 -0.000180377620697
1365 -0.000171162318812
1366 -0.000161286164674
1367 -0.000152101990876
1368 -0.000141421041362
1369 -0.000131927496422
1370 -0.000123801673418
1371 -0.000115209358313
1372 -0.000106051603074
1373 -9.73434044262e-05
1374 -8.94658692256e-05
1375 -8.18855359281e-05
1376 -7.43799855395e-05
1377 -6.7611126086e-05
1378 -6.16108450741e-05
1379 -5.56952735465e-05
1380 -4.99106730509e-05
1381 -4.51718565804e-05
1382 -4.06901971288e-05
1383 -3.62101191754e-05
1384 -3.22042396898e-05
1385 -2.8582758902e-05
1386 -2.52748109453e-05
1387 -2.22452489947e-05
1388 -1.95085300108e-05
1389 -1.69489492177e-05
1390 -1.46612334516e-05
1391 -1.25904763621e-05
1392 -1.07084900823e-05
1393 -8.9993280293e-06
1394 -7.46388836155e-06
1395 -6.09256827353e-06
1396 -4.87386684517e-06
1397 -3.7802793768e-06
1398 -2.8048611647e-06
1399 -1.93378859051e-06
1400 -0.00025853184044
1401 -0.000248140324791
1402 -0.000236856375858
1403 -0.00024020323771
1404 -0.000233225479866
1405 -0.000228285774441
1406 -0.000225747352403
1407 -0.000222826290748
1408 -0.00021602777387
1409 -0.000209151687712
1410 -0.000203925065843
1411 -0.000194316514756
1412 -0.000188243576326
1413 -0.000177236666444
1414 -0.000169322488763
1415 -0.000160812777368
1416 -0.000151723404171
1417 -0.000143324501817
1418 -0.00013355347244
1419 -0.000124898782646
1420 -0.000117550112515
1421 -0.000109736976111
1422 -0.000101358681177
1423 -9.33893536643e-05
1424 -8.61597887607e-05
1425 -7.9213196709e-05
1426 -7.22877213272e-05
1427 -6.60113484927e-05
1428 -6.04503998243e-05
1429 -5.49604944272e-05
1430 -4.95435891346e-05
1431 -4.51151543839e-05
1432 -4.0909176108e-05
1433 -3.66369703734e-05
1434 -3.28212994342e-05
1435 -2.93550325325e-05
1436 -2.61712155963e-05
1437 -2.32508537251e-05
1438 -2.06014225162e-05
1439 -1.81060723175e-05
1440 -1.58630618055e-05
1441 -1.38203971594e-05
1442 -1.19588049008e-05
1443 -1.02574726893e-05
1444 -8.71707114215e-06
1445 -7.33475270701e-06
1446 -6.10574651508e-06
1447 -4.9961124398e-06
1448 -3.99616329922e-06
1449 -3.09694326588e-06
1450 -0.000239825069949
1451 -0.000230243889044
1452 -0.000219781182246
1453 -0.000222869935981
1454 -0.000216459700505
1455 -0.000211757375274
1456 -0.000209431783373
1457 -0.000206748879033
1458 -0.000200397593785
1459 -0.000194161471134
1460 -0.000189356726444
1461 -0.000180594544177
1462 -0.000175045588793
1463 -0.000164992608794
1464 -0.000157845008398
1465 -0.00015016774767
1466 -0.000142023226974
1467 -0.000134391151655
1468 -0.000125563842102
1469 -0.000117736276382
1470 -0.000111119612706
1471 -0.000104054218643
1472 -9.64326396176e-05
1473 -8.91717275483e-05
1474 -8.25936623534e-05
1475 -7.62545448488e-05
1476 -6.98878592595e-05
1477 -6.41219626485e-05
1478 -5.90055533612e-05
1479 -5.39115164034e-05
1480 -4.88456822329e-05
1481 -4.47169427821e-05
1482 -4.07776758256e-05
1483 -3.67222477863e-05
1484 -3.30987790649e-05
1485 -2.98044912424e-05
1486 -2.67551755694e-05
1487 -2.39624343204e-05
1488 -2.14105529228e-05
1489 -1.89901600142e-05
1490 -1.68044650942e-05
1491 -1.48085635236e-05
1492 -1.29840732623e-05
1493 -1.13083221764e-05
1494 -9.77859565991e-06
1495 -8.40336486308e-06
1496 -7.17794477541e-06
1497 -6.06325801815e-06
1498 -5.04894307606e-06
1499 -4.13101573585e-06
1500 -0.000220443358641
1501 -0.000211621896479
1502 -0.000202185382803
1503 -0.000205018918908
1504 -0.000199125545339
1505 -0.000194926443956
1506 -0.000192822031137
1507 -0.000190460052971
1508 -0.000184694402097
1509 -0.000179121627222
1510 -0.000174818695853
1511 -0.000166905630107
1512 -0.000161999882674
1513 -0.000152866662726
1514 -0.00014656650841
1515 -0.0001396855347
1516 -0.00013236998257
1517 -0.000125524136653
1518 -0.000117609190794
1519 -0.000110570653979
1520 -0.000104679810149
1521 -9.83185934009e-05
1522 -9.14336752423e-05
1523 -8.48418643641e-05
1524 -7.88821001871e-05
1525 -7.31099353884e-05
1526 -6.72906032207e-05
1527 -6.20184961654e-05
1528 -5.7319650967e-05
1529 -5.26083991696e-05
1530 -4.78830743993e-05
1531 -4.40547552827e-05
1532 -4.03669279952e-05
1533 -3.65412212059e-05
1534 -3.31119283551e-05
1535 -2.99812841323e-05
1536 -2.70931381435e-05
1537 -2.44150850564e-05
1538 -2.19715232399e-05
1539 -1.96342863745e-05
1540 -1.75246921872e-05
1541 -1.55935967897e-05
1542 -1.38190044756e-05
1543 -1.21795333977e-05
1544 -1.06745510648e-05
1545 -9.31501653931e-06
1546 -8.09862454253e-06
1547 -6.98838162976e-06
1548 -5.97035480097e-06
1549 -5.04349529429e-06
1550 -0.00020150693641
1551 -0.000193481312964
1552 -0.000185070731769
1553 -0.000187654815598
1554 -0.000182322639641
1555 -0.000178604785507
1556 -0.000176754049087
1557 -0.000174693421173
1558 -0.000169522168882
1559 -0.000164591353291
1560 -0.000160798841679
1561 -0.000153704513995
1562 -0.000149432901568
1563 -0.000141237389127
1564 -0.000135679598903
1565 -0.000129566913241
1566 -0.000123062506584
1567 -0.000116960045263
1568 -0.000109908190469
1569 -0.000103637228297
1570 -9.83668761846e-05
1571 -9.26873874243e-05
1572 -8.64897882401e-05
1573 -8.05553992594e-05
1574 -7.5175093416e-05
1575 -6.9927846702e-05
1576 -6.46137725784e-05
1577 -5.97530271787e-05
1578 -5.54502103798e-05
1579 -5.10837330136e-05
1580 -4.66837347062e-05
1581 -4.31254229188e-05
1582 -3.96999117213e-05
1583 -3.6102192105e-05
1584 -3.29001124407e-05
1585 -2.99532235201e-05
1586 -2.71971645556e-05
1587 -2.46510330861e-05
1588 -2.23254541862e-05
1589 -2.00851291456e-05
1590 -1.80573847777e-05
1591 -1.61967308121e-05
1592 -1.44797774169e-05
1593 -1.28880309642e-05
1594 -1.14182275406e-05
1595 -1.00826116438e-05
1596 -8.88465366273e-06
1597 -7.78480926374e-06
1598 -6.77333121747e-06
1599 -5.84792191252e-06
1600 -0.000183678693118
1601 -0.000176597646343
1602 -0.000168838307481
1603 -0.000171238728958
1604 -0.000166448192352
1605 -0.00016318505843
1606 -0.000161574173202
1607 -0.000159802008816
1608 -0.000155274680212
1609 -0.000150920500874
1610 -0.000147637232486
1611 -0.000141392261517
1612 -0.00013767983608
1613 -0.000130388027984
1614 -0.000125494254701
1615 -0.00012007768166
1616 -0.000114297850642
1617 -0.000108911397354
1618 -0.000102598872452
1619 -9.69963937853e-05
1620 -9.23356491125e-05
1621 -8.72584406446e-05
1622 -8.16918151419e-05
1623 -7.63077719719e-05
1624 -7.14461361509e-05
1625 -6.66848205014e-05
1626 -6.18225786325e-05
1627 -5.73712657948e-05
1628 -5.34359318765e-05
1629 -4.94038583281e-05
1630 -4.53095806001e-05
1631 -4.20291034903e-05
1632 -3.88513931993e-05
1633 -3.54796732811e-05
1634 -3.24662559744e-05
1635 -2.96911615004e-05
1636 -2.7090096671e-05
1637 -2.46846575035e-05
1638 -2.24833661675e-05
1639 -2.0349107102e-05
1640 -1.84174611166e-05
1641 -1.66397519591e-05
1642 -1.49913737934e-05
1643 -1.34557822002e-05
1644 -1.20276835199e-05
1645 -1.07227511988e-05
1646 -9.55140220173e-06
1647 -8.47301101856e-06
1648 -7.47090274049e-06
1649 -6.54827564331e-06
1650 -0.000167339630944
1651 -0.000160861750242
1652 -0.000153823285943
1653 -0.000156061072609
1654 -0.00015178798011
1655 -0.000148857897414
1656 -0.000147531914772
1657 -0.00014603755303
1658 -0.000142053314679
1659 -0.00013833933572
1660 -0.000135457145028
1661 -0.000129950785931
1662 -0.000126716124249
1663 -0.000120249658256
1664 -0.000115956269712
1665 -0.000111187466597
1666 -0.000106099577964
1667 -0.000101334644913
1668 -9.57281497041e-05
1669 -9.07492903046e-05
1670 -8.66299507282e-05
1671 -8.20915496165e-05
1672 -7.70690520762e-05
1673 -7.22168851042e-05
1674 -6.77999527193e-05
1675 -6.34730119428e-05
1676 -5.90284732927e-05
1677 -5.49387790354e-05
1678 -5.13445776228e-05
1679 -4.76326305317e-05
1680 -4.38367663262e-05
1681 -4.08033741682e-05
1682 -3.78603943333e-05
1683 -3.47054664807e-05
1684 -3.18861021075e-05
1685 -2.92891227303e-05
1686 -2.68450078279e-05
1687 -2.45858924887e-05
1688 -2.25106521636e-05
1689 -2.04958646117e-05
1690 -1.86606964098e-05
1691 -1.69639389297e-05
1692 -1.53836399628e-05
1693 -1.39052454173e-05
1694 -1.25154996043e-05
1695 -1.12471319414e-05
1696 -1.01063733657e-05
1697 -9.04945510254e-06
1698 -8.06377715471e-06
1699 -7.15116733939e-06
1700 -0.000152341527648
1701 -0.00014652418538
1702 -0.000140217867244
1703 -0.000142307337098
1704 -0.000138497378233
1705 -0.000135871833201
1706 -0.000134784737197
1707 -0.000133532644944
1708 -0.000130037187205
1709 -0.000126803677137
1710 -0.000124329689083
1711 -0.000119448874009
1712 -0.000116674801538
1713 -0.000110922287467
1714 -0.000107159523408
1715 -0.000102973147447
1716 -9.84728471703e-05
1717 -9.4239059665e-05
1718 -8.92501181886e-05
1719 -8.48021285154e-05
1720 -8.11279971251e-05
1721 -7.70613902713e-05
1722 -7.25284618898e-05
1723 -6.81428378898e-05
1724 -6.41506078022e-05
1725 -6.02180144428e-05
1726 -5.61780795703e-05
1727 -5.24309698549e-05
1728 -4.91554993428e-05
1729 -4.57492624739e-05
1730 -4.22418318223e-05
1731 -3.9458344007e-05
1732 -3.67545672776e-05
1733 -3.38183833271e-05
1734 -3.11858710688e-05
1735 -2.87574837406e-05
1736 -2.6481889476e-05
1737 -2.43743296909e-05
1738 -2.24296864036e-05
1739 -2.05248335695e-05
1740 -1.87833506114e-05
1741 -1.7170919679e-05
1742 -1.56610467978e-05
1743 -1.42429315329e-05
1744 -1.28999498781e-05
1745 -1.16712711119e-05
1746 -1.05601922687e-05
1747 -9.52854389552e-06
1748 -8.55829408182e-06
1749 -7.65771360375e-06
1750 -0.000138798688733
1751 -0.000133489620726
1752 -0.000127900289228
1753 -0.000129856007538
1754 -0.000126447749486
1755 -0.000124138422446
1756 -0.000123210345041
1757 -0.00012220445282
1758 -0.000119129974493
1759 -0.00011631385251
1760 -0.000114201367544
1761 -0.000109868210689
1762 -0.000107496815307
1763 -0.000102372617997
1764 -9.90795307928e-05
1765 -9.53977536108e-05
1766 -9.13954265348e-05
1767 -8.76556968344e-05
1768 -8.32043113671e-05
1769 -7.92382827303e-05
1770 -7.59515415609e-05
1771 -7.235196412e-05
1772 -6.82524445764e-05
1773 -6.42890941874e-05
1774 -6.06637474422e-05
1775 -5.71031231384e-05
1776 -5.3414362488e-05
1777 -4.99845605389e-05
1778 -4.69956606839e-05
1779 -4.38732899123e-05
1780 -4.06298069423e-05
1781 -3.80734449552e-05
1782 -3.55806902585e-05
1783 -3.28464499719e-05
1784 -3.04070095554e-05
1785 -2.81571628619e-05
1786 -2.60268979862e-05
1787 -2.40576727028e-05
1788 -2.22380194922e-05
1789 -2.0438739892e-05
1790 -1.87941060534e-05
1791 -1.72651426059e-05
1792 -1.58270129082e-05
1793 -1.44699423212e-05
1794 -1.31783349708e-05
1795 -1.19934062345e-05
1796 -1.09196715593e-05
1797 -9.92051447704e-06
1798 -8.97290702225e-06
1799 -8.08802632584e-06
1800 -0.00012670132141
1801 -0.000121968762549
1802 -0.000116889721301
1803 -0.000118729540578
1804 -0.000115674278417
1805 -0.000113646652813
1806 -0.000112855724164
1807 -0.000112031225278
1808 -0.000109332593355
1809 -0.000106875939936
1810 -0.000105045735365
1811 -0.000101218985782
1812 -9.91480261108e-05
1813 -9.45519987261e-05
1814 -9.167773254e-05
1815 -8.83942979336e-05
1816 -8.48251253414e-05
1817 -8.14946214348e-05
1818 -7.75206130756e-05
1819 -7.39759032548e-05
1820 -7.10334731901e-05
1821 -6.77992788224e-05
1822 -6.41086006666e-05
1823 -6.0525246642e-05
1824 -5.72583048403e-05
1825 -5.40332690586e-05
1826 -5.06763674317e-05
1827 -4.75442079716e-05
1828 -4.48219297925e-05
1829 -4.19565411669e-05
1830 -3.89639608426e-05
1831 -3.66327130339e-05
1832 -3.43472265879e-05
1833 -3.18218874756e-05
1834 -2.95838159161e-05
1835 -2.75132690304e-05
1836 -2.55239139914e-05
1837 -2.36869104365e-05
1838 -2.19805790663e-05
1839 -2.02884059099e-05
1840 -1.87315129289e-05
1841 -1.72840885391e-05
1842 -1.59149528522e-05
1843 -1.46236178376e-05
1844 -1.33797928187e-05
1845 -1.22367105348e-05
1846 -1.11990863876e-05
1847 -1.02271187154e-05
1848 -9.30138707628e-06
1849 -8.43284926032e-06
1850 -0.000115793944801
1851 -0.000111612976208
1852 -0.000106891984972
1853 -0.000108621385756
1854 -0.000105846289919
1855 -0.000104066034429
1856 -0.000103384499971
1857 -0.000102718145205
1858 -0.000100327815966
1859 -9.81876658752e-05
1860 -9.65846302184e-05
1861 -9.3227841176e-05
1862 -9.14238206376e-05
1863 -8.73399743932e-05
1864 -8.48141313441e-05
1865 -8.19059370865e-05
1866 -7.87346194659e-05
1867 -7.57516103338e-05
1868 -7.21954451302e-05
1869 -6.90425308654e-05
1870 -6.64190844576e-05
1871 -6.35099162402e-05
1872 -6.02003132098e-05
1873 -5.69522330454e-05
1874 -5.39967132307e-05
1875 -5.10620990267e-05
1876 -4.80055201177e-05
1877 -4.51418117113e-05
1878 -4.26749998855e-05
1879 -4.00615225122e-05
1880 -3.73214956275e-05
1881 -3.52007989408e-05
1882 -3.31181637228e-05
1883 -3.07934821742e-05
1884 -2.87248513229e-05
1885 -2.68061317964e-05
1886 -2.4949866555e-05
1887 -2.32464464951e-05
1888 -2.16539981485e-05
1889 -2.00639401381e-05
1890 -1.8597088289e-05
1891 -1.72306421143e-05
1892 -1.59291898508e-05
1893 -1.46952933318e-05
1894 -1.34987995647e-05
1895 -1.24006910802e-05
1896 -1.14007546802e-05
1897 -1.04569688221e-05
1898 -9.5561273694e-06
1899 -8.7049382468e-06
1900 -0.000105962114877
1901 -0.000102109692577
1902 -9.78925722983e-05
1903 -9.94586070845e-05
1904 -9.70095406696e-05
1905 -9.54114757888e-05
1906 -9.48508931178e-05
1907 -9.43011794318e-05
1908 -9.21752263142e-05
1909 -9.03258462903e-05
1910 -8.89078499068e-05
1911 -8.59195763989e-05
1912 -8.43324789428e-05
1913 -8.06530489057e-05
1914 -7.84289867956e-05
1915 -7.5844260787e-05
1916 -7.30234232085e-05
1917 -7.03630419639e-05
1918 -6.71850327734e-05
1919 -6.43744253804e-05
1920 -6.20358243651e-05
1921 -5.94318664509e-05
1922 -5.64443126441e-05
1923 -5.3499907626e-05
1924 -5.08507250364e-05
1925 -4.82070748277e-05
1926 -4.54576730938e-05
1927 -4.28580775872e-05
1928 -4.06324374868e-05
1929 -3.82525007542e-05
1930 -3.57428591855e-05
1931 -3.38148075469e-05
1932 -3.19188925908e-05
1933 -2.97721804058e-05
1934 -2.78606127696e-05
1935 -2.60749016025e-05
1936 -2.43443890861e-05
1937 -2.27573690908e-05
1938 -2.12738014442e-05
1939 -1.9780077452e-05
1940 -1.83977419941e-05
1941 -1.71071919946e-05
1942 -1.58701358248e-05
1943 -1.46934482754e-05
1944 -1.35457967613e-05
1945 -1.2491760957e-05
1946 -1.15247613833e-05
1947 -1.06134994494e-05
1948 -9.73510788907e-06
1949 -8.90938877976e-06
1950 -9.70228783049e-05
1951 -9.34540407605e-05
1952 -8.96994150961e-05
1953 -9.11341910605e-05
1954 -8.89280115935e-05
1955 -8.75251922482e-05
1956 -8.70391092188e-05
1957 -8.65637060933e-05
1958 -8.46760425679e-05
1959 -8.30775534955e-05
1960 -8.18208000067e-05
1961 -7.91637155321e-05
1962 -7.77889953031e-05
1963 -7.44766618961e-05
1964 -7.2527346112e-05
1965 -7.02451023568e-05
1966 -6.77395655652e-05
1967 -6.53690511349e-05
1968 -6.25511797491e-05
1969 -6.00343531875e-05
1970 -5.79488044442e-05
1971 -5.56260801213e-05
1972 -5.29300882573e-05
1973 -5.02812487224e-05
1974 -4.78963876525e-05
1975 -4.55046811765e-05
1976 -4.3020054954e-05
1977 -4.06534084365e-05
1978 -3.86509345889e-05
1979 -3.64943988998e-05
1980 -3.41998371532e-05
1981 -3.24519524688e-05
1982 -3.07185434676e-05
1983 -2.87347077672e-05
1984 -2.69670532524e-05
1985 -2.53331963024e-05
1986 -2.37258391471e-05
1987 -2.22482946663e-05
1988 -2.08611178407e-05
1989 -1.94538870923e-05
1990 -1.81486029839e-05
1991 -1.69301077151e-05
1992 -1.5754133643e-05
1993 -1.46289851994e-05
1994 -1.35262597305e-05
1995 -1.25103440814e-05
1996 -1.15771248288e-05
1997 -1.06984273562e-05
1998 -9.84998579395e-06
1999 -9.04951302324e-06
2000 -8.88823313731e-05
2001 -8.566187913e-05
2002 -8.22433716932e-05
2003 -8.35677630313e-05
2004 -8.15791515944e-05
2005 -8.0346494872e-05
2006 -7.99117037911e-05
2007 -7.95355048245e-05
2008 -7.78541499271e-05
2009 -7.6472497154e-05
2010 -7.53867626049e-05
2011 -7.30091960039e-05
2012 -7.18277469345e-05
2013 -6.88742351352e-05
2014 -6.71580730207e-05
2015 -6.5111209776e-05
2016 -6.28738188569e-05
2017 -6.07496938047e-05
2018 -5.8227748e-05
2019 -5.59850879252e-05
2020 -5.41364058184e-05
2021 -5.20801988437e-05
2022 -4.96524855967e-05
2023 -4.72685555331e-05
2024 -4.51444538151e-05
2025 -4.29950654861e-05
2026 -4.07504515073e-05
2027 -3.8604024073e-05
2028 -3.6804229972e-05
2029 -3.48474991015e-05
2030 -3.27410625112e-05
2031 -3.11459636408e-05
2032 -2.9563482425e-05
2033 -2.77305746001e-05
2034 -2.61107038072e-05
2035 -2.45879624795e-05
2036 -2.30802831005e-05
2037 -2.17109954212e-05
2038 -2.04176644563e-05
2039 -1.90922014052e-05
2040 -1.78615630431e-05
2041 -1.67057196424e-05
2042 -1.55845271537e-05
2043 -1.45069869445e-05
2044 -1.34494772687e-05
2045 -1.24750151182e-05
2046 -1.15778979502e-05
2047 -1.07304239977e-05
2048 -9.91031862025e-06
2049 -9.13196057448e-06
2050 -8.15811108766e-05
2051 -7.86512558658e-05
2052 -7.55439916492e-05
2053 -7.68010006092e-05
2054 -7.5001334646e-05
2055 -7.3903049898e-05
2056 -7.35087701411e-05
2057 -7.32115962042e-05
2058 -7.17170497974e-05
2059 -7.05100158947e-05
2060 -6.95460184627e-05
2061 -6.74165047695e-05
2062 -6.63895548551e-05
2063 -6.37229395562e-05
2064 -6.22131375878e-05
2065 -6.03982904701e-05
2066 -5.83999587912e-05
2067 -5.65152178652e-05
2068 -5.42621171503e-05
2069 -5.22711955514e-05
2070 -5.06276884045e-05
2071 -4.88045394183e-05
2072 -4.66269844022e-05
2073 -4.4491754861e-05
2074 -4.25858256073e-05
2075 -4.06572315867e-05
2076 -3.862719443e-05
2077 -3.66655096102e-05
2078 -3.50388352818e-05
2079 -3.32557445806e-05
2080 -3.13144734367e-05
2081 -2.98664610363e-05
2082 -2.8419957411e-05
2083 -2.67265020487e-05
2084 -2.52230403097e-05
2085 -2.38110683061e-05
2086 -2.24090122865e-05
2087 -2.11337326951e-05
2088 -1.99183245024e-05
2089 -1.86769350445e-05
2090 -1.7510646525e-05
2091 -1.64183458047e-05
2092 -1.53479457344e-05
2093 -1.43269962093e-05
2094 -1.33104168935e-05
2095 -1.23817419401e-05
2096 -1.15234962694e-05
2097 -1.0709304232e-05
2098 -9.92013253777e-06
2099 -9.16743922346e-06
2100 -7.49377678165e-05
2101 -7.22835302121e-05
2102 -6.94192054578e-05
2103 -7.0590304739e-05
2104 -6.89612292773e-05
2105 -6.80027649733e-05
2106 -6.76357158703e-05
2107 -6.74097296119e-05
2108 -6.6088206739e-05
2109 -6.50321773154e-05
2110 -6.41824467721e-05
2111 -6.22963100462e-05
2112 -6.14109732385e-05
2113 -5.90292392045e-05
2114 -5.7703832051e-05
2115 -5.61078024475e-05
2116 -5.43370574865e-05
2117 -5.26660865345e-05
2118 -5.06675023434e-05
2119 -4.89040431042e-05
2120 -4.74481564913e-05
2121 -4.58144118378e-05
2122 -4.38673653018e-05
2123 -4.19421912497e-05
2124 -4.02313799256e-05
2125 -3.84851207514e-05
2126 -3.66432312465e-05
2127 -3.48521764071e-05
2128 -3.33849363132e-05
2129 -3.1751443169e-05
2130 -2.99687146541e-05
2131 -2.8651313659e-05
2132 -2.7324779881e-05
2133 -2.57588118226e-05
2134 -2.43633152153e-05
2135 -2.30542507184e-05
2136 -2.17352717832e-05
2137 -2.05431604912e-05
2138 -1.93989479747e-05
2139 -1.82204124299e-05
2140 -1.71137676089e-05
2141 -1.6078214759e-05
2142 -1.50640082006e-05
2143 -1.40924778587e-05
2144 -1.31260312309e-05
2145 -1.22389440671e-05
2146 -1.14181995072e-05
2147 -1.06379260659e-05
2148 -9.87923037229e-06
2149 -9.15575656323e-06
2150 -6.88981817341e-05
2151 -6.64638499237e-05
2152 -6.38641581096e-05
2153 -6.49689103126e-05
2154 -6.34910224689e-05
2155 -6.26508105944e-05
2156 -6.23357984216e-05
2157 -6.21678578023e-05
2158 -6.09854286986e-05
2159 -6.00986042841e-05
2160 -5.93558060429e-05
2161 -5.76557882781e-05
2162 -5.69001550725e-05
2163 -5.47724875304e-05
2164 -5.36207397229e-05
2165 -5.2206720758e-05
2166 -5.063480782e-05
2167 -4.91541210785e-05
2168 -4.73788788738e-05
2169 -4.5815740092e-05
2170 -4.4522209485e-05
2171 -4.30670678274e-05
2172 -4.13146251111e-05
2173 -3.95693343139e-05
2174 -3.80228049544e-05
2175 -3.64419662067e-05
2176 -3.47687819929e-05
2177 -3.31324759066e-05
2178 -3.18116439185e-05
2179 -3.03180381159e-05
2180 -2.86776149451e-05
2181 -2.74731208947e-05
2182 -2.62508307627e-05
2183 -2.47992722449e-05
2184 -2.34995690122e-05
2185 -2.2277704182e-05
2186 -2.10390305397e-05
2187 -1.99213057816e-05
2188 -1.88454082705e-05
2189 -1.77350436615e-05
2190 -1.66876088943e-05
2191 -1.5707816806e-05
2192 -1.47448095916e-05
2193 -1.38207022689e-05
2194 -1.28974887541e-05
2195 -1.20523429401e-05
2196 -1.12663994599e-05
2197 -1.05230432593e-05
2198 -9.79742106011e-06
2199 -9.10578113954e-06
2200 -6.35409305145e-05
2201 -6.13035025417e-05
2202 -5.8912519418e-05
2203 -5.99518443353e-05
2204 -5.86250055361e-05
2205 -5.78849991282e-05
2206 -5.76006374415e-05
2207 -5.74710865961e-05
2208 -5.64101278508e-05
2209 -5.565731761e-05
2210 -5.50356705602e-05
2211 -5.35092545996e-05
2212 -5.2867920607e-05
2213 -5.09425719442e-05
2214 -4.99505033874e-05
2215 -4.86908325291e-05
2216 -4.72955187727e-05
2217 -4.59696019706e-05
2218 -4.43857700723e-05
2219 -4.29894800949e-05
2220 -4.18307315922e-05
2221 -4.05327726679e-05
2222 -3.89404136989e-05
2223 -3.73608508686e-05
2224 -3.59695016623e-05
2225 -3.4529314513e-05
2226 -3.30135294138e-05
2227 -3.15101922426e-05
2228 -3.03110687616e-05
2229 -2.89427512664e-05
2230 -2.74303147273e-05
2231 -2.63229177924e-05
2232 -2.51905588997e-05
2233 -2.38356194208e-05
2234 -2.26230033937e-05
2235 -2.14823608929e-05
2236 -2.03184390739e-05
2237 -1.92695363156e-05
2238 -1.82585073482e-05
2239 -1.72146626385e-05
2240 -1.62247426373e-05
2241 -1.52988098255e-05
2242 -1.4392024235e-05
2243 -1.35125197343e-05
2244 -1.26319477702e-05
2245 -1.18278109942e-05
2246 -1.10818207094e-05
2247 -1.03779518296e-05
2248 -9.69254430265e-06
2249 -9.03740965331e-06
2250 -5.88016584573e-05
2251 -5.66736363957e-05
2252 -5.45115485231e-05
2253 -5.54917017329e-05
2254 -5.42754988515e-05
2255 -5.36327781261e-05
2256 -5.33829181984e-05
2257 -5.32863574311e-05
2258 -5.23385327906e-05
2259 -5.16905013206e-05
2260 -5.11532975112e-05
2261 -4.97726172341e-05
2262 -4.92158194031e-05
2263 -4.7480807793e-05
2264 -4.66102302638e-05
2265 -4.54863673111e-05
2266 -4.422791639e-05
2267 -4.30434679612e-05
2268 -4.16183004684e-05
2269 -4.03716392073e-05
2270 -3.93344835228e-05
2271 -3.81797983597e-05
2272 -3.67366139328e-05
2273 -3.53044052384e-05
2274 -3.40613971261e-05
2275 -3.27488904896e-05
2276 -3.13688591609e-05
2277 -2.9976367605e-05
2278 -2.88755098055e-05
2279 -2.76100084867e-05
2280 -2.62094719039e-05
2281 -2.5185357283e-05
2282 -2.41372391746e-05
2283 -2.28764654027e-05
2284 -2.17394203138e-05
2285 -2.06735784036e-05
2286 -1.95798849684e-05
2287 -1.85990800878e-05
2288 -1.76500023497e-05
2289 -1.6666687491e-05
2290 -1.57345917086e-05
2291 -1.48660339862e-05
2292 -1.40066682108e-05
2293 -1.31732743765e-05
2294 -1.2340478529e-05
2295 -1.15822827803e-05
2296 -1.0879456036e-05
2297 -1.02152646645e-05
2298 -9.56623397422e-06
2299 -8.94400658908e-06
2300 -5.45198034106e-05
2301 -5.25297782296e-05
2302 -5.05636573702e-05
2303 -5.14682700254e-05
2304 -5.03806825147e-05
2305 -4.98096941624e-05
2306 -4.95766953173e-05
2307 -4.95135518414e-05
2308 -4.8656405806e-05
2309 -4.8102568188e-05
2310 -4.76197291862e-05
2311 -4.63702344841e-05
2312 -4.58921953668e-05
2313 -4.43249757367e-05
2314 -4.35596310373e-05
2315 -4.2555029407e-05
2316 -4.14375763028e-05
2317 -4.03733640156e-05
2318 -3.91036164508e-05
2319 -3.79798105141e-05
2320 -3.70555758176e-05
2321 -3.60145582949e-05
2322 -3.46977121705e-05
2323 -3.33871627592e-05
2324 -3.22546086372e-05
2325 -3.10554409912e-05
2326 -2.97893727349e-05
2327 -2.85087577135e-05
2328 -2.7497386948e-05
2329 -2.63333621501e-05
2330 -2.50328641036e-05
2331 -2.40788830861e-05
2332 -2.31062190309e-05
2333 -2.19284372469e-05
2334 -2.08619247601e-05
2335 -1.98671130069e-05
2336 -1.88354791059e-05
2337 -1.79222391116e-05
2338 -1.70347844243e-05
2339 -1.61196841454e-05
2340 -1.52350731207e-05
2341 -1.44162952698e-05
2342 -1.36053356349e-05
2343 -1.28201647736e-05
2344 -1.20340998642e-05
2345 -1.13224351939e-05
2346 -1.0660646702e-05
2347 -1.00359427801e-05
2348 -9.42741995017e-06
2349 -8.83920858074e-06
2350 -5.06777574936e-05
2351 -4.88007494865e-05
2352 -4.69758165633e-05
2353 -4.78408068245e-05
2354 -4.68364692442e-05
2355 -4.63294510481e-05
2356 -4.61192066301e-05
2357 -4.6087227306e-05
2358 -4.53110832082e-05
2359 -4.4841362631e-05
2360 -4.44303627358e-05
2361 -4.32933779982e-05
2362 -4.28846022756e-05
2363 -4.14611983047e-05
2364 -4.07872128958e-05
2365 -3.98901795826e-05
2366 -3.8888146151e-05
2367 -3.79296273177e-05
2368 -3.67802803583e-05
2369 -3.57693845655e-05
2370 -3.49363552409e-05
2371 -3.39901328881e-05
2372 -3.27914069529e-05
2373 -3.1590515823e-05
2374 -3.05536554774e-05
2375 -2.94520381013e-05
2376 -2.82894619364e-05
2377 -2.70936807312e-05
2378 -2.61590542121e-05
2379 -2.50829549837e-05
2380 -2.38654405601e-05
2381 -2.29837148059e-05
2382 -2.20828687174e-05
2383 -2.09902356333e-05
2384 -1.99979192842e-05
2385 -1.90721312961e-05
2386 -1.81107115985e-05
2387 -1.72493324025e-05
2388 -1.64104721591e-05
2389 -1.55455045043e-05
2390 -1.4711120341e-05
2391 -1.39432788671e-05
2392 -1.31869405313e-05
2393 -1.24549145691e-05
2394 -1.17187937151e-05
2395 -1.10539979925e-05
2396 -1.0433579206e-05
2397 -9.84897547993e-06
2398 -9.27983659786e-06
2399 -8.72336630512e-06
2400 -4.72438321703e-05
2401 -4.54879118072e-05
2402 -4.37802642373e-05
2403 -4.46061191737e-05
2404 -4.36950793587e-05
2405 -4.32375016506e-05
2406 -4.30426336122e-05
2407 -4.30283787605e-05
2408 -4.23196851535e-05
2409 -4.19080420886e-05
2410 -4.15520531546e-05
2411 -4.05064757298e-05
2412 -4.01534109095e-05
2413 -3.88486618347e-05
2414 -3.82464661698e-05
2415 -3.743827035e-05
2416 -3.65131721098e-05
2417 -3.56436156075e-05
2418 -3.46072395953e-05
2419 -3.36757668424e-05
2420 -3.29112322523e-05
2421 -3.2048306882e-05
2422 -3.09538814268e-05
2423 -2.98449987462e-05
2424 -2.88952741418e-05
2425 -2.7872705399e-05
2426 -2.68014312695e-05
2427 -2.56925355369e-05
2428 -2.48320863835e-05
2429 -2.38414611467e-05
2430 -2.27210951828e-05
2431 -2.19068075556e-05
2432 -2.10684708158e-05
2433 -2.00498023903e-05
2434 -1.91161568824e-05
2435 -1.82579195829e-05
2436 -1.73555172545e-05
2437 -1.65526591929e-05
2438 -1.57726690117e-05
2439 -1.49713994668e-05
2440 -1.4195050649e-05
2441 -1.34857345695e-05
2442 -1.27820766718e-05
2443 -1.21006474146e-05
2444 -1.14132759412e-05
2445 -1.07948280568e-05
2446 -1.02166839073e-05
2447 -9.66772736909e-06
2448 -9.12953063332e-06
2449 -8.60230250026e-06
2450 -4.40677780366e-05
2451 -4.24141544832e-05
2452 -4.08463295326e-05
2453 -4.16164469358e-05
2454 -4.07802549313e-05
2455 -4.03697644851e-05
2456 -4.01913473134e-05
2457 -4.01949581365e-05
2458 -3.95410551304e-05
2459 -3.91959046879e-05
2460 -3.88702702433e-05
2461 -3.7919979865e-05
2462 -3.76097234737e-05
2463 -3.64190389879e-05
2464 -3.58864053392e-05
2465 -3.51566342728e-05
2466 -3.43167960596e-05
2467 -3.35239610911e-05
2468 -3.25824433518e-05
2469 -3.1744810577e-05
2470 -3.10503619735e-05
2471 -3.02615944524e-05
2472 -2.92472356546e-05
2473 -2.82216042176e-05
2474 -2.73493373443e-05
2475 -2.64045798471e-05
2476 -2.54148245238e-05
2477 -2.43784694176e-05
2478 -2.35828925407e-05
2479 -2.26581661162e-05
2480 -2.16087825958e-05
2481 -2.08520694149e-05
2482 -2.00775623239e-05
2483 -1.91293632997e-05
2484 -1.82534278706e-05
2485 -1.74575426275e-05
2486 -1.66176843145e-05
2487 -1.58756744187e-05
2488 -1.51524803099e-05
2489 -1.44131259387e-05
2490 -1.36934788165e-05
2491 -1.30355192839e-05
2492 -1.2381787981e-05
2493 -1.1746983939e-05
2494 -1.11051782424e-05
2495 -1.0530150249e-05
2496 -9.98929226965e-06
2497 -9.48009721308e-06
2498 -8.9735595887e-06
2499 -8.46975650927e-06
