0 -0.00127995196017
1 -0.00118283359478
2 -0.00114612206081
3 -0.00109353226719
4 -0.0011537042513
5 -0.00106757462316
6 -0.00105567717326
7 -0.00102669765273
8 -0.000972383823299
9 -0.000936888875579
10 -0.000896311268488
11 -0.000850982148793
12 -0.000798478912389
13 -0.000731004985319
14 -0.000688487309642
15 -0.000638083383176
16 -0.000579492138336
17 -0.000532673547287
18 -0.000484915932222
19 -0.000437916086804
20 -0.000401468476055
21 -0.000361961861763
22 -0.000323292265054
23 -0.000287461104226
24 -0.000257103428029
25 -0.00022805931636
26 -0.000200224432048
27 -0.00017536776726
28 -0.000154327775876
29 -0.000134318711195
30 -0.000115682977454
31 -9.99458020003e-05
32 -8.59827941241e-05
33 -7.28548332631e-05
34 -6.12115120822e-05
35 -5.0848098369e-05
36 -4.18782827539e-05
37 -3.39078624331e-05
38 -2.6912521629e-05
39 -2.06770102309e-05
40 -1.52764941406e-05
41 -1.04953626678e-05
42 -6.31267935664e-06
43 -2.69918797138e-06
44 4.32523689859e-07
45 3.10443704215e-06
46 5.50777185241e-06
47 7.55235130867e-06
48 9.36993990619e-06
49 1.08515201023e-05
50 -0.00120021268885
51 -0.0011362862058
52 -0.0010754579102
53 -0.00109258602185
54 -0.00105065110962
55 -0.00102005751703
56 -0.00100344192603
57 -0.000981751717857
58 -0.000943431116131
59 -0.000896804865347
60 -0.000864832787888
61 -0.000808740938098
62 -0.000769973013067
63 -0.000706809733222
64 -0.000659849774781
65 -0.000612016379339
66 -0.000561714629957
67 -0.000518855433155
68 -0.000468115121328
69 -0.000424065381176
70 -0.000389037201028
71 -0.000352030858077
72 -0.000314026308861
73 -0.000279136415568
74 -0.00024922440244
75 -0.000220605528951
76 -0.000193703247491
77 -0.000169822678763
78 -0.000149311088359
79 -0.000129951810322
80 -0.000111983432389
81 -9.68500917137e-05
82 -8.31376503285e-05
83 -7.03041922458e-05
84 -5.90717532408e-05
85 -4.91166889518e-05
86 -4.04426803795e-05
87 -3.27131522265e-05
88 -2.59318333519e-05
89 -1.99123162803e-05
90 -1.46940075361e-05
91 -1.00804897984e-05
92 -6.06223332534e-06
93 -2.58204746939e-06
94 4.32940976265e-07
95 3.01038291539e-06
96 5.33521635977e-06
97 7.31209270468e-06
98 9.04739328316e-06
99 1.0464848423e-05
100 -0.00117321976452
101 -0.00111378361134
102 -0.00105511206095
103 -0.00107205360894
104 -0.00103261074055
105 -0.00100395118972
106 -0.000988710723731
107 -0.000968368205414
108 -0.000932247976069
109 -0.000887981454225
110 -0.000857433565989
111 -0.000803165881042
112 -0.000765412598394
113 -0.000703598329862
114 -0.000657335354699
115 -0.000609910173144
116 -0.000559850926821
117 -0.000516974992745
118 -0.00046628593987
119 -0.000422151669618
120 -0.000386927199747
121 -0.000349584541649
122 -0.000311486832838
123 -0.000276496215586
124 -0.000246499464221
125 -0.000217821018722
126 -0.000190925800452
127 -0.000167097349057
128 -0.000146628429492
129 -0.000127351526764
130 -0.000109513490169
131 -9.45044178706e-05
132 -8.09311398644e-05
133 -6.82673588192e-05
134 -5.72030176679e-05
135 -4.74114360494e-05
136 -3.88824053871e-05
137 -3.12902615615e-05
138 -2.46275979196e-05
139 -1.87299623939e-05
140 -1.36233274608e-05
141 -9.11163157032e-06
142 -5.18270274598e-06
143 -1.79235240245e-06
144 1.14518369162e-06
145 3.65106722808e-06
146 5.91625678202e-06
147 7.83918404184e-06
148 9.52552982971e-06
149 1.08987881912e-05
150 -0.00113798236805
151 -0.00108569554796
152 -0.00102507061674
153 -0.00104338798389
154 -0.00100544052274
155 -0.000978827268373
156 -0.000965186272445
157 -0.000946504279974
158 -0.000913261732439
159 -0.000872102600684
160 -0.000843743105298
161 -0.000793214813894
162 -0.000757061132614
163 -0.000697272007531
164 -0.000652299834514
165 -0.000605828218114
166 -0.000556183556712
167 -0.000513657925712
168 -0.000462997187206
169 -0.000418784248846
170 -0.000383497949274
171 -0.000346141189386
172 -0.000308033215179
173 -0.000272798133127
174 -0.000242633815123
175 -0.000213932674734
176 -0.000187052395483
177 -0.000163274571434
178 -0.000142832411591
179 -0.000123674745697
180 -0.000106012982251
181 -9.11590372764e-05
182 -7.78004856113e-05
183 -6.53660810886e-05
184 -5.45266833469e-05
185 -4.49479521052e-05
186 -3.66146244963e-05
187 -2.92097695463e-05
188 -2.2718946674e-05
189 -1.69804201066e-05
190 -1.20252136753e-05
191 -7.65761838279e-06
192 -3.85319406197e-06
193 -5.90940756142e-07
194 2.23961075378e-06
195 4.64407679971e-06
196 6.81924685737e-06
197 8.66352042011e-06
198 1.02794858505e-05
199 1.15931854587e-05
200 -0.00111430697477
201 -0.00107650335737
202 -0.000995863723192
203 -0.00102105252056
204 -0.000977451275895
205 -0.000951555710883
206 -0.000938018421195
207 -0.000921761942752
208 -0.000890670973427
209 -0.000851266678772
210 -0.000826684673471
211 -0.000777976236662
212 -0.000743929840594
213 -0.000688229800517
214 -0.000645593044346
215 -0.000600813226091
216 -0.000552427243168
217 -0.000509974811256
218 -0.000459423393261
219 -0.000414946498846
220 -0.000379322898107
221 -0.000341956392924
222 -0.000303488548997
223 -0.000267977440107
224 -0.00023767686952
225 -0.000208836845057
226 -0.000181949003541
227 -0.000158278116285
228 -0.000137972098119
229 -0.000118963868911
230 -0.00010153370212
231 -8.6878491087e-05
232 -7.37407286124e-05
233 -6.16053888715e-05
234 -5.10205886278e-05
235 -4.17101504362e-05
236 -3.3612421991e-05
237 -2.64419541833e-05
238 -2.01636358316e-05
239 -1.46405780751e-05
240 -9.90027884992e-06
241 -5.69726236506e-06
242 -2.07243800402e-06
243 1.05130564804e-06
244 3.73618111594e-06
245 5.97618716276e-06
246 8.03385614661e-06
247 9.78827453563e-06
248 1.13193048668e-05
249 1.25645024993e-05
250 -0.00112784243223
251 -0.00108278396624
252 -0.000987924361704
253 -0.00101591761135
254 -0.000965377565086
255 -0.000932750691266
256 -0.000915929398628
257 -0.000898181005818
258 -0.000863431928969
259 -0.000824883034568
260 -0.000800218365511
261 -0.000755411232189
262 -0.000724744500281
263 -0.000672777302896
264 -0.000632488249915
265 -0.000589950082391
266 -0.000543160357741
267 -0.000502043688005
268 -0.000452338487118
269 -0.000408492313551
270 -0.000372817054336
271 -0.000335334616397
272 -0.000296449014592
273 -0.000261244340221
274 -0.000230799932218
275 -0.000201887271224
276 -0.000175205557222
277 -0.000151650748288
278 -0.000131416413807
279 -0.000112724879297
280 -9.56592386809e-05
281 -8.13622902202e-05
282 -6.85199548749e-05
283 -5.67723607892e-05
284 -4.65639022625e-05
285 -3.76156597259e-05
286 -2.98226788711e-05
287 -2.29665732984e-05
288 -1.69661906807e-05
289 -1.17313733421e-05
290 -7.23064008042e-06
291 -3.2640832e-06
292 1.32857402871e-07
293 3.05574192729e-06
294 5.53248526549e-06
295 7.62491509077e-06
296 9.55077446863e-06
297 1.11573198701e-05
298 1.25795768853e-05
299 1.37007773813e-05
300 -0.00120964473271
301 -0.00113308762351
302 -0.00102434002042
303 -0.00105235412204
304 -0.000985701274693
305 -0.000944183387966
306 -0.000917747338354
307 -0.000890367147932
308 -0.000846770329478
309 -0.000801214149251
310 -0.000772875035935
311 -0.000727492678456
312 -0.000697433513965
313 -0.00064806324651
314 -0.000610744258332
315 -0.000570926081203
316 -0.000527448218306
317 -0.000488265261751
318 -0.000440538668582
319 -0.00039782327272
320 -0.000362521303936
321 -0.000324813845875
322 -0.000286654121135
323 -0.000251538556483
324 -0.000221221315764
325 -0.00019269824064
326 -0.00016626164882
327 -0.000143071879095
328 -0.000123172272528
329 -0.000104977995505
330 -8.83428416111e-05
331 -7.44792111005e-05
332 -6.20896832286e-05
333 -5.08442134088e-05
334 -4.11296540476e-05
335 -3.26387521401e-05
336 -2.52428473825e-05
337 -1.87870944092e-05
338 -1.31467641292e-05
339 -8.2622923307e-06
340 -4.08346749067e-06
341 -4.13896714572e-07
342 2.71991551023e-06
343 5.36919889202e-06
344 7.62567719497e-06
345 9.52682688538e-06
346 1.12666681164e-05
347 1.27374083464e-05
348 1.39867610874e-05
349 1.49639603484e-05
350 -0.00134067870525
351 -0.00124234807901
352 -0.00112424773633
353 -0.00114451271519
354 -0.00106543643283
355 -0.00100513058638
356 -0.000965982654685
357 -0.000920392807601
358 -0.000861153520842
359 -0.00079922404928
360 -0.00075954925309
361 -0.000705278718987
362 -0.000668731624287
363 -0.000618889437909
364 -0.000582784917692
365 -0.000545869455372
366 -0.000505398514127
367 -0.000468720376033
368 -0.000423914661206
369 -0.000383140543375
370 -0.000348344098373
371 -0.000311342046356
372 -0.000273922404684
373 -0.000239230923438
374 -0.000209231205784
375 -0.000181166495538
376 -0.000155392828916
377 -0.000132696866456
378 -0.000113301014642
379 -9.56229685117e-05
380 -7.96843581102e-05
381 -6.63430012652e-05
382 -5.45145191179e-05
383 -4.39008841604e-05
384 -3.4774931549e-05
385 -2.68222305433e-05
386 -1.99029849474e-05
387 -1.39238987107e-05
388 -8.69151676582e-06
389 -4.21128103834e-06
390 -4.1347529716e-07
391 2.90245553847e-06
392 5.72954709176e-06
393 8.05664913131e-06
394 1.00597572963e-05
395 1.1703873546e-05
396 1.32399102098e-05
397 1.44954168506e-05
398 1.55556573931e-05
399 1.63896234049e-05
400 -0.00150287231803
401 -0.00140160732119
402 -0.00127067811693
403 -0.00128767940274
404 -0.001192184239
405 -0.0011187005776
406 -0.00106361407565
407 -0.0010007452511
408 -0.000919855936352
409 -0.000833919151828
410 -0.000775618852628
411 -0.000701039581913
412 -0.000651568667667
413 -0.000593481519641
414 -0.000553803745655
415 -0.000516941460464
416 -0.000478537550769
417 -0.000444209808133
418 -0.000402568875131
419 -0.000364131874974
420 -0.000330385340152
421 -0.000294863933754
422 -0.000258469235873
423 -0.000224545611237
424 -0.000195247132363
425 -0.000167618122941
426 -0.000142584684025
427 -0.000120696725009
428 -0.000101917843236
429 -8.48932076351e-05
430 -6.97853057556e-05
431 -5.70842597536e-05
432 -4.58678998398e-05
433 -3.59787087942e-05
434 -2.74950355629e-05
435 -2.01772556329e-05
436 -1.38135670293e-05
437 -8.37744622618e-06
438 -3.62412693058e-06
439 3.91629434571e-07
440 3.74842907412e-06
441 6.6868353468e-06
442 9.12962706658e-06
443 1.11348851663e-05
444 1.28309288913e-05
445 1.41864077869e-05
446 1.54623543498e-05
447 1.64943309119e-05
448 1.73575578711e-05
449 1.80337312891e-05
450 -0.00167858624629
451 -0.0015729433043
452 -0.00143234734761
453 -0.00144544316765
454 -0.00134136480044
455 -0.00125876417932
456 -0.00119098264223
457 -0.00111458908035
458 -0.00101391743959
459 -0.000907021914243
460 -0.00082679295948
461 -0.000726156088313
462 -0.00065763282474
463 -0.000581534366248
464 -0.000530966993936
465 -0.000488520620588
466 -0.000448966741009
467 -0.000415453225489
468 -0.000376827675804
469 -0.000340977402859
470 -0.000308941652149
471 -0.000274908085858
472 -0.000239803199095
473 -0.000207262184178
474 -0.000178788792032
475 -0.000151863748609
476 -0.00012786795413
477 -0.000106814883376
478 -8.87812297451e-05
479 -7.26325731909e-05
480 -5.84879573703e-05
481 -4.65765227597e-05
482 -3.60980287729e-05
483 -2.70564975065e-05
484 -1.93268409657e-05
485 -1.27424326872e-05
486 -6.99530919404e-06
487 -2.16518008987e-06
488 2.06090218967e-06
489 5.52449764524e-06
490 8.42028867305e-06
491 1.09435334634e-05
492 1.29533534012e-05
493 1.45718282093e-05
494 1.59064812819e-05
495 1.69189531821e-05
496 1.79450642349e-05
497 1.87153843143e-05
498 1.93771780233e-05
499 1.98355244091e-05
500 -0.00185384156087
501 -0.0017428528047
502 -0.00159029047143
503 -0.00160116736841
504 -0.00148787045209
505 -0.00139665379818
506 -0.00131964198369
507 -0.00123460792492
508 -0.00112026894134
509 -0.00099994014055
510 -0.000900620066553
511 -0.000778706249684
512 -0.000689248377078
513 -0.00058965007561
514 -0.000521238488562
515 -0.000466436674531
516 -0.000419861072942
517 -0.000384685207509
518 -0.000347294105697
519 -0.00031379534197
520 -0.000283550994091
521 -0.000251431335072
522 -0.000218181887885
523 -0.000187209671784
524 -0.000159718839606
525 -0.000133924703861
526 -0.000111058709993
527 -9.10811670877e-05
528 -7.39643608147e-05
529 -5.88626429102e-05
530 -4.58104323339e-05
531 -3.47978694633e-05
532 -2.5192727053e-05
533 -1.71203820779e-05
534 -1.02732872679e-05
535 -4.52180653355e-06
536 5.20832379984e-07
537 4.66161777345e-06
538 8.288202613e-06
539 1.11404063118e-05
540 1.35141749932e-05
541 1.55427039133e-05
542 1.70895501363e-05
543 1.82904127706e-05
544 1.92471970481e-05
545 1.99204021376e-05
546 2.06467962516e-05
547 2.11449917071e-05
548 2.15619228265e-05
549 2.17744624338e-05
550 -0.0020428883105
551 -0.00191856587636
552 -0.00174762061804
553 -0.00175859107743
554 -0.0016284209023
555 -0.00152662082847
556 -0.0014379484203
557 -0.00134340319405
558 -0.00121748331503
559 -0.0010873646897
560 -0.000976042089032
561 -0.000841147003586
562 -0.000735722976248
563 -0.000615568686514
564 -0.000527091210429
565 -0.000455363839027
566 -0.000396640550381
567 -0.000355039289505
568 -0.000315945074292
569 -0.000283561005533
570 -0.000254889580423
571 -0.000224667148454
572 -0.000193646979743
573 -0.000164337491439
574 -0.000138114296966
575 -0.000113656977596
576 -9.21470269728e-05
577 -7.34029561441e-05
578 -5.73745391014e-05
579 -4.34844785786e-05
580 -3.17348961436e-05
581 -2.17584949061e-05
582 -1.31403764259e-05
583 -6.16675733494e-06
584 -3.40111378646e-07
585 4.49609398324e-06
586 8.7464404933e-06
587 1.21621658503e-05
588 1.51106395107e-05
589 1.73266852406e-05
590 1.91288359189e-05
591 2.05869128853e-05
592 2.16662293451e-05
593 2.23777763571e-05
594 2.28758333727e-05
595 2.31883106391e-05
596 2.35466446796e-05
597 2.37460962889e-05
598 2.38823915003e-05
599 2.38463024733e-05
600 -0.00226501816855
601 -0.00212237029523
602 -0.00192211927794
603 -0.00193009721566
604 -0.00177578497894
605 -0.00165795775867
606 -0.00155210947966
607 -0.00144253777818
608 -0.00130167800815
609 -0.00115917364194
610 -0.00103825652746
611 -0.000894289167769
612 -0.000779374619299
613 -0.00064670532568
614 -0.000543234163078
615 -0.000454780266669
616 -0.000381576829977
617 -0.00032946531851
618 -0.00028535799631
619 -0.0002519164778
620 -0.000223780611459
621 -0.000195355735775
622 -0.00016643773114
623 -0.000138982087745
624 -0.000114154051017
625 -9.11291106781e-05
626 -7.120989876e-05
627 -5.38406477063e-05
628 -3.90767639486e-05
629 -2.65229127638e-05
630 -1.62856339115e-05
631 -7.4809949412e-06
632 1.41216559412e-08
633 5.77912537319e-06
634 1.04661597888e-05
635 1.42925194e-05
636 1.76715704915e-05
637 2.02355088663e-05
638 2.24238342769e-05
639 2.39340409222e-05
640 2.50562272409e-05
641 2.5937703956e-05
642 2.64804373788e-05
643 2.67033130493e-05
644 2.67459815236e-05
645 2.66323648634e-05
646 2.66081547666e-05
647 2.65074486852e-05
648 2.63284374329e-05
649 2.60440531935e-05
650 -0.00252946827832
651 -0.00236379656457
652 -0.00212709768814
653 -0.00212546115613
654 -0.00194321835274
655 -0.0018002287726
656 -0.00167167000672
657 -0.00153875490973
658 -0.00137715694398
659 -0.00121645952595
660 -0.00108215523146
661 -0.000928276630333
662 -0.000805631820505
663 -0.000667948558788
664 -0.000556376798249
665 -0.000456741076097
666 -0.000371554526498
667 -0.000308183400047
668 -0.000256807950551
669 -0.000220234336239
670 -0.000191529378346
671 -0.000164271806661
672 -0.000137188281618
673 -0.000111575318967
674 -8.81463580881e-05
675 -6.66038882763e-05
676 -4.83604887766e-05
677 -3.25176139513e-05
678 -1.91305461165e-05
679 -8.0790279731e-06
680 5.29230124506e-07
681 8.03221944872e-06
682 1.42415585911e-05
683 1.8617309957e-05
684 2.2087848245e-05
685 2.47865077505e-05
686 2.7172027726e-05
687 2.88231046555e-05
688 3.02081712361e-05
689 3.09249378279e-05
690 3.13473979779e-05
691 3.16153482878e-05
692 3.15814718324e-05
693 3.12443333305e-05
694 3.08011083883e-05
695 3.02204505934e-05
696 2.98165488584e-05
697 2.93538384663e-05
698 2.88524064113e-05
699 2.83014119314e-05
700 -0.00283993244516
701 -0.00264985207438
702 -0.00237360526516
703 -0.00235718013997
704 -0.00214146788905
705 -0.00196306477352
706 -0.00180322667833
707 -0.0016406567732
708 -0.00144974167299
709 -0.00126563264643
710 -0.00111180556339
711 -0.000943997946436
712 -0.00081184413966
713 -0.000670285092004
714 -0.000555061159135
715 -0.000451052431406
716 -0.00035944483821
717 -0.000287669581812
718 -0.000229775566635
719 -0.00018921276824
720 -0.000158933578407
721 -0.000132259117772
722 -0.000106744029997
723 -8.27340742464e-05
724 -6.06102118084e-05
725 -4.04941042612e-05
726 -2.38737811502e-05
727 -9.65814773803e-06
728 2.25529991066e-06
729 1.16593907152e-05
730 1.84746517991e-05
731 2.45125455893e-05
732 2.93335641167e-05
733 3.22271385515e-05
734 3.43985776525e-05
735 3.58679121333e-05
736 3.71728528891e-05
737 3.78323615046e-05
738 3.83514437738e-05
739 3.82332979662e-05
740 3.79535588717e-05
741 3.75435178255e-05
742 3.69274356972e-05
743 3.59995552538e-05
744 3.50307062185e-05
745 3.39666490378e-05
746 3.31613636643e-05
747 3.23270117201e-05
748 3.14996153851e-05
749 3.06565840672e-05
750 -0.00322406433391
751 -0.00300301781052
752 -0.00266675548398
753 -0.00263397221459
754 -0.0023691555043
755 -0.00214870881662
756 -0.00194838317194
757 -0.00174940849925
758 -0.00152142744028
759 -0.00130828528082
760 -0.00112948112272
761 -0.000944768807402
762 -0.000799209684502
763 -0.000652187954699
764 -0.000533951774296
765 -0.000429097862925
766 -0.000336660568295
767 -0.000261662677959
768 -0.000200533250438
769 -0.000157277566985
770 -0.000125611980478
771 -9.96178849362e-05
772 -7.56234502614e-05
773 -5.30961446525e-05
774 -3.20668919193e-05
775 -1.32284082332e-05
776 1.9176446899e-06
777 1.4603826799e-05
778 2.49978309708e-05
779 3.25983532921e-05
780 3.7563114349e-05
781 4.20417181911e-05
782 4.53472826918e-05
783 4.66483789786e-05
784 4.73456356922e-05
785 4.74943004099e-05
786 4.76481412734e-05
787 4.72118259102e-05
788 4.6862104134e-05
789 4.58407233937e-05
790 4.47919852469e-05
791 4.3671327441e-05
792 4.24182454403e-05
793 4.0889741357e-05
794 3.93653305634e-05
795 3.78147282907e-05
796 3.65869180777e-05
797 3.53519883636e-05
798 3.41972997644e-05
799 3.30597370447e-05
800 -0.0036864006941
801 -0.0034238718188
802 -0.00301843656639
803 -0.0029628834168
804 -0.00263180653226
805 -0.00235913449019
806 -0.00210645219283
807 -0.00186107824922
808 -0.00158911630282
809 -0.00134125561533
810 -0.0011337578738
811 -0.000928788519892
812 -0.000768826716109
813 -0.000614843461313
814 -0.000492649255156
815 -0.000387825784617
816 -0.000297690690847
817 -0.000223807757063
818 -0.000164078726595
819 -0.000121136883101
820 -8.98874046089e-05
821 -6.57195902781e-05
822 -4.39970233979e-05
823 -2.31895492817e-05
824 -3.09689685927e-06
825 1.47793333211e-05
826 2.86043915715e-05
827 3.98744466078e-05
828 4.8778644002e-05
829 5.46223056506e-05
830 5.75800335463e-05
831 6.04841936682e-05
832 6.21452720132e-05
833 6.17455189664e-05
834 6.07994553411e-05
835 5.96648598947e-05
836 5.8571150762e-05
837 5.70123420752e-05
838 5.56454281217e-05
839 5.37206147074e-05
840 5.18143568942e-05
841 4.99307889129e-05
842 4.79774822373e-05
843 4.58558154263e-05
844 4.37713444109e-05
845 4.17221081151e-05
846 4.0053404707e-05
847 3.84273207775e-05
848 3.69276199314e-05
849 3.55046466889e-05
850 -0.00425348710038
851 -0.00394334016299
852 -0.00344000085359
853 -0.00334600432548
854 -0.00293374844283
855 -0.00259016049069
856 -0.00227162640898
857 -0.00196850063258
858 -0.00164562388759
859 -0.00135844577069
860 -0.00111888426892
861 -0.000893538976878
862 -0.000718263419555
863 -0.000557995535467
864 -0.000432029287359
865 -0.000327464044713
866 -0.000240922924828
867 -0.000170813757535
868 -0.000116219639931
869 -7.71225409245e-05
870 -4.8982030839e-05
871 -2.90441202624e-05
872 -1.14639083893e-05
873 6.77228299749e-06
874 2.57357643593e-05
875 4.28086375535e-05
876 5.56087898892e-05
877 6.57396488285e-05
878 7.32641730712e-05
879 7.73326069453e-05
880 7.82564129364e-05
881 7.95095513276e-05
882 7.94750267036e-05
883 7.73231884935e-05
884 7.47281341459e-05
885 7.21415824701e-05
886 6.97029270832e-05
887 6.69707883864e-05
888 6.45406514182e-05
889 6.1640864203e-05
890 5.89280672576e-05
891 5.6266591152e-05
892 5.36243713245e-05
893 5.08814115489e-05
894 4.82165794419e-05
895 4.56740076536e-05
896 4.35417305745e-05
897 4.15343283777e-05
898 3.96823766829e-05
899 3.79530091193e-05
900 -0.00497270921434
901 -0.0045668750058
902 -0.00394687719521
903 -0.00379884788955
904 -0.00327770920309
905 -0.00283868269099
906 -0.00243609161556
907 -0.00206285478716
908 -0.00168030679695
909 -0.00135107524449
910 -0.00107763761868
911 -0.000832571877061
912 -0.000643699165041
913 -0.000479718794607
914 -0.000351808401874
915 -0.000248940154584
916 -0.0001672582094
917 -0.000102615865904
918 -5.53865859826e-05
919 -2.26863927744e-05
920 -2.86959652276e-07
921 1.24724480466e-05
922 2.32632390664e-05
923 3.69949210924e-05
924 5.41122509235e-05
925 7.03956643169e-05
926 8.25492168376e-05
927 9.1796947964e-05
928 9.81385164616e-05
929 0.000100593493778
930 9.95163970843e-05
931 9.90106103137e-05
932 9.72381388263e-05
933 9.31939323689e-05
934 8.89839655537e-05
935 8.48661882469e-05
936 8.10615976239e-05
937 7.71052499986e-05
938 7.35748030069e-05
939 6.96546238332e-05
940 6.60401350089e-05
941 6.26180377876e-05
942 5.92461499584e-05
943 5.58606289977e-05
944 5.2628095314e-05
945 4.95701489512e-05
946 4.70251380135e-05
947 4.46075033034e-05
948 4.24169150285e-05
949 4.0377067661e-05
950 -0.00585126204101
951 -0.00535410039831
952 -0.00456235777517
953 -0.00432602610917
954 -0.00365792361538
955 -0.00309946721661
956 -0.00258808510085
957 -0.00212956055631
958 -0.00168019542528
959 -0.00130663970747
960 -0.000999018063294
961 -0.000739012349466
962 -0.000539520341555
963 -0.000376750145127
964 -0.00025021492169
965 -0.000152309079916
966 -7.77676084535e-05
967 -2.03546418278e-05
968 1.78366879797e-05
969 4.27292974063e-05
970 5.76561842604e-05
971 6.08486432861e-05
972 6.16920000628e-05
973 6.8300691887e-05
974 8.20620658563e-05
975 9.71660417649e-05
976 0.000108861124816
977 0.000117444733841
978 0.000122859101802
979 0.00012373880829
980 0.000120734609835
981 0.000118513636862
982 0.000115024679159
983 0.000109048628668
984 0.000103124775353
985 9.74718850046e-05
986 9.22760465797e-05
987 8.70730800861e-05
988 8.24329062505e-05
989 7.74792892737e-05
990 7.3069195468e-05
991 6.88691414063e-05
992 6.48153143953e-05
993 6.07735155946e-05
994 5.70015691409e-05
995 5.34537926655e-05
996 5.04878543593e-05
997 4.76895522167e-05
998 4.51288989091e-05
999 4.28015873093e-05
1000 -0.00696431630413
1001 -0.0063402318318
1002 -0.00529780435087
1003 -0.00492860695183
1004 -0.00406574409184
1005 -0.00335088553319
1006 -0.00270566044711
1007 -0.00214565339714
1008 -0.00162588527764
1009 -0.00120956081138
1010 -0.000872082579237
1011 -0.000603995011139
1012 -0.00039999591831
1013 -0.000245540690888
1014 -0.000125717134197
1015 -3.7081839049e-05
1016 2.6432328839e-05
1017 7.42713494576e-05
1018 0.000101462101142
1019 0.000117526635612
1020 0.000124037058667
1021 0.000116710215189
1022 0.000105107755329
1023 0.000101600452738
1024 0.000109757904254
1025 0.000122916861146
1026 0.00013404291134
1027 0.000142331415597
1028 0.000147111298457
1029 0.000146753820993
1030 0.000141927010322
1031 0.000138037384266
1032 0.000132813851649
1033 0.000124909691494
1034 0.000117218655121
1035 0.0001099767767
1036 0.000103387580124
1037 9.69488393998e-05
1038 9.1273527169e-05
1039 8.52816325104e-05
1040 7.9971786897e-05
1041 7.49813469582e-05
1042 7.02390985059e-05
1043 6.55763919844e-05
1044 6.12668315792e-05
1045 5.72181892889e-05
1046 5.3836998734e-05
1047 5.06418031822e-05
1048 4.77328822785e-05
1049 4.5091684621e-05
1050 -0.0084047248845
1051 -0.00756838578928
1052 -0.00618996926034
1053 -0.00561488618868
1054 -0.00449122788768
1055 -0.00356862636288
1056 -0.00275931277812
1057 -0.00208441222108
1058 -0.00149516290289
1059 -0.00104293343978
1060 -0.000684269256768
1061 -0.000419350935516
1062 -0.000219981466508
1063 -8.27037336626e-05
1064 2.30218240239e-05
1065 9.69826696723e-05
1066 0.000145070808558
1067 0.000180015714468
1068 0.000193872734064
1069 0.000199758503788
1070 0.000197705701455
1071 0.000179632733408
1072 0.000154154506367
1073 0.000137968879396
1074 0.000137910026099
1075 0.000147740662823
1076 0.000157900202386
1077 0.000166085011918
1078 0.000170482115843
1079 0.000169068115075
1080 0.000162620378546
1081 0.000157171539193
1082 0.000150159825381
1083 0.000140370710412
1084 0.000131078161872
1085 0.000122364182581
1086 0.000114371929564
1087 0.000106694956929
1088 9.97725520176e-05
1089 9.27947318524e-05
1090 8.65999413642e-05
1091 8.08728125583e-05
1092 7.54693976378e-05
1093 7.02253169485e-05
1094 6.53846331324e-05
1095 6.08824793426e-05
1096 5.70846417723e-05
1097 5.35299930447e-05
1098 5.02810973067e-05
1099 4.73320927432e-05
1100 -0.0102643336655
1101 -0.00912997643412
1102 -0.00725518086346
1103 -0.00636271179436
1104 -0.00488233163768
1105 -0.00369915928092
1106 -0.00269700570462
1107 -0.00190329767227
1108 -0.00125725483885
1109 -0.000786460491755
1110 -0.000422675136811
1111 -0.000177989505644
1112 3.82213742007e-06
1113 0.000112442261535
1114 0.000195899240317
1115 0.000248526126278
1116 0.000276528981988
1117 0.000294424656267
1118 0.00029250933667
1119 0.000286387485937
1120 0.000275494100841
1121 0.000247179649138
1122 0.000208112551222
1123 0.000177476641577
1124 0.000166913145063
1125 0.000171539999688
1126 0.000180143678957
1127 0.000188252776193
1128 0.000192523364439
1129 0.00019030420811
1130 0.000182456366973
1131 0.000175569354683
1132 0.000167004844593
1133 0.000155528006892
1134 0.000144480152325
1135 0.000134264223984
1136 0.000124837123807
1137 0.000115929251349
1138 0.000107959869824
1139 9.99442472869e-05
1140 9.29566264063e-05
1141 8.64965749616e-05
1142 8.04703374081e-05
1143 7.46477094582e-05
1144 6.92669520112e-05
1145 6.43461575679e-05
1146 6.01308086054e-05
1147 5.62225201015e-05
1148 5.26536685937e-05
1149 4.94252193404e-05
1150 -0.0128010891036
1151 -0.0111373503101
1152 -0.00850750074343
1153 -0.00710222875404
1154 -0.00515654025338
1155 -0.0036614598686
1156 -0.00245406185331
1157 -0.00155457169392
1158 -0.000882166998133
1159 -0.000422398636401
1160 -7.91261510397e-05
1161 0.00012315949418
1162 0.000271361176764
1163 0.000338171465305
1164 0.000390301928207
1165 0.000414403355978
1166 0.00041744616522
1167 0.000414775387983
1168 0.000394680857228
1169 0.00037507111403
1170 0.000354332488235
1171 0.000316410336254
1172 0.000264942792907
1173 0.000219441261648
1174 0.000196597297479
1175 0.000194311337819
1176 0.000200645962739
1177 0.000208535812846
1178 0.000212723977699
1179 0.000210008616552
1180 0.00020092895475
1181 0.00019271130583
1182 0.000182620025173
1183 0.000169388464317
1184 0.000156833677149
1185 0.000145180888048
1186 0.000134492342464
1187 0.00012445019588
1188 0.000115468820226
1189 0.000106624797994
1190 9.88684024313e-05
1191 9.17183207164e-05
1192 8.51248164155e-05
1193 7.8787746645e-05
1194 7.29417557669e-05
1195 6.75891088142e-05
1196 6.30101728882e-05
1197 5.87739271858e-05
1198 5.49130127023e-05
1199 5.13725245675e-05
1200 -0.0162589768022
1201 -0.0137094493068
1202 -0.00990025214864
1203 -0.00768132727489
1204 -0.0051654648601
1205 -0.00333729123159
1206 -0.00194478640442
1207 -0.000984892768369
1208 -0.000342257315455
1209 6.11942061854e-05
1210 0.000349461604524
1211 0.000481598177564
1212 0.00057828398825
1213 0.000589170056542
1214 0.000601486432469
1215 0.000590676114464
1216 0.000564616737307
1217 0.000538441381232
1218 0.000498191309906
1219 0.000463255117596
1220 0.000431632717734
1221 0.000384848373779
1222 0.000322332570996
1223 0.000262845207248
1224 0.000226843933482
1225 0.000216305060524
1226 0.000219405832925
1227 0.000226814767699
1228 0.000231094167595
1229 0.000228018702729
1230 0.00021792554795
1231 0.000208598106232
1232 0.000197141970303
1233 0.000182337042817
1234 0.000168329191884
1235 0.000155390525525
1236 0.000143508086893
1237 0.000132397392781
1238 0.000122574648458
1239 0.000112873983118
1240 0.000104381605477
1241 9.65939949665e-05
1242 8.94347714727e-05
1243 8.26059591674e-05
1244 7.63042673816e-05
1245 7.05630288184e-05
1246 6.56413095588e-05
1247 6.105837493e-05
1248 5.69114499082e-05
1249 5.31381931172e-05
1250 -0.0211437343694
1251 -0.0168800960095
1252 -0.011257388709
1253 -0.00779684752484
1254 -0.00466379382822
1255 -0.00256033033657
1256 -0.00107411847343
1257 -0.000151557062959
1258 0.000375482656787
1259 0.000663484012007
1260 0.000852445604069
1261 0.000886695647582
1262 0.000913134537583
1263 0.000856453059222
1264 0.000820342016951
1265 0.000770282501945
1266 0.00071185853641
1267 0.000659915492208
1268 0.000598592231032
1269 0.000547924127666
1270 0.000504876818369
1271 0.000449173238162
1272 0.000377430713627
1273 0.000305754124231
1274 0.000256794409181
1275 0.000237122037468
1276 0.000236252099051
1277 0.000242843154783
1278 0.000247323378118
1279 0.000243946762119
1280 0.000233163263496
1281 0.000222857798085
1282 0.000210111919446
1283 0.000193954189175
1284 0.000178702032055
1285 0.000164643661141
1286 0.000151703138302
1287 0.000139649900024
1288 0.000128891585323
1289 0.000118386969216
1290 0.000109249850574
1291 0.000100911751286
1292 9.32536786451e-05
1293 8.59951997166e-05
1294 7.92939204258e-05
1295 7.32118838328e-05
1296 6.79848334503e-05
1297 6.31406464867e-05
1298 5.87260247993e-05
1299 5.47440548038e-05
1300 -0.028247594933
1301 -0.0202166173855
1302 -0.012041659996
1303 -0.00687437335991
1304 -0.00330813192392
1305 -0.00115580969896
1306 0.000214176707808
1307 0.000948317043731
1308 0.00124841847426
1309 0.00135583789747
1310 0.00140225848658
1311 0.0013149420516
1312 0.00125592727393
1313 0.0011248250446
1314 0.00103540926151
1315 0.000942895244152
1316 0.000851980691967
1317 0.000774731973049
1318 0.000692662150106
1319 0.000626358203482
1320 0.000571765432757
1321 0.000507915464516
1322 0.000428211866677
1323 0.00034640859476
1324 0.000285392875106
1325 0.000256550567305
1326 0.00025138117238
1327 0.000256825856314
1328 0.000261362393225
1329 0.000257804502792
1330 0.000246469994112
1331 0.000235365880079
1332 0.000221568682334
1333 0.000204266932953
1334 0.000187955805087
1335 0.000172806660562
1336 0.000158880382288
1337 0.000145981314297
1338 0.000134545167177
1339 0.000123366892231
1340 0.000113629525872
1341 0.000104795202639
1342 9.66606102617e-05
1343 8.89939654318e-05
1344 8.19059674903e-05
1345 7.55013686586e-05
1346 6.99824970435e-05
1347 6.48776263739e-05
1348 6.0247894023e-05
1349 5.60733501301e-05
1350 -0.0384766344134
1351 -0.0213266174146
1352 -0.0109325342053
1353 -0.00407142650683
1354 -0.000735472150014
1355 0.000981058234382
1356 0.0019098461158
1357 0.00225752512642
1358 0.00222122276039
1359 0.00209084424607
1360 0.00196057513052
1361 0.00173609122305
1362 0.00158423463516
1363 0.00137725923865
1364 0.00123375676669
1365 0.00110040745722
1366 0.000977457188382
1367 0.000876282829159
1368 0.000774969633697
1369 0.000694181952461
1370 0.000628718281356
1371 0.000557226541891
1372 0.000471130455781
1373 0.000381384610911
1374 0.000310543878219
1375 0.00027334800314
1376 0.000263896092307
1377 0.000268153575698
1378 0.000272779501207
1379 0.000269180485462
1380 0.000257408166191
1381 0.000245684646517
1382 0.000231075625552
1383 0.000212801752154
1384 0.000195604693551
1385 0.000179681006285
1386 0.000164914954287
1387 0.000151314565988
1388 0.000139197034039
1389 0.000127431223522
1390 0.000117215030945
1391 0.000107976048629
1392 9.94713147876e-05
1393 9.1486759834e-05
1394 8.41085081176e-05
1395 7.74507235396e-05
1396 7.17226141396e-05
1397 6.64143349899e-05
1398 6.15938023104e-05
1399 5.72370472786e-05
1400 -0.0459288357019
1401 -0.0153038578066
1402 -0.00574026596263
1403 0.00111195179914
1404 0.00306002845892
1405 0.00366958648715
1406 0.00379687638336
1407 0.00359431903259
1408 0.00316677658669
1409 0.00277527137028
1410 0.00245890564986
1411 0.00210556461228
1412 0.00186516457573
1413 0.00159119174624
1414 0.00139938956938
1415 0.00122997754109
1416 0.00108003183288
1417 0.000958524747022
1418 0.000841620584117
1419 0.000748972933542
1420 0.000674582767494
1421 0.000596869525446
1422 0.000505783391685
1423 0.000410145543629
1424 0.000331480497827
1425 0.000287445445158
1426 0.000274287337891
1427 0.000277276092972
1428 0.000281695679419
1429 0.000278126542737
1430 0.000266109081458
1431 0.000253869566236
1432 0.000238645867253
1433 0.00021954297698
1434 0.000201691542319
1435 0.000185100104357
1436 0.000169690099995
1437 0.000155565868722
1438 0.000142966103703
1439 0.000130789010678
1440 0.000120161795698
1441 0.000110536370406
1442 0.000101744237026
1443 9.34986579376e-05
1444 8.58473361347e-05
1445 7.89586357833e-05
1446 7.30332740035e-05
1447 6.76010921221e-05
1448 6.26298749554e-05
1449 5.81464138182e-05
1450 -0.0354190692061
1451 -0.00528415913285
1452 0.00457524419147
1453 0.00781723923725
1454 0.00729656364787
1455 0.00634147585238
1456 0.00549045363399
1457 0.00471237060933
1458 0.00392326266235
1459 0.00330810985816
1460 0.00283388940824
1461 0.00238031019073
1462 0.00206891907886
1463 0.00174632494425
1464 0.00151808337026
1465 0.00132248663597
1466 0.00115398730227
1467 0.00101705250386
1468 0.000889438225303
1469 0.000788155253723
1470 0.000706892682037
1471 0.000624505193149
1472 0.000529949192475
1473 0.000430450615601
1474 0.000346621918215
1475 0.000297744476905
1476 0.00028181043826
1477 0.000283910203407
1478 0.000288198376965
1479 0.000284572836845
1480 0.000272370987202
1481 0.000259746070981
1482 0.000244046899446
1483 0.000224378502444
1484 0.000206033283032
1485 0.000189023916168
1486 0.000173108411269
1487 0.000158657343699
1488 0.000145668549133
1489 0.000133170989573
1490 0.000122224573956
1491 0.00011234364306
1492 0.000103330914155
1493 9.49109180286e-05
1494 8.70743580508e-05
1495 8.00772684731e-05
1496 7.40441617055e-05
1497 6.84948404501e-05
1498 6.34038662917e-05
1499 5.88090619577e-05
1500 -0.027565412924
1501 0.00640503765293
1502 0.015468313711
1503 0.0129886286658
1504 0.0102545573726
1505 0.00808966248489
1506 0.00650117044822
1507 0.00533332032555
1508 0.00433807716505
1509 0.00359538081774
1510 0.00302831210943
1511 0.0025239571322
1512 0.00217342688499
1513 0.00182741608111
1514 0.00158044181869
1515 0.00137070674225
1516 0.00119209646304
1517 0.00104715568329
1518 0.000914589114478
1519 0.000808805796869
1520 0.000723872150756
1521 0.000638875615649
1522 0.000542742791819
1523 0.000441389659323
1524 0.000355025078055
1525 0.000303610479469
1526 0.000286303737338
1527 0.00028793547982
1528 0.000292096045777
1529 0.000288458229227
1530 0.000276180097709
1531 0.0002633978278
1532 0.000247335767999
1533 0.000227418062292
1534 0.000208775172941
1535 0.000191405176462
1536 0.000175320001191
1537 0.000160514155016
1538 0.000147309300704
1539 0.000134589779194
1540 0.000123485560836
1541 0.000113477678101
1542 0.000104328667496
1543 9.57855755636e-05
1544 8.78585852479e-05
1545 8.07644607624e-05
1546 7.46172093189e-05
1547 6.90006662664e-05
1548 6.38429815663e-05
1549 5.91897241034e-05
1550 -0.0252968332297
1551 0.0127070955092
1552 0.0164437101806
1553 0.0128284012165
1554 0.0102629737781
1555 0.00812265414969
1556 0.00646877572508
1557 0.00527684292866
1558 0.00430999816491
1559 0.00357866496996
1560 0.0030081463765
1561 0.0025154643808
1562 0.00216446701023
1563 0.00182602204905
1564 0.0015790769948
1565 0.00136989660011
1566 0.00119235849952
1567 0.00104735440197
1568 0.000916167759993
1569 0.000810774338138
1570 0.000724947070807
1571 0.000639822344229
1572 0.000543863830858
1573 0.000442822323372
1574 0.000356553770664
1575 0.000305134220202
1576 0.000287951205215
1577 0.000289382937029
1578 0.000293476693459
1579 0.00028967109428
1580 0.000277364740442
1581 0.000264379825085
1582 0.000248253298604
1583 0.000228278876438
1584 0.000209773013315
1585 0.000192385935883
1586 0.000176060833971
1587 0.000161193377788
1588 0.000147930852409
1589 0.000135147676341
1590 0.000123946809997
1591 0.000113866067812
1592 0.000104646179609
1593 9.60755740481e-05
1594 8.81311103997e-05
1595 8.10091550248e-05
1596 7.48287133048e-05
1597 6.91628313436e-05
1598 6.40009855992e-05
1599 5.9361969439e-05
1600 -0.0448261638026
1601 -0.00704521024438
1602 0.0054683386582
1603 0.00704528150844
1604 0.00721326761805
1605 0.00638426712527
1606 0.00538835184798
1607 0.00455178660751
1608 0.00384153749859
1609 0.0032590322177
1610 0.00277643360365
1611 0.00235683418173
1612 0.00204381593406
1613 0.0017428428961
1614 0.00151533490838
1615 0.00132117077087
1616 0.00115526379411
1617 0.00101845594426
1618 0.000894332913121
1619 0.000793578753146
1620 0.000710449418183
1621 0.000627350449408
1622 0.000533355153083
1623 0.000434339922818
1624 0.000350827310449
1625 0.000302024833018
1626 0.000286390730821
1627 0.000288263858121
1628 0.000292281339858
1629 0.000288344975035
1630 0.000276016841519
1631 0.000263061186261
1632 0.000246970146395
1633 0.000227165778266
1634 0.00020873213634
1635 0.000191460031246
1636 0.000175261247975
1637 0.000160507977574
1638 0.000147311975369
1639 0.000134607193564
1640 0.000123492705069
1641 0.000113486959407
1642 0.000104325184683
1643 9.582487427e-05
1644 8.79328083981e-05
1645 8.08439694565e-05
1646 7.46955011222e-05
1647 6.90864577255e-05
1648 6.39097226584e-05
1649 5.92495132701e-05
1650 -0.0426899175172
1651 -0.0219417343874
1652 -0.00598984559313
1653 -0.000141695854917
1654 0.00282606933646
1655 0.00365301367789
1656 0.00363710771336
1657 0.00336541493435
1658 0.00304339313262
1659 0.00270128596343
1660 0.00237267522801
1661 0.00206982712386
1662 0.00182577452573
1663 0.00158584317216
1664 0.0013945812062
1665 0.00122807536992
1666 0.00108338559518
1667 0.000961635714185
1668 0.000850365936133
1669 0.000758565236424
1670 0.000681090133513
1671 0.000602190921481
1672 0.000511758456828
1673 0.000417046965717
1674 0.000338756798216
1675 0.00029488454036
1676 0.000282103824312
1677 0.000284715421551
1678 0.000288636781146
1679 0.000284554236555
1680 0.000272302400173
1681 0.000259359334588
1682 0.000243479462526
1683 0.000224076124321
1684 0.000206024863369
1685 0.000189113622235
1686 0.000173201739583
1687 0.000158736855467
1688 0.000145743340014
1689 0.000133324390136
1690 0.000122381915677
1691 0.000112505919071
1692 0.000103460082677
1693 9.50859420122e-05
1694 8.724625852e-05
1695 8.02524772896e-05
1696 7.41630940039e-05
1697 6.85961091358e-05
1698 6.34824510003e-05
1699 5.88710027818e-05
1700 -0.0316258091617
1701 -0.0224823345265
1702 -0.0113375535684
1703 -0.00514067679633
1704 -0.00103484375619
1705 0.000901420327712
1706 0.00172395058012
1707 0.00200402055978
1708 0.00208046855449
1709 0.00200366671413
1710 0.00185813239822
1711 0.00169364135283
1712 0.00153715231551
1713 0.00137216224705
1714 0.00122880480763
1715 0.00109890368185
1716 0.000982207152048
1717 0.00088093590366
1718 0.000786916841453
1719 0.000707305687889
1720 0.000637800031158
1721 0.000564847567968
1722 0.000479618115849
1723 0.000391259519369
1724 0.000320824026631
1725 0.000283823293645
1726 0.000274867952207
1727 0.000278430257026
1728 0.000282158648602
1729 0.000277912280291
1730 0.000265858725688
1731 0.000253201306043
1732 0.000237849465267
1733 0.000219119205544
1734 0.000201605631764
1735 0.000185166061426
1736 0.000169803385987
1737 0.000155817368511
1738 0.000143199341994
1739 0.000131109625054
1740 0.000120426409299
1741 0.000110804376869
1742 0.000101971160655
1743 9.37971477753e-05
1744 8.6122487588e-05
1745 7.92723143359e-05
1746 7.32573236402e-05
1747 6.77833435785e-05
1748 6.27267848593e-05
1749 5.81782824475e-05
1750 -0.0235052870939
1751 -0.0190560632798
1752 -0.0122796478259
1753 -0.00745109682335
1754 -0.00355331727022
1755 -0.00125220952667
1756 4.71997125224e-05
1757 0.000718705023065
1758 0.0011127565452
1759 0.00127117586147
1760 0.00130030761575
1761 0.00127309140655
1762 0.00120808626855
1763 0.00112235018459
1764 0.00103245241288
1765 0.000943815180138
1766 0.000859279981003
1767 0.000782144060811
1768 0.000708225263886
1769 0.0006431943012
1770 0.000583419430013
1771 0.000517912747893
1772 0.000439264097828
1773 0.000359300919103
1774 0.000298852000524
1775 0.000270175907006
1776 0.000265418226519
1777 0.000269968844329
1778 0.000273421609908
1779 0.000269060863001
1780 0.000257313269343
1781 0.000245026356721
1782 0.000230230007521
1783 0.000212283265819
1784 0.000195573876351
1785 0.000179892564606
1786 0.000165109719792
1787 0.000151678714676
1788 0.000139550599928
1789 0.00012790936059
1790 0.000117635366833
1791 0.000108355703621
1792 9.98110433118e-05
1793 9.18884760726e-05
1794 8.44511420294e-05
1795 7.78087829113e-05
1796 7.19650837482e-05
1797 6.66641788363e-05
1798 6.17489986785e-05
1799 5.73155795484e-05
1800 -0.0179388831629
1801 -0.0155160999588
1802 -0.0114011735602
1803 -0.00801182989145
1804 -0.00483602282728
1805 -0.00265688246936
1806 -0.00121640121472
1807 -0.00034310390369
1808 0.000251817473398
1809 0.000583906244466
1810 0.000755910530841
1811 0.000847672293111
1812 0.000867206166256
1813 0.00085657781154
1814 0.000819940690191
1815 0.000773406020756
1816 0.000722367184033
1817 0.000670839131302
1818 0.000618363572576
1819 0.000569061655841
1820 0.000519990306188
1821 0.000462396349821
1822 0.000391862101895
1823 0.00032240854053
1824 0.000273812371847
1825 0.000254120462018
1826 0.000253580087085
1827 0.000259004376337
1828 0.000262124337326
1829 0.000257639720644
1830 0.000246313112274
1831 0.000234591662899
1832 0.000220569347003
1833 0.000203714811651
1834 0.000188094905145
1835 0.000173383479207
1836 0.000159355453938
1837 0.00014662558605
1838 0.000135086672237
1839 0.000124051085493
1840 0.00011423331893
1841 0.00010536499564
1842 9.71602088086e-05
1843 8.95825956217e-05
1844 8.24130421313e-05
1845 7.60068410307e-05
1846 7.03549886922e-05
1847 6.52122454745e-05
1848 6.04516589171e-05
1849 5.61561872994e-05
1850 -0.0140414247991
1851 -0.0125898346281
1852 -0.00999880308312
1853 -0.00768631580893
1854 -0.00526040722506
1855 -0.00340776733074
1856 -0.00204069667987
1857 -0.00112081905479
1858 -0.000436048283819
1859 -8.63071916859e-07
1860 0.00027034861334
1861 0.000451349342674
1862 0.000540457979341
1863 0.00059396963619
1864 0.000605327331828
1865 0.000598199029364
1866 0.000579267491617
1867 0.000552885164517
1868 0.00052169130553
1869 0.000488176312053
1870 0.00045007111684
1871 0.000400944053695
1872 0.000340027565495
1873 0.000283018001513
1874 0.000247328234048
1875 0.000236481748862
1876 0.000239679190902
1877 0.000245656733302
1878 0.000248403485817
1879 0.000243938281492
1880 0.000233304431701
1881 0.000222316960148
1882 0.000209297591586
1883 0.000193723903477
1884 0.000179214759431
1885 0.000165514943625
1886 0.000152409334505
1887 0.000140569589218
1888 0.000129773932334
1889 0.00011942575118
1890 0.000110176074135
1891 0.000101796321635
1892 9.40006003381e-05
1893 8.67809761698e-05
1894 7.99346141849e-05
1895 7.38296346852e-05
1896 6.84246992647e-05
1897 6.34890554548e-05
1898 5.89309627793e-05
1899 5.47905179105e-05
1900 -0.0112204403752
1901 -0.010278530045
1902 -0.00858744383809
1903 -0.00700923682607
1904 -0.00520417692336
1905 -0.00370862910658
1906 -0.00251274792237
1907 -0.00164022402128
1908 -0.000945085506386
1909 -0.000466191193866
1910 -0.000136811298067
1911 0.000103829213917
1912 0.00024484111296
1913 0.000348849123921
1914 0.000400177722552
1915 0.000427211964894
1916 0.000436952501456
1917 0.000433738817158
1918 0.000422281860474
1919 0.000403648569957
1920 0.000376109604458
1921 0.000335987949282
1922 0.000286208534887
1923 0.000243149335486
1924 0.000220490980115
1925 0.000217679126995
1926 0.000223930031903
1927 0.000230217554524
1928 0.000232619104801
1929 0.000228340568501
1930 0.00021857142144
1931 0.000208489864062
1932 0.000196633558753
1933 0.000182473273131
1934 0.000169239255043
1935 0.000156653434742
1936 0.000144603134962
1937 0.000133690956286
1938 0.000123722899794
1939 0.000114129876106
1940 0.000105506031062
1941 9.76675947712e-05
1942 9.03352977539e-05
1943 8.35356694553e-05
1944 7.70757607615e-05
1945 7.13112980644e-05
1946 6.61683425023e-05
1947 6.14973630063e-05
1948 5.71343351591e-05
1949 5.32038377981e-05
1950 -0.0091195015045
1951 -0.0084714122462
1952 -0.00732504686448
1953 -0.00623687158548
1954 -0.00489915240366
1955 -0.00372430720695
1956 -0.00272357486437
1957 -0.00194493468575
1958 -0.00128957071329
1959 -0.000810328496303
1960 -0.000457371278299
1961 -0.000184256363684
1962 -9.85831763615e-06
1963 0.000129924562598
1964 0.000212082785069
1965 0.00026666537162
1966 0.000300581022771
1967 0.000317626278479
1968 0.000323697894305
1969 0.000318497327133
1970 0.000300888590938
1971 0.000270357256274
1972 0.000233228977466
1973 0.000204797736459
1974 0.000194191142162
1975 0.000197880597975
1976 0.000206185747382
1977 0.000212499366437
1978 0.000214653352438
1979 0.000210810136576
1980 0.00020213748117
1981 0.000193181812372
1982 0.000182623608793
1983 0.000170020713103
1984 0.000158181277115
1985 0.000146973592012
1986 0.000136103255283
1987 0.000126199908946
1988 0.00011709801798
1989 0.000108303895492
1990 0.000100352638955
1991 9.31079357479e-05
1992 8.62869609567e-05
1993 7.99390849e-05
1994 7.38951332679e-05
1995 6.84760449049e-05
1996 6.36273609153e-05
1997 5.92251378845e-05
1998 5.51105783589e-05
1999 5.13937875897e-05
2000 -0.00751783384818
2001 -0.0070531577843
2002 -0.0062461292283
2003 -0.00548493292108
2004 -0.00448933875669
2005 -0.00357603993209
2006 -0.0027590338672
2007 -0.00209095128281
2008 -0.00150038961152
2009 -0.00104774631867
2010 -0.000696773853612
2011 -0.000412251495177
2012 -0.000220263814837
2013 -5.8023616134e-05
2014 4.58337313612e-05
2015 0.000121403885356
2016 0.000174517918614
2017 0.000208261878595
2018 0.000229231836124
2019 0.000235628282737
2020 0.000227369849809
2021 0.000207123704539
2022 0.00018361097947
2023 0.000169214638067
2024 0.000168758054346
2025 0.000177206636785
2026 0.000186745835826
2027 0.000193012244761
2028 0.000195107109427
2029 0.000191936483283
2030 0.000184565819794
2031 0.00017688210898
2032 0.00016776896818
2033 0.000156833055756
2034 0.000146537657857
2035 0.000136612726165
2036 0.000126915004025
2037 0.000118117638074
2038 0.000109967908643
2039 0.00010203219716
2040 9.48108334935e-05
2041 8.81789993361e-05
2042 8.19004388353e-05
2043 7.60377866405e-05
2044 7.04473071749e-05
2045 6.54111383147e-05
2046 6.08830695818e-05
2047 5.6757788106e-05
2048 5.29057827857e-05
2049 4.94092749858e-05
2050 -0.00627412642378
2051 -0.00592774501617
2052 -0.0053432946739
2053 -0.00480386925575
2054 -0.00405619933247
2055 -0.00334711855495
2056 -0.00268888048091
2057 -0.00212828000606
2058 -0.00161133688666
2059 -0.00119920160455
2060 -0.000865553590541
2061 -0.000584835855009
2062 -0.000387042886302
2063 -0.000212855521969
2064 -9.55407940844e-05
2065 -5.4646899621e-06
2066 6.1896797707e-05
2067 0.000108576280207
2068 0.000141526308873
2069 0.000157797347844
2070 0.000158583625425
2071 0.000149173948211
2072 0.000139090985602
2073 0.000136828147561
2074 0.000143958977379
2075 0.00015542159627
2076 0.000165578744576
2077 0.000171834327704
2078 0.000174101993622
2079 0.000171840315108
2080 0.00016595873789
2081 0.000159716662575
2082 0.000152131331604
2083 0.0001429275878
2084 0.000134140481281
2085 0.000125599971985
2086 0.000117191261751
2087 0.000109505468608
2088 0.000102307233448
2089 9.52942136869e-05
2090 8.88165296143e-05
2091 8.28557227374e-05
2092 7.71485960718e-05
2093 7.1842408159e-05
2094 6.66991517711e-05
2095 6.20766701112e-05
2096 5.79023553049e-05
2097 5.40936573714e-05
2098 5.05429971948e-05
2099 4.72998558989e-05
2100 -0.00529055192421
2101 -0.00502500990105
2102 -0.00458924848603
2103 -0.00420151468842
2104 -0.00363350514044
2105 -0.0030821414562
2106 -0.00255425986989
2107 -0.00209022700088
2108 -0.00164630189185
2109 -0.00128033831544
2110 -0.000973739655743
2111 -0.000707399228755
2112 -0.000513221606635
2113 -0.000336433862272
2114 -0.00021241118885
2115 -0.000113606291562
2116 -3.64195697661e-05
2117 2.01513794764e-05
2118 6.25819153725e-05
2119 8.73951444646e-05
2120 9.70314233348e-05
2121 9.83852176467e-05
2122 0.000100130740828
2123 0.000107215024634
2124 0.000119364369211
2125 0.000132469882075
2126 0.000142938971524
2127 0.00014940685437
2128 0.000152150916295
2129 0.000151026176874
2130 0.000146827444842
2131 0.00014211018143
2132 0.000136110354136
2133 0.000128677154253
2134 0.000121442615025
2135 0.000114314287183
2136 0.000107171392375
2137 0.000100609782709
2138 9.43950454202e-05
2139 8.82598729699e-05
2140 8.25477021394e-05
2141 7.72534044318e-05
2142 7.21598430888e-05
2143 6.73810958675e-05
2144 6.27367698691e-05
2145 5.85340540684e-05
2146 5.47368802302e-05
2147 5.12640495425e-05
2148 4.80145135299e-05
2149 4.50348575112e-05
2150 -0.00450124359279
2151 -0.0042918028903
2152 -0.00395994361106
2153 -0.00367782782033
2154 -0.00324100890056
2155 -0.00280979762171
2156 -0.00238770421495
2157 -0.0020063414245
2158 -0.00162927921421
2159 -0.00131092601789
2160 -0.00103512068316
2161 -0.000788593779777
2162 -0.000604159107295
2163 -0.000431156612993
2164 -0.00030581016236
2165 -0.000202612535893
2166 -0.000119093769088
2167 -5.52376713631e-05
2168 -5.36936039868e-06
2169 2.67430192518e-05
2170 4.45399253957e-05
2171 5.52504260899e-05
2172 6.60927380277e-05
2173 7.94668930066e-05
2174 9.44792646808e-05
2175 0.000108370432002
2176 0.00011912887771
2177 0.000126089150378
2178 0.000129594982124
2179 0.000129838434035
2180 0.000127428293546
2181 0.000124276610036
2182 0.000119879824912
2183 0.000114204600423
2184 0.000108517624745
2185 0.000102778905842
2186 9.69263299729e-05
2187 9.14900049014e-05
2188 8.62728221908e-05
2189 8.10517963845e-05
2190 7.61106692116e-05
2191 7.14833180822e-05
2192 6.69892972043e-05
2193 6.2748906514e-05
2194 5.85960575832e-05
2195 5.48375246977e-05
2196 5.14203397953e-05
2197 4.82973330061e-05
2198 4.53513698565e-05
2199 4.26352970778e-05
2200 -0.00386184759273
2201 -0.00369297380807
2202 -0.00343418512683
2203 -0.00322671018413
2204 -0.00288728265271
2205 -0.00254785296233
2206 -0.00220960070956
2207 -0.00189702189886
2208 -0.00157877879382
2209 -0.00130465113042
2210 -0.00106130754956
2211 -0.000837088174458
2212 -0.000665815423587
2213 -0.000500315853207
2214 -0.000377293583284
2215 -0.000272580794928
2216 -0.000185157060845
2217 -0.000115901224236
2218 -6.04600320461e-05
2219 -2.26738174255e-05
2220 1.46048733808e-06
2221 1.88521503039e-05
2222 3.56403586649e-05
2223 5.26390359245e-05
2224 6.90716607599e-05
2225 8.34181399034e-05
2226 9.46310526327e-05
2227 0.000102381902824
2228 0.000106874729786
2229 0.000108623276969
2230 0.00010805047445
2231 0.000106470862939
2232 0.000103679480383
2233 9.97142524515e-05
2234 9.55534386251e-05
2235 9.11943828045e-05
2236 8.66142735674e-05
2237 8.22774469137e-05
2238 7.8025658061e-05
2239 7.36908023574e-05
2240 6.95053052213e-05
2241 6.5544831692e-05
2242 6.16857352839e-05
2243 5.79943096946e-05
2244 5.43438231003e-05
2245 5.10279110611e-05
2246 4.80031849429e-05
2247 4.52314956927e-05
2248 4.26122069986e-05
2249 4.01756368164e-05
2250 -0.00333869474081
2251 -0.00319832573653
2252 -0.00299402197759
2253 -0.00283999685893
2254 -0.00257255065215
2255 -0.00230372560984
2256 -0.00203196187788
2257 -0.00177609362398
2258 -0.00150870381387
2259 -0.00127431013845
2260 -0.00106133919367
2261 -0.000859942974628
2262 -0.000703061026769
2263 -0.000547324502468
2264 -0.00042802871423
2265 -0.000323255934141
2266 -0.000233246940765
2267 -0.000160495850704
2268 -0.000101931553824
2269 -6.12271023322e-05
2270 -3.37678117296e-05
2271 -1.28168804207e-05
2272 7.14789477131e-06
2273 2.60276521473e-05
2274 4.31795845417e-05
2275 5.80184105518e-05
2276 6.99347803851e-05
2277 7.87411203649e-05
2278 8.4405929411e-05
2279 8.77431650469e-05
2280 8.89904818758e-05
2281 8.89655752726e-05
2282 8.77695390761e-05
2283 8.54705304607e-05
2284 8.2766042348e-05
2285 7.97187733249e-05
2286 7.63601657635e-05
2287 7.30775278781e-05
2288 6.97487896307e-05
2289 6.62637924601e-05
2290 6.28393211931e-05
2291 5.95666029275e-05
2292 5.63144789719e-05
2293 5.31676999453e-05
2294 5.00266669585e-05
2295 4.71596452665e-05
2296 4.45266982342e-05
2297 4.20989384548e-05
2298 3.97862280038e-05
2299 3.76126659823e-05
2300 -0.00290454908135
2301 -0.00278714402221
2302 -0.00262302138631
2303 -0.00250746584665
2304 -0.00229524260848
2305 -0.00208072690873
2306 -0.00186122753432
2307 -0.00165193232587
2308 -0.00142742266361
2309 -0.00122799436196
2310 -0.0010423960843
2311 -0.000862660666266
2312 -0.000719824913143
2313 -0.000573942513653
2314 -0.00045830645239
2315 -0.000354013388899
2316 -0.000263204299348
2317 -0.000189854136096
2318 -0.000131966989542
2319 -9.18371952123e-05
2320 -6.41870408024e-05
2321 -4.2054731401e-05
2322 -2.05517275132e-05
2323 -5.63182272312e-07
2324 1.725580963e-05
2325 3.27915214811e-05
2326 4.5662385155e-05
2327 5.57217608445e-05
2328 6.27001078479e-05
2329 6.76348096227e-05
2330 7.06299685211e-05
2331 7.21009570626e-05
2332 7.24003481189e-05
2333 7.16441497338e-05
2334 7.03048338477e-05
2335 6.84813508111e-05
2336 6.62606577224e-05
2337 6.39808257417e-05
2338 6.15503122502e-05
2339 5.89182744526e-05
2340 5.62169298253e-05
2341 5.35938029169e-05
2342 5.09400844213e-05
2343 4.83208646744e-05
2344 4.56712259704e-05
2345 4.32435288737e-05
2346 4.09883260459e-05
2347 3.89001766918e-05
2348 3.69031402743e-05
2349 3.49993195252e-05
2350 -0.00254332195434
2351 -0.00244324602758
2352 -0.00230855618614
2353 -0.00222215653203
2354 -0.00205144652681
2355 -0.00187898646888
2356 -0.0017011092006
2357 -0.00152950955545
2358 -0.00134068993283
2359 -0.00117100427409
2360 -0.00100939581758
2361 -0.000848550428815
2362 -0.00071741280582
2363 -0.000580015611947
2364 -0.000467438670075
2365 -0.000364930320593
2366 -0.000276693690365
2367 -0.000207559352961
2368 -0.000154693639937
2369 -0.000118364756773
2370 -9.24522320711e-05
2371 -7.02216751499e-05
2372 -4.77999589767e-05
2373 -2.68461496987e-05
2374 -8.21655123033e-06
2375 8.2549555075e-06
2376 2.22589538439e-05
2377 3.3723757304e-05
2378 4.20290785502e-05
2379 4.84686154082e-05
2380 5.3088805768e-05
2381 5.59502577338e-05
2382 5.76227611308e-05
2383 5.82978473923e-05
2384 5.82469120235e-05
2385 5.75822117165e-05
2386 5.6461108468e-05
2387 5.5113134418e-05
2388 5.35150933697e-05
2389 5.16571034789e-05
2390 4.96513278855e-05
2391 4.76410419851e-05
2392 4.55635148777e-05
2393 4.34621252219e-05
2394 4.13018844312e-05
2395 3.93041189221e-05
2396 3.74234337865e-05
2397 3.56725940744e-05
2398 3.39858588529e-05
2399 3.23527556097e-05
2400 -0.00224160129583
2401 -0.00215530949423
2402 -0.00204331052158
2403 -0.00197837583437
2404 -0.00184013654646
2405 -0.00170014976013
2406 -0.0015547287405
2407 -0.00141274838244
2408 -0.00125263265495
2409 -0.00110650626477
2410 -0.000963488045246
2411 -0.00081749391324
2412 -0.00069477847962
2413 -0.000564645988391
2414 -0.000456146694498
2415 -0.000359534203832
2416 -0.000279416903862
2417 -0.000219846154619
2418 -0.000175313082879
2419 -0.000143867810219
2420 -0.000119818762278
2421 -9.74400379484e-05
2422 -7.40412383897e-05
2423 -5.1977941662e-05
2424 -3.23934697137e-05
2425 -1.48344216124e-05
2426 3.23833926551e-07
2427 1.30967399155e-05
2428 2.26370937195e-05
2429 3.04301415845e-05
2430 3.65188329128e-05
2431 4.06464324325e-05
2432 4.35738378965e-05
2433 4.55465360397e-05
2434 4.66657553899e-05
2435 4.70742910988e-05
2436 4.69658386048e-05
2437 4.64877821287e-05
2438 4.56747675408e-05
2439 4.45626685426e-05
2440 4.32350812914e-05
2441 4.18241105529e-05
2442 4.02878348361e-05
2443 3.86792180382e-05
2444 3.69917417234e-05
2445 3.54120819981e-05
2446 3.39042258497e-05
2447 3.24736986709e-05
2448 3.10726175747e-05
2449 2.97100117346e-05
2450 -0.00198436269128
2451 -0.00190856269272
2452 -0.00181609071077
2453 -0.00176586742568
2454 -0.00165277029259
2455 -0.00153769584985
2456 -0.00141717038168
2457 -0.00129739254916
2458 -0.00115910282371
2459 -0.00103061293825
2460 -0.000900364899974
2461 -0.000766085994754
2462 -0.000650108399342
2463 -0.000529300958121
2464 -0.00043040488634
2465 -0.000346646790317
2466 -0.000280684264781
2467 -0.00023366347732
2468 -0.000197620583954
2469 -0.000170197624597
2470 -0.00014695484305
2471 -0.000123776600228
2472 -9.89908419652e-05
2473 -7.56432366326e-05
2474 -5.49939316018e-05
2475 -3.63095825696e-05
2476 -2.00143610916e-05
2477 -6.00419278109e-06
2478 4.67614041033e-06
2479 1.37095478688e-05
2480 2.11298918838e-05
2481 2.63859447068e-05
2482 3.04296908315e-05
2483 3.35532477685e-05
2484 3.57268000539e-05
2485 3.70977468579e-05
2486 3.78947083896e-05
2487 3.82071401381e-05
2488 3.81143153554e-05
2489 3.76835600666e-05
2490 3.69841881859e-05
2491 3.61287333147e-05
2492 3.50990691913e-05
2493 3.39594939517e-05
2494 3.27252420389e-05
2495 3.15456689919e-05
2496 3.03945232917e-05
2497 2.92952539598e-05
2498 2.81849540229e-05
2499 2.70794143729e-05
