0 -3.19789650659e-06
1 -3.00568478851e-06
2 -2.95277202113e-06
3 -2.87445815618e-06
4 -3.05396082286e-06
5 -2.92402806408e-06
6 -2.97033541865e-06
7 -2.98761331746e-06
8 -2.95539940399e-06
9 -2.97599697478e-06
10 -2.99287746114e-06
11 -3.00616889952e-06
12 -3.00072309033e-06
13 -2.9504698181e-06
14 -2.9825941439e-06
15 -2.98388367297e-06
16 -2.95057194254e-06
17 -2.95802327557e-06
18 -2.95276770584e-06
19 -2.93753027078e-06
20 -2.97249897818e-06
21 -2.97428453176e-06
22 -2.96227222643e-06
23 -2.94919003731e-06
24 -2.96155556088e-06
25 -2.96371779565e-06
26 -2.94461716509e-06
27 -2.93293615496e-06
28 -2.94724457614e-06
29 -2.94589600713e-06
30 -2.92850597738e-06
31 -2.93570174743e-06
32 -2.95501407749e-06
33 -2.95044698187e-06
34 -2.94366323663e-06
35 -2.93468007182e-06
36 -2.94263072073e-06
37 -2.94470186564e-06
38 -2.96129589093e-06
39 -2.9613315484e-06
40 -2.95851743503e-06
41 -2.96585586916e-06
42 -2.9670262751e-06
43 -2.96192524726e-06
44 -2.96035933683e-06
45 -2.95286372585e-06
46 -2.9603284153e-06
47 -2.96167124473e-06
48 -2.97320847224e-06
49 -2.97619040301e-06
50 -3.0636475583e-06
51 -2.93482663698e-06
52 -2.82619405398e-06
53 -2.89629971035e-06
54 -2.8491089753e-06
55 -2.83505972497e-06
56 -2.86750619686e-06
57 -2.89582468805e-06
58 -2.89567617424e-06
59 -2.88147613664e-06
60 -2.91599087734e-06
61 -2.8889175172e-06
62 -2.91786250611e-06
63 -2.87262514169e-06
64 -2.88064714827e-06
65 -2.88464990173e-06
66 -2.87736861204e-06
67 -2.8941237488e-06
68 -2.86812967401e-06
69 -2.86036593804e-06
70 -2.89764423198e-06
71 -2.90890087445e-06
72 -2.89460682079e-06
73 -2.8808121206e-06
74 -2.88984905787e-06
75 -2.88755231947e-06
76 -2.87006815856e-06
77 -2.86282581199e-06
78 -2.87568161e-06
79 -2.87484075713e-06
80 -2.86041001995e-06
81 -2.87321184194e-06
82 -2.88811451321e-06
83 -2.87687208146e-06
84 -2.87083391064e-06
85 -2.86601741122e-06
86 -2.87452384315e-06
87 -2.87546787158e-06
88 -2.88586644266e-06
89 -2.88456720567e-06
90 -2.88472065722e-06
91 -2.88965575043e-06
92 -2.88638853669e-06
93 -2.88084476578e-06
94 -2.87796374852e-06
95 -2.87066685001e-06
96 -2.87834504711e-06
97 -2.88005698834e-06
98 -2.88860626427e-06
99 -2.88972713981e-06
100 -3.06470844093e-06
101 -2.93635003959e-06
102 -2.82750838979e-06
103 -2.89767639889e-06
104 -2.85082912672e-06
105 -2.83671934331e-06
106 -2.86926746975e-06
107 -2.89718421745e-06
108 -2.89711085114e-06
109 -2.88317136793e-06
110 -2.91768675312e-06
111 -2.89041831458e-06
112 -2.91902703553e-06
113 -2.87385822516e-06
114 -2.88206376797e-06
115 -2.88611837008e-06
116 -2.87878280013e-06
117 -2.89544432854e-06
118 -2.86952809987e-06
119 -2.86181978018e-06
120 -2.89930247134e-06
121 -2.90929099025e-06
122 -2.89503331845e-06
123 -2.88112886908e-06
124 -2.89028278536e-06
125 -2.88781929289e-06
126 -2.87027998967e-06
127 -2.86327940222e-06
128 -2.87590455136e-06
129 -2.87431815581e-06
130 -2.8591258226e-06
131 -2.87198189338e-06
132 -2.8869435047e-06
133 -2.87553337954e-06
134 -2.86971519323e-06
135 -2.86476509738e-06
136 -2.87330151464e-06
137 -2.8742572648e-06
138 -2.88335853463e-06
139 -2.88203924323e-06
140 -2.88211177888e-06
141 -2.88781976615e-06
142 -2.88551214797e-06
143 -2.87945506789e-06
144 -2.87658938454e-06
145 -2.86911312922e-06
146 -2.87685082654e-06
147 -2.87870625399e-06
148 -2.88717883672e-06
149 -2.88822191303e-06
150 -3.0642165947e-06
151 -2.93967588269e-06
152 -2.82776336666e-06
153 -2.89962712107e-06
154 -2.8522795305e-06
155 -2.83829426042e-06
156 -2.87104916672e-06
157 -2.89835343742e-06
158 -2.89844600221e-06
159 -2.88448409673e-06
160 -2.91881893176e-06
161 -2.8938424316e-06
162 -2.92158306623e-06
163 -2.87541223101e-06
164 -2.88379340429e-06
165 -2.88828475642e-06
166 -2.88004307228e-06
167 -2.89753717163e-06
168 -2.87073681434e-06
169 -2.86264771971e-06
170 -2.90141273636e-06
171 -2.91286923612e-06
172 -2.90003990381e-06
173 -2.88518054663e-06
174 -2.89413324176e-06
175 -2.89235089521e-06
176 -2.87472706604e-06
177 -2.86785221239e-06
178 -2.88000912839e-06
179 -2.87785322081e-06
180 -2.86222873283e-06
181 -2.87444768001e-06
182 -2.89077986858e-06
183 -2.87911207861e-06
184 -2.87379366084e-06
185 -2.86763634151e-06
186 -2.87672695725e-06
187 -2.8777405632e-06
188 -2.88934619877e-06
189 -2.88908053704e-06
190 -2.88869492993e-06
191 -2.89316132304e-06
192 -2.8916505283e-06
193 -2.88469919167e-06
194 -2.88193474738e-06
195 -2.87423012836e-06
196 -2.88153352691e-06
197 -2.88345280834e-06
198 -2.8918952683e-06
199 -2.89330144924e-06
200 -3.07257216645e-06
201 -2.968772997e-06
202 -2.83227174528e-06
203 -2.91447142385e-06
204 -2.85913989733e-06
205 -2.8465861777e-06
206 -2.87924126332e-06
207 -2.91050595633e-06
208 -2.91134171865e-06
209 -2.89484649626e-06
210 -2.93393250748e-06
211 -2.90286873152e-06
212 -2.9291399827e-06
213 -2.88545378081e-06
214 -2.89541150675e-06
215 -2.9010798573e-06
216 -2.89379869153e-06
217 -2.90988550033e-06
218 -2.881670434e-06
219 -2.8720791284e-06
220 -2.91129183324e-06
221 -2.9249209198e-06
222 -2.91084926909e-06
223 -2.89496154778e-06
224 -2.9044730782e-06
225 -2.90192904429e-06
226 -2.88375318723e-06
227 -2.87735618605e-06
228 -2.89154452338e-06
229 -2.88945793054e-06
230 -2.87383547765e-06
231 -2.88611635032e-06
232 -2.90253649631e-06
233 -2.89210487739e-06
234 -2.88438558913e-06
235 -2.87794263453e-06
236 -2.88860490732e-06
237 -2.8887438402e-06
238 -2.90008131992e-06
239 -2.89996756239e-06
240 -2.89697157574e-06
241 -2.90401812771e-06
242 -2.90167561759e-06
243 -2.89701386536e-06
244 -2.89373161814e-06
245 -2.88252307862e-06
246 -2.88962021076e-06
247 -2.89318387186e-06
248 -2.90236539962e-06
249 -2.90520052428e-06
250 -3.08507660054e-06
251 -2.97126657801e-06
252 -2.84022569008e-06
253 -2.92252202035e-06
254 -2.87072276041e-06
255 -2.85413042249e-06
256 -2.88743078079e-06
257 -2.92097432626e-06
258 -2.91696830979e-06
259 -2.90430322831e-06
260 -2.94005109457e-06
261 -2.91206538451e-06
262 -2.94237886247e-06
263 -2.89747307174e-06
264 -2.90566779898e-06
265 -2.91075991279e-06
266 -2.90143485046e-06
267 -2.91881749761e-06
268 -2.88950027758e-06
269 -2.8812580691e-06
270 -2.92146676544e-06
271 -2.93567671638e-06
272 -2.91796111311e-06
273 -2.90549848876e-06
274 -2.91427225233e-06
275 -2.91059537952e-06
276 -2.89284946564e-06
277 -2.88589130463e-06
278 -2.89731990955e-06
279 -2.89646826258e-06
280 -2.88086457549e-06
281 -2.8959559501e-06
282 -2.9110168764e-06
283 -2.8998894169e-06
284 -2.89131246043e-06
285 -2.88635253579e-06
286 -2.89643312884e-06
287 -2.89653470641e-06
288 -2.90924484926e-06
289 -2.90675347066e-06
290 -2.90704184934e-06
291 -2.91344851088e-06
292 -2.91050835407e-06
293 -2.90590490939e-06
294 -2.89983201256e-06
295 -2.89132118835e-06
296 -2.8999964521e-06
297 -2.90183966065e-06
298 -2.91197777744e-06
299 -2.91344796872e-06
300 -3.10499511192e-06
301 -2.96407845174e-06
302 -2.84209344672e-06
303 -2.92257033789e-06
304 -2.8691088599e-06
305 -2.85767229604e-06
306 -2.89061544524e-06
307 -2.92070425335e-06
308 -2.91816484469e-06
309 -2.90609014996e-06
310 -2.94155182406e-06
311 -2.91508854809e-06
312 -2.94727482781e-06
313 -2.89965024342e-06
314 -2.90741327173e-06
315 -2.91049846272e-06
316 -2.90286614301e-06
317 -2.9203398814e-06
318 -2.89152638996e-06
319 -2.88383800271e-06
320 -2.92513996654e-06
321 -2.93517772809e-06
322 -2.92104498217e-06
323 -2.90690131297e-06
324 -2.9153392608e-06
325 -2.91404406942e-06
326 -2.89455495667e-06
327 -2.88743760862e-06
328 -2.89881894225e-06
329 -2.90052260517e-06
330 -2.88164444248e-06
331 -2.89647041399e-06
332 -2.91214568934e-06
333 -2.89876502778e-06
334 -2.89275321602e-06
335 -2.88727236807e-06
336 -2.8964429634e-06
337 -2.89727695447e-06
338 -2.908005423e-06
339 -2.90661253003e-06
340 -2.90707461152e-06
341 -2.91258581091e-06
342 -2.91144444271e-06
343 -2.9045890792e-06
344 -2.8999195409e-06
345 -2.89346090821e-06
346 -2.90157558856e-06
347 -2.90637866319e-06
348 -2.91361127804e-06
349 -2.91412342376e-06
350 -3.09967450545e-06
351 -2.95971225123e-06
352 -2.8449972286e-06
353 -2.91806919398e-06
354 -2.87248643774e-06
355 -2.8565019126e-06
356 -2.89275260173e-06
357 -2.91733551715e-06
358 -2.9193016933e-06
359 -2.90661997648e-06
360 -2.94256867242e-06
361 -2.91623080383e-06
362 -2.9437403448e-06
363 -2.8976829527e-06
364 -2.90560619646e-06
365 -2.91023382947e-06
366 -2.90148152716e-06
367 -2.9185582639e-06
368 -2.89077223214e-06
369 -2.88447664486e-06
370 -2.92448747663e-06
371 -2.93420752357e-06
372 -2.9209748798e-06
373 -2.90497165185e-06
374 -2.91285313098e-06
375 -2.91240896271e-06
376 -2.89476825548e-06
377 -2.88684002671e-06
378 -2.89930046258e-06
379 -2.89867906429e-06
380 -2.88036533698e-06
381 -2.89338163001e-06
382 -2.91074654172e-06
383 -2.89679841083e-06
384 -2.89509595095e-06
385 -2.88902688208e-06
386 -2.89712859648e-06
387 -2.89715324298e-06
388 -2.90887031131e-06
389 -2.9079849294e-06
390 -2.9075564695e-06
391 -2.91195787464e-06
392 -2.91204192988e-06
393 -2.90335283291e-06
394 -2.90079007222e-06
395 -2.89298142865e-06
396 -2.90170187286e-06
397 -2.90443615952e-06
398 -2.91012991198e-06
399 -2.91206745779e-06
400 -3.08882653333e-06
401 -2.96510655119e-06
402 -2.84579153716e-06
403 -2.92064074492e-06
404 -2.87121370994e-06
405 -2.8583653491e-06
406 -2.89288578502e-06
407 -2.91980338388e-06
408 -2.92154473168e-06
409 -2.90609268968e-06
410 -2.94363621512e-06
411 -2.91346240077e-06
412 -2.94123481469e-06
413 -2.89715077774e-06
414 -2.90539091791e-06
415 -2.91116463428e-06
416 -2.90285795625e-06
417 -2.91900655474e-06
418 -2.89073005094e-06
419 -2.88431446942e-06
420 -2.92228363335e-06
421 -2.93538800985e-06
422 -2.92228725826e-06
423 -2.90526475813e-06
424 -2.91538878626e-06
425 -2.91263802399e-06
426 -2.89431546022e-06
427 -2.88951320728e-06
428 -2.90338963646e-06
429 -2.90081925452e-06
430 -2.88296972123e-06
431 -2.89655396938e-06
432 -2.91348165121e-06
433 -2.90193362008e-06
434 -2.89517281115e-06
435 -2.89023095325e-06
436 -2.89880724281e-06
437 -2.89866727616e-06
438 -2.90983035431e-06
439 -2.90899443478e-06
440 -2.90739619231e-06
441 -2.91285828275e-06
442 -2.91147763462e-06
443 -2.90554087447e-06
444 -2.9030757457e-06
445 -2.89466349323e-06
446 -2.9013999168e-06
447 -2.90395034159e-06
448 -2.91029197109e-06
449 -2.91398400982e-06
450 -3.08742104673e-06
451 -2.96696386852e-06
452 -2.84759841952e-06
453 -2.92060435266e-06
454 -2.87257174831e-06
455 -2.86156962036e-06
456 -2.89382822479e-06
457 -2.92292686611e-06
458 -2.92214285274e-06
459 -2.90790958043e-06
460 -2.94559803342e-06
461 -2.91300295252e-06
462 -2.94256991469e-06
463 -2.89920505359e-06
464 -2.90785615774e-06
465 -2.91335561577e-06
466 -2.90641045654e-06
467 -2.92028185331e-06
468 -2.8930281685e-06
469 -2.88598542751e-06
470 -2.92441928204e-06
471 -2.93687613311e-06
472 -2.92159276502e-06
473 -2.90711351811e-06
474 -2.91805303695e-06
475 -2.91191930848e-06
476 -2.89608149829e-06
477 -2.89000407673e-06
478 -2.90279932033e-06
479 -2.89980761398e-06
480 -2.88315668568e-06
481 -2.89705118121e-06
482 -2.91311366169e-06
483 -2.90151381847e-06
484 -2.89740967239e-06
485 -2.89069611848e-06
486 -2.900668457e-06
487 -2.90119267357e-06
488 -2.91304889904e-06
489 -2.91024412654e-06
490 -2.91030063616e-06
491 -2.91699930337e-06
492 -2.91468446187e-06
493 -2.9090122529e-06
494 -2.9050815206e-06
495 -2.8946666986e-06
496 -2.90307397464e-06
497 -2.90506499516e-06
498 -2.91338619381e-06
499 -2.91567223885e-06
500 -3.08723157525e-06
501 -2.96761654157e-06
502 -2.85034084645e-06
503 -2.92238387631e-06
504 -2.87489264815e-06
505 -2.86365793717e-06
506 -2.89480734177e-06
507 -2.92563502491e-06
508 -2.92266289896e-06
509 -2.91104619408e-06
510 -2.94552385e-06
511 -2.91549608906e-06
512 -2.94548585141e-06
513 -2.90173910877e-06
514 -2.91032334299e-06
515 -2.91576561805e-06
516 -2.9064225602e-06
517 -2.92286249502e-06
518 -2.89480744246e-06
519 -2.88823328033e-06
520 -2.92594558832e-06
521 -2.9388008496e-06
522 -2.92295286463e-06
523 -2.91013214031e-06
524 -2.91974390713e-06
525 -2.91428423299e-06
526 -2.89764836935e-06
527 -2.89226300771e-06
528 -2.90528166681e-06
529 -2.90251952948e-06
530 -2.88526826204e-06
531 -2.90033919882e-06
532 -2.91567873924e-06
533 -2.90328345753e-06
534 -2.89816872451e-06
535 -2.89126925735e-06
536 -2.90116746306e-06
537 -2.90044888274e-06
538 -2.91230794719e-06
539 -2.9084509469e-06
540 -2.90920011595e-06
541 -2.91504443724e-06
542 -2.91322103951e-06
543 -2.90819859663e-06
544 -2.90502011201e-06
545 -2.89628806109e-06
546 -2.90467576027e-06
547 -2.90757441621e-06
548 -2.91602722111e-06
549 -2.91668528133e-06
550 -3.09052594114e-06
551 -2.96712497454e-06
552 -2.85086041331e-06
553 -2.92590477204e-06
554 -2.87590038891e-06
555 -2.86617663079e-06
556 -2.89618309576e-06
557 -2.9274708651e-06
558 -2.92314966128e-06
559 -2.91217194406e-06
560 -2.94518890574e-06
561 -2.91758418217e-06
562 -2.94778263486e-06
563 -2.90393335964e-06
564 -2.91129116539e-06
565 -2.91731264276e-06
566 -2.90819259821e-06
567 -2.92504786132e-06
568 -2.89582415902e-06
569 -2.89002480561e-06
570 -2.9285330606e-06
571 -2.9393570249e-06
572 -2.92592281118e-06
573 -2.91143834558e-06
574 -2.92084838445e-06
575 -2.91754523064e-06
576 -2.89910057843e-06
577 -2.89466098781e-06
578 -2.90664686903e-06
579 -2.90475224085e-06
580 -2.88569453602e-06
581 -2.90145978003e-06
582 -2.91819052376e-06
583 -2.90477980449e-06
584 -2.8979500044e-06
585 -2.892658605e-06
586 -2.90194172546e-06
587 -2.90357523469e-06
588 -2.91475372555e-06
589 -2.91246861739e-06
590 -2.91427441969e-06
591 -2.91798441207e-06
592 -2.91861049249e-06
593 -2.91200917364e-06
594 -2.90664273862e-06
595 -2.90041492713e-06
596 -2.90642597542e-06
597 -2.90987653383e-06
598 -2.91723380593e-06
599 -2.9180252814e-06
600 -3.09756544872e-06
601 -2.97127181366e-06
602 -2.85160160386e-06
603 -2.92849340842e-06
604 -2.87608661295e-06
605 -2.86819105821e-06
606 -2.89800825431e-06
607 -2.9292140484e-06
608 -2.92527536197e-06
609 -2.9140753442e-06
610 -2.94804567533e-06
611 -2.91932203587e-06
612 -2.94996909094e-06
613 -2.90523834946e-06
614 -2.91377652957e-06
615 -2.91939568021e-06
616 -2.91163995271e-06
617 -2.92704410582e-06
618 -2.89840025424e-06
619 -2.89286267617e-06
620 -2.92945996075e-06
621 -2.94083762447e-06
622 -2.92844153468e-06
623 -2.91277869302e-06
624 -2.92229739267e-06
625 -2.9192901329e-06
626 -2.89997228074e-06
627 -2.89634802446e-06
628 -2.90830208274e-06
629 -2.90726617153e-06
630 -2.88631663751e-06
631 -2.90239020847e-06
632 -2.91957699094e-06
633 -2.90747255315e-06
634 -2.90030360031e-06
635 -2.89581944597e-06
636 -2.90511578381e-06
637 -2.90573582933e-06
638 -2.91607233321e-06
639 -2.91406432437e-06
640 -2.91406277235e-06
641 -2.91838025246e-06
642 -2.91892539716e-06
643 -2.91322402502e-06
644 -2.90856599851e-06
645 -2.90207019191e-06
646 -2.90741124317e-06
647 -2.91275022597e-06
648 -2.91830055769e-06
649 -2.92050634968e-06
650 -3.10202434514e-06
651 -2.97466879401e-06
652 -2.852499573e-06
653 -2.92788873709e-06
654 -2.87678788139e-06
655 -2.86793577046e-06
656 -2.89922207522e-06
657 -2.92867584374e-06
658 -2.92649145242e-06
659 -2.9147494445e-06
660 -2.95008116585e-06
661 -2.9200375093e-06
662 -2.94961782885e-06
663 -2.90599203585e-06
664 -2.91500852041e-06
665 -2.91965173526e-06
666 -2.91328251979e-06
667 -2.92774584601e-06
668 -2.89902423533e-06
669 -2.89335748068e-06
670 -2.93039930161e-06
671 -2.94205348028e-06
672 -2.92894691141e-06
673 -2.9148248567e-06
674 -2.92284646459e-06
675 -2.92008061384e-06
676 -2.90190907032e-06
677 -2.89718797662e-06
678 -2.91044676812e-06
679 -2.90960196408e-06
680 -2.89014334684e-06
681 -2.90666708783e-06
682 -2.92277154626e-06
683 -2.90959870508e-06
684 -2.90360407311e-06
685 -2.89888571327e-06
686 -2.9069105422e-06
687 -2.90766324575e-06
688 -2.91863409583e-06
689 -2.9154929572e-06
690 -2.91519516772e-06
691 -2.92020986643e-06
692 -2.92076044239e-06
693 -2.91385787477e-06
694 -2.90978850016e-06
695 -2.90221473806e-06
696 -2.90874766504e-06
697 -2.91311232792e-06
698 -2.91779457465e-06
699 -2.92069560972e-06
700 -3.09981676287e-06
701 -2.97471239862e-06
702 -2.85464666199e-06
703 -2.92836483103e-06
704 -2.88071520986e-06
705 -2.86944574108e-06
706 -2.90075641683e-06
707 -2.92991234357e-06
708 -2.92711247473e-06
709 -2.91638809995e-06
710 -2.95195028149e-06
711 -2.92119000203e-06
712 -2.95097398757e-06
713 -2.90713701028e-06
714 -2.91635096422e-06
715 -2.9214648206e-06
716 -2.91504999436e-06
717 -2.92803000636e-06
718 -2.9012678986e-06
719 -2.89502650777e-06
720 -2.93196175394e-06
721 -2.94276558212e-06
722 -2.92982639138e-06
723 -2.91574856408e-06
724 -2.92373504408e-06
725 -2.92050822373e-06
726 -2.90340668595e-06
727 -2.89797564865e-06
728 -2.91115054201e-06
729 -2.90980174758e-06
730 -2.89024133532e-06
731 -2.90607305144e-06
732 -2.92261405937e-06
733 -2.90944240216e-06
734 -2.90458340349e-06
735 -2.8996711729e-06
736 -2.9073321387e-06
737 -2.90825430468e-06
738 -2.91940585028e-06
739 -2.91567533799e-06
740 -2.91712773357e-06
741 -2.92175043781e-06
742 -2.92376513247e-06
743 -2.91612634149e-06
744 -2.91189986494e-06
745 -2.9039354095e-06
746 -2.91132937644e-06
747 -2.91560179471e-06
748 -2.92029200339e-06
749 -2.92275965622e-06
750 -3.10244827156e-06
751 -2.97897053396e-06
752 -2.85546144911e-06
753 -2.93085082374e-06
754 -2.88214442848e-06
755 -2.87141808367e-06
756 -2.90260705365e-06
757 -2.93281177849e-06
758 -2.92844471805e-06
759 -2.91869832014e-06
760 -2.95332266525e-06
761 -2.92461804429e-06
762 -2.95275874424e-06
763 -2.90924560837e-06
764 -2.91862679811e-06
765 -2.92359727328e-06
766 -2.91715280659e-06
767 -2.93072081522e-06
768 -2.90302206961e-06
769 -2.89772702415e-06
770 -2.93384501984e-06
771 -2.9454414778e-06
772 -2.93319518861e-06
773 -2.91803017979e-06
774 -2.92596273639e-06
775 -2.921666014e-06
776 -2.90529535583e-06
777 -2.90116109535e-06
778 -2.9142510921e-06
779 -2.91104108022e-06
780 -2.89230708546e-06
781 -2.90825670591e-06
782 -2.92478974794e-06
783 -2.91152379264e-06
784 -2.90534503813e-06
785 -2.90018105038e-06
786 -2.90794979785e-06
787 -2.9081242559e-06
788 -2.92109114212e-06
789 -2.91642770669e-06
790 -2.91873129949e-06
791 -2.92345864492e-06
792 -2.92569079824e-06
793 -2.91830248036e-06
794 -2.9134024051e-06
795 -2.90599613605e-06
796 -2.9137376015e-06
797 -2.91701728279e-06
798 -2.92215007941e-06
799 -2.92439687637e-06
800 -3.10210495833e-06
801 -2.97910150634e-06
802 -2.85679001022e-06
803 -2.93447088364e-06
804 -2.88342466404e-06
805 -2.87477860129e-06
806 -2.90545249162e-06
807 -2.93606050313e-06
808 -2.93085855063e-06
809 -2.92083772639e-06
810 -2.95540567743e-06
811 -2.92539145554e-06
812 -2.9553516851e-06
813 -2.91186804334e-06
814 -2.92071179718e-06
815 -2.92633473072e-06
816 -2.91993364304e-06
817 -2.93262390407e-06
818 -2.90580869826e-06
819 -2.9008910399e-06
820 -2.93543588374e-06
821 -2.94795559885e-06
822 -2.93552148452e-06
823 -2.92008129537e-06
824 -2.92806199003e-06
825 -2.92536963154e-06
826 -2.90713663911e-06
827 -2.90343972439e-06
828 -2.91634067083e-06
829 -2.91386790896e-06
830 -2.89388756788e-06
831 -2.91137725685e-06
832 -2.92742184338e-06
833 -2.91412487449e-06
834 -2.90570086421e-06
835 -2.90362269056e-06
836 -2.91093526662e-06
837 -2.91206159982e-06
838 -2.92355696083e-06
839 -2.91984153903e-06
840 -2.92123816491e-06
841 -2.92519909446e-06
842 -2.92626687463e-06
843 -2.92012004326e-06
844 -2.915032665e-06
845 -2.90809625029e-06
846 -2.91562852445e-06
847 -2.91896277084e-06
848 -2.923762224e-06
849 -2.92673972684e-06
850 -3.10262153242e-06
851 -2.98255282716e-06
852 -2.85840716675e-06
853 -2.93567697133e-06
854 -2.88533794099e-06
855 -2.8765527272e-06
856 -2.90749372604e-06
857 -2.93834102092e-06
858 -2.93320276706e-06
859 -2.92298656231e-06
860 -2.95702301794e-06
861 -2.9272728651e-06
862 -2.95712101418e-06
863 -2.91407223843e-06
864 -2.92230873399e-06
865 -2.92909948881e-06
866 -2.92264580743e-06
867 -2.93495467914e-06
868 -2.90778452121e-06
869 -2.90270155904e-06
870 -2.93800714488e-06
871 -2.94964661045e-06
872 -2.93657819901e-06
873 -2.9224964889e-06
874 -2.930133087e-06
875 -2.92727094718e-06
876 -2.90812900612e-06
877 -2.90569069498e-06
878 -2.91819922589e-06
879 -2.91544651482e-06
880 -2.89486141928e-06
881 -2.91307870268e-06
882 -2.92959689524e-06
883 -2.91721498406e-06
884 -2.90850496179e-06
885 -2.90634907199e-06
886 -2.91241381287e-06
887 -2.91433025779e-06
888 -2.9249185816e-06
889 -2.92087359686e-06
890 -2.92385814199e-06
891 -2.92745563585e-06
892 -2.92883171605e-06
893 -2.923310489e-06
894 -2.91747528263e-06
895 -2.91127042296e-06
896 -2.91765431241e-06
897 -2.92172385865e-06
898 -2.92609665417e-06
899 -2.92880299218e-06
900 -3.10953219882e-06
901 -2.98173220614e-06
902 -2.86031210881e-06
903 -2.93874872544e-06
904 -2.88856600343e-06
905 -2.8781783134e-06
906 -2.90921321333e-06
907 -2.94097081378e-06
908 -2.93472108272e-06
909 -2.92577477834e-06
910 -2.96038519432e-06
911 -2.92825319449e-06
912 -2.95917683757e-06
913 -2.91497505603e-06
914 -2.92468833263e-06
915 -2.93009507242e-06
916 -2.92542123976e-06
917 -2.93606565299e-06
918 -2.90958997984e-06
919 -2.90500588704e-06
920 -2.93990182256e-06
921 -2.95074135125e-06
922 -2.9392844416e-06
923 -2.92414671303e-06
924 -2.93205918994e-06
925 -2.92936149146e-06
926 -2.91092845362e-06
927 -2.908615649e-06
928 -2.92121840735e-06
929 -2.91935218451e-06
930 -2.89861374585e-06
931 -2.91647059196e-06
932 -2.93335023329e-06
933 -2.9202840775e-06
934 -2.91326280024e-06
935 -2.91049190965e-06
936 -2.91636999978e-06
937 -2.91883192742e-06
938 -2.92896056892e-06
939 -2.92432019224e-06
940 -2.92614240355e-06
941 -2.93036080648e-06
942 -2.93100762797e-06
943 -2.9254629399e-06
944 -2.9193902878e-06
945 -2.91250757814e-06
946 -2.92000357436e-06
947 -2.92338617574e-06
948 -2.92809628556e-06
949 -2.93052820488e-06
950 -3.10968739219e-06
951 -2.98617711329e-06
952 -2.86382248985e-06
953 -2.9413873537e-06
954 -2.89048058075e-06
955 -2.88145511563e-06
956 -2.91162689673e-06
957 -2.94417337652e-06
958 -2.93696130245e-06
959 -2.92938704184e-06
960 -2.96228034739e-06
961 -2.9308099489e-06
962 -2.96218773196e-06
963 -2.91779369139e-06
964 -2.92872789838e-06
965 -2.93280597317e-06
966 -2.92850747762e-06
967 -2.93918112696e-06
968 -2.91265463901e-06
969 -2.90860508921e-06
970 -2.94296317753e-06
971 -2.95355076918e-06
972 -2.94200672152e-06
973 -2.92730289639e-06
974 -2.93457913357e-06
975 -2.93188604534e-06
976 -2.91392483268e-06
977 -2.91042119852e-06
978 -2.92319201614e-06
979 -2.92030236671e-06
980 -2.89926801868e-06
981 -2.91729319024e-06
982 -2.93475188774e-06
983 -2.92076570257e-06
984 -2.91362913263e-06
985 -2.91107741415e-06
986 -2.91662462051e-06
987 -2.91935110415e-06
988 -2.92903246594e-06
989 -2.9238924487e-06
990 -2.92819896471e-06
991 -2.93245225557e-06
992 -2.93397280028e-06
993 -2.92784725285e-06
994 -2.92228180285e-06
995 -2.91551596523e-06
996 -2.92341637856e-06
997 -2.92753934702e-06
998 -2.93113156269e-06
999 -2.93457321217e-06
1000 -3.11076931068e-06
1001 -2.99125873752e-06
1002 -2.86554953188e-06
1003 -2.94254470861e-06
1004 -2.89152824637e-06
1005 -2.88316266221e-06
1006 -2.91353360344e-06
1007 -2.94588371939e-06
1008 -2.93833152838e-06
1009 -2.93138488981e-06
1010 -2.96455937467e-06
1011 -2.93347735742e-06
1012 -2.96368845774e-06
1013 -2.91936433447e-06
1014 -2.93085575461e-06
1015 -2.93563725954e-06
1016 -2.93002298207e-06
1017 -2.94165038137e-06
1018 -2.91465550968e-06
1019 -2.91130730057e-06
1020 -2.94362673401e-06
1021 -2.95568573298e-06
1022 -2.94418836127e-06
1023 -2.92986992794e-06
1024 -2.93565525251e-06
1025 -2.93459141208e-06
1026 -2.91615256783e-06
1027 -2.91323905057e-06
1028 -2.92622827337e-06
1029 -2.92416440386e-06
1030 -2.90254992805e-06
1031 -2.92087851621e-06
1032 -2.93838332956e-06
1033 -2.92378890793e-06
1034 -2.91552689705e-06
1035 -2.91245059041e-06
1036 -2.91783779675e-06
1037 -2.92113433901e-06
1038 -2.93293573255e-06
1039 -2.92764444568e-06
1040 -2.93129014088e-06
1041 -2.93503301309e-06
1042 -2.93660512837e-06
1043 -2.93058797851e-06
1044 -2.92503037711e-06
1045 -2.91743865059e-06
1046 -2.92557091724e-06
1047 -2.92914911848e-06
1048 -2.93242642621e-06
1049 -2.9352131907e-06
1050 -3.11514453818e-06
1051 -2.99376441167e-06
1052 -2.86980740778e-06
1053 -2.94605176654e-06
1054 -2.8963823817e-06
1055 -2.88675931826e-06
1056 -2.91788632742e-06
1057 -2.94989358912e-06
1058 -2.94245732411e-06
1059 -2.93538543872e-06
1060 -2.96902449756e-06
1061 -2.93750143391e-06
1062 -2.96794795211e-06
1063 -2.9243144406e-06
1064 -2.93419852037e-06
1065 -2.94009895054e-06
1066 -2.93428408219e-06
1067 -2.94578245656e-06
1068 -2.91899291278e-06
1069 -2.91603258265e-06
1070 -2.94816032843e-06
1071 -2.96009717534e-06
1072 -2.94778183758e-06
1073 -2.93461500141e-06
1074 -2.93911189328e-06
1075 -2.93918230997e-06
1076 -2.91959936915e-06
1077 -2.91716518975e-06
1078 -2.92990661027e-06
1079 -2.92762264434e-06
1080 -2.90577143178e-06
1081 -2.92467668589e-06
1082 -2.94096094578e-06
1083 -2.92571204646e-06
1084 -2.91884292223e-06
1085 -2.91755154839e-06
1086 -2.92272315249e-06
1087 -2.92642836873e-06
1088 -2.93559912507e-06
1089 -2.93091523538e-06
1090 -2.93379003757e-06
1091 -2.93778860429e-06
1092 -2.93946175611e-06
1093 -2.93408625733e-06
1094 -2.92823883039e-06
1095 -2.92117185679e-06
1096 -2.92902181109e-06
1097 -2.93340545406e-06
1098 -2.93647235486e-06
1099 -2.93885799446e-06
1100 -3.11578901001e-06
1101 -2.99621476297e-06
1102 -2.87307807465e-06
1103 -2.95027011667e-06
1104 -2.89996262912e-06
1105 -2.88960426756e-06
1106 -2.91978068144e-06
1107 -2.95270951317e-06
1108 -2.94486709263e-06
1109 -2.93829507868e-06
1110 -2.97222415868e-06
1111 -2.94022200395e-06
1112 -2.97098194338e-06
1113 -2.92713716652e-06
1114 -2.93743712016e-06
1115 -2.94320642954e-06
1116 -2.93825791e-06
1117 -2.94794106799e-06
1118 -2.92196940788e-06
1119 -2.91864690028e-06
1120 -2.95146542737e-06
1121 -2.9629960895e-06
1122 -2.95149732371e-06
1123 -2.93790778343e-06
1124 -2.94315579807e-06
1125 -2.9427057564e-06
1126 -2.92272636529e-06
1127 -2.92056259426e-06
1128 -2.93356446523e-06
1129 -2.93106285959e-06
1130 -2.90914959371e-06
1131 -2.92870956919e-06
1132 -2.94609349709e-06
1133 -2.93246122599e-06
1134 -2.92405830253e-06
1135 -2.92310501202e-06
1136 -2.92694875747e-06
1137 -2.93039513332e-06
1138 -2.94029907463e-06
1139 -2.93397452777e-06
1140 -2.9375470657e-06
1141 -2.94103787041e-06
1142 -2.94306988303e-06
1143 -2.93748275618e-06
1144 -2.93026952355e-06
1145 -2.92405514754e-06
1146 -2.93093649144e-06
1147 -2.93552280858e-06
1148 -2.93861766036e-06
1149 -2.94142769288e-06
1150 -3.12254073983e-06
1151 -2.99909124449e-06
1152 -2.87641660854e-06
1153 -2.95309458123e-06
1154 -2.90280249608e-06
1155 -2.8912291205e-06
1156 -2.92207098104e-06
1157 -2.95496298314e-06
1158 -2.94673741402e-06
1159 -2.9407054997e-06
1160 -2.97421287e-06
1161 -2.9424667722e-06
1162 -2.97361248711e-06
1163 -2.92957848395e-06
1164 -2.94042325051e-06
1165 -2.94523095536e-06
1166 -2.94054620419e-06
1167 -2.94929249853e-06
1168 -2.92427753834e-06
1169 -2.92167188306e-06
1170 -2.95411092603e-06
1171 -2.96514218369e-06
1172 -2.9543615642e-06
1173 -2.93985621417e-06
1174 -2.94505830613e-06
1175 -2.94456162166e-06
1176 -2.92554164844e-06
1177 -2.92339044766e-06
1178 -2.93553710275e-06
1179 -2.93358151423e-06
1180 -2.91099486806e-06
1181 -2.93062094614e-06
1182 -2.94781263078e-06
1183 -2.9329157066e-06
1184 -2.92500834159e-06
1185 -2.92358415773e-06
1186 -2.92772471644e-06
1187 -2.9312572504e-06
1188 -2.940732378e-06
1189 -2.93622418054e-06
1190 -2.93985974497e-06
1191 -2.94282649505e-06
1192 -2.94557049154e-06
1193 -2.94073816602e-06
1194 -2.93399568094e-06
1195 -2.92727652167e-06
1196 -2.93459758974e-06
1197 -2.93970088883e-06
1198 -2.94349119739e-06
1199 -2.94451716366e-06
1200 -3.12570462678e-06
1201 -3.00245849608e-06
1202 -2.87955958109e-06
1203 -2.95469748667e-06
1204 -2.9055144278e-06
1205 -2.89361083406e-06
1206 -2.92523698036e-06
1207 -2.95870195702e-06
1208 -2.9494208437e-06
1209 -2.94359969645e-06
1210 -2.97758422975e-06
1211 -2.94504604445e-06
1212 -2.97692252289e-06
1213 -2.9317580525e-06
1214 -2.94396146756e-06
1215 -2.94837340799e-06
1216 -2.94429042891e-06
1217 -2.95255030734e-06
1218 -2.92815575457e-06
1219 -2.92483027033e-06
1220 -2.95659137162e-06
1221 -2.96842958031e-06
1222 -2.95711577717e-06
1223 -2.9425225599e-06
1224 -2.94730658126e-06
1225 -2.94763961526e-06
1226 -2.92851185731e-06
1227 -2.9263576637e-06
1228 -2.93867009215e-06
1229 -2.93654343117e-06
1230 -2.91331225158e-06
1231 -2.93363191313e-06
1232 -2.95103283291e-06
1233 -2.93560680191e-06
1234 -2.92728536657e-06
1235 -2.92624356013e-06
1236 -2.9302353005e-06
1237 -2.933726183e-06
1238 -2.94515899953e-06
1239 -2.94057603316e-06
1240 -2.9438615876e-06
1241 -2.94660085414e-06
1242 -2.94901466219e-06
1243 -2.94436073883e-06
1244 -2.9372706087e-06
1245 -2.93060858728e-06
1246 -2.93814673013e-06
1247 -2.9419217221e-06
1248 -2.94533714182e-06
1249 -2.94718911517e-06
1250 -3.12807321698e-06
1251 -3.00489764526e-06
1252 -2.88254317614e-06
1253 -2.95694531834e-06
1254 -2.90768086217e-06
1255 -2.89669953821e-06
1256 -2.92866437856e-06
1257 -2.96154149549e-06
1258 -2.95225293844e-06
1259 -2.94713436992e-06
1260 -2.98033711299e-06
1261 -2.94813566379e-06
1262 -2.9802571044e-06
1263 -2.93466514783e-06
1264 -2.94671287493e-06
1265 -2.95193121033e-06
1266 -2.94759694116e-06
1267 -2.95445684829e-06
1268 -2.93047899834e-06
1269 -2.92768234349e-06
1270 -2.95915708267e-06
1271 -2.9701468488e-06
1272 -2.95924395521e-06
1273 -2.94545891109e-06
1274 -2.94966705358e-06
1275 -2.95010254418e-06
1276 -2.93077033156e-06
1277 -2.92845636421e-06
1278 -2.94188497434e-06
1279 -2.93873992901e-06
1280 -2.91605088916e-06
1281 -2.93658807202e-06
1282 -2.95323517016e-06
1283 -2.93776525512e-06
1284 -2.9297924916e-06
1285 -2.92969727674e-06
1286 -2.93395111809e-06
1287 -2.93782919108e-06
1288 -2.94766773541e-06
1289 -2.94198572498e-06
1290 -2.94536169401e-06
1291 -2.94852704262e-06
1292 -2.95100098881e-06
1293 -2.94679233586e-06
1294 -2.93977845078e-06
1295 -2.93363717668e-06
1296 -2.94154254289e-06
1297 -2.9462929426e-06
1298 -2.94895011798e-06
1299 -2.95136636568e-06
1300 -3.12903880021e-06
1301 -3.0068643289e-06
1302 -2.88501614105e-06
1303 -2.95957167955e-06
1304 -2.91029776719e-06
1305 -2.89905843918e-06
1306 -2.92979242789e-06
1307 -2.96399176516e-06
1308 -2.95369009467e-06
1309 -2.94921473815e-06
1310 -2.98210622523e-06
1311 -2.95079519995e-06
1312 -2.9829450295e-06
1313 -2.93764019843e-06
1314 -2.94979720024e-06
1315 -2.95401129591e-06
1316 -2.95070239439e-06
1317 -2.95837666375e-06
1318 -2.93500685754e-06
1319 -2.93237304536e-06
1320 -2.96339923451e-06
1321 -2.97528831655e-06
1322 -2.96403843884e-06
1323 -2.95140547018e-06
1324 -2.95410234117e-06
1325 -2.95471756892e-06
1326 -2.93604897145e-06
1327 -2.9330007579e-06
1328 -2.9464129079e-06
1329 -2.94256408161e-06
1330 -2.91988545338e-06
1331 -2.94076819591e-06
1332 -2.95758275568e-06
1333 -2.94223203525e-06
1334 -2.93508047703e-06
1335 -2.93413303695e-06
1336 -2.93771364399e-06
1337 -2.94149879808e-06
1338 -2.95257663097e-06
1339 -2.94698937585e-06
1340 -2.95004047143e-06
1341 -2.95349264276e-06
1342 -2.95535547807e-06
1343 -2.95089331015e-06
1344 -2.94291888962e-06
1345 -2.93640170255e-06
1346 -2.94358992297e-06
1347 -2.94766011079e-06
1348 -2.95022839514e-06
1349 -2.95227437981e-06
1350 -3.13404758539e-06
1351 -3.01277958124e-06
1352 -2.89210826843e-06
1353 -2.96597279926e-06
1354 -2.91615675527e-06
1355 -2.90385056778e-06
1356 -2.93483558634e-06
1357 -2.96904719708e-06
1358 -2.95807049913e-06
1359 -2.95412399099e-06
1360 -2.98703623215e-06
1361 -2.95512062759e-06
1362 -2.98778636535e-06
1363 -2.94205678919e-06
1364 -2.95396608748e-06
1365 -2.95848233114e-06
1366 -2.95381158047e-06
1367 -2.96178928841e-06
1368 -2.93813458253e-06
1369 -2.93496049399e-06
1370 -2.96523107709e-06
1371 -2.97644593934e-06
1372 -2.96503880423e-06
1373 -2.95243537688e-06
1374 -2.95548203271e-06
1375 -2.95599624739e-06
1376 -2.93735550553e-06
1377 -2.93463183015e-06
1378 -2.94917402901e-06
1379 -2.94543235013e-06
1380 -2.92224425424e-06
1381 -2.94344510406e-06
1382 -2.96082079301e-06
1383 -2.94494044288e-06
1384 -2.93809821646e-06
1385 -2.93835053127e-06
1386 -2.9411581057e-06
1387 -2.94497156709e-06
1388 -2.95504832622e-06
1389 -2.94881232447e-06
1390 -2.95200976947e-06
1391 -2.95599255852e-06
1392 -2.95819841906e-06
1393 -2.95431652947e-06
1394 -2.94671600453e-06
1395 -2.94049988066e-06
1396 -2.94849232817e-06
1397 -2.95278871093e-06
1398 -2.95504396042e-06
1399 -2.95614460212e-06
1400 -3.13769318272e-06
1401 -3.01659229431e-06
1402 -2.894468702e-06
1403 -2.96767829179e-06
1404 -2.91930440242e-06
1405 -2.90566864947e-06
1406 -2.93662813738e-06
1407 -2.97035168878e-06
1408 -2.96101675684e-06
1409 -2.95703264773e-06
1410 -2.9891314241e-06
1411 -2.95826085018e-06
1412 -2.99103316277e-06
1413 -2.9452320071e-06
1414 -2.95725869313e-06
1415 -2.96127227446e-06
1416 -2.95627478025e-06
1417 -2.96428488334e-06
1418 -2.94096000045e-06
1419 -2.93825264965e-06
1420 -2.96906725186e-06
1421 -2.98076471418e-06
1422 -2.96933097998e-06
1423 -2.9571191368e-06
1424 -2.95935613929e-06
1425 -2.9603923724e-06
1426 -2.94227040577e-06
1427 -2.93851945298e-06
1428 -2.95191989517e-06
1429 -2.94868146164e-06
1430 -2.92559994754e-06
1431 -2.94669197484e-06
1432 -2.96477191208e-06
1433 -2.94745737416e-06
1434 -2.94126793171e-06
1435 -2.941554141e-06
1436 -2.94409003616e-06
1437 -2.94830266381e-06
1438 -2.95896583789e-06
1439 -2.95361454867e-06
1440 -2.9566233263e-06
1441 -2.95969819227e-06
1442 -2.96256646812e-06
1443 -2.95904051636e-06
1444 -2.95032013094e-06
1445 -2.94318686737e-06
1446 -2.95035919115e-06
1447 -2.9561476957e-06
1448 -2.95818365004e-06
1449 -2.95928269535e-06
1450 -3.14081507857e-06
1451 -3.01947924153e-06
1452 -2.89646390105e-06
1453 -2.97040324869e-06
1454 -2.92292620985e-06
1455 -2.90745667335e-06
1456 -2.93912821435e-06
1457 -2.97337440106e-06
1458 -2.96280405167e-06
1459 -2.96014307989e-06
1460 -2.99184252005e-06
1461 -2.9615237144e-06
1462 -2.99358317943e-06
1463 -2.94774914097e-06
1464 -2.95990382001e-06
1465 -2.96430952612e-06
1466 -2.96123510701e-06
1467 -2.96811430735e-06
1468 -2.94560461468e-06
1469 -2.94288309969e-06
1470 -2.97320865235e-06
1471 -2.98470611443e-06
1472 -2.9729452403e-06
1473 -2.96069801385e-06
1474 -2.96308666202e-06
1475 -2.96434263585e-06
1476 -2.94594542669e-06
1477 -2.94262473829e-06
1478 -2.95593860206e-06
1479 -2.95228120531e-06
1480 -2.92889053558e-06
1481 -2.94978602667e-06
1482 -2.96805578705e-06
1483 -2.94980385497e-06
1484 -2.94350082933e-06
1485 -2.94456302195e-06
1486 -2.94601380092e-06
1487 -2.95166890843e-06
1488 -2.96199832284e-06
1489 -2.95681519925e-06
1490 -2.95913826923e-06
1491 -2.96218834824e-06
1492 -2.96512146781e-06
1493 -2.96207013451e-06
1494 -2.95267572796e-06
1495 -2.9468362672e-06
1496 -2.95492253259e-06
1497 -2.96080226687e-06
1498 -2.96233337677e-06
1499 -2.96255413715e-06
1500 -3.14389517287e-06
1501 -3.02138798542e-06
1502 -2.899876661e-06
1503 -2.97388508193e-06
1504 -2.92572444633e-06
1505 -2.91102884301e-06
1506 -2.9423110731e-06
1507 -2.97719073607e-06
1508 -2.96606521953e-06
1509 -2.96409148976e-06
1510 -2.99546568009e-06
1511 -2.96490459709e-06
1512 -2.99739437054e-06
1513 -2.95026852928e-06
1514 -2.96409302852e-06
1515 -2.96817164309e-06
1516 -2.96456504167e-06
1517 -2.9707536007e-06
1518 -2.94902859043e-06
1519 -2.94582506308e-06
1520 -2.97658321304e-06
1521 -2.98765326167e-06
1522 -2.97619992e-06
1523 -2.96371842453e-06
1524 -2.96605880506e-06
1525 -2.96679601772e-06
1526 -2.94880507417e-06
1527 -2.94611272305e-06
1528 -2.95941907339e-06
1529 -2.95613078408e-06
1530 -2.93272579344e-06
1531 -2.95473137516e-06
1532 -2.97241202577e-06
1533 -2.95435971987e-06
1534 -2.94790572326e-06
1535 -2.94776466795e-06
1536 -2.95094482244e-06
1537 -2.9546943294e-06
1538 -2.96533930981e-06
1539 -2.95947558462e-06
1540 -2.96222385064e-06
1541 -2.96594232332e-06
1542 -2.96890773237e-06
1543 -2.96551932717e-06
1544 -2.9563953242e-06
1545 -2.95025268398e-06
1546 -2.95718149912e-06
1547 -2.96319467983e-06
1548 -2.96444401885e-06
1549 -2.96444764354e-06
1550 -3.14672292337e-06
1551 -3.0238208923e-06
1552 -2.90515125529e-06
1553 -2.97857831725e-06
1554 -2.93007479423e-06
1555 -2.9159352442e-06
1556 -2.94676614604e-06
1557 -2.98151023726e-06
1558 -2.96964408638e-06
1559 -2.96796251546e-06
1560 -2.99892432197e-06
1561 -2.9678730932e-06
1562 -3.00080750786e-06
1563 -2.95316355131e-06
1564 -2.96734953837e-06
1565 -2.97111438494e-06
1566 -2.96756052093e-06
1567 -2.97311640351e-06
1568 -2.95261935272e-06
1569 -2.95005250606e-06
1570 -2.97954222385e-06
1571 -2.99097645105e-06
1572 -2.97970983633e-06
1573 -2.96804619558e-06
1574 -2.97072635515e-06
1575 -2.97109490786e-06
1576 -2.95368638066e-06
1577 -2.94940493273e-06
1578 -2.96328138556e-06
1579 -2.95911793012e-06
1580 -2.93559983463e-06
1581 -2.9568806627e-06
1582 -2.97526934448e-06
1583 -2.95684388582e-06
1584 -2.95327043129e-06
1585 -2.95418893069e-06
1586 -2.95485927106e-06
1587 -2.95905559742e-06
1588 -2.97031879204e-06
1589 -2.9643634201e-06
1590 -2.9661205144e-06
1591 -2.96931945054e-06
1592 -2.97152954326e-06
1593 -2.96824648808e-06
1594 -2.95945975062e-06
1595 -2.95335880443e-06
1596 -2.96024824736e-06
1597 -2.96518220262e-06
1598 -2.96717040648e-06
1599 -2.96894598385e-06
1600 -3.14963635471e-06
1601 -3.03019035545e-06
1602 -2.9090946435e-06
1603 -2.98248110044e-06
1604 -2.93360366118e-06
1605 -2.9202137406e-06
1606 -2.95017750782e-06
1607 -2.98453807674e-06
1608 -2.97343785161e-06
1609 -2.97142006049e-06
1610 -3.00237827696e-06
1611 -2.97268422856e-06
1612 -3.00543726078e-06
1613 -2.95814152764e-06
1614 -2.97239187104e-06
1615 -2.97572186989e-06
1616 -2.97177483855e-06
1617 -2.97796917002e-06
1618 -2.95719311449e-06
1619 -2.95410263286e-06
1620 -2.98372564029e-06
1621 -2.99464822064e-06
1622 -2.98379284611e-06
1623 -2.97086078121e-06
1624 -2.97368402326e-06
1625 -2.97428679347e-06
1626 -2.95678230929e-06
1627 -2.95270200886e-06
1628 -2.96706301536e-06
1629 -2.96280167412e-06
1630 -2.93855989934e-06
1631 -2.96049153603e-06
1632 -2.97874400266e-06
1633 -2.96001238396e-06
1634 -2.95526022007e-06
1635 -2.95597071531e-06
1636 -2.95676047117e-06
1637 -2.961032165e-06
1638 -2.97206387827e-06
1639 -2.96571700746e-06
1640 -2.96788191562e-06
1641 -2.97154106552e-06
1642 -2.9741520681e-06
1643 -2.97173352869e-06
1644 -2.96340196596e-06
1645 -2.9573143743e-06
1646 -2.96484216569e-06
1647 -2.97161998268e-06
1648 -2.97230771413e-06
1649 -2.9726564166e-06
1650 -3.15495862952e-06
1651 -3.03421831919e-06
1652 -2.9123137561e-06
1653 -2.98574796503e-06
1654 -2.93677008377e-06
1655 -2.92243628904e-06
1656 -2.95279031751e-06
1657 -2.98692704252e-06
1658 -2.97570034093e-06
1659 -2.97603589165e-06
1660 -3.00551305569e-06
1661 -2.97654807545e-06
1662 -3.0084666473e-06
1663 -2.96173819258e-06
1664 -2.97585704112e-06
1665 -2.97917077564e-06
1666 -2.97589666378e-06
1667 -2.98174345849e-06
1668 -2.9617197249e-06
1669 -2.95889269222e-06
1670 -2.98877809304e-06
1671 -2.99958823529e-06
1672 -2.98855885841e-06
1673 -2.97653432435e-06
1674 -2.97879211447e-06
1675 -2.97942314983e-06
1676 -2.9621571212e-06
1677 -2.9573659592e-06
1678 -2.97228102894e-06
1679 -2.96812486298e-06
1680 -2.94355445268e-06
1681 -2.96460168372e-06
1682 -2.98271853224e-06
1683 -2.96378541984e-06
1684 -2.95934900177e-06
1685 -2.9604936921e-06
1686 -2.96092202503e-06
1687 -2.96577719596e-06
1688 -2.97640030212e-06
1689 -2.97151358029e-06
1690 -2.97366286887e-06
1691 -2.97696559858e-06
1692 -2.97931470919e-06
1693 -2.97733606943e-06
1694 -2.96710673979e-06
1695 -2.96129224291e-06
1696 -2.96859594089e-06
1697 -2.97470328917e-06
1698 -2.97602449911e-06
1699 -2.97661277337e-06
1700 -3.15763067816e-06
1701 -3.03796699801e-06
1702 -2.91686112096e-06
1703 -2.9903358073e-06
1704 -2.94133605115e-06
1705 -2.92598401119e-06
1706 -2.95665688351e-06
1707 -2.99048765003e-06
1708 -2.97928167176e-06
1709 -2.97999583141e-06
1710 -3.00915030591e-06
1711 -2.98000577704e-06
1712 -3.01197592371e-06
1713 -2.96517881713e-06
1714 -2.97894750591e-06
1715 -2.9825175277e-06
1716 -2.97928687259e-06
1717 -2.98439473708e-06
1718 -2.96480510449e-06
1719 -2.96177574234e-06
1720 -2.99068899788e-06
1721 -3.00119979255e-06
1722 -2.98999202829e-06
1723 -2.97808596102e-06
1724 -2.98061107601e-06
1725 -2.9809283695e-06
1726 -2.96474145829e-06
1727 -2.95925186999e-06
1728 -2.97423997e-06
1729 -2.97010670124e-06
1730 -2.94549739352e-06
1731 -2.96728069891e-06
1732 -2.98694591352e-06
1733 -2.96857842574e-06
1734 -2.96351505636e-06
1735 -2.96364119954e-06
1736 -2.96513989186e-06
1737 -2.97103981634e-06
1738 -2.98208666601e-06
1739 -2.97679664743e-06
1740 -2.97822463709e-06
1741 -2.9818467879e-06
1742 -2.98431061532e-06
1743 -2.98280145317e-06
1744 -2.97228247535e-06
1745 -2.96655199333e-06
1746 -2.97250554341e-06
1747 -2.97847213934e-06
1748 -2.97814307542e-06
1749 -2.97780442942e-06
1750 -3.15982573607e-06
1751 -3.03923802367e-06
1752 -2.92083895516e-06
1753 -2.99435119254e-06
1754 -2.94515929528e-06
1755 -2.92972487052e-06
1756 -2.95944972601e-06
1757 -2.99387434974e-06
1758 -2.98241418587e-06
1759 -2.98322046426e-06
1760 -3.01240842669e-06
1761 -2.9827430062e-06
1762 -3.01507603045e-06
1763 -2.96833168094e-06
1764 -2.98205950055e-06
1765 -2.98618454683e-06
1766 -2.98261627381e-06
1767 -2.98839501407e-06
1768 -2.96939293644e-06
1769 -2.96687989903e-06
1770 -2.99485252531e-06
1771 -3.00739040186e-06
1772 -2.99599623248e-06
1773 -2.9845738648e-06
1774 -2.98644648076e-06
1775 -2.98715704137e-06
1776 -2.97062487738e-06
1777 -2.96446833915e-06
1778 -2.97937120457e-06
1779 -2.97585082012e-06
1780 -2.95129789943e-06
1781 -2.97315531774e-06
1782 -2.99219473852e-06
1783 -2.97260916808e-06
1784 -2.96778826168e-06
1785 -2.96870731874e-06
1786 -2.96851179377e-06
1787 -2.97386268358e-06
1788 -2.98458608567e-06
1789 -2.97839311091e-06
1790 -2.98016520287e-06
1791 -2.98394016217e-06
1792 -2.98630724967e-06
1793 -2.98454724256e-06
1794 -2.97411902433e-06
1795 -2.96886918269e-06
1796 -2.97552329263e-06
1797 -2.98310858007e-06
1798 -2.98373433497e-06
1799 -2.98359306114e-06
1800 -3.16364385506e-06
1801 -3.0452425971e-06
1802 -2.92662116582e-06
1803 -3.00054263075e-06
1804 -2.95126471369e-06
1805 -2.93597025088e-06
1806 -2.96487251157e-06
1807 -2.99939192288e-06
1808 -2.98817765876e-06
1809 -2.98917820556e-06
1810 -3.01799524228e-06
1811 -2.98882052228e-06
1812 -3.02059582588e-06
1813 -2.97335545744e-06
1814 -2.98781152025e-06
1815 -2.99109440875e-06
1816 -2.98706069402e-06
1817 -2.99245160255e-06
1818 -2.97410931841e-06
1819 -2.97178381596e-06
1820 -2.99875372368e-06
1821 -3.010624661e-06
1822 -2.99946778442e-06
1823 -2.98786943229e-06
1824 -2.99009383535e-06
1825 -2.99074922955e-06
1826 -2.97452630269e-06
1827 -2.96834338036e-06
1828 -2.98336122903e-06
1829 -2.97950059338e-06
1830 -2.95420205435e-06
1831 -2.97628127218e-06
1832 -2.99490225897e-06
1833 -2.97564247769e-06
1834 -2.97273606225e-06
1835 -2.97528097175e-06
1836 -2.97389915132e-06
1837 -2.97907856935e-06
1838 -2.98907559164e-06
1839 -2.98348874611e-06
1840 -2.98441174274e-06
1841 -2.98828652715e-06
1842 -2.99023094707e-06
1843 -2.98965342053e-06
1844 -2.97879703513e-06
1845 -2.97354122226e-06
1846 -2.98027481008e-06
1847 -2.98689644314e-06
1848 -2.9870168509e-06
1849 -2.98643347603e-06
1850 -3.16647390145e-06
1851 -3.05200139607e-06
1852 -2.92979042042e-06
1853 -3.00437493791e-06
1854 -2.95397287117e-06
1855 -2.93911632239e-06
1856 -2.96707885151e-06
1857 -3.00204264154e-06
1858 -2.99063418226e-06
1859 -2.99208364464e-06
1860 -3.02011168311e-06
1861 -2.99259286345e-06
1862 -3.02402511875e-06
1863 -2.97799485784e-06
1864 -2.99277223478e-06
1865 -2.99621042481e-06
1866 -2.99250390325e-06
1867 -2.99707239303e-06
1868 -2.9789805152e-06
1869 -2.97753367933e-06
1870 -3.00384695995e-06
1871 -3.01469635055e-06
1872 -3.00456332425e-06
1873 -2.99248988305e-06
1874 -2.99458630936e-06
1875 -2.99463854503e-06
1876 -2.97856464643e-06
1877 -2.97166567084e-06
1878 -2.98683849913e-06
1879 -2.98281888581e-06
1880 -2.9577855046e-06
1881 -2.97977814027e-06
1882 -2.99869160591e-06
1883 -2.97999724158e-06
1884 -2.9765297898e-06
1885 -2.97852087752e-06
1886 -2.97610213966e-06
1887 -2.98266718964e-06
1888 -2.99295926203e-06
1889 -2.98756265369e-06
1890 -2.98847778681e-06
1891 -2.99277482299e-06
1892 -2.99453794375e-06
1893 -2.99371392754e-06
1894 -2.9822166033e-06
1895 -2.97782539336e-06
1896 -2.98506842979e-06
1897 -2.99138029565e-06
1898 -2.99217707679e-06
1899 -2.99062503306e-06
1900 -3.17066918583e-06
1901 -3.05536858359e-06
1902 -2.9348046822e-06
1903 -3.00814135233e-06
1904 -2.95918910015e-06
1905 -2.94380108494e-06
1906 -2.97191156677e-06
1907 -3.00688101481e-06
1908 -2.99521876258e-06
1909 -2.99784775903e-06
1910 -3.02479820182e-06
1911 -2.99748312962e-06
1912 -3.02792881763e-06
1913 -2.98114356254e-06
1914 -2.99596273502e-06
1915 -2.99903011837e-06
1916 -2.99525196133e-06
1917 -2.99938592445e-06
1918 -2.98169476285e-06
1919 -2.98065692175e-06
1920 -3.00644242436e-06
1921 -3.01723201043e-06
1922 -3.00715495241e-06
1923 -2.99456035903e-06
1924 -2.99786293925e-06
1925 -2.99837204122e-06
1926 -2.98413312402e-06
1927 -2.97713204866e-06
1928 -2.99265931578e-06
1929 -2.988442057e-06
1930 -2.96344240951e-06
1931 -2.98504261459e-06
1932 -3.0041947694e-06
1933 -2.98512779525e-06
1934 -2.98167303883e-06
1935 -2.98247346537e-06
1936 -2.97945920749e-06
1937 -2.98572060294e-06
1938 -2.99636183386e-06
1939 -2.9908630441e-06
1940 -2.99164967382e-06
1941 -2.99627708054e-06
1942 -2.99781385208e-06
1943 -2.9970526464e-06
1944 -2.98566099513e-06
1945 -2.98227098122e-06
1946 -2.98889482016e-06
1947 -2.99624434635e-06
1948 -2.99560986318e-06
1949 -2.99502036547e-06
1950 -3.17471788161e-06
1951 -3.0573992497e-06
1952 -2.93947557394e-06
1953 -3.01198750401e-06
1954 -2.9631202698e-06
1955 -2.94844573741e-06
1956 -2.97578677565e-06
1957 -3.00962179648e-06
1958 -2.99787536461e-06
1959 -3.00163605022e-06
1960 -3.02722795074e-06
1961 -3.00018365853e-06
1962 -3.03062678433e-06
1963 -2.98336629843e-06
1964 -2.99853097772e-06
1965 -3.00207912954e-06
1966 -2.99861888944e-06
1967 -3.00261330437e-06
1968 -2.98688566531e-06
1969 -2.98596130218e-06
1970 -3.01133411254e-06
1971 -3.02242454599e-06
1972 -3.01193956021e-06
1973 -2.9994906209e-06
1974 -3.00239858734e-06
1975 -3.00194713987e-06
1976 -2.98799281119e-06
1977 -2.97957530557e-06
1978 -2.99523627718e-06
1979 -2.99129395588e-06
1980 -2.96647201493e-06
1981 -2.98828819076e-06
1982 -3.00701061044e-06
1983 -2.98786190907e-06
1984 -2.98423717441e-06
1985 -2.9875835392e-06
1986 -2.98479929558e-06
1987 -2.99089543161e-06
1988 -3.00120208962e-06
1989 -2.99527330755e-06
1990 -2.99571618048e-06
1991 -3.00091998869e-06
1992 -3.00239407081e-06
1993 -3.00111772442e-06
1994 -2.98942930566e-06
1995 -2.98563206678e-06
1996 -2.99174172855e-06
1997 -2.99909694888e-06
1998 -2.99887454901e-06
1999 -2.99824323388e-06
2000 -3.1770084628e-06
2001 -3.06092937915e-06
2002 -2.94325720321e-06
2003 -3.01544171276e-06
2004 -2.96658252271e-06
2005 -2.95260282593e-06
2006 -2.9785629002e-06
2007 -3.01255602971e-06
2008 -3.00051775171e-06
2009 -3.0054383959e-06
2010 -3.03103858814e-06
2011 -3.00388780854e-06
2012 -3.03479038114e-06
2013 -2.98872344488e-06
2014 -3.00428734662e-06
2015 -3.00701245418e-06
2016 -3.00352966204e-06
2017 -3.00691845905e-06
2018 -2.99111047451e-06
2019 -2.99039510206e-06
2020 -3.01533978117e-06
2021 -3.02721727451e-06
2022 -3.01613203752e-06
2023 -3.00335379415e-06
2024 -3.00728639274e-06
2025 -3.00671799745e-06
2026 -2.99295462809e-06
2027 -2.98406968136e-06
2028 -3.00022299663e-06
2029 -2.99689293391e-06
2030 -2.97213763199e-06
2031 -2.99344503546e-06
2032 -3.01236559999e-06
2033 -2.99334517964e-06
2034 -2.99160131398e-06
2035 -2.99369091507e-06
2036 -2.98892423171e-06
2037 -2.99622312381e-06
2038 -3.00734501031e-06
2039 -3.00140562397e-06
2040 -3.00226176462e-06
2041 -3.00719523241e-06
2042 -3.008279937e-06
2043 -3.00650569494e-06
2044 -2.99517531266e-06
2045 -2.99192268932e-06
2046 -2.99777099348e-06
2047 -3.00407728177e-06
2048 -3.00345346761e-06
2049 -3.00156696626e-06
2050 -3.18270188119e-06
2051 -3.06711883169e-06
2052 -2.94992792682e-06
2053 -3.02326717975e-06
2054 -2.9742455607e-06
2055 -2.96043170323e-06
2056 -2.9850380407e-06
2057 -3.01928239354e-06
2058 -3.00735589203e-06
2059 -3.01288508451e-06
2060 -3.03742499982e-06
2061 -3.01023381231e-06
2062 -3.04075401752e-06
2063 -2.99375650996e-06
2064 -3.00938273002e-06
2065 -3.01185172088e-06
2066 -3.00775090552e-06
2067 -3.01120189585e-06
2068 -2.9954347041e-06
2069 -2.9950370519e-06
2070 -3.01905493911e-06
2071 -3.03129766579e-06
2072 -3.02011424428e-06
2073 -3.00784230748e-06
2074 -3.01147899352e-06
2075 -3.01127064219e-06
2076 -2.99783806269e-06
2077 -2.98769533814e-06
2078 -3.00385926435e-06
2079 -3.0007446622e-06
2080 -2.97526451355e-06
2081 -2.99684608304e-06
2082 -3.01559287676e-06
2083 -2.99665870003e-06
2084 -2.99407571509e-06
2085 -2.99597745037e-06
2086 -2.9917817228e-06
2087 -2.99952192515e-06
2088 -3.00968044232e-06
2089 -3.00522592182e-06
2090 -3.00545133789e-06
2091 -3.01131480065e-06
2092 -3.01170307813e-06
2093 -3.01188153385e-06
2094 -2.99909540983e-06
2095 -2.99681875069e-06
2096 -3.00309281404e-06
2097 -3.00939074211e-06
2098 -3.00959237235e-06
2099 -3.00739624658e-06
2100 -3.18826753166e-06
2101 -3.07377203455e-06
2102 -2.95516952861e-06
2103 -3.02844251587e-06
2104 -2.9792797699e-06
2105 -2.96651487743e-06
2106 -2.98921150066e-06
2107 -3.02370879859e-06
2108 -3.01210079969e-06
2109 -3.01787608759e-06
2110 -3.04135395557e-06
2111 -3.01500443529e-06
2112 -3.04527033902e-06
2113 -2.99883668102e-06
2114 -3.01424943726e-06
2115 -3.01716687956e-06
2116 -3.01322231885e-06
2117 -3.01627368084e-06
2118 -3.00143543869e-06
2119 -3.0014188763e-06
2120 -3.02490907139e-06
2121 -3.03609821503e-06
2122 -3.02568926791e-06
2123 -3.01334521247e-06
2124 -3.01726091547e-06
2125 -3.01672496085e-06
2126 -3.00360081503e-06
2127 -2.99286287877e-06
2128 -3.00952932191e-06
2129 -3.00583628991e-06
2130 -2.98056894894e-06
2131 -3.00238857003e-06
2132 -3.02092618499e-06
2133 -3.00259911348e-06
2134 -3.00005269068e-06
2135 -3.00275339557e-06
2136 -2.99702096818e-06
2137 -3.0048971992e-06
2138 -3.01443905252e-06
2139 -3.00895592703e-06
2140 -3.00870523697e-06
2141 -3.01456752679e-06
2142 -3.01544225396e-06
2143 -3.01535052359e-06
2144 -3.00344551522e-06
2145 -3.00120201742e-06
2146 -3.00773281012e-06
2147 -3.01446526959e-06
2148 -3.01450300477e-06
2149 -3.01200663934e-06
2150 -3.19047960056e-06
2151 -3.07594817097e-06
2152 -2.95844627742e-06
2153 -3.03221893167e-06
2154 -2.98279013407e-06
2155 -2.97082715972e-06
2156 -2.99277389469e-06
2157 -3.02739582892e-06
2158 -3.0152964437e-06
2159 -3.02299436857e-06
2160 -3.04583763741e-06
2161 -3.01877974621e-06
2162 -3.04897954353e-06
2163 -3.00329818918e-06
2164 -3.01897433137e-06
2165 -3.02158180824e-06
2166 -3.01753441954e-06
2167 -3.02036652833e-06
2168 -3.00626381808e-06
2169 -3.00682188959e-06
2170 -3.02976173554e-06
2171 -3.04102222282e-06
2172 -3.03095920572e-06
2173 -3.01821369186e-06
2174 -3.02165483166e-06
2175 -3.02104160251e-06
2176 -3.00805869168e-06
2177 -2.99678818287e-06
2178 -3.01429968762e-06
2179 -3.01060635066e-06
2180 -2.98568710823e-06
2181 -3.0076479837e-06
2182 -3.02594425447e-06
2183 -3.00819531908e-06
2184 -3.00533597873e-06
2185 -3.00781265553e-06
2186 -3.00158487143e-06
2187 -3.00967997745e-06
2188 -3.01951734239e-06
2189 -3.01479046339e-06
2190 -3.01427232726e-06
2191 -3.01989492528e-06
2192 -3.02017649231e-06
2193 -3.01954768844e-06
2194 -3.007380831e-06
2195 -3.0059007061e-06
2196 -3.01162799085e-06
2197 -3.01876670262e-06
2198 -3.01825952341e-06
2199 -3.01505166625e-06
2200 -3.19505158069e-06
2201 -3.0807521914e-06
2202 -2.96302223282e-06
2203 -3.03701195165e-06
2204 -2.98830089257e-06
2205 -2.97686753876e-06
2206 -2.99719631456e-06
2207 -3.03120279012e-06
2208 -3.01842509375e-06
2209 -3.02721284552e-06
2210 -3.05063907839e-06
2211 -3.02334561634e-06
2212 -3.05355819498e-06
2213 -3.00735332477e-06
2214 -3.02402478779e-06
2215 -3.02619399399e-06
2216 -3.02259122498e-06
2217 -3.02487055071e-06
2218 -3.0116882773e-06
2219 -3.01249956171e-06
2220 -3.03450370114e-06
2221 -3.0459200545e-06
2222 -3.03500930131e-06
2223 -3.02227608202e-06
2224 -3.02620019391e-06
2225 -3.02483836147e-06
2226 -3.01278485701e-06
2227 -3.00066407962e-06
2228 -3.01856390707e-06
2229 -3.01522902454e-06
2230 -2.99083570101e-06
2231 -3.01262972607e-06
2232 -3.03006331769e-06
2233 -3.01196730116e-06
2234 -3.00918502454e-06
2235 -3.01188058324e-06
2236 -3.00565535461e-06
2237 -3.01388351335e-06
2238 -3.02361641965e-06
2239 -3.01927007981e-06
2240 -3.01813160822e-06
2241 -3.02348518335e-06
2242 -3.02525046233e-06
2243 -3.02432177837e-06
2244 -3.01174070196e-06
2245 -3.01018100354e-06
2246 -3.01576873709e-06
2247 -3.02297815793e-06
2248 -3.02372583404e-06
2249 -3.021459407e-06
2250 -3.20174526548e-06
2251 -3.08362765634e-06
2252 -2.96811772016e-06
2253 -3.04242521334e-06
2254 -2.99319745623e-06
2255 -2.98288603526e-06
2256 -3.00219513748e-06
2257 -3.03563889596e-06
2258 -3.02267397277e-06
2259 -3.03227454418e-06
2260 -3.0554508193e-06
2261 -3.02744361883e-06
2262 -3.05706130543e-06
2263 -3.01139696146e-06
2264 -3.02819757464e-06
2265 -3.03023706745e-06
2266 -3.02577837144e-06
2267 -3.0280199842e-06
2268 -3.0150214526e-06
2269 -3.01624597703e-06
2270 -3.03756222484e-06
2271 -3.04956003971e-06
2272 -3.03846436864e-06
2273 -3.02592006828e-06
2274 -3.03160420703e-06
2275 -3.03007911803e-06
2276 -3.01900130727e-06
2277 -3.00568712404e-06
2278 -3.02291331698e-06
2279 -3.01888257301e-06
2280 -2.99467452396e-06
2281 -3.01605184441e-06
2282 -3.03342419096e-06
2283 -3.01620345021e-06
2284 -3.01305056521e-06
2285 -3.01606030675e-06
2286 -3.00929807209e-06
2287 -3.01758573104e-06
2288 -3.02685177361e-06
2289 -3.02225274747e-06
2290 -3.02139078744e-06
2291 -3.02835098686e-06
2292 -3.03000069531e-06
2293 -3.02887753234e-06
2294 -3.01659048117e-06
2295 -3.01552901827e-06
2296 -3.02142191851e-06
2297 -3.02851548686e-06
2298 -3.0285981308e-06
2299 -3.02504010043e-06
2300 -3.2067881493e-06
2301 -3.08686465169e-06
2302 -2.97337568933e-06
2303 -3.04667791739e-06
2304 -2.99898059931e-06
2305 -2.98907371496e-06
2306 -3.00671985612e-06
2307 -3.0401864707e-06
2308 -3.02662067764e-06
2309 -3.03726852391e-06
2310 -3.05907482239e-06
2311 -3.03073185109e-06
2312 -3.06019489549e-06
2313 -3.01504122181e-06
2314 -3.03189651182e-06
2315 -3.03377449583e-06
2316 -3.03004756281e-06
2317 -3.03194732174e-06
2318 -3.02031647343e-06
2319 -3.02132445069e-06
2320 -3.04281892851e-06
2321 -3.05466409263e-06
2322 -3.04319898404e-06
2323 -3.0302456135e-06
2324 -3.03561304612e-06
2325 -3.03411327791e-06
2326 -3.02327479066e-06
2327 -3.01021681563e-06
2328 -3.02725673156e-06
2329 -3.02407059372e-06
2330 -3.00047472449e-06
2331 -3.02128481484e-06
2332 -3.0388414674e-06
2333 -3.02190071434e-06
2334 -3.01799255141e-06
2335 -3.02107650832e-06
2336 -3.0128234418e-06
2337 -3.02197791597e-06
2338 -3.03194240816e-06
2339 -3.03025290347e-06
2340 -3.02826399019e-06
2341 -3.03506257699e-06
2342 -3.03597646426e-06
2343 -3.03448115781e-06
2344 -3.02158641227e-06
2345 -3.02081160324e-06
2346 -3.02596671827e-06
2347 -3.03247837659e-06
2348 -3.03326918157e-06
2349 -3.02891493857e-06
2350 -3.21274972606e-06
2351 -3.0903033657e-06
2352 -2.97662478104e-06
2353 -3.05084582267e-06
2354 -3.00250461787e-06
2355 -2.99305654493e-06
2356 -3.00958700352e-06
2357 -3.04329955946e-06
2358 -3.02925336671e-06
2359 -3.0410238683e-06
2360 -3.06319415873e-06
2361 -3.03440861792e-06
2362 -3.06389832785e-06
2363 -3.01917532614e-06
2364 -3.03625079668e-06
2365 -3.03847189885e-06
2366 -3.03519083758e-06
2367 -3.03708111408e-06
2368 -3.02555541052e-06
2369 -3.02711712834e-06
2370 -3.04843911786e-06
2371 -3.05985675894e-06
2372 -3.04884883807e-06
2373 -3.03589965806e-06
2374 -3.04113521199e-06
2375 -3.03964957763e-06
2376 -3.02962222247e-06
2377 -3.01516599418e-06
2378 -3.03200866171e-06
2379 -3.02954130705e-06
2380 -3.00531692144e-06
2381 -3.02633660369e-06
2382 -3.04387223901e-06
2383 -3.02781171908e-06
2384 -3.02420971539e-06
2385 -3.0277997941e-06
2386 -3.02095377881e-06
2387 -3.02935340543e-06
2388 -3.03807191927e-06
2389 -3.03497761758e-06
2390 -3.0316711741e-06
2391 -3.03786652662e-06
2392 -3.03918258979e-06
2393 -3.03833687975e-06
2394 -3.02559745854e-06
2395 -3.02509751868e-06
2396 -3.02954370178e-06
2397 -3.03575357642e-06
2398 -3.03715674123e-06
2399 -3.0318132538e-06
2400 -3.22133936359e-06
2401 -3.09796541081e-06
2402 -2.98303636165e-06
2403 -3.0582346932e-06
2404 -3.01065257294e-06
2405 -3.00122281472e-06
2406 -3.0164914409e-06
2407 -3.04990027112e-06
2408 -3.03530259722e-06
2409 -3.0473153525e-06
2410 -3.06964888341e-06
2411 -3.03989217784e-06
2412 -3.06947969208e-06
2413 -3.02443675629e-06
2414 -3.04137662013e-06
2415 -3.04372691955e-06
2416 -3.03883299573e-06
2417 -3.04052769149e-06
2418 -3.0299662657e-06
2419 -3.0302471273e-06
2420 -3.05040041412e-06
2421 -3.0614608594e-06
2422 -3.05109352656e-06
2423 -3.03777532801e-06
2424 -3.04345153562e-06
2425 -3.04118050197e-06
2426 -3.03177557528e-06
2427 -3.01718866203e-06
2428 -3.03406625584e-06
2429 -3.03240594594e-06
2430 -3.00972488201e-06
2431 -3.03066259748e-06
2432 -3.04739103956e-06
2433 -3.03151232798e-06
2434 -3.02666592951e-06
2435 -3.0315826074e-06
2436 -3.02404428649e-06
2437 -3.0325341772e-06
2438 -3.04146886136e-06
2439 -3.03948048882e-06
2440 -3.03611595752e-06
2441 -3.0436356812e-06
2442 -3.04510202694e-06
2443 -3.04446143243e-06
2444 -3.03178576042e-06
2445 -3.03174769195e-06
2446 -3.03635470092e-06
2447 -3.04200721768e-06
2448 -3.04231462968e-06
2449 -3.03699263607e-06
2450 -3.22631148008e-06
2451 -3.10130404938e-06
2452 -2.98764819717e-06
2453 -3.06253661016e-06
2454 -3.01515474894e-06
2455 -3.00605640673e-06
2456 -3.02049296618e-06
2457 -3.05399495467e-06
2458 -3.03860550643e-06
2459 -3.052275201e-06
2460 -3.07343916349e-06
2461 -3.04392384112e-06
2462 -3.07335598244e-06
2463 -3.02861927811e-06
2464 -3.04620875765e-06
2465 -3.04884979924e-06
2466 -3.04414599016e-06
2467 -3.04581534897e-06
2468 -3.03612264531e-06
2469 -3.03807398142e-06
2470 -3.05864725438e-06
2471 -3.0700662732e-06
2472 -3.05932487516e-06
2473 -3.04593497359e-06
2474 -3.05201602243e-06
2475 -3.04950147514e-06
2476 -3.04027372909e-06
2477 -3.02430087123e-06
2478 -3.04059090975e-06
2479 -3.03791040833e-06
2480 -3.01405191747e-06
2481 -3.03456597354e-06
2482 -3.05194010126e-06
2483 -3.03671593429e-06
2484 -3.03089548395e-06
2485 -3.03598975336e-06
2486 -3.02830274983e-06
2487 -3.03703425313e-06
2488 -3.0456109734e-06
2489 -3.04453494562e-06
2490 -3.04124953441e-06
2491 -3.04822125094e-06
2492 -3.04916663294e-06
2493 -3.04769764395e-06
2494 -3.03443742302e-06
2495 -3.03471194029e-06
2496 -3.03901320896e-06
2497 -3.04711615261e-06
2498 -3.04896700059e-06
2499 -3.04318694921e-06
