0 -0.00689244904737
1 -0.00669168608769
2 -0.00635236503016
3 -0.00588732928373
4 -0.00533204577127
5 -0.00472492124558
6 -0.00410901665879
7 -0.00349730336483
8 -0.00293029163862
9 -0.00241364883846
10 -0.00195302785122
11 -0.00155313006003
12 -0.00121230014068
13 -0.000925193544325
14 -0.000685977276871
15 -0.000487468124208
16 -0.000325313486405
17 -0.000193009921532
18 -8.64603020543e-05
19 -6.50461376167e-06
20 4.71728630983e-05
21 8.07617401664e-05
22 0.000105470647009
23 0.00013002002429
24 0.000157345549043
25 0.000185615911192
26 0.00021089895214
27 0.000230805987946
28 0.000244284638099
29 0.000251671748319
30 0.000254032311909
31 0.000252416458729
32 0.000247852940729
33 0.000241101775546
34 0.000232965631435
35 0.000223846854662
36 0.000214157294246
37 0.000204304273656
38 0.000194488256961
39 0.000184857839232
40 0.000175444929152
41 0.000166317714802
42 0.000157472146171
43 0.000148956892351
44 0.000140761654915
45 0.000132926073486
46 0.000125470590715
47 0.00011840789378
48 0.000111804414103
49 0.000105663873733
50 -0.00701232782776
51 -0.00680416323924
52 -0.00644592838995
53 -0.00595244034933
54 -0.00536892579926
55 -0.00473831566121
56 -0.00410075545245
57 -0.00347402226845
58 -0.00289868047346
59 -0.00237771058745
60 -0.00191623907272
61 -0.0015179119932
62 -0.00118027553849
63 -0.000896678662776
64 -0.000660827712923
65 -0.000465156994987
66 -0.000304967183436
67 -0.000173860196863
68 -6.87891811962e-05
69 9.09159723702e-06
70 6.00963277602e-05
71 9.03042855336e-05
72 0.000110857231797
73 0.000131557607111
74 0.000156343035729
75 0.000183543010447
76 0.000208818171425
77 0.000229137389228
78 0.000243078201366
79 0.000250850167429
80 0.000253460510584
81 0.000251954088522
82 0.00024742623651
83 0.000240702274092
84 0.000232558779817
85 0.000223453539369
86 0.000213758262571
87 0.000203901093726
88 0.000194087708591
89 0.000184454871841
90 0.00017503871154
91 0.000165915100322
92 0.000157094607614
93 0.00014859598168
94 0.000140420324512
95 0.000132603208984
96 0.000125162682309
97 0.000118122161248
98 0.000111538195273
99 0.000105416898337
100 -0.00738118187565
101 -0.0071386380227
102 -0.0067185636937
103 -0.00614979540478
104 -0.00548912975315
105 -0.0047874275882
106 -0.00409313376716
107 -0.00342508131486
108 -0.00282428736361
109 -0.00229002189001
110 -0.00182470627915
111 -0.00142908883444
112 -0.00109756824784
113 -0.000821578448281
114 -0.000593185326012
115 -0.000403799700211
116 -0.00024859125381
117 -0.00012217053755
118 -2.27685122562e-05
119 4.83988312478e-05
120 9.22710414613e-05
121 0.000114698500552
122 0.000126369084996
123 0.000138357284809
124 0.000156922728301
125 0.000181373022319
126 0.000206399985494
127 0.000227575897159
128 0.000242519276852
129 0.000251040096644
130 0.00025408751289
131 0.00025275140273
132 0.000248218613956
133 0.000241399096258
134 0.000233112645292
135 0.000223865391349
136 0.0002140314086
137 0.000204044745672
138 0.000194130660448
139 0.00018439828008
140 0.000174899999288
141 0.000165720125472
142 0.000156862177573
143 0.000148340380464
144 0.000140156689911
145 0.000132330520362
146 0.000124886705937
147 0.000117858809579
148 0.000111281679724
149 0.000105162987968
150 -0.00799332927364
151 -0.00768909821555
152 -0.00715881988238
153 -0.00645787141207
154 -0.00566543714345
155 -0.00484604006885
156 -0.00406106993395
157 -0.00332999542154
158 -0.00269280662975
159 -0.00214161494184
160 -0.0016736078866
161 -0.00128463778458
162 -0.000964044541905
163 -0.000700314525853
164 -0.000483467679616
165 -0.000304199183783
166 -0.000158637385823
167 -4.31571382721e-05
168 4.35722478547e-05
169 0.000102116513428
170 0.000135223448562
171 0.00014814953582
172 0.000149403904059
173 0.000150139559945
174 0.000159558847561
175 0.00017923823649
176 0.000203273628814
177 0.000225380457087
178 0.000241689442734
179 0.000251295154245
180 0.00025498654884
181 0.000253912926351
182 0.000249381264695
183 0.0002424159935
184 0.000233922507701
185 0.000224456537065
186 0.000214414338905
187 0.000204238247231
188 0.000194164375604
189 0.000184286927269
190 0.000174664952382
191 0.000165401881352
192 0.000156487042894
193 0.00014793438927
194 0.000139736405934
195 0.000131898127113
196 0.000124453907409
197 0.000117442861339
198 0.000110877330295
199 0.000104763889773
200 -0.00889951702872
201 -0.00849251263725
202 -0.00778074008808
203 -0.006868600628
204 -0.0058744073489
205 -0.00488345949182
206 -0.00397365541284
207 -0.00316216221327
208 -0.00248352287666
209 -0.00191749999096
210 -0.00145255659063
211 -0.00107703214223
212 -0.000773816829269
213 -0.000527961536072
214 -0.000328113848768
215 -0.000165770608255
216 -3.86606431438e-05
217 5.61735301409e-05
218 0.000122083505494
219 0.000162960438266
220 0.000183237837464
221 0.00018680519005
222 0.00017839511483
223 0.000167404068613
224 0.0001656179828
225 0.000178287771157
226 0.000200059752427
227 0.000222751301628
228 0.000240569018691
229 0.000251492685474
230 0.000255993733593
231 0.000255270265191
232 0.000250751420628
233 0.000243609719422
234 0.000234860063951
235 0.000225116132304
236 0.000214812043598
237 0.000204400174286
238 0.000194117345686
239 0.000184062802517
240 0.000174291792244
241 0.000164925803591
242 0.00015594307675
243 0.000147354675987
244 0.000139138614823
245 0.000131290639363
246 0.000123851998895
247 0.000116861775138
248 0.000110314062556
249 0.000104210611871
250 -0.0101890139628
251 -0.00961042264711
252 -0.00860322577161
253 -0.00736342902839
254 -0.00607318204781
255 -0.00484905903373
256 -0.00378376772327
257 -0.00288339498517
258 -0.00216828412909
259 -0.00159796179569
260 -0.00114789188247
261 -0.000796682515159
262 -0.000520271512799
263 -0.000301414297697
264 -0.000128944367605
265 4.25832497627e-06
266 0.000100657789949
267 0.000165239881273
268 0.000204891929884
269 0.000226117896391
270 0.000233342607581
271 0.000228465823055
272 0.000212043148003
273 0.000190279375697
274 0.000176320015762
275 0.000179902309419
276 0.000197754061629
277 0.000220283491442
278 0.000239459857346
279 0.000251793373653
280 0.000257211291791
281 0.000256888804151
282 0.000252389101671
283 0.000245038231448
284 0.000235988252065
285 0.000225907848768
286 0.000215295793719
287 0.000204597442517
288 0.000194060220822
289 0.000183800614859
290 0.000173854239636
291 0.000164361647893
292 0.00015530014799
293 0.000146666654877
294 0.000138425088292
295 0.000130569921816
296 0.000123136319262
297 0.000116164130556
298 0.000109635569575
299 0.000103541227048
300 -0.0119527910804
301 -0.01108093393
302 -0.00960183769513
303 -0.00786944990545
304 -0.00617152785957
305 -0.00466032794753
306 -0.00342868452232
307 -0.00245320186832
308 -0.00172468727722
309 -0.00117220828039
310 -0.000757051079626
311 -0.000447489322728
312 -0.000212888696763
313 -3.56657599458e-05
314 9.45505787438e-05
315 0.000185115964106
316 0.000241779256796
317 0.000271960866497
318 0.000285234436141
319 0.000287950030106
320 0.000283134950953
321 0.000270660854011
322 0.000247890685469
323 0.000217130875097
324 0.000191424058395
325 0.000184713965218
326 0.00019708562797
327 0.00021848738191
328 0.000238655399268
329 0.000252315416376
330 0.000258655108627
331 0.000258758176682
332 0.000254271813778
333 0.000246695737799
334 0.00023730022746
335 0.000226855135451
336 0.000215900753446
337 0.000204889893512
338 0.000194056707111
339 0.000183563519931
340 0.000173444320964
341 0.000163806087718
342 0.000154651793862
343 0.000145964727353
344 0.000137690743566
345 0.000129826338635
346 0.000122401111313
347 0.000115442911415
348 0.000108931309104
349 0.000102840938349
350 -0.0141744534947
351 -0.0128219624454
352 -0.0106312166349
353 -0.00821977828196
354 -0.0060337417563
355 -0.00422666352514
356 -0.00286150217277
357 -0.00185812269486
358 -0.00115925811519
359 -0.000658863208291
360 -0.000305734857617
361 -5.99785776977e-05
362 0.00011506024657
363 0.000234288966351
364 0.000310021373451
365 0.000350452386577
366 0.000365431249285
367 0.000363634673856
368 0.000354144997834
369 0.000341464070625
370 0.000326233397463
371 0.000307274628038
372 0.000279505416413
373 0.000242120560602
374 0.000206577045365
375 0.000190075192322
376 0.00019640833711
377 0.000215969093173
378 0.000236628336258
379 0.000251430682892
380 0.000258647039664
381 0.000259194047097
382 0.00025480993085
383 0.000247102906699
384 0.000237468984659
385 0.000226749796252
386 0.000215527306906
387 0.000204273115661
388 0.000193267448803
389 0.00018260821551
390 0.000172351837736
391 0.00016264730972
392 0.000153456981377
393 0.000144751955245
394 0.000136486927169
395 0.000128654472057
396 0.0001212652132
397 0.000114352756205
398 0.00010788244116
399 0.000101829466941
400 -0.0172065827698
401 -0.0150107026787
402 -0.011649403369
403 -0.00826858323226
404 -0.00550278267822
405 -0.00342016990605
406 -0.00199290913175
407 -0.00103853209937
408 -0.000431707958938
409 -3.42375400792e-05
410 0.000218585819394
411 0.000370239066281
412 0.000460860177027
413 0.000504502948421
414 0.00051576790062
415 0.000504184945372
416 0.000478873942478
417 0.000448827204692
418 0.000419530057426
419 0.000393212910917
420 0.0003684769046
421 0.000343035756685
422 0.000310490592528
423 0.000267380248972
424 0.000223138433449
425 0.000196988605275
426 0.000196647327637
427 0.000213669075721
428 0.000234435711573
429 0.000250192786958
430 0.000258228077412
431 0.00025920667818
432 0.000254914455705
433 0.000247094494526
434 0.000237222073642
435 0.000226238346656
436 0.000214772590577
437 0.000203301079642
438 0.000192094212673
439 0.000181298708247
440 0.000170951804756
441 0.000161183706508
442 0.000151975056801
443 0.000143275559016
444 0.000135035922638
445 0.000127251218105
446 0.000119915945233
447 0.000113056404946
448 0.000106640295716
449 0.000100632453475
450 -0.0216393892732
451 -0.0177703795676
452 -0.0123365404477
453 -0.00759126152452
454 -0.0042412904233
455 -0.00202714188255
456 -0.000705727857014
457 6.0067229296e-05
458 0.000475269414443
459 0.000696460561009
460 0.000798110100073
461 0.000821982258227
462 0.000806010825764
463 0.000763960744592
464 0.000708541434674
465 0.000647535623067
466 0.000586531369523
467 0.000531514867238
468 0.000484457987089
469 0.00044525508174
470 0.000411142552779
471 0.000378844434692
472 0.000341405538861
473 0.00029311262877
474 0.000241078696701
475 0.000205541778417
476 0.000198054225683
477 0.000211927375153
478 0.000232363242725
479 0.000248851546173
480 0.000257622401665
481 0.00025899729905
482 0.000254785743483
483 0.000246829402034
484 0.000236714306856
485 0.000225472236567
486 0.000213754833132
487 0.000202066425694
488 0.000190684243143
489 0.000179755123814
490 0.000169320180611
491 0.000159502711341
492 0.000150283229864
493 0.000141596051668
494 0.000133398354271
495 0.000125667890077
496 0.000118393967571
497 0.000111595654846
498 0.000105236023654
499 9.92818066457e-05
500 -0.0282558682138
501 -0.020675776748
502 -0.0116789600636
503 -0.00539930930383
504 -0.00184248546357
505 8.50380823643e-05
506 0.000997483104887
507 0.00137582929315
508 0.00148086230277
509 0.00145568582016
510 0.00136707732555
511 0.00124521296531
512 0.00111828208467
513 0.000993999263238
514 0.000878645411526
515 0.00077514229488
516 0.000684286517497
517 0.000607979617733
518 0.000545148984786
519 0.000494060453521
520 0.000450922188668
521 0.000411849497125
522 0.000369538060657
523 0.000316704792747
524 0.000258162885324
525 0.000214295079478
526 0.000199907312066
527 0.000210344690539
528 0.000230113386754
529 0.000247090298778
530 0.000256453989817
531 0.000258164977143
532 0.000254018961529
533 0.000245945988548
534 0.000235624251953
535 0.000224152579977
536 0.000212226841227
537 0.000200364387423
538 0.000188844539521
539 0.000177818867019
540 0.000167334550656
541 0.000157495645194
542 0.000148288836566
543 0.000139640757808
544 0.000131502366894
545 0.000123844876646
546 0.000116645839331
547 0.000109921396727
548 0.000103632646839
549 9.77474897452e-05
550 -0.0378160857346
551 -0.0213551589961
552 -0.00740569473021
553 -0.000723559537522
554 0.00188294782072
555 0.00279407688023
556 0.0029206334533
557 0.00272951445524
558 0.00244387923215
559 0.00214279335593
560 0.00185878834629
561 0.00159930217082
562 0.00137479785465
563 0.00118194080105
564 0.00101844514626
565 0.00088121848821
566 0.000766788497319
567 0.000673191426264
568 0.000597106105056
569 0.000535724449305
570 0.00048460117873
571 0.000439454780799
572 0.000392659663859
573 0.000336012297297
574 0.000272367630167
575 0.000221779856257
576 0.000201463328693
577 0.000208697110923
578 0.000227615416193
579 0.000244835664274
580 0.000254613481976
581 0.000256567471755
582 0.000252465646877
583 0.000244302913284
584 0.00023382869192
585 0.000222184596567
586 0.000210118328667
587 0.000198141620362
588 0.000186540393051
589 0.000175475309896
590 0.000164982050089
591 0.000155160126605
592 0.000145999441516
593 0.000137420955044
594 0.000129366114147
595 0.00012180155507
596 0.000114689953835
597 0.000108055268559
598 0.000101852040926
599 9.60503740166e-05
600 -0.0446674887693
601 -0.011203730987
602 0.00321901288816
603 0.00629025244548
604 0.00623243587561
605 0.00548266071085
606 0.0046300851768
607 0.00384305207581
608 0.00319136991892
609 0.00265356473346
610 0.00221238626758
611 0.001849124276
612 0.00155431992491
613 0.00131371004596
614 0.00111728889807
615 0.00095695006025
616 0.00082635518461
617 0.000720451891896
618 0.000634819080368
619 0.000565761713011
620 0.000508661410872
621 0.000458850754625
622 0.00040849399546
623 0.000348951476509
624 0.000281734472079
625 0.00022641558247
626 0.000201763331671
627 0.000206479436791
628 0.000224593689866
629 0.00024184477754
630 0.000251843442672
631 0.000253944015202
632 0.000249861407428
633 0.00024164579745
634 0.000231092301488
635 0.000219368942126
636 0.000207249987989
637 0.000195248735158
638 0.00018364670594
639 0.000172611213224
640 0.000162182623783
641 0.000152428458751
642 0.000143361754294
643 0.000134892375447
644 0.000126951414704
645 0.00011950602064
646 0.000112507815605
647 0.000105982871933
648 9.98853238062e-05
649 9.41845724609e-05
650 -0.0113318528505
651 0.0173425526042
652 0.016179272901
653 0.0123434724115
654 0.00936453215899
655 0.00720561760011
656 0.00564127017552
657 0.00446649729179
658 0.00359415569786
659 0.00292053540617
660 0.00239308805953
661 0.00197593916
662 0.00164577245146
663 0.00138157479209
664 0.00116903578864
665 0.000997262094461
666 0.000858624732009
667 0.000746426126593
668 0.000655577712171
669 0.000582137344498
670 0.000521564654661
671 0.000468877712264
672 0.000416181252093
673 0.000354721402855
674 0.00028534449439
675 0.000227348492906
676 0.000200213343629
677 0.000203381555555
678 0.000220883464126
679 0.000238014798017
680 0.000248048510716
681 0.000250174412278
682 0.000246096155822
683 0.000237888096577
684 0.000227333055436
685 0.000215633441319
686 0.000203566392871
687 0.000191636583562
688 0.000180120029415
689 0.000169189876393
690 0.000158888933281
691 0.00014926911593
692 0.000140344187115
693 0.000132023930055
694 0.000124229250503
695 0.000116927852374
696 0.000110067938859
697 0.000103672018976
698 9.7701875134e-05
699 9.21250826491e-05
700 -0.00040839733698
701 0.0205927921186
702 0.0169632347351
703 0.0126427910511
704 0.00952814691538
705 0.00727201225222
706 0.00566440108383
707 0.00447517515281
708 0.00359721495851
709 0.00291943363749
710 0.00239078589392
711 0.00197537504462
712 0.0016463288201
713 0.00138328094959
714 0.00117173359628
715 0.00100059285229
716 0.000862284696651
717 0.000750040864437
718 0.000658603636854
719 0.000584320695742
720 0.000522945720919
721 0.000469322397692
722 0.000415653059776
723 0.000353275301329
724 0.000283101337963
725 0.000224350375348
726 0.00019659079695
727 0.000199265280331
728 0.00021641909384
729 0.000233324135632
730 0.000243204825182
731 0.000245254163815
732 0.000241181159342
733 0.000233009606178
734 0.000222547059608
735 0.000210977066813
736 0.00019905848502
737 0.000187291841872
738 0.000175952926046
739 0.000165204886354
740 0.000155097956093
741 0.000145676439646
742 0.000136941949378
743 0.000128807527994
744 0.000121199601421
745 0.000114073284113
746 0.000107382208229
747 0.000101144990666
748 9.53266679168e-05
749 8.98944192121e-05
750 -0.0457408082755
751 -0.00881393869367
752 0.00459996785126
753 0.00701170036196
754 0.00668529210716
755 0.0056933154414
756 0.00472064401347
757 0.00388643884818
758 0.00321322755238
759 0.00265938478448
760 0.00221078041303
761 0.00185004150485
762 0.00155704929177
763 0.00131894461895
764 0.00112478956812
765 0.000966046068267
766 0.00083670180932
767 0.000730632743847
768 0.000643356875687
769 0.000571840415185
770 0.000512473632995
771 0.000459963163289
772 0.00040671544298
773 0.000344434290668
774 0.000274842538646
775 0.000217289578686
776 0.00019076526485
777 0.000194005579264
778 0.000211098414145
779 0.000227668446651
780 0.000237244262444
781 0.000239142541594
782 0.000235062950639
783 0.000227002355541
784 0.000216723449444
785 0.000205376225497
786 0.000193710595611
787 0.000182212241473
788 0.000171140118029
789 0.000160653548709
790 0.000150805628045
791 0.000141643222134
792 0.00013315185185
793 0.000125245034409
794 0.000117854732485
795 0.000110934581235
796 0.00010443855167
797 9.83863774982e-05
798 9.27404009393e-05
799 8.74717532695e-05
800 -0.0386985893945
801 -0.0210519244442
802 -0.00653376114308
803 3.24787502668e-05
804 0.00250370608228
805 0.00315985552655
806 0.00312678910811
807 0.00285478402174
808 0.0025219342057
809 0.00218373450363
810 0.00187697756804
811 0.00161270133913
812 0.00138487190141
813 0.00119242277774
814 0.00103036287436
815 0.000894707483592
816 0.000782274662674
817 0.00068834048215
818 0.000609861311246
819 0.000544726831178
820 0.000489975760856
821 0.000440605276446
822 0.000389171789269
823 0.000328067464941
824 0.000260519688586
825 0.000206183958885
826 0.000182718173265
827 0.000187518234345
828 0.000204776164765
829 0.000220912595011
830 0.000230061874027
831 0.000231742911235
832 0.000227670958326
833 0.000219795893699
834 0.000209794180781
835 0.000198782517727
836 0.000187484612181
837 0.00017635620972
838 0.000165643412374
839 0.000155503965945
840 0.000145991189911
841 0.000137145344188
842 0.000128948224746
843 0.000121316083869
844 0.000114178416883
845 0.000107498482406
846 0.000101228403028
847 9.5385501455e-05
848 8.99365722709e-05
849 8.485208576e-05
850 -0.0286717069083
851 -0.0207735201968
852 -0.011233302259
853 -0.00478709885863
854 -0.00120018311335
855 0.000566550540924
856 0.00133908926077
857 0.00162004818849
858 0.00165484404866
859 0.00156739761483
860 0.00143258861597
861 0.00128866518521
862 0.00114519147634
863 0.00101287958926
864 0.000894213151485
865 0.000790142045041
866 0.000701153921466
867 0.000624584496004
868 0.000559001512175
869 0.000503448433691
870 0.000455867613782
871 0.000411503355886
872 0.000363105445153
873 0.000304327044911
874 0.000240430520727
875 0.000191362709497
876 0.00017261419394
877 0.000179763952498
878 0.000197339587781
879 0.000212950158647
880 0.000221556910772
881 0.000222990759679
882 0.000218966978438
883 0.000211365873015
884 0.000201750716097
885 0.000191199913096
886 0.000180382570647
887 0.000169726545096
888 0.000159470225995
889 0.000149761484091
890 0.000140653533845
891 0.000132190739951
892 0.000124343314745
893 0.000117031186129
894 0.000110188828761
895 0.000103782671208
896 9.77689975098e-05
897 9.21630413471e-05
898 8.69339721379e-05
899 8.205292403e-05
900 -0.0216505497154
901 -0.0177347125071
902 -0.0119538243019
903 -0.00703042628301
904 -0.00359811312203
905 -0.00145613926664
906 -0.000232597593033
907 0.000439778102403
908 0.000774019707685
909 0.000911989263206
910 0.000942858223181
911 0.000920546248574
912 0.000866222847853
913 0.000799218289802
914 0.000729146912004
915 0.000661361667827
916 0.000599796614049
917 0.000544011848701
918 0.000494142963234
919 0.000450482038027
920 0.000411888648248
921 0.000373875717625
922 0.00032943081704
923 0.00027409090803
924 0.000215547921031
925 0.000173665779492
926 0.000160901182675
927 0.000170865072297
928 0.000188771183142
929 0.000203742642734
930 0.000211728806909
931 0.000212918384469
932 0.000208998222271
933 0.00020176740088
934 0.000192654078688
935 0.000182676318554
936 0.000172451954287
937 0.000162372249586
938 0.000152665524597
939 0.000143466633069
940 0.000134834107283
941 0.000126809429219
942 0.000119369137656
943 0.00011241787881
944 0.000105910433905
945 9.98083689368e-05
946 9.40818666105e-05
947 8.87375996168e-05
948 8.37486812206e-05
949 7.90922110185e-05
950 -0.0168172617387
951 -0.0146805530433
952 -0.0111400040526
953 -0.00765408710996
954 -0.0048308908318
955 -0.00277652266513
956 -0.00141688125023
957 -0.000541699655842
958 -1.30725468483e-05
959 0.000293626423788
960 0.000461023275825
961 0.000545461037174
962 0.000573730629254
963 0.000570007647128
964 0.000548565651762
965 0.000518152404927
966 0.000485289048047
967 0.000451841562797
968 0.000419261716154
969 0.000388795806265
970 0.000360288998663
971 0.000329333989675
972 0.000289520235846
973 0.00023873976409
974 0.000187296962491
975 0.000154167802028
976 0.000148121698986
977 0.000160975945552
978 0.000179069536553
979 0.00019328857724
980 0.000200621765601
981 0.000201606710921
982 0.000197869265765
983 0.000191108160487
984 0.000182610321873
985 0.000173310736782
986 0.000163782142073
987 0.000154371426757
988 0.000145291712068
989 0.000136677398034
990 0.000128587279032
991 0.00012105460476
992 0.000114059981496
993 0.000107513028318
994 0.000101369698273
995 9.55991028718e-05
996 9.01851243271e-05
997 8.51270824696e-05
998 8.03975114766e-05
999 7.59848799392e-05
1000 -0.0133844776121
1001 -0.0121283420796
1002 -0.00988814369357
1003 -0.00746026875835
1004 -0.00527944253369
1005 -0.00350646197985
1006 -0.00220350225402
1007 -0.00127451184874
1008 -0.000650463512911
1009 -0.000238893572208
1010 2.55832536918e-05
1011 0.00019295510813
1012 0.000289737681571
1013 0.000341343405392
1014 0.000364191443999
1015 0.000369246811545
1016 0.000364243949286
1017 0.000352974568783
1018 0.000337910461378
1019 0.000321040288578
1020 0.000303003810903
1021 0.000279343373132
1022 0.00024466555066
1023 0.000199688132729
1024 0.000157091804711
1025 0.000133846541006
1026 0.000134691572188
1027 0.000150149154204
1028 0.000168175782513
1029 0.000181539656217
1030 0.000188240341938
1031 0.000189094397685
1032 0.000185648093983
1033 0.00017945960661
1034 0.000171693844626
1035 0.000163189761279
1036 0.000154445363858
1037 0.000145771413655
1038 0.00013739018684
1039 0.000129420638611
1040 0.000121931664266
1041 0.000114945744595
1042 0.000108436025634
1043 0.000102333767322
1044 9.65892117484e-05
1045 9.11829641355e-05
1046 8.61039878756e-05
1047 8.13519830721e-05
1048 7.68985267615e-05
1049 7.27484633107e-05
1050 -0.0108541341247
1051 -0.0100749083566
1052 -0.00861003355428
1053 -0.00691295964221
1054 -0.00527087041865
1055 -0.00381872068573
1056 -0.00266344112237
1057 -0.00177335726517
1058 -0.00112850094156
1059 -0.000667177892288
1060 -0.000344085880585
1061 -0.000119592627042
1062 2.89007770339e-05
1063 0.000125391045164
1064 0.000185775046113
1065 0.00022208923764
1066 0.00024251285621
1067 0.000251956709907
1068 0.000253666254645
1069 0.000250058082773
1070 0.000242164109262
1071 0.000225608293629
1072 0.000196544836269
1073 0.000158775461981
1074 0.000126545285897
1075 0.000113643704813
1076 0.000120915049946
1077 0.000138394671686
1078 0.000156046560339
1079 0.000168487109208
1080 0.000174630681404
1081 0.000175452896299
1082 0.000172423624043
1083 0.000166920425511
1084 0.00015999696737
1085 0.000152367984204
1086 0.000144482499808
1087 0.000136623890201
1088 0.000129003648514
1089 0.000121739472718
1090 0.000114902998135
1091 0.000108512396368
1092 0.000102526199409
1093 9.68906144641e-05
1094 9.15786342737e-05
1095 8.65610022429e-05
1096 8.18419400077e-05
1097 7.74191213796e-05
1098 7.3263074902e-05
1099 6.939092796e-05
1100 -0.00893626813634
1101 -0.0084320664195
1102 -0.00744324826126
1103 -0.00624463071687
1104 -0.00501804014061
1105 -0.00386093558471
1106 -0.00288089527592
1107 -0.00207802156656
1108 -0.00146034197624
1109 -0.000990788452228
1110 -0.00064120385105
1111 -0.000383380901352
1112 -0.000199971649854
1113 -7.0349205195e-05
1114 1.97536640898e-05
1115 8.18211646943e-05
1116 0.000124223862671
1117 0.000152034381489
1118 0.000169053872971
1119 0.000177703768667
1120 0.000179178652005
1121 0.000169414156578
1122 0.0001466654655
1123 0.000117727738977
1124 9.69719745434e-05
1125 9.41178395794e-05
1126 0.000106830685814
1127 0.000125589723547
1128 0.00014258596608
1129 0.000154101424154
1130 0.000159806308526
1131 0.000160739407997
1132 0.000158265702415
1133 0.000153573705412
1134 0.000147586325099
1135 0.000140909734253
1136 0.000133957668883
1137 0.000126993545352
1138 0.000120205183373
1139 0.00011369805213
1140 0.000107553833263
1141 0.000101797762998
1142 9.63580872652e-05
1143 9.12191565486e-05
1144 8.63568484373e-05
1145 8.17520789563e-05
1146 7.74124444303e-05
1147 7.33370192887e-05
1148 6.9495799653e-05
1149 6.59209906442e-05
1150 -0.00745578090093
1151 -0.00711703190059
1152 -0.00642982263726
1153 -0.00557024618638
1154 -0.00465202308372
1155 -0.00374120591205
1156 -0.0029299675201
1157 -0.00223177199701
1158 -0.00166769398421
1159 -0.00121732679897
1160 -0.000865604808811
1161 -0.000594201699682
1162 -0.000391034309649
1163 -0.000239667417319
1164 -0.000128219166842
1165 -4.64122032674e-05
1166 1.37050859377e-05
1167 5.6895215105e-05
1168 8.71184127414e-05
1169 0.000106476476906
1170 0.0001161886564
1171 0.000112891645776
1172 9.73599415357e-05
1173 7.86312888904e-05
1174 6.95823861132e-05
1175 7.56129490985e-05
1176 9.23774246981e-05
1177 0.000111639406835
1178 0.000127768913734
1179 0.000138458679006
1180 0.000143898039244
1181 0.000145123253701
1182 0.000143346204396
1183 0.000139577642078
1184 0.000134599779489
1185 0.000128941731109
1186 0.000122983594628
1187 0.000116964956906
1188 0.000111043337048
1189 0.000105338953096
1190 9.99313722578e-05
1191 9.48341265321e-05
1192 8.99791550138e-05
1193 8.53661004558e-05
1194 8.09778112615e-05
1195 7.68060143125e-05
1196 7.28627192177e-05
1197 6.91477407788e-05
1198 6.56351953097e-05
1199 6.23681562492e-05
1200 -0.00629997754101
1201 -0.00606380745468
1202 -0.0055728860366
1203 -0.00494422287655
1204 -0.00425009963058
1205 -0.00353428812485
1206 -0.00287088145727
1207 -0.00227649127191
1208 -0.00177649691195
1209 -0.00136056398396
1210 -0.00102312494555
1211 -0.000752824560685
1212 -0.000542315940623
1213 -0.000379370798416
1214 -0.000254402530313
1215 -0.000158791732243
1216 -8.55588371883e-05
1217 -3.03211733869e-05
1218 1.05496896184e-05
1219 3.88376396939e-05
1220 5.55702668484e-05
1221 5.8659252898e-05
1222 5.12889417282e-05
1223 4.34539572203e-05
1224 4.51672527576e-05
1225 5.81971516099e-05
1226 7.74812010762e-05
1227 9.65773420751e-05
1228 0.000111747703733
1229 0.000121794775358
1230 0.00012718849922
1231 0.00012886811966
1232 0.000127898621171
1233 0.000125135808226
1234 0.000121237552236
1235 0.000116652967551
1236 0.000111727508618
1237 0.000106690611585
1238 0.00010167125655
1239 9.67929875518e-05
1240 9.21438492109e-05
1241 8.77190166821e-05
1242 8.3470475269e-05
1243 7.9396795474e-05
1244 7.54935182038e-05
1245 7.17678021711e-05
1246 6.82320374887e-05
1247 6.48841366924e-05
1248 6.17113366954e-05
1249 5.87569695313e-05
1250 -0.00537362777657
1251 -0.00520464280137
1252 -0.00484654732617
1253 -0.00437932481759
1254 -0.00384997213902
1255 -0.00328692178013
1256 -0.00274771836378
1257 -0.00224815774757
1258 -0.00181368162516
1259 -0.00143951405299
1260 -0.0011258050305
1261 -0.000866601431753
1262 -0.000657875382357
1263 -0.000491279482305
1264 -0.000359254433799
1265 -0.000255051809393
1266 -0.000172840598816
1267 -0.000108675162647
1268 -5.95018405531e-05
1269 -2.39895284609e-05
1270 -1.1082264469e-06
1271 8.61527682869e-06
1272 1.0144019869e-05
1273 1.28630791415e-05
1274 2.34806494287e-05
1275 4.13260283667e-05
1276 6.1780874893e-05
1277 8.02749277778e-05
1278 9.45918321118e-05
1279 0.00010422840163
1280 0.000109795978783
1281 0.000112095547173
1282 0.000112021805783
1283 0.000110350572934
1284 0.000107573890319
1285 0.000104109366218
1286 0.000100261304824
1287 9.62377297878e-05
1288 9.21484779587e-05
1289 8.81223509283e-05
1290 8.42410608385e-05
1291 8.04906731368e-05
1292 7.68521345704e-05
1293 7.33262765257e-05
1294 6.99196636536e-05
1295 6.66506831301e-05
1296 6.35312936662e-05
1297 6.05576593782e-05
1298 5.77323813308e-05
1299 5.5095499288e-05
1300 -0.00462181484381
1301 -0.00449859788268
1302 -0.00423222168197
1303 -0.00387961660308
1304 -0.00347219913919
1305 -0.0030272504426
1306 -0.00258953560873
1307 -0.00217272967575
1308 -0.00179995803288
1309 -0.00146921127281
1310 -0.00118401476442
1311 -0.000942002120833
1312 -0.00074156558739
1313 -0.000577224175743
1314 -0.000443411790318
1315 -0.000335096353984
1316 -0.000247435740796
1317 -0.000177112574387
1318 -0.000121721758658
1319 -8.03604799902e-05
1320 -5.17580999545e-05
1321 -3.51224240774e-05
1322 -2.47951277863e-05
1323 -1.30863281635e-05
1324 3.89991614645e-06
1325 2.44672214703e-05
1326 4.51086234747e-05
1327 6.28390852235e-05
1328 7.65097442574e-05
1329 8.60372133441e-05
1330 9.19799142494e-05
1331 9.50596812505e-05
1332 9.60125360194e-05
1333 9.54751268804e-05
1334 9.38476034897e-05
1335 9.15228540065e-05
1336 8.87586755962e-05
1337 8.57445617527e-05
1338 8.25768487465e-05
1339 7.93974776437e-05
1340 7.62815861299e-05
1341 7.32069630635e-05
1342 7.01791244825e-05
1343 6.72068011113e-05
1344 6.43023431907e-05
1345 6.14940368905e-05
1346 5.87945008438e-05
1347 5.61963742247e-05
1348 5.37173152778e-05
1349 5.14011069848e-05
1350 -0.00400519481829
1351 -0.0039136703449
1352 -0.00371213946474
1353 -0.00344200512342
1354 -0.00312555409467
1355 -0.00277175533644
1356 -0.0024159905744
1357 -0.00206940092788
1358 -0.00175188802336
1359 -0.00146294283009
1360 -0.00120767327521
1361 -0.000985989572987
1362 -0.0007978428377
1363 -0.000639904053037
1364 -0.00050830737319
1365 -0.00039916041031
1366 -0.000308827478436
1367 -0.000234514805235
1368 -0.000174453624806
1369 -0.00012814862809
1370 -9.42370828002e-05
1371 -7.11436169689e-05
1372 -5.33850935345e-05
1373 -3.52403210233e-05
1374 -1.44610925024e-05
1375 7.22001421951e-06
1376 2.74972108682e-05
1377 4.45239580047e-05
1378 5.78221584389e-05
1379 6.74751344657e-05
1380 7.39805174339e-05
1381 7.79570843031e-05
1382 7.99814307611e-05
1383 8.06051525973e-05
1384 8.01413330075e-05
1385 7.89597217132e-05
1386 7.72784500804e-05
1387 7.52664958778e-05
1388 7.30244729394e-05
1389 7.06810434677e-05
1390 6.83193203859e-05
1391 6.59168830585e-05
1392 6.35009444359e-05
1393 6.1079848086e-05
1394 5.86805109166e-05
1395 5.6331341747e-05
1396 5.40491988722e-05
1397 5.18245912419e-05
1398 4.96958321845e-05
1399 4.76982295763e-05
1400 -0.00349256290131
1401 -0.00342322781387
1402 -0.00326862978988
1403 -0.00305937738319
1404 -0.00281122131736
1405 -0.00252840390725
1406 -0.00223870734202
1407 -0.00195096508823
1408 -0.00168180028748
1409 -0.00143149060309
1410 -0.00120568537839
1411 -0.00100546528087
1412 -0.000831746172477
1413 -0.000682839886674
1414 -0.000556012413561
1415 -0.000448377310223
1416 -0.000357177805074
1417 -0.000280155812948
1418 -0.000216317491082
1419 -0.000165875003658
1420 -0.000127660916563
1421 -9.96772087324e-05
1422 -7.69243001128e-05
1423 -5.5085530878e-05
1424 -3.25867522888e-05
1425 -1.07325860457e-05
1426 9.00975700667e-06
1427 2.55598282552e-05
1428 3.87871234001e-05
1429 4.8804121643e-05
1430 5.60438724279e-05
1431 6.09987615594e-05
1432 6.41499966709e-05
1433 6.59387502255e-05
1434 6.66418065706e-05
1435 6.6582354764e-05
1436 6.59512488846e-05
1437 6.49127974839e-05
1438 6.35659898861e-05
1439 6.20433202777e-05
1440 6.04163140468e-05
1441 5.86785763374e-05
1442 5.68580251143e-05
1443 5.49792330517e-05
1444 5.30799945903e-05
1445 5.11812331639e-05
1446 4.93063566319e-05
1447 4.74570262132e-05
1448 4.56817949725e-05
1449 4.40030652651e-05
1450 -0.00306360298102
1451 -0.00301038938281
1452 -0.00289011329249
1453 -0.00272642968581
1454 -0.00252976734015
1455 -0.0023023219941
1456 -0.00206560531694
1457 -0.00182652254549
1458 -0.00159903200808
1459 -0.00138341099621
1460 -0.00118511697383
1461 -0.00100606648011
1462 -0.000847624049
1463 -0.000709020672156
1464 -0.00058832596087
1465 -0.000483316978969
1466 -0.000391948423436
1467 -0.000312760646564
1468 -0.000246061557495
1469 -0.000193107456916
1470 -0.000152769373332
1471 -0.000122443621272
1472 -9.7351193632e-05
1473 -7.39758544924e-05
1474 -5.1036856865e-05
1475 -2.9428409067e-05
1476 -1.01022580086e-05
1477 6.27677669889e-06
1478 1.97200804692e-05
1479 3.02947426589e-05
1480 3.8367526547e-05
1481 4.43562513511e-05
1482 4.86411181467e-05
1483 5.15784595946e-05
1484 5.34208575455e-05
1485 5.44436974129e-05
1486 5.48213195218e-05
1487 5.47235677313e-05
1488 5.42483379227e-05
1489 5.35245803265e-05
1490 5.26146423674e-05
1491 5.15307802902e-05
1492 5.02960750211e-05
1493 4.89484101814e-05
1494 4.75384724718e-05
1495 4.60807015195e-05
1496 4.460618419e-05
1497 4.31282716975e-05
1498 4.1700268649e-05
1499 4.03422481039e-05
1500 -0.00270396742069
1501 -0.00266266212401
1502 -0.0025676786989
1503 -0.0024380501192
1504 -0.00228060680742
1505 -0.00209629350302
1506 -0.00190198086693
1507 -0.00170283847401
1508 -0.00151051842491
1509 -0.00132503963878
1510 -0.00115165708712
1511 -0.000992472966979
1512 -0.000848802155054
1513 -0.000720393352891
1514 -0.000605704766821
1515 -0.000503080777406
1516 -0.000411401740742
1517 -0.000330844934846
1518 -0.00026346865514
1519 -0.00021107725541
1520 -0.000171741839708
1521 -0.000141718693734
1522 -0.000116338876674
1523 -9.26971767505e-05
1524 -6.97979676371e-05
1525 -4.84175996595e-05
1526 -2.92191437946e-05
1527 -1.27123423954e-05
1528 1.16788844303e-06
1529 1.24402903548e-05
1530 2.14254395954e-05
1531 2.8440349413e-05
1532 3.38170633563e-05
1533 3.78464695562e-05
1534 4.07492682861e-05
1535 4.2772483639e-05
1536 4.4101750066e-05
1537 4.48891572764e-05
1538 4.52413246442e-05
1539 4.52680476131e-05
1540 4.50378500202e-05
1541 4.45702128151e-05
1542 4.38980530973e-05
1543 4.30600909494e-05
1544 4.21173804162e-05
1545 4.10823355964e-05
1546 3.99941714257e-05
1547 3.88793928924e-05
1548 3.77859226876e-05
1549 3.67322227877e-05
1550 -0.00239852182697
1551 -0.00236576137863
1552 -0.00229002369598
1553 -0.00218634413725
1554 -0.00205944183105
1555 -0.00190923616081
1556 -0.0017490635105
1557 -0.0015827433486
1558 -0.00142004379948
1559 -0.00126068106048
1560 -0.00110930445116
1561 -0.000967834281252
1562 -0.000837270570649
1563 -0.000717607179357
1564 -0.000607518652807
1565 -0.000506262149162
1566 -0.000414809396747
1567 -0.000335529779867
1568 -0.000271596124555
1569 -0.000223729194925
1570 -0.00018806708787
1571 -0.000159963276857
1572 -0.000135212238318
1573 -0.00011168860604
1574 -8.88321504179e-05
1575 -6.74372805652e-05
1576 -4.80890466724e-05
1577 -3.12103618916e-05
1578 -1.67418179074e-05
1579 -4.6748446896e-06
1580 5.26300473809e-06
1581 1.32793198087e-05
1582 1.9683126811e-05
1583 2.47326029355e-05
1584 2.86203028881e-05
1585 3.15840171654e-05
1586 3.38051045485e-05
1587 3.54276130457e-05
1588 3.65566508629e-05
1589 3.72840769865e-05
1590 3.76949295282e-05
1591 3.78090028726e-05
1592 3.7664778223e-05
1593 3.73112840772e-05
1594 3.68108701856e-05
1595 3.6180763489e-05
1596 3.54678855614e-05
1597 3.47080788741e-05
1598 3.39374378211e-05
1599 3.31725483223e-05
1600 -0.00213722204731
1601 -0.00211103676539
1602 -0.00205009796618
1603 -0.00196635454578
1604 -0.00186337462062
1605 -0.00174027371982
1606 -0.00160757045932
1607 -0.00146822073119
1608 -0.00133013858739
1609 -0.00119270638288
1610 -0.00105976496803
1611 -0.000932801051669
1612 -0.000812404714281
1613 -0.000698770210771
1614 -0.000591452991967
1615 -0.000492050535936
1616 -0.000404177128853
1617 -0.000331473802846
1618 -0.000275915582698
1619 -0.000235509605322
1620 -0.000204610444371
1621 -0.000178594420783
1622 -0.000154354669741
1623 -0.000130706253239
1624 -0.000107600010144
1625 -8.59090712423e-05
1626 -6.61720850744e-05
1627 -4.87649761752e-05
1628 -3.36379306462e-05
1629 -2.07724079913e-05
1630 -9.95772272274e-06
1631 -1.01572398448e-06
1632 6.32199752128e-06
1633 1.2300916496e-05
1634 1.70934673717e-05
1635 2.09298282459e-05
1636 2.39765161686e-05
1637 2.6371577283e-05
1638 2.82109347377e-05
1639 2.95888584971e-05
1640 3.05966589171e-05
1641 3.12508111586e-05
1642 3.15977988186e-05
1643 3.17042894727e-05
1644 3.16248379928e-05
1645 3.13838433108e-05
1646 3.10373922825e-05
1647 3.06203577074e-05
1648 3.01636053603e-05
1649 2.96808850663e-05
1650 -0.00191325281974
1651 -0.00189226825344
1652 -0.00184284751065
1653 -0.00177455453048
1654 -0.0016903537959
1655 -0.00158849373647
1656 -0.00147762429591
1657 -0.00135975148054
1658 -0.00124114704069
1659 -0.00112079867537
1660 -0.00100164563919
1661 -0.000884834906367
1662 -0.000770780765642
1663 -0.000661062748534
1664 -0.000557483280057
1665 -0.000464472727949
1666 -0.000386769261151
1667 -0.000326433136671
1668 -0.000282213832042
1669 -0.000249554658159
1670 -0.000222478223875
1671 -0.000197593876195
1672 -0.000173198388906
1673 -0.000149040992876
1674 -0.00012540939022
1675 -0.000103237192763
1676 -8.29946759735e-05
1677 -6.50122913379e-05
1678 -4.92336461454e-05
1679 -3.56351163678e-05
1680 -2.40454432552e-05
1681 -1.42871594594e-05
1682 -6.12301307538e-06
1683 6.85719976316e-07
1684 6.28822744965e-06
1685 1.09066727514e-05
1686 1.46997508028e-05
1687 1.77927303143e-05
1688 2.02789277587e-05
1689 2.22518839146e-05
1690 2.37990250789e-05
1691 2.49520041084e-05
1692 2.57613468826e-05
1693 2.62987151489e-05
1694 2.66150138259e-05
1695 2.67451328467e-05
1696 2.67483965877e-05
1697 2.6652896171e-05
1698 2.64922720595e-05
1699 2.62754284254e-05
1700 -0.00172014525947
1701 -0.00170312340406
1702 -0.00166246015936
1703 -0.00160595028943
1704 -0.00153609222986
1705 -0.00145030245333
1706 -0.00135583568764
1707 -0.00125375690386
1708 -0.00114904824871
1709 -0.00104023967363
1710 -0.000929660288911
1711 -0.000819071375717
1712 -0.000709964602854
1713 -0.000606534457732
1714 -0.000512931251996
1715 -0.00043418307995
1716 -0.000372800101713
1717 -0.000327266940244
1718 -0.000293509728046
1719 -0.000266332299193
1720 -0.000241074358694
1721 -0.000216096698057
1722 -0.000190941652532
1723 -0.000165988515739
1724 -0.000141705119615
1725 -0.000119008463073
1726 -9.82599833363e-05
1727 -7.97546471802e-05
1728 -6.34059105425e-05
1729 -4.91902590581e-05
1730 -3.69320300704e-05
1731 -2.6483031215e-05
1732 -1.7599598208e-05
1733 -1.00730524398e-05
1734 -3.75725680331e-06
1735 1.55282509445e-06
1736 6.01132195634e-06
1737 9.73677396002e-06
1738 1.28052312863e-05
1739 1.53130001459e-05
1740 1.73556873389e-05
1741 1.89620206176e-05
1742 2.01964449371e-05
1743 2.11316830601e-05
1744 2.181796435e-05
1745 2.22967534505e-05
1746 2.2626314147e-05
1747 2.2829674759e-05
1748 2.29410935422e-05
1749 2.29679317266e-05
1750 -0.00154747489201
1751 -0.00153325165263
1752 -0.00149892528092
1753 -0.00145101409277
1754 -0.00139127587009
1755 -0.00131659456445
1756 -0.001233077375
1757 -0.00114100809681
1758 -0.00104484959397
1759 -0.000942879226843
1760 -0.000838354987806
1761 -0.000734842905636
1762 -0.000635875595822
1763 -0.000547042825912
1764 -0.000472155513168
1765 -0.000413477057999
1766 -0.000369617566037
1767 -0.000336452801672
1768 -0.000309347177548
1769 -0.000284471602358
1770 -0.000259106876381
1771 -0.000233103579763
1772 -0.000206851606257
1773 -0.000181036272615
1774 -0.000156138191163
1775 -0.000132976806792
1776 -0.000111828998775
1777 -9.29151152062e-05
1778 -7.61181053001e-05
1779 -6.14149488599e-05
1780 -4.86111722738e-05
1781 -3.75781691442e-05
1782 -2.80843225024e-05
1783 -1.99340256871e-05
1784 -1.30196416673e-05
1785 -7.10694127698e-06
1786 -2.06705370771e-06
1787 2.20313559071e-06
1788 5.77901887047e-06
1789 8.7552868614e-06
1790 1.12326841643e-05
1791 1.32528409757e-05
1792 1.48827033208e-05
1793 1.6185975745e-05
1794 1.72147994867e-05
1795 1.80170474007e-05
1796 1.86507189362e-05
1797 1.91376155942e-05
1798 1.950642777e-05
1799 1.97578391883e-05
1800 -0.00138361209985
1801 -0.00137139445141
1802 -0.00134092720182
1803 -0.00129837961567
1804 -0.00124468719168
1805 -0.00117628376778
1806 -0.00109897396289
1807 -0.00101298328641
1808 -0.00092324326199
1809 -0.00082896665291
1810 -0.000735128890298
1811 -0.000646588828081
1812 -0.000567208877174
1813 -0.000500920343633
1814 -0.000448568408033
1815 -0.000408732526293
1816 -0.000377746836918
1817 -0.000351472815447
1818 -0.000326692486303
1819 -0.000301512999271
1820 -0.000274854829257
1821 -0.000247477522567
1822 -0.000220163652521
1823 -0.000193637063256
1824 -0.000168312307917
1825 -0.000144853071825
1826 -0.000123469115931
1827 -0.000104302159399
1828 -8.72022281089e-05
1829 -7.21519967691e-05
1830 -5.89407161102e-05
1831 -4.74518063282e-05
1832 -3.7469425899e-05
1833 -2.88184470386e-05
1834 -2.13909729313e-05
1835 -1.4974413847e-05
1836 -9.45710957606e-06
1837 -4.73698034222e-06
1838 -7.35240212923e-07
1839 2.646178391e-06
1840 5.50061995594e-06
1841 7.89154844086e-06
1842 9.87682027655e-06
1843 1.15112099544e-05
1844 1.28536240126e-05
1845 1.39554125963e-05
1846 1.48674461604e-05
1847 1.56089788261e-05
1848 1.6203649846e-05
1849 1.66595601505e-05
1850 -0.00121100809831
1851 -0.00120015911649
1852 -0.00117189325539
1853 -0.00113275411136
1854 -0.00108325112638
1855 -0.00101983248227
1856 -0.000949065248613
1857 -0.000871882700019
1858 -0.000793886395923
1859 -0.000715518323653
1860 -0.000642039706569
1861 -0.000577086792733
1862 -0.000522651548971
1863 -0.000479255269527
1864 -0.000445146814251
1865 -0.000417303780018
1866 -0.000392395423585
1867 -0.000367915105303
1868 -0.000342436610644
1869 -0.000315588147279
1870 -0.000287321404586
1871 -0.000258720826493
1872 -0.000230610840146
1873 -0.000203671114812
1874 -0.00017817503059
1875 -0.000154640511751
1876 -0.00013320768313
1877 -0.000113949542791
1878 -9.67031919305e-05
1879 -8.14401693318e-05
1880 -6.79562914697e-05
1881 -5.61428725221e-05
1882 -4.5800017566e-05
1883 -3.6765303289e-05
1884 -2.89328018838e-05
1885 -2.21199787006e-05
1886 -1.62244879832e-05
1887 -1.11390149522e-05
1888 -6.7779140273e-06
1889 -3.04409989987e-06
1890 1.59635509592e-07
1891 2.8823894748e-06
1892 5.18124506504e-06
1893 7.10966465954e-06
1894 8.73617534493e-06
1895 1.01065571055e-05
1896 1.12679116679e-05
1897 1.22363896487e-05
1898 1.30369358514e-05
1899 1.36852242696e-05
1900 -0.00102568226979
1901 -0.00101636629861
1902 -0.000991103805125
1903 -0.000956991328515
1904 -0.00091442992446
1905 -0.000860913327268
1906 -0.000803294213706
1907 -0.000743216559102
1908 -0.000685515585855
1909 -0.000630829148284
1910 -0.000582462352738
1911 -0.000541491032031
1912 -0.000507722033419
1913 -0.000479700731847
1914 -0.000455151626442
1915 -0.000431709488326
1916 -0.000407557970458
1917 -0.000381812047574
1918 -0.00035435348025
1919 -0.000325645237938
1920 -0.000296069000071
1921 -0.000266678203203
1922 -0.000238190533269
1923 -0.000211172330038
1924 -0.000185764397798
1925 -0.000162382039871
1926 -0.000141086242155
1927 -0.000121899942985
1928 -0.00010465872146
1929 -8.93190818965e-05
1930 -7.56983112441e-05
1931 -6.36859922323e-05
1932 -5.31010194981e-05
1933 -4.37988605644e-05
1934 -3.56773505766e-05
1935 -2.85704996731e-05
1936 -2.23812390141e-05
1937 -1.69864549397e-05
1938 -1.23201354982e-05
1939 -8.28427746076e-06
1940 -4.78527192289e-06
1941 -1.78036194147e-06
1942 7.88601489213e-07
1943 2.97979284577e-06
1944 4.85787839266e-06
1945 6.46575259229e-06
1946 7.84624727193e-06
1947 9.01431190105e-06
1948 1.00042011321e-05
1949 1.08304822308e-05
1950 -0.000855723978355
1951 -0.000848591468371
1952 -0.000829378070991
1953 -0.000804021349667
1954 -0.000773146553139
1955 -0.000735794361185
1956 -0.000697090555781
1957 -0.000658565318959
1958 -0.00062284721992
1959 -0.000590165806372
1960 -0.000561424387184
1961 -0.000536028016846
1962 -0.000513081098179
1963 -0.00049112184891
1964 -0.000468722050141
1965 -0.000444754794086
1966 -0.000418750267968
1967 -0.000390787643792
1968 -0.000361412291721
1969 -0.00033133645087
1970 -0.000301040550733
1971 -0.000271394300709
1972 -0.000242985707525
1973 -0.000216243989528
1974 -0.000191214248823
1975 -0.000168210515404
1976 -0.000147227870062
1977 -0.000128273515554
1978 -0.000111176119717
1979 -9.58954152298e-05
1980 -8.22634499397e-05
1981 -7.01745579456e-05
1982 -5.94781578534e-05
1983 -5.00157040456e-05
1984 -4.17037066254e-05
1985 -3.43820188247e-05
1986 -2.7954635862e-05
1987 -2.2315859995e-05
1988 -1.73982003752e-05
1989 -1.31096502454e-05
1990 -9.35916045425e-06
1991 -6.10824338727e-06
1992 -3.30346170124e-06
1993 -8.79928944545e-07
1994 1.22071936735e-06
1995 3.03547043829e-06
1996 4.60630597005e-06
1997 5.95614291384e-06
1998 7.11999173433e-06
1999 8.11396975852e-06
2000 -0.000740496544714
2001 -0.000735774013867
2002 -0.000724076151497
2003 -0.000708643866979
2004 -0.000690166418111
2005 -0.000668687054781
2006 -0.0006467031048
2007 -0.000624882785346
2008 -0.000604090237628
2009 -0.000584146540325
2010 -0.000564798218785
2011 -0.000545162007947
2012 -0.000524707334634
2013 -0.000502717323281
2014 -0.000478653617727
2015 -0.0004523252117
2016 -0.000424032829085
2017 -0.000394230343604
2018 -0.000363629642835
2019 -0.000332921460363
2020 -0.000302544982947
2021 -0.000273179179242
2022 -0.000245260489337
2023 -0.000219109239779
2024 -0.000194676217353
2025 -0.000172222223888
2026 -0.000151702710872
2027 -0.000133110741712
2028 -0.00011630721948
2029 -0.000101210156433
2030 -8.76911139615e-05
2031 -7.56433765142e-05
2032 -6.49222655625e-05
2033 -5.53981463967e-05
2034 -4.69784036905e-05
2035 -3.95168599752e-05
2036 -3.29243704919e-05
2037 -2.71020229548e-05
2038 -2.19881843714e-05
2039 -1.75009906628e-05
2040 -1.35510036785e-05
2041 -1.01031882155e-05
2042 -7.10072682595e-06
2043 -4.48156103678e-06
2044 -2.19518486781e-06
2045 -2.00304506936e-07
2046 1.54418121527e-06
2047 3.06226227803e-06
2048 4.38465652011e-06
2049 5.53062022982e-06
2050 -0.00069174263212
2051 -0.000688728787097
2052 -0.000682485295037
2053 -0.000673902688986
2054 -0.000663276422178
2055 -0.000651159410705
2056 -0.000637963754334
2057 -0.000623694956319
2058 -0.000608598458283
2059 -0.000592300275346
2060 -0.000574462280141
2061 -0.000554530267863
2062 -0.000532444975275
2063 -0.000508112315474
2064 -0.000481563209189
2065 -0.000453077834304
2066 -0.000423209982471
2067 -0.000392442478276
2068 -0.000361478603096
2069 -0.000330877333052
2070 -0.000301020975609
2071 -0.000272385595811
2072 -0.000245295711676
2073 -0.000219978382317
2074 -0.00019635065631
2075 -0.000174608383487
2076 -0.000154696660202
2077 -0.000136601301731
2078 -0.000120190306435
2079 -0.000105398922039
2080 -9.20978923761e-05
2081 -8.0193778711e-05
2082 -6.95434537836e-05
2083 -6.00309942689e-05
2084 -5.15721898868e-05
2085 -4.40258375818e-05
2086 -3.73162743227e-05
2087 -3.13626517593e-05
2088 -2.61056143705e-05
2089 -2.14674013206e-05
2090 -1.73617677621e-05
2091 -1.37528614067e-05
2092 -1.05886041833e-05
2093 -7.812808006e-06
2094 -5.37319046974e-06
2095 -3.22370115334e-06
2096 -1.32589410318e-06
2097 3.39431998755e-07
2098 1.80241603459e-06
2099 3.08412065079e-06
2100 -0.000685243668153
2101 -0.000682957454574
2102 -0.000678916714966
2103 -0.000672883427088
2104 -0.000664884035718
2105 -0.000655462836419
2106 -0.000644195906571
2107 -0.000630870725848
2108 -0.000615732330184
2109 -0.000598329451731
2110 -0.000578602260879
2111 -0.000556392017091
2112 -0.000531875170608
2113 -0.000505369970879
2114 -0.000477085758822
2115 -0.000447441339262
2116 -0.000417027082751
2117 -0.000386244742881
2118 -0.000355696156515
2119 -0.000325836255866
2120 -0.000296972277098
2121 -0.000269411993232
2122 -0.000243399243607
2123 -0.000219112967296
2124 -0.000196436666044
2125 -0.000175534318177
2126 -0.00015635497695
2127 -0.000138869432562
2128 -0.000122971218909
2129 -0.000108577828878
2130 -9.55821600995e-05
2131 -8.38994888452e-05
2132 -7.33820921794e-05
2133 -6.39355367658e-05
2134 -5.54869097499e-05
2135 -4.79170162702e-05
2136 -4.115598817e-05
2137 -3.5130089348e-05
2138 -2.97813116622e-05
2139 -2.5034515446e-05
2140 -2.08107087317e-05
2141 -1.70770837461e-05
2142 -1.3787725126e-05
2143 -1.08810051534e-05
2144 -8.30504973543e-06
2145 -6.01900082398e-06
2146 -3.99029597979e-06
2147 -2.19955381013e-06
2148 -6.13259756743e-07
2149 7.86781110037e-07
2150 -0.00068953121214
2151 -0.000687399645843
2152 -0.000683434276683
2153 -0.000677349676733
2154 -0.000669131810268
2155 -0.000658973194415
2156 -0.000646529569809
2157 -0.000631586206645
2158 -0.00061457297031
2159 -0.000595016201858
2160 -0.000573131372693
2161 -0.000549030780337
2162 -0.000522931882131
2163 -0.000495320815538
2164 -0.000466423183992
2165 -0.000436689493582
2166 -0.000406658143453
2167 -0.000376643356805
2168 -0.000347136398674
2169 -0.000318491478556
2170 -0.000290926416525
2171 -0.000264673473031
2172 -0.000239918321646
2173 -0.000216791869335
2174 -0.000195176227181
2175 -0.000175219857661
2176 -0.00015685450997
2177 -0.000140068947146
2178 -0.000124743452038
2179 -0.000110822430676
2180 -9.81968148512e-05
2181 -8.67832454419e-05
2182 -7.64546198039e-05
2183 -6.71320266e-05
2184 -5.8754160377e-05
2185 -5.12162611473e-05
2186 -4.4453173144e-05
2187 -3.83984413828e-05
2188 -3.29980844516e-05
2189 -2.81868347633e-05
2190 -2.38910744405e-05
2191 -2.00749992337e-05
2192 -1.66917401988e-05
2193 -1.36837193303e-05
2194 -1.09976458273e-05
2195 -8.59745445931e-06
2196 -6.45559479787e-06
2197 -4.55437004426e-06
2198 -2.86097811058e-06
2199 -1.35932579573e-06
2200 -0.000686323979945
2201 -0.000684140529249
2202 -0.000679547897552
2203 -0.000672679609688
2204 -0.000663515642854
2205 -0.000651898455605
2206 -0.000637873055602
2207 -0.000621289465561
2208 -0.000602747283237
2209 -0.000581741231937
2210 -0.000558666316881
2211 -0.000533767481576
2212 -0.000507242815909
2213 -0.00047963641587
2214 -0.000451133378969
2215 -0.000422196510315
2216 -0.000393266765838
2217 -0.000364572571255
2218 -0.000336526892232
2219 -0.000309383844815
2220 -0.000283347179511
2221 -0.00025855971676
2222 -0.000235172194664
2223 -0.000213299876095
2224 -0.000192831459541
2225 -0.000173887661137
2226 -0.000156416914993
2227 -0.000140368899897
2228 -0.000125675768268
2229 -0.000112268449798
2230 -0.000100049337582
2231 -8.8945323499e-05
2232 -7.88512341607e-05
2233 -6.97033970808e-05
2234 -6.14465134907e-05
2235 -5.39871968885e-05
2236 -4.7268664083e-05
2237 -4.12318385774e-05
2238 -3.58262273694e-05
2239 -3.09944906591e-05
2240 -2.66643770376e-05
2241 -2.27887607536e-05
2242 -1.93280946813e-05
2243 -1.62282014924e-05
2244 -1.34472100117e-05
2245 -1.09556148788e-05
2246 -8.72473984971e-06
2247 -6.73753196958e-06
2248 -4.9558933902e-06
2249 -3.37116399522e-06
2250 -0.000670620714392
2251 -0.00066838610713
2252 -0.000663270398327
2253 -0.000655810508362
2254 -0.000645998814365
2255 -0.000633425651646
2256 -0.000618506828072
2257 -0.00060112550699
2258 -0.000582003357715
2259 -0.000560606770717
2260 -0.000537426270225
2261 -0.000512769620017
2262 -0.00048680873388
2263 -0.000460089544267
2264 -0.000432753616288
2265 -0.000405214723158
2266 -0.000377862866683
2267 -0.000350831149857
2268 -0.000324493255548
2269 -0.000299030774856
2270 -0.00027464873803
2271 -0.000251409225438
2272 -0.000229459245629
2273 -0.000208898423032
2274 -0.000189611738491
2275 -0.000171720160464
2276 -0.000155146189953
2277 -0.000139884497094
2278 -0.000125853216994
2279 -0.000112992890893
2280 -0.000101206897496
2281 -9.04524831004e-05
2282 -8.06371804614e-05
2283 -7.17062993853e-05
2284 -6.36108091398e-05
2285 -5.62743878105e-05
2286 -4.96440507703e-05
2287 -4.36658729033e-05
2288 -3.82925964826e-05
2289 -3.34659295538e-05
2290 -2.91147071987e-05
2291 -2.5202007191e-05
2292 -2.16901187206e-05
2293 -1.85292584777e-05
2294 -1.56820424721e-05
2295 -1.31204675198e-05
2296 -1.08194573484e-05
2297 -8.75576263684e-06
2298 -6.90495135023e-06
2299 -5.25527946799e-06
2300 -0.000644220105564
2301 -0.000642020554834
2302 -0.000636698127151
2303 -0.000629032701733
2304 -0.000619088874753
2305 -0.000606289101408
2306 -0.00059127490484
2307 -0.000573967030398
2308 -0.000555129433545
2309 -0.000534229942687
2310 -0.000511805116111
2311 -0.000488176694379
2312 -0.000463482261778
2313 -0.000438221921182
2314 -0.000412518934177
2315 -0.000386731005341
2316 -0.000361202586305
2317 -0.000336030820999
2318 -0.000311533641172
2319 -0.000287840009934
2320 -0.000265153295683
2321 -0.000243503063408
2322 -0.000223021831072
2323 -0.000203783851929
2324 -0.000185689208723
2325 -0.000168845606486
2326 -0.000153202990936
2327 -0.000138737612458
2328 -0.000125374766154
2329 -0.000113067009157
2330 -0.000101747193244
2331 -9.13716415573e-05
2332 -8.18636213853e-05
2333 -7.3182540618e-05
2334 -6.52903739011e-05
2335 -5.81172598508e-05
2336 -5.16125283625e-05
2337 -4.57233202777e-05
2338 -4.0407737085e-05
2339 -3.56093124676e-05
2340 -3.12626261482e-05
2341 -2.7337927907e-05
2342 -2.37985649292e-05
2343 -2.05993905398e-05
2344 -1.77077334797e-05
2345 -1.5096532686e-05
2346 -1.27397769556e-05
2347 -1.06206339618e-05
2348 -8.72257266974e-06
2349 -7.02378373064e-06
2350 -0.000610644730439
2351 -0.000608553956723
2352 -0.000603310957805
2353 -0.000595824316371
2354 -0.000586190999146
2355 -0.000573743519842
2356 -0.000559268298712
2357 -0.000542678857969
2358 -0.000524762838292
2359 -0.000504981957293
2360 -0.000483871131536
2361 -0.000461747224137
2362 -0.000438727249164
2363 -0.000415249336325
2364 -0.00039140504978
2365 -0.000367548251397
2366 -0.000343952086738
2367 -0.000320703126434
2368 -0.000298071859987
2369 -0.000276160561404
2370 -0.000255170805589
2371 -0.00023510113581
2372 -0.000216063193383
2373 -0.000198126730882
2374 -0.000181211914287
2375 -0.000165418868151
2376 -0.000150692974635
2377 -0.000137007000163
2378 -0.000124317822606
2379 -0.000112579226955
2380 -0.000101735678496
2381 -9.17643496027e-05
2382 -8.25956368861e-05
2383 -7.42044908497e-05
2384 -6.65504300784e-05
2385 -5.9567110705e-05
2386 -5.3205813046e-05
2387 -4.74248495417e-05
2388 -4.21862458806e-05
2389 -3.74402462003e-05
2390 -3.31255284784e-05
2391 -2.92100737142e-05
2392 -2.56643237499e-05
2393 -2.24471952838e-05
2394 -1.95322554684e-05
2395 -1.68894512725e-05
2396 -1.45000707222e-05
2397 -1.23490032515e-05
2398 -1.04139655625e-05
2399 -8.67598902558e-06
2400 -0.000573358705041
2401 -0.000571435076218
2402 -0.000566451758239
2403 -0.000559406448581
2404 -0.000550389642371
2405 -0.000538674642294
2406 -0.000525132766908
2407 -0.000509653732628
2408 -0.000493010086725
2409 -0.000474686475888
2410 -0.000455169993854
2411 -0.000434798613974
2412 -0.000413625399669
2413 -0.000392060281467
2414 -0.000370200075377
2415 -0.000348294977452
2416 -0.000326649826819
2417 -0.000305298849779
2418 -0.00028449630461
2419 -0.000264326248373
2420 -0.000244973785529
2421 -0.000226419129166
2422 -0.000208769938165
2423 -0.000192101415264
2424 -0.000176341380754
2425 -0.000161565533422
2426 -0.000147723214371
2427 -0.000134803453446
2428 -0.000122770058227
2429 -0.000111602159009
2430 -0.000101256265362
2431 -9.17066136523e-05
2432 -8.29051427755e-05
2433 -7.48258978294e-05
2434 -6.74256872563e-05
2435 -6.06456201917e-05
2436 -5.44510308945e-05
2437 -4.88029319848e-05
2438 -4.36644955109e-05
2439 -3.89927508931e-05
2440 -3.47253999563e-05
2441 -3.08378211073e-05
2442 -2.73048033098e-05
2443 -2.40894821426e-05
2444 -2.11671708691e-05
2445 -1.8514665663e-05
2446 -1.61112791597e-05
2447 -1.39391682325e-05
2448 -1.19763515984e-05
2449 -1.02047499953e-05
2450 -0.000535176652015
2451 -0.000533462281089
2452 -0.000528834971793
2453 -0.000522353793687
2454 -0.000514083544995
2455 -0.000503269094413
2456 -0.000490809319102
2457 -0.000476611337918
2458 -0.000461379992775
2459 -0.00044462830768
2460 -0.000426788303665
2461 -0.00040822216547
2462 -0.000388920730847
2463 -0.000369257894646
2464 -0.000349312744122
2465 -0.000329353826199
2466 -0.000309580324962
2467 -0.00029006834433
2468 -0.00027101868903
2469 -0.000252506905391
2470 -0.000234710059655
2471 -0.000217606058606
2472 -0.000201302752727
2473 -0.000185851090485
2474 -0.000171178976021
2475 -0.000157363185846
2476 -0.000144369649971
2477 -0.000132192608194
2478 -0.000120813774199
2479 -0.000110217402791
2480 -0.000100374635211
2481 -9.12675575105e-05
2482 -8.28449960191e-05
2483 -7.50824231902e-05
2484 -6.79414736942e-05
2485 -6.13832233175e-05
2486 -5.5375384778e-05
2487 -4.98774973549e-05
2488 -4.48582894766e-05
2489 -4.02768757904e-05
2490 -3.60754381623e-05
2491 -3.2234179219e-05
2492 -2.87324039192e-05
2493 -2.55381268658e-05
2494 -2.26295696497e-05
2495 -1.99838589008e-05
2496 -1.7578356121e-05
2497 -1.53948685798e-05
2498 -1.3409237783e-05
2499 -1.16060568867e-05
