0 -0.000495543045613
1 -0.000490280002935
2 -0.000487053971046
3 -0.000482185971193
4 -0.000474866369061
5 -0.000467593112656
6 -0.00045945973187
7 -0.000449305878838
8 -0.000437302755275
9 -0.00042501696254
10 -0.000411887055691
11 -0.00039669372748
12 -0.000381695322701
13 -0.000366474227475
14 -0.00035095698711
15 -0.000335296130059
16 -0.000319080886217
17 -0.000302845781463
18 -0.000287025429407
19 -0.000271456177053
20 -0.000255632259865
21 -0.000240123946287
22 -0.000225353708562
23 -0.000211027732682
24 -0.000196982797969
25 -0.000183642455318
26 -0.000170859636868
27 -0.000158788979861
28 -0.000147241565964
29 -0.000136302866131
30 -0.000125983867996
31 -0.000116261605541
32 -0.000107122539989
33 -9.85107121103e-05
34 -9.04473806349e-05
35 -8.28976229486e-05
36 -7.58263347967e-05
37 -6.92285545484e-05
38 -6.30771394041e-05
39 -5.73332158376e-05
40 -5.19818872258e-05
41 -4.70007686119e-05
42 -4.2363901369e-05
43 -3.80545813958e-05
44 -3.40590025585e-05
45 -3.0381460845e-05
46 -2.69902778712e-05
47 -2.3883858325e-05
48 -2.10248726993e-05
49 -1.84053107052e-05
50 -0.000494245623796
51 -0.000489686002977
52 -0.000486847938284
53 -0.000481712231514
54 -0.000474272678952
55 -0.000467326635959
56 -0.0004589452324
57 -0.000448587444845
58 -0.000436704326056
59 -0.000424364428867
60 -0.000411191943383
61 -0.000396181998236
62 -0.000381213644193
63 -0.000365995136639
64 -0.000350472885192
65 -0.000334733292828
66 -0.000318520272248
67 -0.000302331074155
68 -0.000286498463451
69 -0.000270894287586
70 -0.00025507710987
71 -0.000239672195048
72 -0.000224914833931
73 -0.000210632873142
74 -0.000196640712505
75 -0.000183305505934
76 -0.000170545578448
77 -0.000158487250761
78 -0.000146949513438
79 -0.000136028191795
80 -0.00012571714032
81 -0.000116000058813
82 -0.000106869521966
83 -9.82763959973e-05
84 -9.02334165629e-05
85 -8.27017283478e-05
86 -7.56431603586e-05
87 -6.90576075523e-05
88 -6.29141388925e-05
89 -5.71803462795e-05
90 -5.18396284145e-05
91 -4.68716445501e-05
92 -4.22473338379e-05
93 -3.79550087849e-05
94 -3.39771644577e-05
95 -3.03137752717e-05
96 -2.69352116385e-05
97 -2.38375920709e-05
98 -2.09865280372e-05
99 -1.83738562309e-05
100 -0.000500618672617
101 -0.000496011216089
102 -0.00049306046181
103 -0.000487795266168
104 -0.000480155102731
105 -0.00047298651985
106 -0.000464360216946
107 -0.000453712710091
108 -0.000441516572986
109 -0.000428853459293
110 -0.000415342837914
111 -0.000399984196932
112 -0.0003846749122
113 -0.000369117402155
114 -0.000353267176117
115 -0.000337214685935
116 -0.000320702725905
117 -0.000304237786999
118 -0.000288146113848
119 -0.000272308156526
120 -0.000256278325899
121 -0.000240681402751
122 -0.000225752526748
123 -0.00021131750858
124 -0.000197188250847
125 -0.000183722745891
126 -0.000170837553989
127 -0.000158651403087
128 -0.000146991799042
129 -0.00013595602446
130 -0.000125541882808
131 -0.000115739482511
132 -0.000106543978698
133 -9.79037183729e-05
134 -8.9827007213e-05
135 -8.22705762153e-05
136 -7.51906061312e-05
137 -6.85852983689e-05
138 -6.24262578513e-05
139 -5.66834886996e-05
140 -5.13425384048e-05
141 -4.63847289791e-05
142 -4.17801480031e-05
143 -3.75133769523e-05
144 -3.35628402111e-05
145 -2.99240815886e-05
146 -2.656543265e-05
147 -2.34845563254e-05
148 -2.06506260505e-05
149 -1.80571681245e-05
150 -0.000510756398379
151 -0.000506062964225
152 -0.000502948994787
153 -0.000497467256713
154 -0.000489520628001
155 -0.000482002847744
156 -0.000472986469139
157 -0.000461885438847
158 -0.000449188632737
159 -0.00043600881867
160 -0.000421955727751
161 -0.000406034136797
162 -0.00039017451422
163 -0.000374070486004
164 -0.000357693843258
165 -0.000341143741858
166 -0.000324160018575
167 -0.000307256181312
168 -0.00029075794026
169 -0.000274547059403
170 -0.000258178898776
171 -0.000242271408116
172 -0.000227054023245
173 -0.000212354232802
174 -0.000197987953687
175 -0.000184306213381
176 -0.000171222155772
177 -0.000158846811907
178 -0.00014701072916
179 -0.00013581469085
180 -0.000125258374496
181 -0.000115333577263
182 -0.000106036427959
183 -9.73154178441e-05
184 -8.91767355451e-05
185 -8.15737625831e-05
186 -7.44606904652e-05
187 -6.78311239296e-05
188 -6.16553884697e-05
189 -5.59055240219e-05
190 -5.05703944198e-05
191 -4.5631212038e-05
192 -4.10563793976e-05
193 -3.68245923915e-05
194 -3.29106341368e-05
195 -2.93066230953e-05
196 -2.59803792255e-05
197 -2.2929906976e-05
198 -2.01249899073e-05
199 -1.75608763049e-05
200 -0.000524528610363
201 -0.000519757064417
202 -0.0005164324215
203 -0.000510661869297
204 -0.000502321430926
205 -0.000494338909162
206 -0.00048479282017
207 -0.000473078358311
208 -0.000459715643707
209 -0.000445836186105
210 -0.000431041203875
211 -0.000414355539798
212 -0.000397742822044
213 -0.000380885744229
214 -0.000363784837415
215 -0.000346537492876
216 -0.000328894828501
217 -0.000311366722507
218 -0.00029428412232
219 -0.000277544411659
220 -0.000260694547568
221 -0.000244346597294
222 -0.000228721937014
223 -0.000213649356845
224 -0.000198944940571
225 -0.000184954061348
226 -0.000171595960049
227 -0.00015897779678
228 -0.000146931846973
229 -0.000135549521963
230 -0.000124823676523
231 -0.000114748566431
232 -0.000105320405758
233 -9.64893328705e-05
234 -8.82624574537e-05
235 -8.05940399316e-05
236 -7.3437002433e-05
237 -6.67819906926e-05
238 -6.05963727725e-05
239 -5.48500755611e-05
240 -4.95315045541e-05
241 -4.4620403971e-05
242 -4.00822895643e-05
243 -3.58916737443e-05
244 -3.20212147164e-05
245 -2.84618771885e-05
246 -2.51813472374e-05
247 -2.21750905736e-05
248 -1.94119933223e-05
249 -1.68884582794e-05
250 -0.000542824165544
251 -0.000538014517301
252 -0.00053437252703
253 -0.000528313892566
254 -0.000519403000546
255 -0.000510816436075
256 -0.000500583000144
257 -0.000488093969879
258 -0.000473911325949
259 -0.000459119987275
260 -0.000443347141978
261 -0.000425682935832
262 -0.000408084053437
263 -0.000390205925629
264 -0.000372134218978
265 -0.000353942943544
266 -0.000335367202
267 -0.000317003464837
268 -0.000299092254746
269 -0.000281621950624
270 -0.000264083382003
271 -0.000247118229978
272 -0.000230912222254
273 -0.000215332283314
274 -0.000200175258845
275 -0.000185775345429
276 -0.00017205506971
277 -0.000159116083378
278 -0.000146791511681
279 -0.000135178611453
280 -0.000124249059231
281 -0.000113988391783
282 -0.000104397715876
283 -9.54260623633e-05
284 -8.70853017005e-05
285 -7.93302255344e-05
286 -7.21166536632e-05
287 -6.54311958619e-05
288 -5.92400651985e-05
289 -5.3506878781e-05
290 -4.82130828019e-05
291 -4.33360319425e-05
292 -3.883762561e-05
293 -3.4691520005e-05
294 -3.08710055532e-05
295 -2.7365679358e-05
296 -2.41417522875e-05
297 -2.11928983566e-05
298 -1.84852823488e-05
299 -1.60167358164e-05
300 -0.000566023347876
301 -0.000561057867084
302 -0.00055718251418
303 -0.000550518766016
304 -0.00054113470204
305 -0.000531802815019
306 -0.000520776783456
307 -0.000507387076504
308 -0.000492132461088
309 -0.000476180236441
310 -0.000459270220142
311 -0.000440384421091
312 -0.000421511552254
313 -0.000402389540346
314 -0.000383035392495
315 -0.000363689087377
316 -0.00034389343692
317 -0.000324377053986
318 -0.00030540744179
319 -0.00028692199197
320 -0.000268502629927
321 -0.000250684591705
322 -0.000233731450197
323 -0.000217467747814
324 -0.000201730765558
325 -0.000186813978246
326 -0.000172639539721
327 -0.000159299647935
328 -0.000146637419687
329 -0.000134724152588
330 -0.000123535082902
331 -0.000113058966431
332 -0.000103274044994
333 -9.41408620188e-05
334 -8.566493792e-05
335 -7.78056203417e-05
336 -7.05247318243e-05
337 -6.38011063271e-05
338 -5.76015357775e-05
339 -5.18822768893e-05
340 -4.66177176068e-05
341 -4.17735255275e-05
342 -3.73188018242e-05
343 -3.3220610665e-05
344 -2.94557139877e-05
345 -2.60112434561e-05
346 -2.28506117481e-05
347 -1.99642249301e-05
348 -1.73228952668e-05
349 -1.49202587904e-05
350 -0.000586123692647
351 -0.000580802976695
352 -0.000576716523392
353 -0.000569682087406
354 -0.000559689191627
355 -0.000549940958776
356 -0.000538230412079
357 -0.000523915536452
358 -0.000507714195879
359 -0.000490921958962
360 -0.000472945747283
361 -0.000452880077168
362 -0.000432914846963
363 -0.000412690460963
364 -0.000392264666846
365 -0.000371673879706
366 -0.00035088836821
367 -0.000330296195348
368 -0.000310360805345
369 -0.000290964589548
370 -0.000271662669812
371 -0.000253068544849
372 -0.000235459438706
373 -0.000218609226668
374 -0.000202341813189
375 -0.000186970934728
376 -0.000172416647656
377 -0.000158749360121
378 -0.000145807919241
379 -0.000133651257209
380 -0.000122273373222
381 -0.000111639911097
382 -0.000101735875043
383 -9.24977716733e-05
384 -8.39510140462e-05
385 -7.60501150265e-05
386 -6.87478180038e-05
387 -6.20294408989e-05
388 -5.58476417604e-05
389 -5.01657955228e-05
390 -4.49558518091e-05
391 -4.0171184538e-05
392 -3.57748464561e-05
393 -3.17437978895e-05
394 -2.80503526009e-05
395 -2.46799972363e-05
396 -2.15959835937e-05
397 -1.8788193201e-05
398 -1.62222337723e-05
399 -1.38907627746e-05
400 -0.00060674329396
401 -0.000601334245549
402 -0.000597230581946
403 -0.00058981044735
404 -0.000579225143204
405 -0.000568953115626
406 -0.000556523596657
407 -0.000541374096056
408 -0.000524258702047
409 -0.000506484420103
410 -0.000487447053282
411 -0.000466190742491
412 -0.000445076956167
413 -0.000423618851334
414 -0.000401993606138
415 -0.000380232573165
416 -0.000358233987766
417 -0.000336543710306
418 -0.000315523900434
419 -0.000295142626339
420 -0.000274887327528
421 -0.000255470742386
422 -0.000237100375869
423 -0.000219581626674
424 -0.000202742306899
425 -0.000186881907392
426 -0.000171907963924
427 -0.000157883417869
428 -0.000144639690062
429 -0.000132246252124
430 -0.000120664141355
431 -0.000109874673177
432 -9.98505543397e-05
433 -9.05436554486e-05
434 -8.19419908272e-05
435 -7.4009533162e-05
436 -6.67126321967e-05
437 -6.00144676336e-05
438 -5.38685532468e-05
439 -4.82343224857e-05
440 -4.30822284972e-05
441 -3.83724097743e-05
442 -3.405348902e-05
443 -3.0098561317e-05
444 -2.64859167529e-05
445 -2.32020103738e-05
446 -2.02067289843e-05
447 -1.74863989662e-05
448 -1.50034768294e-05
449 -1.27496735252e-05
450 -0.000629917982838
451 -0.000624844159317
452 -0.000620518348573
453 -0.000612772664545
454 -0.000601761580478
455 -0.000590882714886
456 -0.00057764416148
457 -0.00056163098882
458 -0.000543621955553
459 -0.000524726972044
460 -0.000504490734869
461 -0.000482020095334
462 -0.000459552145936
463 -0.000436698967336
464 -0.000413663654253
465 -0.000390503412649
466 -0.000367102770553
467 -0.000344090386213
468 -0.000321795492222
469 -0.000300195001576
470 -0.000278838829083
471 -0.000258407101169
472 -0.000239105457521
473 -0.000220764352869
474 -0.000203209950855
475 -0.000186733421954
476 -0.000171239259446
477 -0.00015677003191
478 -0.000143166514661
479 -0.000130493318118
480 -0.000118675021457
481 -0.000107712296329
482 -9.75606885012e-05
483 -8.81766291374e-05
484 -7.95251798798e-05
485 -7.15821092782e-05
486 -6.42884917151e-05
487 -5.76124170101e-05
488 -5.15063711501e-05
489 -4.59271876342e-05
490 -4.08476594393e-05
491 -3.62227161159e-05
492 -3.19981962198e-05
493 -2.81368607125e-05
494 -2.46234841674e-05
495 -2.14391885598e-05
496 -1.85480273233e-05
497 -1.59260516868e-05
498 -1.35345122116e-05
499 -1.1367991754e-05
500 -0.00065307188025
501 -0.000648469058194
502 -0.000643969827798
503 -0.000635993001804
504 -0.000624808545743
505 -0.00061343634149
506 -0.000599560277585
507 -0.00058278602845
508 -0.000564029506787
509 -0.000544108960452
510 -0.000522730522267
511 -0.000499112416533
512 -0.000475294421245
513 -0.00045099431391
514 -0.000426451755623
515 -0.000401766571595
516 -0.000376863706705
517 -0.000352380508769
518 -0.000328634740762
519 -0.000305678425662
520 -0.00028307984434
521 -0.000261501559191
522 -0.000241139775381
523 -0.000221852141364
524 -0.000203476520414
525 -0.000186293029494
526 -0.000170199630347
527 -0.000155232300783
528 -0.000141227543979
529 -0.000128247956234
530 -0.000116190140049
531 -0.0001050573991
532 -9.47875609858e-05
533 -8.53345163782e-05
534 -7.66558440746e-05
535 -6.8709160914e-05
536 -6.1437799473e-05
537 -5.48019196583e-05
538 -4.87524303218e-05
539 -4.3245609078e-05
540 -3.82546588204e-05
541 -3.3730098593e-05
542 -2.96169273655e-05
543 -2.58716092569e-05
544 -2.24767566682e-05
545 -1.94106493292e-05
546 -1.66345262681e-05
547 -1.41223218557e-05
548 -1.18332425567e-05
549 -9.76612407657e-06
550 -0.000673285705003
551 -0.000669381160119
552 -0.000664799619287
553 -0.000656911124186
554 -0.000645923407329
555 -0.000634287511235
556 -0.000620063173823
557 -0.000602930058017
558 -0.00058380332673
559 -0.000563195966268
560 -0.000540928761694
561 -0.000516417474655
562 -0.000491430664037
563 -0.000465772086536
564 -0.000439763687955
565 -0.000413545496585
566 -0.000387094384884
567 -0.000361092991564
568 -0.000335789713272
569 -0.000311371286776
570 -0.000287402816619
571 -0.00026457351415
572 -0.000243036157012
573 -0.000222712523812
574 -0.000203427480956
575 -0.000185450499002
576 -0.000168697817183
577 -0.000153181652087
578 -0.000138756126081
579 -0.000125452517721
580 -0.000113158191611
581 -0.000101859549977
582 -9.14849505618e-05
583 -8.1975314097e-05
584 -7.3280247477e-05
585 -6.53449240503e-05
586 -5.81196484951e-05
587 -5.154985022e-05
588 -4.55807827689e-05
589 -4.01715550048e-05
590 -3.52919309977e-05
591 -3.08903977812e-05
592 -2.6910535522e-05
593 -2.33037130061e-05
594 -2.00459329365e-05
595 -1.71131669707e-05
596 -1.44640428925e-05
597 -1.20746506308e-05
598 -9.90227022349e-06
599 -7.94762138074e-06
600 -0.000685630833181
601 -0.000682427613593
602 -0.000677982223423
603 -0.000670461881223
604 -0.000660289901588
605 -0.000648814278393
606 -0.000634786604829
607 -0.000617945699845
608 -0.000599091011332
609 -0.000578452617541
610 -0.000555945513036
611 -0.000531133227537
612 -0.000505476111303
613 -0.000478902097641
614 -0.0004517537579
615 -0.000424239719567
616 -0.000396435369982
617 -0.000368977062956
618 -0.000342222198156
619 -0.000316346291175
620 -0.000291053760167
621 -0.000266974961343
622 -0.000244264338803
623 -0.000222896304391
624 -0.000202713940909
625 -0.000183954234876
626 -0.000166541797734
627 -0.00015047568907
628 -0.000135633935082
629 -0.000122020526598
630 -0.000109513154102
631 -9.80710450644e-05
632 -8.76124270613e-05
633 -7.80741074606e-05
634 -6.93971626777e-05
635 -6.15048218108e-05
636 -5.43585996635e-05
637 -4.78900433608e-05
638 -4.20360604705e-05
639 -3.67578244468e-05
640 -3.20210169511e-05
641 -2.7768213277e-05
642 -2.39465362594e-05
643 -2.04961166582e-05
644 -1.73885909952e-05
645 -1.46026027131e-05
646 -1.20902025385e-05
647 -9.83546560591e-06
648 -7.79455356187e-06
649 -5.96592486932e-06
650 -0.000688344699995
651 -0.000685583253848
652 -0.000681098721342
653 -0.000674336523439
654 -0.000665216534132
655 -0.000654146954157
656 -0.000640807574663
657 -0.000624889001045
658 -0.000607031459215
659 -0.000587180261281
660 -0.000565225218883
661 -0.000540962172587
662 -0.00051542692827
663 -0.000488626307271
664 -0.000460910426912
665 -0.00043253632297
666 -0.000403790816513
667 -0.000375195834803
668 -0.000347176316502
669 -0.000320010570906
670 -0.000293518151562
671 -0.000268283202595
672 -0.000244486474488
673 -0.000222133880213
674 -0.000201100966572
675 -0.00018161500209
676 -0.000163603283194
677 -0.000147033261485
678 -0.000131812828117
679 -0.000117927384191
680 -0.000105239390003
681 -9.36925791452e-05
682 -8.31896450395e-05
683 -7.36638631394e-05
684 -6.50343767554e-05
685 -5.72297761716e-05
686 -5.02018578341e-05
687 -4.38739307591e-05
688 -3.81702466806e-05
689 -3.30577436568e-05
690 -2.85023397033e-05
691 -2.44239111618e-05
692 -2.0780309914e-05
693 -1.75063322905e-05
694 -1.45698377867e-05
695 -1.19460309586e-05
696 -9.59335075197e-06
697 -7.4897988643e-06
698 -5.59409225294e-06
699 -3.90098603079e-06
700 -0.000684753762809
701 -0.000681685588722
702 -0.000676636404146
703 -0.000670387250501
704 -0.000661878350367
705 -0.000650845666111
706 -0.000638210746278
707 -0.000623381686923
708 -0.00060675799375
709 -0.000588162871656
710 -0.000567430755551
711 -0.000544519141785
712 -0.000519946744599
713 -0.000493745762035
714 -0.000466271579108
715 -0.000437675763566
716 -0.000408528041747
717 -0.000379240454678
718 -0.00035030472512
719 -0.000322101426555
720 -0.000294580079304
721 -0.000268333884752
722 -0.000243559114583
723 -0.000220314746773
724 -0.000198515624294
725 -0.000178362282823
726 -0.000159805007358
727 -0.000142791857093
728 -0.000127246525186
729 -0.000113118158487
730 -0.000100291918676
731 -8.86824739837e-05
732 -7.8186821345e-05
733 -6.87017105518e-05
734 -6.0173835488e-05
735 -5.25087414801e-05
736 -4.56395535362e-05
737 -3.94889061369e-05
738 -3.39766273276e-05
739 -2.90619217237e-05
740 -2.47181188712e-05
741 -2.08439658565e-05
742 -1.73949916273e-05
743 -1.43125707784e-05
744 -1.15633044839e-05
745 -9.1193231009e-06
746 -6.93982195234e-06
747 -4.99244306488e-06
748 -3.25868079112e-06
749 -1.7225310342e-06
750 -0.00068411400706
751 -0.000679313947772
752 -0.000672847359439
753 -0.000665662745426
754 -0.000656070628973
755 -0.000643722272159
756 -0.000630682376508
757 -0.000615911183731
758 -0.000599550364236
759 -0.000581781699162
760 -0.000562255501629
761 -0.00054103197514
762 -0.000518020530765
763 -0.000493195288643
764 -0.000466748050022
765 -0.000438787746437
766 -0.000409953269534
767 -0.00038057451433
768 -0.000351163161532
769 -0.000322261154677
770 -0.000294006901589
771 -0.000266944751922
772 -0.000241325100525
773 -0.000217285716722
774 -0.000194809218152
775 -0.000174058215459
776 -0.000155011376158
777 -0.000137608320771
778 -0.000121787325403
779 -0.000107472042174
780 -9.45508300439e-05
781 -8.29179775503e-05
782 -7.24781738335e-05
783 -6.31043397277e-05
784 -5.47239949443e-05
785 -4.72385840967e-05
786 -4.05743124512e-05
787 -3.46498297589e-05
788 -2.93715320157e-05
789 -2.46895024745e-05
790 -2.05845000623e-05
791 -1.69481745558e-05
792 -1.37242895838e-05
793 -1.08582389819e-05
794 -8.32352530156e-06
795 -6.08364404979e-06
796 -4.10121036022e-06
797 -2.34614737908e-06
798 -7.90427433817e-07
799 5.72991430578e-07
800 -0.000701052998411
801 -0.000692626967945
802 -0.000683920014918
803 -0.000673028920191
804 -0.000658941630934
805 -0.000642926562664
806 -0.000626724218124
807 -0.000609033218698
808 -0.000590069454392
809 -0.000571056918779
810 -0.000551295233332
811 -0.000530856450146
812 -0.000509207556977
813 -0.000486117948879
814 -0.000461326511693
815 -0.000434793633285
816 -0.000407080029647
817 -0.000378341862743
818 -0.000349074424875
819 -0.000319976569078
820 -0.000291338642663
821 -0.000263739987138
822 -0.000237470370909
823 -0.000212771771366
824 -0.000189733296351
825 -0.000168478636187
826 -0.000149022509639
827 -0.000131302590785
828 -0.000115271400907
829 -0.000100850972534
830 -8.79080014423e-05
831 -7.63233548291e-05
832 -6.59930173111e-05
833 -5.67932613495e-05
834 -4.86147778939e-05
835 -4.13646532339e-05
836 -3.49643502666e-05
837 -2.9313381933e-05
838 -2.43051833981e-05
839 -1.98919345717e-05
840 -1.60561382078e-05
841 -1.26871353937e-05
842 -9.7208335401e-06
843 -7.10339569328e-06
844 -4.80884277923e-06
845 -2.80077735113e-06
846 -1.03831808557e-06
847 5.07825278785e-07
848 1.86226357579e-06
849 3.03427423059e-06
850 -0.000756465600284
851 -0.000742897299279
852 -0.000730817207081
853 -0.000712840268291
854 -0.000689353343094
855 -0.000665944632812
856 -0.000641651736454
857 -0.000615579819348
858 -0.000588603076496
859 -0.000563693187081
860 -0.000539755750733
861 -0.000516868512681
862 -0.000494684565166
863 -0.000472466694592
864 -0.000449283923954
865 -0.000424633705227
866 -0.00039877291101
867 -0.000371491859024
868 -0.000343130580508
869 -0.000314443537251
870 -0.000285956245433
871 -0.000258219214305
872 -0.000231567671567
873 -0.000206418722758
874 -0.000182970505399
875 -0.000161340125613
876 -0.000141585107903
877 -0.000123644626616
878 -0.000107497464164
879 -9.30610229325e-05
880 -8.01735080729e-05
881 -6.87191702025e-05
882 -5.85778321191e-05
883 -4.96255025169e-05
884 -4.17129229791e-05
885 -3.47679710196e-05
886 -2.86795936304e-05
887 -2.33498043795e-05
888 -1.86623761316e-05
889 -1.45631449055e-05
890 -1.10390005889e-05
891 -7.97833863938e-06
892 -5.3079932676e-06
893 -2.97864810081e-06
894 -9.6067480561e-07
895 7.81690133794e-07
896 2.28951165124e-06
897 3.59712378681e-06
898 4.72500712281e-06
899 5.6823600213e-06
900 -0.000863498241478
901 -0.000845048922228
902 -0.000828643752999
903 -0.000801692743474
904 -0.000765480958668
905 -0.000731025046893
906 -0.000693357505436
907 -0.000652634922809
908 -0.000611075670286
909 -0.000573451296786
910 -0.000538853138935
911 -0.000507392836186
912 -0.000480008896328
913 -0.000455385638231
914 -0.000431938564549
915 -0.000408450784425
916 -0.000384493320341
917 -0.000359173167384
918 -0.000332419569595
919 -0.000304851323846
920 -0.000277160716007
921 -0.000249811247665
922 -0.00022316086065
923 -0.00019786858699
924 -0.000174247168657
925 -0.000152437711703
926 -0.000132546728923
927 -0.000114526445516
928 -9.83959012522e-05
929 -8.40703481473e-05
930 -7.13502154118e-05
931 -6.01331787872e-05
932 -5.02747385224e-05
933 -4.1653003247e-05
934 -3.40900845978e-05
935 -2.75208901331e-05
936 -2.18110877049e-05
937 -1.6849320362e-05
938 -1.25314719022e-05
939 -8.79786163578e-06
940 -5.62979646228e-06
941 -2.9181128543e-06
942 -5.91778335533e-07
943 1.41481863234e-06
944 3.11731527294e-06
945 4.56084600691e-06
946 5.78023392526e-06
947 6.82567682869e-06
948 7.70940788771e-06
949 8.44308087616e-06
950 -0.00101372150147
951 -0.000992261426214
952 -0.000971372220752
953 -0.000936224475627
954 -0.000888761866367
955 -0.000842104578494
956 -0.000789295157533
957 -0.000730683352436
958 -0.000670441354375
959 -0.000614199872598
960 -0.000562087750786
961 -0.000514535417314
962 -0.000474938033626
963 -0.000442009092137
964 -0.000413951039328
965 -0.00038892039543
966 -0.000365412281654
967 -0.000341703069373
968 -0.000316845119088
969 -0.000290930638014
970 -0.000264652747568
971 -0.000238227338672
972 -0.000212035876283
973 -0.000186956501553
974 -0.000163444733339
975 -0.000141689583353
976 -0.000121847311358
977 -0.000103918014783
978 -8.79565971011e-05
979 -7.38762109474e-05
980 -6.14466722518e-05
981 -5.05851429085e-05
982 -4.11073690439e-05
983 -3.29092570593e-05
984 -2.57739693574e-05
985 -1.96250773593e-05
986 -1.43587778177e-05
987 -9.84062801103e-06
988 -5.95380057785e-06
989 -2.64096248494e-06
990 1.16341588681e-07
991 2.44278595505e-06
992 4.39224811012e-06
993 6.03653713654e-06
994 7.39358031444e-06
995 8.50974602088e-06
996 9.42148763476e-06
997 1.01822182269e-05
998 1.08093451757e-05
999 1.13094499757e-05
1000 -0.00117880476658
1001 -0.00115589396564
1002 -0.00113114557336
1003 -0.00109077311426
1004 -0.00103596715583
1005 -0.000979597876374
1006 -0.000914656342139
1007 -0.000841003169274
1008 -0.000763566117901
1009 -0.00068820885806
1010 -0.000615760971672
1011 -0.000547364349434
1012 -0.00048922236156
1013 -0.000441185673203
1014 -0.000402262428216
1015 -0.000370831670169
1016 -0.000344402930678
1017 -0.00032051588308
1018 -0.000296944660453
1019 -0.000272756338513
1020 -0.000248296248461
1021 -0.00022325422477
1022 -0.00019797006432
1023 -0.000173473701197
1024 -0.000150380516872
1025 -0.000128924959148
1026 -0.000109345211293
1027 -9.16806547481e-05
1028 -7.60453803627e-05
1029 -6.23580790054e-05
1030 -5.03536750304e-05
1031 -3.99670144479e-05
1032 -3.09859639788e-05
1033 -2.33040791834e-05
1034 -1.66915034449e-05
1035 -1.10815495345e-05
1036 -6.33789486939e-06
1037 -2.32798346444e-06
1038 1.06944145248e-06
1039 3.91358626585e-06
1040 6.20918406369e-06
1041 8.10224989172e-06
1042 9.6391418456e-06
1043 1.08896971581e-05
1044 1.18664378604e-05
1045 1.26250962699e-05
1046 1.32009093035e-05
1047 1.36597392274e-05
1048 1.4016408631e-05
1049 1.42713669746e-05
1050 -0.00134070486322
1051 -0.00131627756464
1052 -0.0012877214853
1053 -0.00124329519091
1054 -0.00118305445876
1055 -0.00111929996904
1056 -0.00104604619599
1057 -0.000962074184617
1058 -0.000872749090676
1059 -0.000782927484286
1060 -0.000693268736415
1061 -0.000605180930071
1062 -0.000526683440348
1063 -0.00045914566665
1064 -0.000403740255085
1065 -0.000360067385689
1066 -0.00032586590487
1067 -0.000298432920195
1068 -0.000274320369058
1069 -0.000251178828583
1070 -0.000228456978825
1071 -0.000205037347032
1072 -0.000181034417242
1073 -0.000157451341383
1074 -0.000135062391222
1075 -0.000114142137168
1076 -9.50297472682e-05
1077 -7.78121522338e-05
1078 -6.26656458387e-05
1079 -4.95038125553e-05
1080 -3.80712475932e-05
1081 -2.82767796414e-05
1082 -1.99204188041e-05
1083 -1.28518756017e-05
1084 -6.86423521739e-06
1085 -1.86703614136e-06
1086 2.27472611956e-06
1087 5.72172834461e-06
1088 8.57651358354e-06
1089 1.08911068434e-05
1090 1.26721335597e-05
1091 1.40771733599e-05
1092 1.51556271843e-05
1093 1.59664949461e-05
1094 1.65299995653e-05
1095 1.69062114526e-05
1096 1.71310188021e-05
1097 1.72689266816e-05
1098 1.73360169479e-05
1099 1.73271752503e-05
1100 -0.00150058173784
1101 -0.00147339378228
1102 -0.00144019678019
1103 -0.00138980827301
1104 -0.00132246453168
1105 -0.00125054832013
1106 -0.00116899987531
1107 -0.0010766588985
1108 -0.000978764074887
1109 -0.00087934670995
1110 -0.000778235313067
1111 -0.000676364414213
1112 -0.000581323476239
1113 -0.000495227209536
1114 -0.000421201035106
1115 -0.000360921881242
1116 -0.000314041831969
1117 -0.000278693140314
1118 -0.000250983297358
1119 -0.00022721358815
1120 -0.000205531452272
1121 -0.000183678424353
1122 -0.000161169540914
1123 -0.000138769048599
1124 -0.000117341843532
1125 -9.71787670897e-05
1126 -7.87300264201e-05
1127 -6.21292115754e-05
1128 -4.76411424865e-05
1129 -3.51434876432e-05
1130 -2.44338562939e-05
1131 -1.53643027881e-05
1132 -7.75721308178e-06
1133 -1.42747659229e-06
1134 3.81450560942e-06
1135 8.08968860194e-06
1136 1.15357458374e-05
1137 1.43018845226e-05
1138 1.65195022874e-05
1139 1.82391535367e-05
1140 1.94561695289e-05
1141 2.03244318849e-05
1142 2.09088006517e-05
1143 2.12744660398e-05
1144 2.14110007824e-05
1145 2.13849030184e-05
1146 2.12352694934e-05
1147 2.1026199819e-05
1148 2.0780173862e-05
1149 2.04911609412e-05
1150 -0.0016716823109
1151 -0.00163972383468
1152 -0.00159991797926
1153 -0.00154016085706
1154 -0.00146151849045
1155 -0.00137757809936
1156 -0.00128396257216
1157 -0.00118021278833
1158 -0.00107218589953
1159 -0.00096376075495
1160 -0.00085430515189
1161 -0.000744261962209
1162 -0.000639007681403
1163 -0.0005399236604
1164 -0.000450450526826
1165 -0.000373559544238
1166 -0.000311476495261
1167 -0.000264470687165
1168 -0.000229621149548
1169 -0.000202736287185
1170 -0.000180656395431
1171 -0.000159802255012
1172 -0.00013871169759
1173 -0.000117595723633
1174 -9.72759011367e-05
1175 -7.80124453186e-05
1176 -6.03856398989e-05
1177 -4.45559744662e-05
1178 -3.08881663155e-05
1179 -1.92119190423e-05
1180 -9.37276687282e-06
1181 -1.18905208685e-06
1182 5.52813218974e-06
1183 1.09717237306e-05
1184 1.53626184253e-05
1185 1.88160726017e-05
1186 2.14664209594e-05
1187 2.34715201337e-05
1188 2.49803547957e-05
1189 2.60360518839e-05
1190 2.66324814108e-05
1191 2.69166304442e-05
1192 2.69717544445e-05
1193 2.68294353025e-05
1194 2.65050842846e-05
1195 2.60545064957e-05
1196 2.55104690656e-05
1197 2.49368497007e-05
1198 2.43597294149e-05
1199 2.37723871028e-05
1200 -0.00186248280952
1201 -0.00182429027966
1202 -0.00177556250632
1203 -0.00170279836927
1204 -0.00160835238191
1205 -0.00150770465648
1206 -0.00139691667794
1207 -0.00127644615799
1208 -0.00115345403642
1209 -0.00103229271063
1210 -0.000912860373718
1211 -0.000795576786283
1212 -0.000684003806403
1213 -0.0005781600795
1214 -0.000479709872108
1215 -0.000391120522521
1216 -0.000315950876832
1217 -0.000256540676376
1218 -0.000212205122133
1219 -0.000179787894901
1220 -0.000155515496064
1221 -0.000134708912629
1222 -0.000114619487122
1223 -9.47020481795e-05
1224 -7.54756227358e-05
1225 -5.7179239485e-05
1226 -4.04407439363e-05
1227 -2.54849238332e-05
1228 -1.26874162699e-05
1229 -1.98196847817e-06
1230 6.85476946837e-06
1231 1.4032375644e-05
1232 1.97211416535e-05
1233 2.4164222907e-05
1234 2.75688317628e-05
1235 3.00908297719e-05
1236 3.18483222214e-05
1237 3.30125970057e-05
1238 3.37620752951e-05
1239 3.41009270488e-05
1240 3.40321001647e-05
1241 3.36979346388e-05
1242 3.31754966253e-05
1243 3.25088626161e-05
1244 3.17080560892e-05
1245 3.08167965614e-05
1246 2.98632214508e-05
1247 2.8912695475e-05
1248 2.79898574362e-05
1249 2.70932508411e-05
1250 -0.00208616268223
1251 -0.00203980274743
1252 -0.00197908700216
1253 -0.00188915045789
1254 -0.00177386688508
1255 -0.00165100979596
1256 -0.00151746718334
1257 -0.00137434324742
1258 -0.00123086250385
1259 -0.00109180506146
1260 -0.000957798172335
1261 -0.000830060357667
1262 -0.000711200434071
1263 -0.000600572945514
1264 -0.000497746065653
1265 -0.000403402968294
1266 -0.00032039559267
1267 -0.000251360048728
1268 -0.000197765162912
1269 -0.000158591734128
1270 -0.000130750631688
1271 -0.000109011221621
1272 -8.93891096087e-05
1273 -7.04295891947e-05
1274 -5.21874409219e-05
1275 -3.48180637151e-05
1276 -1.89470316438e-05
1277 -4.89133371738e-06
1278 6.90954672155e-06
1279 1.65850734994e-05
1280 2.4306587008e-05
1281 3.03474135623e-05
1282 3.49480075794e-05
1283 3.8242750261e-05
1284 4.0562307152e-05
1285 4.20377048823e-05
1286 4.27989332909e-05
1287 4.30253449363e-05
1288 4.29075283825e-05
1289 4.24575217434e-05
1290 4.1676754858e-05
1291 4.06961627038e-05
1292 3.95758826151e-05
1293 3.83616189387e-05
1294 3.70567856691e-05
1295 3.57063751728e-05
1296 3.43276875618e-05
1297 3.29842120994e-05
1298 3.16976443569e-05
1299 3.04757990502e-05
1300 -0.0023509013958
1301 -0.00229380565294
1302 -0.00221740595879
1303 -0.00210493322701
1304 -0.00196258686265
1305 -0.00181132861591
1306 -0.00164865142102
1307 -0.00147697309519
1308 -0.00130764655534
1309 -0.00114579852055
1310 -0.000992805008405
1311 -0.000850623532052
1312 -0.000721421342718
1313 -0.000604472313386
1314 -0.000498168113299
1315 -0.000401696441066
1316 -0.000316081622605
1317 -0.000242372190687
1318 -0.000182573803403
1319 -0.000137605649975
1320 -0.00010611438069
1321 -8.30526779099e-05
1322 -6.35874348589e-05
1323 -4.54192087409e-05
1324 -2.80021652656e-05
1325 -1.1372261545e-05
1326 3.70315528963e-06
1327 1.69103612106e-05
1328 2.77121298381e-05
1329 3.62429817825e-05
1330 4.27618188308e-05
1331 4.75422887964e-05
1332 5.08641514287e-05
1333 5.29136176961e-05
1334 5.40556543725e-05
1335 5.43957049645e-05
1336 5.4101684068e-05
1337 5.3348477461e-05
1338 5.23348444072e-05
1339 5.10577891123e-05
1340 4.95216089894e-05
1341 4.78624104173e-05
1342 4.61228441631e-05
1343 4.43360999464e-05
1344 4.25080782938e-05
1345 4.06810751272e-05
1346 3.88654383881e-05
1347 3.71150839309e-05
1348 3.54558007789e-05
1349 3.38960480031e-05
1350 -0.00266347752787
1351 -0.00259212924767
1352 -0.00249506840935
1353 -0.00235349719679
1354 -0.00217604324306
1355 -0.00198888234972
1356 -0.00178988748676
1357 -0.00158302747398
1358 -0.00138281284111
1359 -0.00119388502432
1360 -0.0010184582832
1361 -0.000858956734622
1362 -0.000716933425072
1363 -0.000591593419719
1364 -0.000480737344655
1365 -0.000382732734234
1366 -0.000297294806072
1367 -0.000223254698264
1368 -0.000161524566053
1369 -0.000113656352548
1370 -8.01024257565e-05
1371 -5.6378387984e-05
1372 -3.74161245359e-05
1373 -2.01827229388e-05
1374 -3.58810467759e-06
1375 1.24323525511e-05
1376 2.69592132773e-05
1377 3.9471706153e-05
1378 4.93800828874e-05
1379 5.68183296898e-05
1380 6.21059301301e-05
1381 6.55579138183e-05
1382 6.755285025e-05
1383 6.82707481059e-05
1384 6.81513154555e-05
1385 6.72688182513e-05
1386 6.58314581747e-05
1387 6.40224588405e-05
1388 6.2022572489e-05
1389 5.98670806453e-05
1390 5.75342484387e-05
1391 5.51623348497e-05
1392 5.27664810336e-05
1393 5.03895329426e-05
1394 4.80147126737e-05
1395 4.5697363868e-05
1396 4.34303273948e-05
1397 4.12669412983e-05
1398 3.92247645771e-05
1399 3.73153526073e-05
1400 -0.00303745150818
1401 -0.00294749525328
1402 -0.00282232053815
1403 -0.00264228899918
1404 -0.00241905928276
1405 -0.00218561672024
1406 -0.00194095045266
1407 -0.00169097238089
1408 -0.00145399689809
1409 -0.00123350331159
1410 -0.00103267235446
1411 -0.000853999020185
1412 -0.000697772053096
1413 -0.000562952364741
1414 -0.000446651609888
1415 -0.000346852879405
1416 -0.000262347954338
1417 -0.000190369255729
1418 -0.000130184595787
1419 -8.28419207891e-05
1420 -4.98926968574e-05
1421 -2.72977263757e-05
1422 -1.00689785081e-05
1423 5.51030639378e-06
1424 2.09022376452e-05
1425 3.62678103122e-05
1426 5.0388531207e-05
1427 6.23984587824e-05
1428 7.15571828969e-05
1429 7.7995839729e-05
1430 8.20576163733e-05
1431 8.41681822614e-05
1432 8.47519652147e-05
1433 8.40809253976e-05
1434 8.26113238482e-05
1435 8.04473692794e-05
1436 7.78178937225e-05
1437 7.49063972651e-05
1438 7.18920490325e-05
1439 6.88172824063e-05
1440 6.56529180222e-05
1441 6.25383656878e-05
1442 5.94794863836e-05
1443 5.64969620998e-05
1444 5.35653591881e-05
1445 5.07441414729e-05
1446 4.80182805867e-05
1447 4.54327584222e-05
1448 4.29965688467e-05
1449 4.07413575983e-05
1450 -0.00349020631595
1451 -0.00337511803059
1452 -0.00321121117135
1453 -0.00297857468677
1454 -0.00269522996881
1455 -0.00240148683812
1456 -0.00209904449906
1457 -0.00179623989887
1458 -0.00151580041153
1459 -0.00125932896864
1460 -0.00103053072529
1461 -0.000831741344525
1462 -0.000661188610225
1463 -0.000517178635847
1464 -0.00039571637885
1465 -0.000294271358454
1466 -0.000211119090035
1467 -0.000142317334758
1468 -8.58394011586e-05
1469 -4.17737271785e-05
1470 -1.2225203528e-05
1471 6.78775156891e-06
1472 2.0143416605e-05
1473 3.22582454339e-05
1474 4.55107653772e-05
1475 5.98868621894e-05
1476 7.36892734483e-05
1477 8.54437176836e-05
1478 9.40867565268e-05
1479 9.97036715835e-05
1480 0.000102645903888
1481 0.000103427105407
1482 0.000102571151789
1483 0.000100462705169
1484 9.75740401757e-05
1485 9.40617215447e-05
1486 9.01795230046e-05
1487 8.60979614555e-05
1488 8.20159026541e-05
1489 7.79634702705e-05
1490 7.39276207604e-05
1491 7.00246522139e-05
1492 6.62679243542e-05
1493 6.26558273401e-05
1494 5.9150434552e-05
1495 5.58049837163e-05
1496 5.26044190188e-05
1497 4.95917546747e-05
1498 4.67571461674e-05
1499 4.41333869122e-05
1500 -0.00403537965832
1501 -0.00388458462871
1502 -0.00366768860527
1503 -0.0033637814427
1504 -0.00300122851261
1505 -0.00262991261019
1506 -0.0022554063487
1507 -0.00188940198852
1508 -0.00155913879815
1509 -0.00126312218571
1510 -0.00100525196182
1511 -0.000786990949392
1512 -0.000603635733432
1513 -0.000452278960314
1514 -0.000327558768644
1515 -0.000226071512619
1516 -0.000145466156934
1517 -8.0745919114e-05
1518 -2.92218359452e-05
1519 9.8319784398e-06
1520 3.40953668212e-05
1521 4.73735812021e-05
1522 5.45203645632e-05
1523 6.09224430872e-05
1524 7.01481106763e-05
1525 8.26632468976e-05
1526 9.595883142e-05
1527 0.000107644720967
1528 0.00011604552602
1529 0.000121065622539
1530 0.000123063549951
1531 0.0001226132966
1532 0.00012036024715
1533 0.000116815104244
1534 0.000112499239721
1535 0.000107636726303
1536 0.000102475568193
1537 9.7212413351e-05
1538 9.2049284052e-05
1539 8.70098587159e-05
1540 8.20889942604e-05
1541 7.7398949131e-05
1542 7.29437315239e-05
1543 6.87001636145e-05
1544 6.46236891653e-05
1545 6.07589116047e-05
1546 5.70899547157e-05
1547 5.36558312926e-05
1548 5.04321298867e-05
1549 4.74505466086e-05
1550 -0.00470063994745
1551 -0.00450145772942
1552 -0.00420874267416
1553 -0.00380597441088
1554 -0.00333748296397
1555 -0.00286551624803
1556 -0.00240100490199
1557 -0.00195970615378
1558 -0.001573431953
1559 -0.0012353905463
1560 -0.000948866075384
1561 -0.000713471308906
1562 -0.000520301146772
1563 -0.00036497762726
1564 -0.000239877136552
1565 -0.000141150649365
1566 -6.54395768374e-05
1567 -6.640348299e-06
1568 3.8577474581e-05
1569 7.1435183024e-05
1570 8.91437591544e-05
1571 9.54788925544e-05
1572 9.46187820217e-05
1573 9.29766325828e-05
1574 9.59951824381e-05
1575 0.000105195365608
1576 0.00011744603604
1577 0.000129088238983
1578 0.00013752402283
1579 0.000142180424203
1580 0.000143331490187
1581 0.000141742705462
1582 0.000138146801792
1583 0.00013316302246
1584 0.000127413418664
1585 0.00012117926884
1586 0.000114721623293
1587 0.000108257763476
1588 0.000101999441364
1589 9.5966443055e-05
1590 9.01472920132e-05
1591 8.46582477538e-05
1592 7.94906016658e-05
1593 7.46150465573e-05
1594 6.99726616462e-05
1595 6.55913747805e-05
1596 6.14598876736e-05
1597 5.76110049175e-05
1598 5.40096801808e-05
1599 5.06829955029e-05
1600 -0.00552536638982
1601 -0.00525586220328
1602 -0.00485304720321
1603 -0.00431156370504
1604 -0.00369956688241
1605 -0.00309622618557
1606 -0.00252025096764
1607 -0.00199116941001
1608 -0.00154434799061
1609 -0.0011639785697
1610 -0.000851765091767
1611 -0.000603817171621
1612 -0.000405862765612
1613 -0.000251582471944
1614 -0.000131168007017
1615 -3.92493995924e-05
1616 2.8470327536e-05
1617 7.89538794249e-05
1618 0.000115976414559
1619 0.000141379563128
1620 0.000151988053436
1621 0.000150962910873
1622 0.000141337000435
1623 0.000129710657228
1624 0.000123988207418
1625 0.00012784552533
1626 0.000138022363646
1627 0.000149405859881
1628 0.000158048025889
1629 0.00016260327633
1630 0.00016318408856
1631 0.000160609912575
1632 0.000155759198788
1633 0.000149380302944
1634 0.000142215229837
1635 0.000134602928439
1636 0.000126844103124
1637 0.000119175904693
1638 0.000111819355157
1639 0.000104787831109
1640 9.80578333303e-05
1641 9.17800717645e-05
1642 8.59135999681e-05
1643 8.0404137439e-05
1644 7.51985907992e-05
1645 7.03083143578e-05
1646 6.57183617363e-05
1647 6.14549997073e-05
1648 5.74784114232e-05
1649 5.38024825135e-05
1650 -0.00656859005485
1651 -0.00619129699036
1652 -0.00562213981379
1653 -0.0048805291053
1654 -0.00407268299783
1655 -0.00329902605383
1656 -0.0025877566813
1657 -0.00196008956628
1658 -0.00145196333731
1659 -0.001033432148
1660 -0.000702425316308
1661 -0.000449897315151
1662 -0.000255128268386
1663 -0.000108909981594
1664 1.04677601495e-06
1665 8.11886686512e-05
1666 0.000136715486694
1667 0.000175673179551
1668 0.000202099458046
1669 0.000218182615215
1670 0.000220657418859
1671 0.000212096170807
1672 0.000193551870031
1673 0.000171141689411
1674 0.000154681629681
1675 0.000151011653905
1676 0.000157715985368
1677 0.000168345797616
1678 0.000177240692441
1679 0.000181934633835
1680 0.000182193006913
1681 0.000178815428013
1682 0.000172838354469
1683 0.000165143987303
1684 0.000156617115339
1685 0.000147660316335
1686 0.000138628914428
1687 0.00012979007124
1688 0.000121346209637
1689 0.000113332775778
1690 0.000105732955136
1691 9.86630108881e-05
1692 9.20954814507e-05
1693 8.59667232157e-05
1694 8.02129610147e-05
1695 7.48281368397e-05
1696 6.9792038865e-05
1697 6.51251263624e-05
1698 6.07826367518e-05
1699 5.67745751619e-05
1700 -0.00788819164495
1701 -0.00734285891311
1702 -0.00651994243941
1703 -0.00549088595341
1704 -0.00442008107778
1705 -0.00343309239004
1706 -0.00256637230022
1707 -0.00183697692711
1708 -0.00127466049419
1709 -0.000829528248807
1710 -0.000492491846543
1711 -0.000247885584572
1712 -6.62432791895e-05
1713 6.33208713483e-05
1714 0.000155629458825
1715 0.000218255646309
1716 0.000257281080104
1717 0.000281305663124
1718 0.000294598744234
1719 0.000299501785773
1720 0.000292696602003
1721 0.000276425664719
1722 0.000249681694622
1723 0.000216694517213
1724 0.000188353712239
1725 0.000175189229446
1726 0.000176814022244
1727 0.000185943066673
1728 0.000194961221978
1729 0.00019996751504
1730 0.000200102326493
1731 0.000196123329152
1732 0.000189152721585
1733 0.000180258716353
1734 0.000170432720401
1735 0.000160186300903
1736 0.000149931826592
1737 0.00013993368558
1738 0.000130429187503
1739 0.000121457861408
1740 0.000112990047868
1741 0.000105154314021
1742 9.79191602425e-05
1743 9.11984195291e-05
1744 8.49190767577e-05
1745 7.90650544191e-05
1746 7.36066118479e-05
1747 6.8565940803e-05
1748 6.38922256317e-05
1749 5.95747089481e-05
1750 -0.00963262320226
1751 -0.00881100728686
1752 -0.0075781088267
1753 -0.0061193026449
1754 -0.004692181617
1755 -0.00344087655032
1756 -0.00240351084918
1757 -0.00157998396101
1758 -0.000982335744937
1759 -0.000531323633728
1760 -0.000207930291576
1761 1.19901247704e-05
1762 0.000165590493975
1763 0.000267064246927
1764 0.000333281302481
1765 0.000372044653006
1766 0.000389758639358
1767 0.000395349917714
1768 0.000392774949687
1769 0.000384522751108
1770 0.000367141439279
1771 0.000342619638779
1772 0.000308160452489
1773 0.000265399098967
1774 0.000224931361299
1775 0.000200786181534
1776 0.00019569097995
1777 0.000202378803843
1778 0.000211245285178
1779 0.000216663389116
1780 0.000216872831853
1781 0.000212449229461
1782 0.00020461820066
1783 0.000194613575114
1784 0.000183610036609
1785 0.00017213673482
1786 0.000160695651798
1787 0.000149588604172
1788 0.00013906105095
1789 0.000129170759123
1790 0.000119879750348
1791 0.000111307098306
1792 0.000103428767927
1793 9.61396785179e-05
1794 8.93591816123e-05
1795 8.30622506305e-05
1796 7.72044855621e-05
1797 7.17995083567e-05
1798 6.68016948804e-05
1799 6.21934780393e-05
1800 -0.0119394327469
1801 -0.0106330335519
1802 -0.00873356668358
1803 -0.00664817290278
1804 -0.0047712107536
1805 -0.00322629565293
1806 -0.00203290000849
1807 -0.00115059725286
1808 -0.00055487460335
1809 -0.000132065450627
1810 0.000149828470184
1811 0.000323344213338
1812 0.000433253387634
1813 0.000495374403699
1814 0.000527201791582
1815 0.000536098246461
1816 0.0005284184873
1817 0.000512787135406
1818 0.000492421449726
1819 0.000469524683878
1820 0.000440583643797
1821 0.000407327872139
1822 0.000365720437447
1823 0.000314511832754
1824 0.000262816867851
1825 0.000227087441395
1826 0.000214052943767
1827 0.00021735862198
1828 0.000225685954074
1829 0.00023150173219
1830 0.000231927600535
1831 0.000227245196938
1832 0.000218730113929
1833 0.000207770550326
1834 0.000195654915304
1835 0.00018305488874
1836 0.000170531227727
1837 0.000158418655189
1838 0.000146958124662
1839 0.000136220663787
1840 0.000126194359016
1841 0.000116943393169
1842 0.000108468380838
1843 0.000100652826913
1844 9.34124420775e-05
1845 8.67019994741e-05
1846 8.04800009913e-05
1847 7.47467104026e-05
1848 6.94597638477e-05
1849 6.45897243227e-05
1850 -0.0150862716341
1851 -0.0128677519831
1852 -0.00985867026868
1853 -0.00689003580288
1854 -0.0044923593183
1855 -0.00266947511331
1856 -0.00138093301936
1857 -0.00050992029059
1858 2.48961755922e-05
1859 0.00037300956907
1860 0.00057880260943
1861 0.000682422112004
1862 0.000731604730476
1863 0.000742911419233
1864 0.00073234528103
1865 0.000706188049952
1866 0.000669800971637
1867 0.000630589406243
1868 0.000590917247622
1869 0.000552364591344
1870 0.000511294026502
1871 0.000468931216797
1872 0.000420311271525
1873 0.000361948838681
1874 0.000300446702476
1875 0.000253478141748
1876 0.000231849107001
1877 0.000231009026507
1878 0.000238395152323
1879 0.000244518626785
1880 0.000245248617738
1881 0.000240446341027
1882 0.000231403334313
1883 0.000219632685041
1884 0.0002065376608
1885 0.000192933593707
1886 0.000179434693067
1887 0.000166416418146
1888 0.00015410516005
1889 0.000142591525859
1890 0.000131869350757
1891 0.000122001303896
1892 0.000112984728999
1893 0.000104696656737
1894 9.70411704202e-05
1895 8.99672484456e-05
1896 8.34199883201e-05
1897 7.73908155332e-05
1898 7.18393704751e-05
1899 6.67282492164e-05
1900 -0.0194485199128
1901 -0.0153748983105
1902 -0.0105699667363
1903 -0.00648344675398
1904 -0.00360935955692
1905 -0.00162674892007
1906 -0.000379654785087
1907 0.000364441562822
1908 0.0007568775133
1909 0.000973098634321
1910 0.00106528838641
1911 0.00107518546678
1912 0.00104829900816
1913 0.000999013344407
1914 0.00093998966366
1915 0.000875138497451
1916 0.00080801894093
1917 0.000744268795225
1918 0.000684832373989
1919 0.000630471105574
1920 0.000577241008282
1921 0.000525767073605
1922 0.00047048520714
1923 0.000405977459052
1924 0.00033609212721
1925 0.000278888006522
1926 0.00024866711674
1927 0.000243236803233
1928 0.000249349936886
1929 0.000255648482697
1930 0.000256718057367
1931 0.000251898480845
1932 0.000242449902556
1933 0.000230011687789
1934 0.000216087303131
1935 0.000201614789057
1936 0.000187270325387
1937 0.000173428759462
1938 0.000160362143608
1939 0.000148166728113
1940 0.000136846392812
1941 0.000126445470677
1942 0.000116953714408
1943 0.000108250527613
1944 0.000100235618062
1945 9.2837759404e-05
1946 8.60038233558e-05
1947 7.97140465909e-05
1948 7.39291059241e-05
1949 6.86091954806e-05
1950 -0.0248400045411
1951 -0.0172933490458
1952 -0.0100307595764
1953 -0.00491479850696
1954 -0.00187293917715
1955 -1.49381850157e-05
1956 0.000967792008483
1957 0.00143436240418
1958 0.00159698100586
1959 0.00162596166041
1960 0.00157339034288
1961 0.00147199348542
1962 0.00136002266263
1963 0.00124576805825
1964 0.00113627153658
1965 0.00103226370047
1966 0.00093515657617
1967 0.000847627357198
1968 0.000769385888179
1969 0.000700050387169
1970 0.000635498130854
1971 0.000575522335581
1972 0.000514110109046
1973 0.000444493288123
1974 0.000368035112025
1975 0.000302181347249
1976 0.000264020612164
1977 0.000253957147284
1978 0.000258592481794
1979 0.00026492599118
1980 0.00026631687534
1981 0.000261544568979
1982 0.000251841267195
1983 0.000238866186142
1984 0.000224250736044
1985 0.000209036374763
1986 0.000193945952553
1987 0.000179419459888
1988 0.000165713314579
1989 0.000152936734915
1990 0.000141098774662
1991 0.000130232353245
1992 0.000120333906377
1993 0.000111275404858
1994 0.00010294641749
1995 9.52711594466e-05
1996 8.8196581068e-05
1997 8.16824752e-05
1998 7.56996221598e-05
1999 7.02001020437e-05
2000 -0.0300504696677
2001 -0.0168144017654
2002 -0.00702533359377
2003 -0.00166883566025
2004 0.00085761964878
2005 0.00213901071438
2006 0.00257995732002
2007 0.00261546141125
2008 0.00247551030366
2009 0.00227848913697
2010 0.00206336133003
2011 0.00184478451533
2012 0.00164610975394
2013 0.00146799527351
2014 0.00131023130582
2015 0.00116960602534
2016 0.00104498602236
2017 0.000936088425394
2018 0.000841148557265
2019 0.000758581731791
2020 0.000684222685915
2021 0.000616832726255
2022 0.000550071199089
2023 0.000476320964983
2024 0.000394806894783
2025 0.000322009642856
2026 0.000277072571259
2027 0.000262802568142
2028 0.000265976712285
2029 0.000272257506958
2030 0.000273920877166
2031 0.000269223333207
2032 0.000259296579226
2033 0.000245918103827
2034 0.000230765090959
2035 0.000214972040961
2036 0.000199309455183
2037 0.000184241903722
2038 0.000170022608951
2039 0.000156781110579
2040 0.00014453514964
2041 0.00013330661193
2042 0.000123083231604
2043 0.000113734248425
2044 0.000105153519477
2045 9.72542450935e-05
2046 8.99786909862e-05
2047 8.32824322182e-05
2048 7.71397094884e-05
2049 7.14977206767e-05
2050 -0.0331167753069
2051 -0.0120819741153
2052 -0.000737720164782
2053 0.00322762536439
2054 0.00430015940349
2055 0.00451794408367
2056 0.00420239995725
2057 0.0037287334133
2058 0.00326686053279
2059 0.00284452988223
2060 0.00247611915861
2061 0.00215262483786
2062 0.0018788612455
2063 0.00164645829799
2064 0.00144817198624
2065 0.00127738176177
2066 0.0011305313769
2067 0.00100445734612
2068 0.000896256592033
2069 0.000803173511663
2070 0.000721201177312
2071 0.00064801900199
2072 0.000577067277609
2073 0.00050020303062
2074 0.000415166654576
2075 0.000337366090498
2076 0.000287282937354
2077 0.000269617614236
2078 0.000271504932332
2079 0.000277670062722
2080 0.000279520009944
2081 0.000274894530743
2082 0.000264832468833
2083 0.000251170938291
2084 0.000235630562379
2085 0.000219405961107
2086 0.000203310849786
2087 0.000187841123209
2088 0.000173241391488
2089 0.000159658543189
2090 0.000147114243155
2091 0.000135614492415
2092 0.000125143526212
2093 0.000115582699738
2094 0.000106813265976
2095 9.87488967901e-05
2096 9.13278656988e-05
2097 8.4496849063e-05
2098 7.82362774741e-05
2099 7.25724186069e-05
2100 -0.0300924848453
2101 -0.00167164419704
2102 0.00764253593568
2103 0.00846116710788
2104 0.00752318272778
2105 0.00649642191671
2106 0.00545051294743
2107 0.004542587992
2108 0.0038260358104
2109 0.00323313513725
2110 0.00275302283048
2111 0.0023566760261
2112 0.00203060488631
2113 0.00176128653066
2114 0.00153598083131
2115 0.0013454478137
2116 0.00118430582612
2117 0.00104742856837
2118 0.000930718316154
2119 0.000830850946347
2120 0.00074424578747
2121 0.000667455527505
2122 0.000593835307848
2123 0.000515021783989
2124 0.000427917079602
2125 0.000347142569208
2126 0.000293882721146
2127 0.000274021578063
2128 0.000275040932816
2129 0.000281102762911
2130 0.000283060850707
2131 0.000278483381197
2132 0.000268344351129
2133 0.000254508692695
2134 0.000238722041272
2135 0.000222234884517
2136 0.000205878676593
2137 0.000190164309785
2138 0.000175328178877
2139 0.000161526221573
2140 0.000148791129154
2141 0.000137120086639
2142 0.000126494696903
2143 0.000116795759915
2144 0.000107910872618
2145 9.97375283114e-05
2146 9.22236437836e-05
2147 8.53526517619e-05
2148 7.94562255925e-05
2149 7.48690102906e-05
2150 -0.0174462050251
2151 0.0105660316904
2152 0.0132250402153
2153 0.0112640170063
2154 0.00910554702981
2155 0.00733819193219
2156 0.00593964263597
2157 0.00484809510539
2158 0.0040315811282
2159 0.00337302073306
2160 0.0028503199606
2161 0.00242902497943
2162 0.00208446054949
2163 0.00180203551744
2164 0.00156671888556
2165 0.00136906444912
2166 0.00120306142748
2167 0.00106227937836
2168 0.000942530545887
2169 0.000840177702432
2170 0.000752188556966
2171 0.000674265008076
2172 0.000599723650343
2173 0.000520212024184
2174 0.000432461152106
2175 0.000350755773503
2176 0.000296437146298
2177 0.000275823937949
2178 0.000276523866288
2179 0.000282529744033
2180 0.000284508628244
2181 0.000279933883731
2182 0.000269762879788
2183 0.000255868307952
2184 0.00023998972005
2185 0.000223407826049
2186 0.000206957006347
2187 0.000191153371831
2188 0.000176221003145
2189 0.000162335117818
2190 0.000149531183266
2191 0.000137800518551
2192 0.000127116285729
2193 0.000117360258053
2194 0.000108422250424
2195 0.000100229445197
2196 9.30455383829e-05
2197 8.72049383074e-05
2198 8.24469297994e-05
2199 7.80274081815e-05
2200 -0.0174208540559
2201 0.00659972978592
2202 0.00987530705735
2203 0.0093450003625
2204 0.00808115762806
2205 0.00665158507783
2206 0.00549234086976
2207 0.00455715239758
2208 0.00383620847264
2209 0.00323742907743
2210 0.00275289356807
2211 0.00236022017833
2212 0.00203415318179
2213 0.00176444230605
2214 0.00153754544788
2215 0.00134642691448
2216 0.00118555786285
2217 0.00104851259124
2218 0.000931472982351
2219 0.000831027143864
2220 0.000745036694667
2221 0.000668490067717
2222 0.00059479233015
2223 0.000515838955001
2224 0.000428833296488
2225 0.000348170718292
2226 0.000294957514777
2227 0.000275012583719
2228 0.000275983783605
2229 0.00028200257989
2230 0.000283920817563
2231 0.000279304750758
2232 0.000269139273006
2233 0.000255287263031
2234 0.000239460371246
2235 0.000222941904076
2236 0.000206558314715
2237 0.00019082380186
2238 0.000175940699378
2239 0.000162100664163
2240 0.000149349432831
2241 0.000137661842355
2242 0.000127009369787
2243 0.000117295978289
2244 0.000108741655443
2245 0.000101610731377
2246 9.56592589194e-05
2247 9.02239972958e-05
2248 8.49022435118e-05
2249 7.96439759098e-05
2250 -0.0374232015441
2251 -0.0113887965999
2252 3.43904406512e-05
2253 0.00385446750013
2254 0.00492575375707
2255 0.00470459416905
2256 0.00425395213577
2257 0.00374701884987
2258 0.00328444960578
2259 0.00285269207927
2260 0.00247711038933
2261 0.00216032399798
2262 0.00188612483295
2263 0.001652686713
2264 0.00145160115311
2265 0.00127956787981
2266 0.00113325030118
2267 0.0010071387104
2268 0.000898312827907
2269 0.000803969155351
2270 0.00072323013306
2271 0.000650462404039
2272 0.000579315231831
2273 0.000502136374734
2274 0.000417247895519
2275 0.000339618564768
2276 0.00028954377818
2277 0.000271687475001
2278 0.000273463648087
2279 0.000279525801043
2280 0.000281293171792
2281 0.000276586848993
2282 0.000266459975065
2283 0.000252753383132
2284 0.00023712435769
2285 0.000220832808114
2286 0.000204681584768
2287 0.000189170462361
2288 0.000174489399241
2289 0.000160840122243
2290 0.000148256474413
2291 0.000136751588498
2292 0.0001266378934
2293 0.000118104299214
2294 0.000110835712576
2295 0.000104220777238
2296 9.78524768336e-05
2297 9.16065420438e-05
2298 8.56398739302e-05
2299 7.99441029801e-05
2300 -0.0329190129262
2301 -0.0193119233234
2302 -0.00775570406554
2303 -0.00172344809409
2304 0.0011840645333
2305 0.00224068744302
2306 0.00260199613109
2307 0.00262101144246
2308 0.00249260967109
2309 0.00228735766051
2310 0.00206515127061
2311 0.00185614727789
2312 0.00165783676278
2313 0.00147847066628
2314 0.00131672182071
2315 0.00117423530912
2316 0.00105020832588
2317 0.000940991012558
2318 0.00084504393892
2319 0.00076050970464
2320 0.000687783456437
2321 0.000620905518301
2322 0.000553819622174
2323 0.000479563018339
2324 0.000398152201468
2325 0.000325535281752
2326 0.000280530219369
2327 0.000265953599255
2328 0.000268954153967
2329 0.000275087259618
2330 0.000276627656877
2331 0.000271808063727
2332 0.000261782272553
2333 0.000248339678328
2334 0.000233054207595
2335 0.000217144753082
2336 0.000201384426525
2337 0.000186255154172
2338 0.000171904332314
2339 0.000158656275928
2340 0.000146907860772
2341 0.000136839051071
2342 0.000128047657464
2343 0.000120038655646
2344 0.000112445128044
2345 0.000105121670147
2346 9.81389210901e-05
2347 9.14947556933e-05
2348 8.5256908537e-05
2349 7.93995566804e-05
2350 -0.0245089485206
2351 -0.0184257108979
2352 -0.010764298008
2353 -0.0052705087845
2354 -0.0018405856619
2355 -2.91138891465e-05
2356 0.000938301948005
2357 0.00141005747245
2358 0.00160023803933
2359 0.00162782546806
2360 0.00157148954677
2361 0.00148260900535
2362 0.00137250830724
2363 0.00125763389515
2364 0.00114358738157
2365 0.00103740923917
2366 0.000940903835278
2367 0.000853258739273
2368 0.000773917993101
2369 0.000702241057247
2370 0.000639841785642
2371 0.000580617674046
2372 0.000518846255036
2373 0.000448707691108
2374 0.000372467016039
2375 0.000306784346187
2376 0.000268534212254
2377 0.000258092487176
2378 0.000262531802157
2379 0.000268683586184
2380 0.000269924345409
2381 0.000264995107043
2382 0.000255131448311
2383 0.000242067509865
2384 0.000227275734668
2385 0.000211918570364
2386 0.000196748033127
2387 0.000182388373083
2388 0.000169250214275
2389 0.000157612480569
2390 0.000147224984137
2391 0.000137660874447
2392 0.000128646107487
2393 0.000120082846619
2394 0.000111994759326
2395 0.000104347986979
2396 9.71620439806e-05
2397 9.04134366135e-05
2398 8.41379650045e-05
2399 7.83170341895e-05
2400 -0.0184987760891
2401 -0.015529862905
2402 -0.0108820079158
2403 -0.00678661254431
2404 -0.00371261898058
2405 -0.00171449296154
2406 -0.000452772348337
2407 0.000309405078371
2408 0.000738151929898
2409 0.000960161818126
2410 0.00105376156453
2411 0.00108001200978
2412 0.00105735164657
2413 0.00100905623539
2414 0.000946419635079
2415 0.000879461626603
2416 0.00081402473557
2417 0.000750349538571
2418 0.000689822151629
2419 0.000632931429568
2420 0.000582259075182
2421 0.000531753486839
2422 0.000476132747612
2423 0.000411057051738
2424 0.000341490283061
2425 0.000284558579302
2426 0.000254255252398
2427 0.000248394553878
2428 0.000254283206868
2429 0.00026035233436
2430 0.000261214862776
2431 0.000256190713045
2432 0.000246579215326
2433 0.000234034299032
2434 0.000220022656981
2435 0.000205859622232
2436 0.000192343015934
2437 0.000179804131886
2438 0.00016796694205
2439 0.000156807252106
2440 0.000146259838403
2441 0.000136331114375
2442 0.000127023740198
2443 0.000118296895725
2444 0.000110126140171
2445 0.000102473170049
2446 9.53396965992e-05
2447 8.86974411147e-05
2448 8.25663224806e-05
2449 7.68921825824e-05
2450 -0.0143495720534
2451 -0.0127553291505
2452 -0.00990113027006
2453 -0.00704126110907
2454 -0.00459548445457
2455 -0.00275697235658
2456 -0.00145505289144
2457 -0.000569766574718
2458 -2.10507077266e-06
2459 0.000354125467474
2460 0.000562996356499
2461 0.000684091070759
2462 0.000738855283614
2463 0.000751803502323
2464 0.000737936791812
2465 0.000710427328582
2466 0.000675657442449
2467 0.000636881227872
2468 0.000596174497675
2469 0.000555055517218
2470 0.000516871398424
2471 0.000475666282602
2472 0.000426740557962
2473 0.000367799597646
2474 0.000306606908128
2475 0.000259945688931
2476 0.000238293617014
2477 0.000237043394433
2478 0.000244203953692
2479 0.000250069159407
2480 0.000250588888803
2481 0.000245646820046
2482 0.00023679748766
2483 0.000225686101687
2484 0.000213536299907
2485 0.000201122715493
2486 0.000188744262337
2487 0.000176629734811
2488 0.000164774106791
2489 0.000153522633525
2490 0.000142960731996
2491 0.000133098487879
2492 0.000123897782793
2493 0.000115319615156
2494 0.00010733366565
2495 9.98923732565e-05
2496 9.29870908508e-05
2497 8.6580181863e-05
2498 8.06668449235e-05
2499 7.51888898322e-05
