0 -0.000331019689863
1 0.000728661805465
2 0.00652310206333
3 0.00728167236729
4 0.00714124347869
5 0.00615449717621
6 0.00522084669926
7 0.00457216790081
8 0.00403496854028
9 0.00349853464735
10 0.00307421105762
11 0.00274015853619
12 0.00244790730953
13 0.00219396002588
14 0.0019770966708
15 0.00178886490996
16 0.00162229234097
17 0.00147729603396
18 0.00135145239039
19 0.00124289676256
20 0.00114090753785
21 0.00104583682146
22 0.000964408884364
23 0.00089290401401
24 0.000825439244027
25 0.000768232961062
26 0.000715529630998
27 0.000668571957217
28 0.000633307553784
29 0.000606744722035
30 0.000584642646224
31 0.000557921603163
32 0.000523643515588
33 0.000479372028621
34 0.000429136321057
35 0.000381701427065
36 0.000340591720547
37 0.00030865109141
38 0.000283775903081
39 0.000264972324236
40 0.000251114558809
41 0.000240535250215
42 0.000231490451965
43 0.000223910061626
44 0.000216803878899
45 0.000210342201945
46 0.000204231167571
47 0.000198335497223
48 0.000192397327581
49 0.000186320833127
50 0.0219605208582
51 -0.0103443464539
52 -0.0105207784136
53 -0.00559209798522
54 -0.00108179286995
55 0.000963779167911
56 0.00191385396558
57 0.0022940773506
58 0.00236258273663
59 0.00235147809649
60 0.00225209888808
61 0.00210522218109
62 0.00196553054648
63 0.00182657603209
64 0.00168474182405
65 0.00155817522738
66 0.00143814703805
67 0.00132609746872
68 0.00122694418648
69 0.00113699255371
70 0.00105525234238
71 0.000974108145506
72 0.000904328958369
73 0.000841591715037
74 0.000781633336884
75 0.000730249535466
76 0.000682765348071
77 0.000640990637126
78 0.000609532975231
79 0.000585088744058
80 0.00056505405171
81 0.000540388924528
82 0.000507126793246
83 0.000464664325013
84 0.000417441352506
85 0.000371454040913
86 0.000332099066019
87 0.00030130451134
88 0.000277532621979
89 0.000259700147941
90 0.000246375550452
91 0.000236131277144
92 0.000227545859776
93 0.000220305211212
94 0.000213516693271
95 0.000207293291892
96 0.000201461589988
97 0.000195727272927
98 0.000189969575765
99 0.000184119691668
100 0.0251014759809
101 0.00671400023868
102 -0.00694334298769
103 -0.0087882392704
104 -0.00700893097246
105 -0.00453212477462
106 -0.00253440395988
107 -0.00117664458918
108 -0.000278172556153
109 0.000309143323194
110 0.000688893149708
111 0.000880253832791
112 0.00100173647795
113 0.00105743725334
114 0.00106823411692
115 0.00105864202413
116 0.00103168763914
117 0.000991639835268
118 0.000949670741562
119 0.000904649857832
120 0.000859339802346
121 0.000811236834206
122 0.000766063472435
123 0.000722878340191
124 0.000680341009063
125 0.000642964056075
126 0.000607082016581
127 0.000575618764337
128 0.000552110690207
129 0.000534123748109
130 0.000518847351022
131 0.000498141834684
132 0.000468533481356
133 0.000430131692368
134 0.000387379556111
135 0.000346104325635
136 0.00031089429066
137 0.000283425147507
138 0.000262242218393
139 0.000246415658125
140 0.000234600200053
141 0.000225497814307
142 0.000217856179675
143 0.000211388622499
144 0.000205291105257
145 0.00019965140777
146 0.000194314986121
147 0.000189056697515
148 0.000183737828591
149 0.000178295480937
150 0.0200718730577
151 0.0114768527869
152 0.000841229076951
153 -0.00379858512772
154 -0.00604917755753
155 -0.00576091802666
156 -0.00464822863093
157 -0.00345514442967
158 -0.00238774589312
159 -0.0015539763325
160 -0.000886038043264
161 -0.000438808885011
162 -9.55104956305e-05
163 0.00014279911611
164 0.000309942917118
165 0.000425743674145
166 0.000504158906264
167 0.000549353442234
168 0.000576692881401
169 0.000587413669616
170 0.000588535353096
171 0.000583386991087
172 0.000570827346676
173 0.000553979525928
174 0.000535182497454
175 0.000516918368635
176 0.000497217812406
177 0.000480162251847
178 0.000467703790276
179 0.000458687794506
180 0.000450042987653
181 0.000435086112215
182 0.000411010994688
183 0.000378785688003
184 0.000342848938035
185 0.000308526433527
186 0.000279382781003
187 0.000256726003576
188 0.000239299827773
189 0.000226383583314
190 0.000216775403164
191 0.000209352031916
192 0.000203101660762
193 0.000197786330322
194 0.000192723707587
195 0.000187962688153
196 0.000183375637992
197 0.000178835057489
198 0.000174182495384
199 0.000169364104898
200 0.0158418993873
201 0.0114376999896
202 0.00476648105322
203 0.000599558280117
204 -0.00288813229672
205 -0.00425549145377
206 -0.00442637351484
207 -0.00399665449922
208 -0.00332106486135
209 -0.00264393595257
210 -0.00198509177677
211 -0.00146852128993
212 -0.00103007317129
213 -0.00068882155262
214 -0.000416619026894
215 -0.000207071029811
216 -4.23601820786e-05
217 7.77462167592e-05
218 0.000169014739959
219 0.000233438443085
220 0.000281014417219
221 0.000320127573803
222 0.000342133842283
223 0.000353944437888
224 0.000361362529506
225 0.000364456740723
226 0.000363223680699
227 0.000362657853843
228 0.000362749352434
229 0.000363932828135
230 0.000362997843837
231 0.000355206172427
232 0.00033839328362
233 0.000314262015174
234 0.00028706407477
235 0.000261362032991
236 0.000239628422754
237 0.000222823068783
238 0.000209965621562
239 0.000200593735656
240 0.000193683768265
241 0.000188343970711
242 0.000183834240848
243 0.000179971432769
244 0.000176229331356
245 0.000172597942214
246 0.000168980382431
247 0.000165360854923
248 0.000161568388775
249 0.000157564494221
250 0.012715069267
251 0.0102180424596
252 0.00610665932352
253 0.00299706204105
254 -0.00022425354084
255 -0.00217372198501
256 -0.00314538048687
257 -0.00340307409537
258 -0.00325821470209
259 -0.002923495662
260 -0.00247105606465
261 -0.00204510835462
262 -0.00163810569775
263 -0.00128730214021
264 -0.000984979361022
265 -0.000731248483424
266 -0.00051763029539
267 -0.000350227375573
268 -0.000214348340021
269 -0.000107436679979
270 -2.27661090604e-05
271 5.36195327913e-05
272 0.000106517162646
273 0.000144817833077
274 0.000176562432725
275 0.000200777345016
276 0.000217330800753
277 0.000232848616654
278 0.000245394354418
279 0.000256738707201
280 0.000263692130531
281 0.000264022960592
282 0.000255944076084
283 0.000241211969295
284 0.00022396342706
285 0.00020780046306
286 0.000194159312695
287 0.000183725464231
288 0.00017584178452
289 0.000170327312654
290 0.000166368346067
291 0.000163381200605
292 0.000160840564961
293 0.000158629208091
294 0.000156408904396
295 0.000154108092783
296 0.000151615414691
297 0.000149071846486
298 0.000146294421248
299 0.000143250669708
300 0.0104549914365
301 0.00892260752639
302 0.00626308176113
303 0.00400543787628
304 0.00142367977446
305 -0.000512861848096
306 -0.00177751844173
307 -0.00242659332691
308 -0.0026889986632
309 -0.00266958239259
310 -0.00247123356055
311 -0.00220390304743
312 -0.00190371682418
313 -0.00161104653114
314 -0.00133588892317
315 -0.00108464120981
316 -0.000861776501837
317 -0.000678597227393
318 -0.000522559575604
319 -0.000388695431459
320 -0.000282775672221
321 -0.000183065259915
322 -0.000106916412149
323 -4.69116029278e-05
324 2.65637456598e-06
325 4.46782348972e-05
326 7.64401637708e-05
327 0.000104141021077
328 0.000127726118197
329 0.000147888572486
330 0.000162943604585
331 0.000170850398079
332 0.000172472344428
333 0.000168218993007
334 0.000160286096857
335 0.000153385021806
336 0.000147436442763
337 0.000143080362685
338 0.000140184238382
339 0.000138264729987
340 0.000137115202854
341 0.000136477834093
342 0.000135976699005
343 0.000135396909791
344 0.000134758987146
345 0.000133858678521
346 0.000132628658994
347 0.000131165466032
348 0.000129519262599
349 0.000127459523232
350 0.00879553580446
351 0.00785970061878
352 0.00600441328148
353 0.0043713826261
354 0.00233101715744
355 0.000616511406086
356 -0.000656160970709
357 -0.0014784066939
358 -0.00198711154194
359 -0.00218677182203
360 -0.00220589933227
361 -0.00210527340865
362 -0.00192758396207
363 -0.00172162653529
364 -0.00150122956066
365 -0.00128816489596
366 -0.00108503387121
367 -0.000903510734565
368 -0.000746789557712
369 -0.000604322110762
370 -0.000486367046257
371 -0.000376035969322
372 -0.000287907324115
373 -0.000212438478353
374 -0.000149660156042
375 -9.65924485362e-05
376 -5.18213301948e-05
377 -1.52826200234e-05
378 1.59742244482e-05
379 4.33284157103e-05
380 6.69546608051e-05
381 8.2784500975e-05
382 9.39248953693e-05
383 0.000100889102223
384 0.000101984700315
385 0.000102359034961
386 0.000103010984419
387 0.000103801539135
388 0.00010504009181
389 0.000106555528676
390 0.000107921408373
391 0.000109436283219
392 0.00011078480892
393 0.000111681229415
394 0.000112659321927
395 0.000113021690524
396 0.00011324545249
397 0.000112865877403
398 0.000112347713381
399 0.000111402586018
400 0.00747881971208
401 0.00690741245727
402 0.00556021904264
403 0.00437898094947
404 0.00279905395635
405 0.00137465275185
406 0.000205387325266
407 -0.00065368650053
408 -0.00127209786704
409 -0.00161633160522
410 -0.00180086607884
411 -0.0018439394237
412 -0.00178687811709
413 -0.00167900192957
414 -0.00153170412695
415 -0.00137063404121
416 -0.00120491523838
417 -0.00104604559457
418 -0.000900786039465
419 -0.000765620944145
420 -0.000645609359282
421 -0.000533251784378
422 -0.000439817192412
423 -0.000356323575212
424 -0.000285248377304
425 -0.00022596171363
426 -0.000173745352395
427 -0.000129832848768
428 -9.26858344497e-05
429 -5.88922096168e-05
430 -2.74850486655e-05
431 -1.68030501431e-06
432 1.80603092867e-05
433 3.39601841695e-05
434 4.45770300967e-05
435 5.18480570745e-05
436 5.84079478247e-05
437 6.39500747219e-05
438 6.85390240092e-05
439 7.31375772032e-05
440 7.71852752138e-05
441 8.07906410456e-05
442 8.40396755959e-05
443 8.64312590953e-05
444 8.88568795369e-05
445 9.07102080476e-05
446 9.21073809512e-05
447 9.31037953993e-05
448 9.36610812598e-05
449 9.38719025736e-05
450 0.00639980872426
451 0.00601458675129
452 0.0050494740472
453 0.00419129954482
454 0.00298763149189
455 0.00183846164056
456 0.000826127267461
457 1.35184519895e-05
458 -0.000628188786761
459 -0.0010483151638
460 -0.00133916716941
461 -0.00148907689675
462 -0.00153849273709
463 -0.00151852703745
464 -0.00145053643404
465 -0.00134970567771
466 -0.00123238768051
467 -0.00110833652389
468 -0.000986071214211
469 -0.000868469830065
470 -0.000757938423894
471 -0.000650068605345
472 -0.000558020567061
473 -0.000474817016952
474 -0.000401512129668
475 -0.000340620243469
476 -0.000286280597716
477 -0.000238100873566
478 -0.000195784987973
479 -0.000155212670534
480 -0.000116433547851
481 -8.07248673993e-05
482 -5.26967255592e-05
483 -2.9431816902e-05
484 -1.15009855057e-05
485 2.36228031435e-06
486 1.37758339038e-05
487 2.33602543456e-05
488 3.11171740075e-05
489 3.81950451587e-05
490 4.47339255724e-05
491 5.02724904205e-05
492 5.53958408212e-05
493 5.95357931109e-05
494 6.33072007262e-05
495 6.66503245026e-05
496 6.92161212328e-05
497 7.16033533195e-05
498 7.33594488216e-05
499 7.4658369526e-05
500 0.00552485057974
501 0.00523423723817
502 0.00454528913787
503 0.00391386802143
504 0.00299739958047
505 0.00208312821785
506 0.00123327748295
507 0.000508524667883
508 -0.000104666157738
509 -0.000547139561085
510 -0.000893150323657
511 -0.00110961431651
512 -0.00123929436196
513 -0.00128983542475
514 -0.00129223967151
515 -0.00124963143927
516 -0.00118230098418
517 -0.00109846919573
518 -0.00100678425091
519 -0.000912664119507
520 -0.000819479083051
521 -0.00072352835202
522 -0.000639491204632
523 -0.000563395660683
524 -0.000493975100142
525 -0.000436166579486
526 -0.000383550800821
527 -0.000333194008918
528 -0.000286158490451
529 -0.000238366872074
530 -0.000192684777278
531 -0.000148937766105
532 -0.000114076301869
533 -8.53885531145e-05
534 -6.23868045956e-05
535 -4.37788565644e-05
536 -2.87854620185e-05
537 -1.61603609943e-05
538 -5.80049273232e-06
539 3.44736861764e-06
540 1.18659115087e-05
541 1.9206485686e-05
542 2.59062989809e-05
543 3.17649353753e-05
544 3.69984776288e-05
545 4.16397902652e-05
546 4.54880036463e-05
547 4.90582639925e-05
548 5.20642704773e-05
549 5.44869298081e-05
550 0.00480432134573
551 0.00457378750021
552 0.00407913048635
553 0.00360522853162
554 0.00290171332698
555 0.00217417748995
556 0.0014707565495
557 0.000847110474587
558 0.000287421051773
559 -0.000142168028078
560 -0.000505246944315
561 -0.000755232771641
562 -0.000936084008786
563 -0.0010378626571
564 -0.00109299707873
565 -0.00110125851454
566 -0.00107873656641
567 -0.00103398285305
568 -0.000974533418463
569 -0.000906240004533
570 -0.000834485862323
571 -0.000756441958794
572 -0.000685807570323
573 -0.000621668563169
574 -0.000561791568806
575 -0.00051031532812
576 -0.000460640661617
577 -0.000408517552985
578 -0.000356372877842
579 -0.00030185352308
580 -0.000250801880964
581 -0.000202088256678
582 -0.000163118726121
583 -0.000131706665447
584 -0.000105994274209
585 -8.46802901055e-05
586 -6.74486940034e-05
587 -5.28400100578e-05
588 -4.05842065104e-05
589 -2.96867379117e-05
590 -1.98989075977e-05
591 -1.10277330258e-05
592 -2.97868913295e-06
593 4.3173824567e-06
594 1.09479589374e-05
595 1.68343174756e-05
596 2.18604365241e-05
597 2.65099821829e-05
598 3.06680171618e-05
599 3.42070180703e-05
600 0.00420846731173
601 0.00403105494633
602 0.00366462642135
603 0.00330326564669
604 0.00275285242849
605 0.00217483497465
606 0.00159468161053
607 0.00106331101714
608 0.000565684116435
609 0.000167443865155
610 -0.000188456738238
611 -0.000451510775376
612 -0.000657489234089
613 -0.000794021582549
614 -0.000884085136314
615 -0.000933424500391
616 -0.000947720214819
617 -0.000936100038319
618 -0.000906191343454
619 -0.000864298983986
620 -0.000814776466292
621 -0.000757634480264
622 -0.000704194189604
623 -0.00065503515945
624 -0.000607266123419
625 -0.000562365598151
626 -0.000513918923838
627 -0.000459186007181
628 -0.000402336054777
629 -0.000343760062461
630 -0.000289885631712
631 -0.000240205629714
632 -0.000200366820543
633 -0.000168187614386
634 -0.000142079314484
635 -0.000119860579668
636 -0.00010156010555
637 -8.59016817537e-05
638 -7.2309895735e-05
639 -6.02962992418e-05
640 -4.94425678354e-05
641 -3.95177073593e-05
642 -3.02609935995e-05
643 -2.18596402883e-05
644 -1.40258219299e-05
645 -6.9899350719e-06
646 -8.72945361914e-07
647 4.71899731836e-06
648 9.95262788918e-06
649 1.44904879364e-05
650 0.00371543801607
651 0.0035827266629
652 0.00329993032657
653 0.00302348340677
654 0.00258447260952
655 0.00212092561887
656 0.00164232930976
657 0.00119330363232
658 0.000757767326514
659 0.000396702323572
660 6.02242492464e-05
661 -0.000201756464883
662 -0.000415178324928
663 -0.000571787278018
664 -0.000684651728221
665 -0.000763475944426
666 -0.00080592743103
667 -0.000821368846054
668 -0.00081716367364
669 -0.000800496273294
670 -0.000772442651458
671 -0.000737316163448
672 -0.000703086016611
673 -0.000669089905451
674 -0.00063199401889
675 -0.00059118245365
676 -0.000541869370422
677 -0.000483936641853
678 -0.000425149719243
679 -0.000366258895835
680 -0.000313185101699
681 -0.000265848733054
682 -0.000227675526099
683 -0.000196784479257
684 -0.000171354039131
685 -0.000149631320353
686 -0.000131142266677
687 -0.000115187770293
688 -0.000100898767897
689 -8.80941816207e-05
690 -7.64792775029e-05
691 -6.57703835658e-05
692 -5.5613014446e-05
693 -4.63474326777e-05
694 -3.74903846823e-05
695 -2.96065454845e-05
696 -2.2457099048e-05
697 -1.60145337817e-05
698 -9.89526251881e-06
699 -4.39661543552e-06
700 0.0032991658064
701 0.00320572228931
702 0.00297834516871
703 0.00276294635545
704 0.0024113751095
705 0.00203695571532
706 0.00164085987894
707 0.00126229051986
708 0.000884144155552
709 0.000562072788169
710 0.000252575217451
711 2.51353915403e-06
712 -0.000208310140731
713 -0.000374874790799
714 -0.000502650241228
715 -0.000599288725111
716 -0.000662602382523
717 -0.000700557904241
718 -0.000718471905739
719 -0.000724220575647
720 -0.000717306628272
721 -0.000703977439947
722 -0.000687235400667
723 -0.000665584645809
724 -0.000634669105819
725 -0.000594958411508
726 -0.000544261128737
727 -0.000485280130773
728 -0.000428319902273
729 -0.000373063513769
730 -0.000324651426023
731 -0.000281532212647
732 -0.000247148318916
733 -0.000218915224612
734 -0.00019500252819
735 -0.000174568303961
736 -0.00015658967821
737 -0.000140811994457
738 -0.00012641828342
739 -0.000113102278621
740 -0.000101023937175
741 -8.97217476664e-05
742 -7.89763555962e-05
743 -6.90731609756e-05
744 -5.93474376346e-05
745 -5.08180656039e-05
746 -4.28404106935e-05
747 -3.56121042092e-05
748 -2.87619044105e-05
749 -2.23529404846e-05
750 0.00294452092412
751 0.00288118716123
752 0.00269221798426
753 0.00252112637036
754 0.00224096403885
755 0.00193453144904
756 0.00160628910036
757 0.0012872812857
758 0.00096185632598
759 0.00067853356217
760 0.000398323202783
761 0.000165616897191
762 -3.61159877747e-05
763 -0.000203503782167
764 -0.000339546797519
765 -0.00044639374932
766 -0.000524561876753
767 -0.000581134546437
768 -0.000617850908717
769 -0.000643110794247
770 -0.000655956717085
771 -0.000661093418518
772 -0.000656780565226
773 -0.000641963098264
774 -0.000613000432856
775 -0.000573058970174
776 -0.000523454153968
777 -0.000467873617294
778 -0.000416280536046
779 -0.000368217349195
780 -0.000326679006718
781 -0.000289737552656
782 -0.000260044178543
783 -0.000235354448391
784 -0.000213723935368
785 -0.000195037200882
786 -0.000177997415457
787 -0.000162786424243
788 -0.000148672390872
789 -0.000135303400676
790 -0.000122998456677
791 -0.000111390190088
792 -0.000100217372076
793 -8.99087491936e-05
794 -7.95948527212e-05
795 -7.04531015898e-05
796 -6.19202537474e-05
797 -5.39920392277e-05
798 -4.65447322232e-05
799 -3.94197334553e-05
800 0.00263677472683
801 0.00259162566165
802 0.00243552594933
803 0.00229809492791
804 0.00207348943301
805 0.00182125282337
806 0.0015495774802
807 0.00128158490724
808 0.00100304126428
809 0.000755591938205
810 0.00050542631631
811 0.000292355995582
812 0.000103107614962
813 -5.88858101237e-05
814 -0.00019684701562
815 -0.000309191387835
816 -0.000397674450736
817 -0.000468698198296
818 -0.000521096814075
819 -0.000561964135317
820 -0.000590319281997
821 -0.000607035721313
822 -0.000608466285537
823 -0.000595878247034
824 -0.000567485569529
825 -0.000529200889582
826 -0.000485273095822
827 -0.000437513965088
828 -0.000394635141474
829 -0.000355585804037
830 -0.000322239067304
831 -0.000292302110221
832 -0.000267754098154
833 -0.000246948255899
834 -0.000228082711172
835 -0.00021130540535
836 -0.000195618264647
837 -0.000181233131892
838 -0.000167628589463
839 -0.000154541260012
840 -0.000142187335245
841 -0.000130553837597
842 -0.000119162498473
843 -0.000108619723019
844 -9.80525406148e-05
845 -8.83591775505e-05
846 -7.95004434525e-05
847 -7.0995509565e-05
848 -6.30992929401e-05
849 -5.54501833738e-05
850 0.00236849681138
851 0.00233272103083
852 0.00220546362193
853 0.00209483229753
854 0.00191294667622
855 0.00170474493422
856 0.00147938202986
857 0.00125414963902
858 0.00101543002633
859 0.000801060161128
860 0.000580161037581
861 0.00038807529327
862 0.000212670815229
863 5.90032774832e-05
864 -7.59615030991e-05
865 -0.000190216966023
866 -0.000285991556607
867 -0.000366571425858
868 -0.000430087525422
869 -0.000481069499591
870 -0.000517673680874
871 -0.000538295367382
872 -0.000540882693417
873 -0.000529567596108
874 -0.000504105882314
875 -0.000472080539028
876 -0.000437064849344
877 -0.000400356463168
878 -0.000368160975068
879 -0.000338795155235
880 -0.000313641073115
881 -0.000290618388278
882 -0.000271139381357
883 -0.000254146575203
884 -0.000238179870903
885 -0.00022342763834
886 -0.000209279922104
887 -0.000195923524595
888 -0.000182991423872
889 -0.000170498311446
890 -0.000158422763654
891 -0.000146915471786
892 -0.00013548088578
893 -0.000124833366535
894 -0.00011422567568
895 -0.000104202452375
896 -9.51633753236e-05
897 -8.62686018247e-05
898 -7.80203789213e-05
899 -7.00330806406e-05
900 0.00213581819853
901 0.00210663785024
902 0.00200246890543
903 0.00191344947034
904 0.00176423678746
905 0.00159244299313
906 0.00140485656512
907 0.00121449118817
908 0.00101072165258
909 0.000825318576269
910 0.000631456022043
911 0.000459643215628
912 0.000299387304931
913 0.000155847361502
914 2.57499322677e-05
915 -8.80201154494e-05
916 -0.000187781359953
917 -0.00027306580757
918 -0.000341732203937
919 -0.000396702302859
920 -0.000435060792714
921 -0.000455601411002
922 -0.000459717818479
923 -0.000452137206369
924 -0.000433934602802
925 -0.000411764168437
926 -0.000387472415805
927 -0.000362642176575
928 -0.000341028270414
929 -0.000320721197548
930 -0.000302839428575
931 -0.000286099654835
932 -0.000271204538761
933 -0.000257648114466
934 -0.000244469307366
935 -0.000231768986228
936 -0.000219217011381
937 -0.00020705668186
938 -0.00019490192355
939 -0.000183149419627
940 -0.000171546247968
941 -0.000160379993005
942 -0.000149144688062
943 -0.000138537044954
944 -0.000128013765653
945 -0.000117885698013
946 -0.000108744149293
947 -9.97256937429e-05
948 -9.12028297074e-05
949 -8.30193755218e-05
950 0.0019362172223
951 0.00191140829574
952 0.00182687789642
953 0.00175459465776
954 0.00163165585751
955 0.0014899012056
956 0.00133305351838
957 0.00117256978171
958 0.000999421798499
959 0.000839290288531
960 0.0006699965688
961 0.000516799364235
962 0.000371262434345
963 0.000238020004665
964 0.000113217548106
965 1.20587566924e-06
966 -9.8834591149e-05
967 -0.000184533358949
968 -0.00025332228268
969 -0.000308077116601
970 -0.000345798781601
971 -0.000367311021798
972 -0.000375903992889
973 -0.000374984114206
974 -0.000366578879354
975 -0.000355100554403
976 -0.000341710553281
977 -0.00032741392142
978 -0.000314967070719
979 -0.000302390602131
980 -0.000290758667378
981 -0.000279294788025
982 -0.000268383233197
983 -0.000257952762627
984 -0.000247270597426
985 -0.000236553059493
986 -0.000225587349705
987 -0.000214688660778
988 -0.000203572289647
989 -0.000192593457363
990 -0.000181629745318
991 -0.000170925875713
992 -0.00016012559668
993 -0.000149729129032
994 -0.000139401108887
995 -0.000129428496055
996 -0.000120290085693
997 -0.000111279893937
998 -0.000102672241533
999 -9.43870143109e-05
1000 0.0017739736676
1001 0.00175134878109
1002 0.00168393992606
1003 0.00162503684222
1004 0.00152337257893
1005 0.0014060406131
1006 0.00127499253767
1007 0.00114007601749
1008 0.000992894392225
1009 0.000854176172644
1010 0.000704812133756
1011 0.00056734583411
1012 0.000433105943502
1013 0.000308030816866
1014 0.000187961713717
1015 7.90725946642e-05
1016 -1.85107628178e-05
1017 -0.000101679873079
1018 -0.00016844886342
1019 -0.000221733059829
1020 -0.000259497598891
1021 -0.000284311337362
1022 -0.000298956714504
1023 -0.000305895355514
1024 -0.000306953763097
1025 -0.0003051736055
1026 -0.000301146233249
1027 -0.000295524809507
1028 -0.000290335811687
1029 -0.000284035581302
1030 -0.000277586763247
1031 -0.000270400708733
1032 -0.000262917398011
1033 -0.000255302788047
1034 -0.000246846887276
1035 -0.000238055429222
1036 -0.000228694651922
1037 -0.000219111759495
1038 -0.000209138328803
1039 -0.000199049698819
1040 -0.000188851563937
1041 -0.000178719369341
1042 -0.000168551451355
1043 -0.00015850829768
1044 -0.00014845592434
1045 -0.00013880289382
1046 -0.00012979054178
1047 -0.00012092434341
1048 -0.000112395289185
1049 -0.000104103204155
1050 0.00165480446063
1051 0.0016353405309
1052 0.00158141001165
1053 0.00153173626057
1054 0.00144754992049
1055 0.00134901325521
1056 0.00123780433339
1057 0.00112202520281
1058 0.00099318571103
1059 0.000869757051879
1060 0.000733672150661
1061 0.000606307276692
1062 0.000479754640987
1063 0.000360640219154
1064 0.000245068573263
1065 0.000141356242426
1066 4.85645050155e-05
1067 -3.03048290765e-05
1068 -9.40959829984e-05
1069 -0.000145813134174
1070 -0.000184421049518
1071 -0.000213335132118
1072 -0.000233610968946
1073 -0.000247568692756
1074 -0.000256447631005
1075 -0.000262306484317
1076 -0.000265533096165
1077 -0.000266711830143
1078 -0.000266947807485
1079 -0.000265616292453
1080 -0.000263332126853
1081 -0.000259651431734
1082 -0.000255094646547
1083 -0.000249953161277
1084 -0.000243586352537
1085 -0.000236605590619
1086 -0.00022880134927
1087 -0.000220549792369
1088 -0.00021176879927
1089 -0.000202645050673
1090 -0.0001933336977
1091 -0.00018391756893
1092 -0.000174432441429
1093 -0.000164931338431
1094 -0.00015531572684
1095 -0.000146085938283
1096 -0.000137368629862
1097 -0.000128784457937
1098 -0.000120419398541
1099 -0.000112252921916
1100 0.00157113412363
1101 0.00155487753562
1102 0.00150807672884
1103 0.00146478739712
1104 0.00139196457587
1105 0.00130458335913
1106 0.00120496427718
1107 0.00110021130539
1108 0.000981411725388
1109 0.000866455115794
1110 0.000738396743542
1111 0.000618158504814
1112 0.0004985942137
1113 0.000386685929015
1114 0.000278989662984
1115 0.000183227827459
1116 9.79542804167e-05
1117 2.49592692387e-05
1118 -3.47905868964e-05
1119 -8.43111572265e-05
1120 -0.000123485538088
1121 -0.000155650963176
1122 -0.000180181682007
1123 -0.000199221781642
1124 -0.000213942194908
1125 -0.000225300747318
1126 -0.000233873772146
1127 -0.000240160818782
1128 -0.000244400420224
1129 -0.000246948290913
1130 -0.000247927743902
1131 -0.000247147749939
1132 -0.00024509850039
1133 -0.000242103898167
1134 -0.000237703859666
1135 -0.000232427049787
1136 -0.000226150344188
1137 -0.000219270166412
1138 -0.000211671739522
1139 -0.000203668828171
1140 -0.000195297093004
1141 -0.000186740881146
1142 -0.000177983083316
1143 -0.000169118299136
1144 -0.000160094690097
1145 -0.000151355265279
1146 -0.000143084026928
1147 -0.000134842652576
1148 -0.000126775092096
1149 -0.000118852763945
1150 0.00147828171171
1151 0.00146658779455
1152 0.00141970902867
1153 0.00138172120402
1154 0.00131469992526
1155 0.00123270097975
1156 0.00113973233479
1157 0.00104234224796
1158 0.000930528377494
1159 0.000823532045246
1160 0.000705485130615
1161 0.000595284000599
1162 0.000487184819203
1163 0.000386973901116
1164 0.000291394346115
1165 0.000206350494833
1166 0.000130496156592
1167 6.48225380775e-05
1168 9.87545459153e-06
1169 -3.69299353817e-05
1170 -7.59809785073e-05
1171 -0.000109718315391
1172 -0.000136903559945
1173 -0.000159198606933
1174 -0.00017782912712
1175 -0.000192919262387
1176 -0.000205296639631
1177 -0.000215195839547
1178 -0.000222484996834
1179 -0.000227973014664
1180 -0.000231523598541
1181 -0.000233155817682
1182 -0.000233253752916
1183 -0.000232132507898
1184 -0.000229548635274
1185 -0.000225845235711
1186 -0.000221056614572
1187 -0.000215503342476
1188 -0.00020910857393
1189 -0.000202245453219
1190 -0.000194879099823
1191 -0.000187229014003
1192 -0.000179278354933
1193 -0.000171172199222
1194 -0.000162843215039
1195 -0.000154670765227
1196 -0.000146930579951
1197 -0.000139124744095
1198 -0.000131426918744
1199 -0.000123838577689
1200 0.00133533667526
1201 0.00133011829107
1202 0.00128129663779
1203 0.00124960624191
1204 0.00118779439553
1205 0.00111294642258
1206 0.00102915610207
1207 0.000942450142552
1208 0.000842649516345
1209 0.000748450468922
1210 0.000646084266004
1211 0.000550830766311
1212 0.000458451928311
1213 0.000373266530368
1214 0.000291536830977
1215 0.000218380341575
1216 0.000152309978728
1217 9.39641306603e-05
1218 4.38200558129e-05
1219 -3.58557764805e-08
1220 -3.82171629243e-05
1221 -7.24680125185e-05
1222 -0.00010106063719
1223 -0.000125254270277
1224 -0.000146318330153
1225 -0.000163930804608
1226 -0.000178897181656
1227 -0.000191258723641
1228 -0.000200976505811
1229 -0.000208673378397
1230 -0.000214291432993
1231 -0.000217944869323
1232 -0.000219888996461
1233 -0.000220451242887
1234 -0.000219519627453
1235 -0.000217297760864
1236 -0.000213938026365
1237 -0.000209717228282
1238 -0.000204514979311
1239 -0.000198771623073
1240 -0.000192431114799
1241 -0.000185746350426
1242 -0.000178702766944
1243 -0.000171405592125
1244 -0.000163841737329
1245 -0.000156318502472
1246 -0.000149145848959
1247 -0.000141881776924
1248 -0.000134605712521
1249 -0.000127416285189
1250 0.00115713104233
1251 0.00115578017078
1252 0.00110984893057
1253 0.00108561136502
1254 0.00103224047167
1255 0.000969364805588
1256 0.000898908353474
1257 0.000826723087167
1258 0.000743983694674
1259 0.000666103043722
1260 0.000581673817099
1261 0.000503704868279
1262 0.00042736875402
1263 0.000356835629503
1264 0.000288145133133
1265 0.000225785442584
1266 0.000168424350912
1267 0.00011652336078
1268 7.08022418758e-05
1269 2.97892039291e-05
1270 -6.99684195456e-06
1271 -4.10961238799e-05
1272 -7.02521284308e-05
1273 -9.54478125252e-05
1274 -0.000117935791794
1275 -0.000137272395728
1276 -0.000153957581302
1277 -0.000168068009685
1278 -0.000179626410314
1279 -0.00018907640589
1280 -0.000196351185722
1281 -0.000201753051662
1282 -0.000205292939735
1283 -0.000207365033917
1284 -0.000207894197993
1285 -0.000207063654787
1286 -0.000205061040059
1287 -0.000202106215646
1288 -0.000198132589736
1289 -0.000193480837087
1290 -0.000188220383031
1291 -0.000182506530952
1292 -0.000176420102233
1293 -0.000169955632677
1294 -0.000163187002413
1295 -0.000156409901466
1296 -0.00014986001733
1297 -0.000143143996744
1298 -0.000136380888937
1299 -0.000129634730694
1300 0.000987790868567
1301 0.000986915910653
1302 0.000949086860438
1303 0.000930871026961
1304 0.000887814397255
1305 0.000838127517458
1306 0.000781914615018
1307 0.000724174544588
1308 0.000658639700296
1309 0.000596338915235
1310 0.000528087961495
1311 0.000465456996006
1312 0.000402696118708
1313 0.000344146460563
1314 0.000286171172257
1315 0.00023257188923
1316 0.000182213891006
1317 0.000135564618345
1318 9.35342416776e-05
1319 5.50227936331e-05
1320 1.96280443155e-05
1321 -1.3784714899e-05
1322 -4.29556890043e-05
1323 -6.86800238618e-05
1324 -9.1912670583e-05
1325 -0.000112380478658
1326 -0.000130185190389
1327 -0.000145575529438
1328 -0.000158501548184
1329 -0.000169362772306
1330 -0.000177991117652
1331 -0.000184862561075
1332 -0.000189794535234
1333 -0.000193237952266
1334 -0.000195077997376
1335 -0.00019554416636
1336 -0.000194822331171
1337 -0.000193051488794
1338 -0.000190274253133
1339 -0.00018670142418
1340 -0.000182529655215
1341 -0.000177771613748
1342 -0.000172674803169
1343 -0.00016706720551
1344 -0.000161104269522
1345 -0.00015510244002
1346 -0.000149184752468
1347 -0.000143062633908
1348 -0.000136856110238
1349 -0.000130601531728
1350 0.000854179455091
1351 0.000852384975754
1352 0.00082412789466
1353 0.00080952903668
1354 0.000776126785797
1355 0.000737301354067
1356 0.000693301425595
1357 0.000647459821128
1358 0.000595642805175
1359 0.000545646574406
1360 0.000490190999004
1361 0.000438883993733
1362 0.000386566805098
1363 0.000336900368307
1364 0.000287065168955
1365 0.000240066203381
1366 0.000195013796208
1367 0.000152512490878
1368 0.000113473988561
1369 7.7106423639e-05
1370 4.30279462234e-05
1371 1.05185343607e-05
1372 -1.83348449317e-05
1373 -4.42154709033e-05
1374 -6.78311540445e-05
1375 -8.89544562704e-05
1376 -0.0001075087236
1377 -0.000123880930613
1378 -0.000137793328642
1379 -0.00014974558444
1380 -0.000159533032924
1381 -0.000167577112913
1382 -0.000173700028446
1383 -0.000178353895593
1384 -0.000181380730565
1385 -0.000183038796374
1386 -0.00018349263008
1387 -0.000182840033097
1388 -0.000181216508116
1389 -0.000178717817753
1390 -0.000175595703668
1391 -0.000171797937296
1392 -0.000167662924938
1393 -0.000162943482944
1394 -0.000157809435588
1395 -0.000152553670898
1396 -0.000147305980562
1397 -0.000141829804226
1398 -0.000136187411007
1399 -0.000130443317302
1400 0.000759675752618
1401 0.0007568483233
1402 0.000736261780587
1403 0.000723766783308
1404 0.000697939329977
1405 0.000666856032139
1406 0.000631830096205
1407 0.000594733351038
1408 0.000552566456472
1409 0.000511518038345
1410 0.000465423279311
1411 0.000421934667763
1412 0.000377220671234
1413 0.000333936838574
1414 0.00029006320762
1415 0.000247995985415
1416 0.000206945864732
1417 0.000167742844737
1418 0.000131180718616
1419 9.66720251825e-05
1420 6.38595066357e-05
1421 3.22462466093e-05
1422 4.00254669214e-06
1423 -2.17391876433e-05
1424 -4.54613813734e-05
1425 -6.68747217341e-05
1426 -8.58938453448e-05
1427 -0.000102993527912
1428 -0.000117604381709
1429 -0.00013037445643
1430 -0.000141113081696
1431 -0.000150130526425
1432 -0.000157297700948
1433 -0.000162965500816
1434 -0.000167094298121
1435 -0.000169845444311
1436 -0.00017138078922
1437 -0.000171800102113
1438 -0.000171227532153
1439 -0.000169804113025
1440 -0.000167670565686
1441 -0.00016484053867
1442 -0.000161587264716
1443 -0.000157734198166
1444 -0.000153435518859
1445 -0.000148907420692
1446 -0.000144357236355
1447 -0.000139522449002
1448 -0.000134453157863
1449 -0.000129247417005
1450 0.000695331455993
1451 0.000692310785962
1452 0.000676476275776
1453 0.000665706702606
1454 0.000644943451435
1455 0.000619295576759
1456 0.000590357817788
1457 0.000559272399381
1458 0.000523718292729
1459 0.000489001977111
1460 0.000449292052098
1461 0.000411412843838
1462 0.000372060378765
1463 0.000333384212355
1464 0.000293996673818
1465 0.000255572865668
1466 0.000217636472421
1467 0.000181134786043
1468 0.000146736303021
1469 0.000113870236087
1470 8.23820153546e-05
1471 5.17341562147e-05
1472 2.41129243238e-05
1473 -1.20375119488e-06
1474 -2.48860091021e-05
1475 -4.63611969376e-05
1476 -6.56004949646e-05
1477 -8.31510381014e-05
1478 -9.82377800448e-05
1479 -0.000111625275535
1480 -0.00012305386516
1481 -0.000132895201893
1482 -0.000140912302577
1483 -0.000147434842987
1484 -0.000152519639112
1485 -0.000156250080596
1486 -0.000158760808014
1487 -0.000160181272795
1488 -0.000160577610689
1489 -0.000160162175449
1490 -0.000158951169417
1491 -0.000157060691617
1492 -0.000154640416854
1493 -0.000151615893197
1494 -0.000148129808533
1495 -0.000144316634756
1496 -0.000140464823972
1497 -0.000136244367169
1498 -0.00013176706901
1499 -0.000127116991053
1500 0.000650651235908
1501 0.000648164919547
1502 0.000635103325584
1503 0.000625835924821
1504 0.000608188047132
1505 0.000586421067313
1506 0.000561544342077
1507 0.000534708846799
1508 0.000503770186803
1509 0.000473339161372
1510 0.000438259123731
1511 0.000404311427614
1512 0.000368996096324
1513 0.000333913922796
1514 0.000297866887751
1515 0.000262354562674
1516 0.000227000866217
1517 0.00019274847119
1518 0.000160233177094
1519 0.000128909665808
1520 9.87894461828e-05
1521 6.91775033051e-05
1522 4.22219611509e-05
1523 1.74062053407e-05
1524 -5.9017079841e-06
1525 -2.72923228594e-05
1526 -4.65835536355e-05
1527 -6.4341030977e-05
1528 -7.9764476949e-05
1529 -9.36139169394e-05
1530 -0.000105573005615
1531 -0.000116085504742
1532 -0.000124813060295
1533 -0.000132069874421
1534 -0.000137966859953
1535 -0.000142578064715
1536 -0.00014596674671
1537 -0.000148283906284
1538 -0.000149611686421
1539 -0.000150087083856
1540 -0.000149729667704
1541 -0.00014870648241
1542 -0.000147098501853
1543 -0.000144852960242
1544 -0.0001421366741
1545 -0.000139029155761
1546 -0.000135831636839
1547 -0.000132226336146
1548 -0.000128306062137
1549 -0.000124208529385
1550 0.000617522499891
1551 0.00061544968055
1552 0.000604216955339
1553 0.000596175742102
1554 0.000580615766433
1555 0.000561538618159
1556 0.000539567825481
1557 0.000515858902578
1558 0.000488277256943
1559 0.000460990097752
1560 0.000429367851759
1561 0.000398546748234
1562 0.000366371260091
1563 0.000334200931993
1564 0.000300884269995
1565 0.000267788661446
1566 0.000234696816247
1567 0.000202478346687
1568 0.000171706198358
1569 0.000141944818835
1570 0.000113090153172
1571 8.45978458457e-05
1572 5.84484834281e-05
1573 3.42952470548e-05
1574 1.14407417852e-05
1575 -9.66750730992e-06
1576 -2.8891358011e-05
1577 -4.66857242241e-05
1578 -6.23100654001e-05
1579 -7.64321165743e-05
1580 -8.87928000704e-05
1581 -9.98063986275e-05
1582 -0.000109128309472
1583 -0.000117015650295
1584 -0.000123609268414
1585 -0.000128976322241
1586 -0.000133150981092
1587 -0.000136266410295
1588 -0.00013843340064
1589 -0.000139713305898
1590 -0.00014014482668
1591 -0.000139896650266
1592 -0.000139062761238
1593 -0.000137568865801
1594 -0.00013555543253
1595 -0.000133142792821
1596 -0.000130554259797
1597 -0.000127535839241
1598 -0.000124191258474
1599 -0.000120604179179
1600 0.000590673487893
1601 0.000588815296072
1602 0.000578825757924
1603 0.000571767085837
1604 0.000557792252333
1605 0.000540662063176
1606 0.000520892250985
1607 0.000499639567892
1608 0.000474657367773
1609 0.000449895648538
1610 0.000421020912989
1611 0.000392802416371
1612 0.000363215876868
1613 0.000333459440178
1614 0.000302526826982
1615 0.00027165792043
1616 0.000240645383777
1617 0.000210332156548
1618 0.00018117999076
1619 0.000152962444816
1620 0.00012533798816
1621 9.802132863e-05
1622 7.27480017117e-05
1623 4.93424643111e-05
1624 2.70643792844e-05
1625 6.36428389669e-06
1626 -1.26258910351e-05
1627 -3.03021998985e-05
1628 -4.59642549115e-05
1629 -6.02567212647e-05
1630 -7.2855913778e-05
1631 -8.42280678218e-05
1632 -9.40097024392e-05
1633 -0.000102451178189
1634 -0.000109599023865
1635 -0.00011561417199
1636 -0.000120468329145
1637 -0.000124278522398
1638 -0.000127163234952
1639 -0.000129151150304
1640 -0.000130306076489
1641 -0.000130761692908
1642 -0.000130651533575
1643 -0.000129844191066
1644 -0.000128488023658
1645 -0.000126724362963
1646 -0.000124705811599
1647 -0.000122267633401
1648 -0.000119488884131
1649 -0.000116434249683
1650 0.000566916996063
1651 0.000565283424325
1652 0.000556154198978
1653 0.000549918120585
1654 0.000537245078876
1655 0.000521602969986
1656 0.000503728058637
1657 0.000484392285296
1658 0.000461630644428
1659 0.000438920895019
1660 0.000412296449242
1661 0.000386394100833
1662 0.000359000676842
1663 0.000331448706191
1664 0.000302653768946
1665 0.000273849681546
1666 0.000244744469009
1667 0.000216243844145
1668 0.000188686795483
1669 0.000161962075041
1670 0.000135599611302
1671 0.000109495718824
1672 8.52368695749e-05
1673 6.26057447094e-05
1674 4.10230650124e-05
1675 2.08137587503e-05
1676 2.17535996307e-06
1677 -1.52723454119e-05
1678 -3.08336247531e-05
1679 -4.51407007673e-05
1680 -5.79069872353e-05
1681 -6.95136890491e-05
1682 -7.96134323299e-05
1683 -8.84911364698e-05
1684 -9.61021849061e-05
1685 -0.000102628945658
1686 -0.000108062121992
1687 -0.000112460967206
1688 -0.000115976755424
1689 -0.000118581120127
1690 -0.000120393810432
1691 -0.000121494432486
1692 -0.000122029556011
1693 -0.000121851288817
1694 -0.000121094047693
1695 -0.000119936977442
1696 -0.000118460274455
1697 -0.000116582229051
1698 -0.000114344806667
1699 -0.000111820500652
1700 0.000544621862453
1701 0.00054315271217
1702 0.000534747772857
1703 0.000529155369808
1704 0.000517652497782
1705 0.000503251421604
1706 0.000487035479507
1707 0.000469303273147
1708 0.000448426122024
1709 0.000427499699567
1710 0.000402933348361
1711 0.000379061140774
1712 0.000353709047316
1713 0.00032810804127
1714 0.000301260654866
1715 0.000274411640658
1716 0.000247114411817
1717 0.000220355520961
1718 0.000194329772882
1719 0.000169081168709
1720 0.000144009012802
1721 0.000119128095279
1722 9.59211111791e-05
1723 7.41502457128e-05
1724 5.33120230781e-05
1725 3.36980806771e-05
1726 1.55336901939e-05
1727 -1.59711682092e-06
1728 -1.69543859485e-05
1729 -3.11570085114e-05
1730 -4.39838772755e-05
1731 -5.56821383977e-05
1732 -6.60119012948e-05
1733 -7.51836494562e-05
1734 -8.31612459406e-05
1735 -9.00945393896e-05
1736 -9.60177159999e-05
1737 -0.000100926966911
1738 -0.000104992798279
1739 -0.000108138643219
1740 -0.000110547907449
1741 -0.00011222033931
1742 -0.000113309579278
1743 -0.000113709116522
1744 -0.000113517105798
1745 -0.000112917351414
1746 -0.000111959485363
1747 -0.000110614313224
1748 -0.000108881927671
1749 -0.000106878988949
1750 0.000522862670403
1751 0.000521448924838
1752 0.000513697258426
1753 0.000508614277437
1754 0.000498182153001
1755 0.000484882783807
1756 0.00047010508785
1757 0.000453788908301
1758 0.000434542638399
1759 0.000415312459597
1760 0.000392642195017
1761 0.000370563489324
1762 0.000347071906005
1763 0.000323331404177
1764 0.000298369747307
1765 0.000273350681294
1766 0.000247771226337
1767 0.000222722273941
1768 0.000198208726412
1769 0.00017437059708
1770 0.00015058935028
1771 0.000126957060353
1772 0.000104828260416
1773 8.40146371874e-05
1774 6.39677650022e-05
1775 4.50408301924e-05
1776 2.74049723023e-05
1777 1.06853533141e-05
1778 -4.38114423271e-06
1779 -1.83895943731e-05
1780 -3.114661041e-05
1781 -4.28841677852e-05
1782 -5.33163798236e-05
1783 -6.26867740823e-05
1784 -7.09251734705e-05
1785 -7.81838882814e-05
1786 -8.44876654976e-05
1787 -8.98121816618e-05
1788 -9.43230976616e-05
1789 -9.79367180798e-05
1790 -0.000100821274528
1791 -0.000103005876444
1792 -0.000104570338027
1793 -0.000105482827897
1794 -0.000105822238315
1795 -0.000105724423926
1796 -0.000105258662852
1797 -0.000104416086549
1798 -0.000103180011666
1799 -0.000101682605593
1800 0.000501401538919
1801 0.000500070623481
1802 0.000492816938139
1803 0.000488267321297
1804 0.000478720868356
1805 0.000466554537306
1806 0.000453011024694
1807 0.000437928859402
1808 0.000420201272191
1809 0.000402525103962
1810 0.000381629795968
1811 0.000361212617307
1812 0.000339515574117
1813 0.000317457938967
1814 0.000294252325021
1815 0.000270986438749
1816 0.000247051266885
1817 0.000223577158732
1818 0.000200561197867
1819 0.000178116495108
1820 0.000155668294731
1821 0.000133280090438
1822 0.00011225883129
1823 9.23651203484e-05
1824 7.31905383247e-05
1825 5.49731168086e-05
1826 3.7933776823e-05
1827 2.17229353325e-05
1828 7.00456105113e-06
1829 -6.76385335394e-06
1830 -1.93598493558e-05
1831 -3.10542480256e-05
1832 -4.15353532786e-05
1833 -5.10009482711e-05
1834 -5.94235277703e-05
1835 -6.69216620523e-05
1836 -7.35085016601e-05
1837 -7.9173950786e-05
1838 -8.40409732393e-05
1839 -8.80674015059e-05
1840 -9.13401691154e-05
1841 -9.39700957245e-05
1842 -9.5951191228e-05
1843 -9.73233407675e-05
1844 -9.81584939289e-05
1845 -9.85261981465e-05
1846 -9.85278657268e-05
1847 -9.81402826941e-05
1848 -9.73672879278e-05
1849 -9.6320905472e-05
1850 0.000480063571676
1851 0.000478813257547
1852 0.000471998065715
1853 0.000467958792371
1854 0.000459200840718
1855 0.000448076650464
1856 0.000435624640389
1857 0.000421746751163
1858 0.00040542639002
1859 0.000389162213128
1860 0.000369881616693
1861 0.000351049675233
1862 0.000330970980584
1863 0.000310529583649
1864 0.000289034281107
1865 0.000267368725386
1866 0.000245029203215
1867 0.000223087129906
1868 0.000201544162563
1869 0.00018054365998
1870 0.000159377932237
1871 0.000138191382173
1872 0.000118278181983
1873 9.93494232852e-05
1874 8.10704836785e-05
1875 6.35733390835e-05
1876 4.71881093907e-05
1877 3.1479600485e-05
1878 1.7175208599e-05
1879 3.72135331434e-06
1880 -8.64445861785e-06
1881 -2.02231683155e-05
1882 -3.06602762583e-05
1883 -4.01534354151e-05
1884 -4.86746350582e-05
1885 -5.63433600174e-05
1886 -6.31222943562e-05
1887 -6.90194405242e-05
1888 -7.41738852654e-05
1889 -7.85387268055e-05
1890 -8.21558056872e-05
1891 -8.51662567564e-05
1892 -8.75192997832e-05
1893 -8.93123812214e-05
1894 -9.0587800561e-05
1895 -9.13777961137e-05
1896 -9.18141715806e-05
1897 -9.18334530532e-05
1898 -9.14972237291e-05
1899 -9.08675339132e-05
1900 0.000458734195735
1901 0.000457594741017
1902 0.000451226998232
1903 0.000447712325569
1904 0.000439654362481
1905 0.00042942096748
1906 0.000418023938311
1907 0.000405297136471
1908 0.000390233597783
1909 0.000375286151311
1910 0.000357555359399
1911 0.000340218672581
1912 0.000321685488995
1913 0.000302762858763
1914 0.000282881934053
1915 0.000262774313585
1916 0.000241981993461
1917 0.000221523598434
1918 0.000201374610103
1919 0.000181759591904
1920 0.000161850586198
1921 0.000141894800029
1922 0.000123028229205
1923 0.000105073195261
1924 8.77054242678e-05
1925 7.09330298542e-05
1926 5.52352477534e-05
1927 4.00883234291e-05
1928 2.62192136554e-05
1929 1.3143866047e-05
1930 1.06463513061e-06
1931 -1.03214717071e-05
1932 -2.0663905961e-05
1933 -3.01054115579e-05
1934 -3.86472253841e-05
1935 -4.64092754525e-05
1936 -5.3316213305e-05
1937 -5.94042962883e-05
1938 -6.47749714626e-05
1939 -6.94088626019e-05
1940 -7.33190230665e-05
1941 -7.6654707908e-05
1942 -7.93507800076e-05
1943 -8.1515505932e-05
1944 -8.3162571924e-05
1945 -8.43444286966e-05
1946 -8.51579782527e-05
1947 -8.55486821999e-05
1948 -8.56113078381e-05
1949 -8.53539720397e-05
1950 0.000437606540076
1951 0.000436696817096
1952 0.000430784608008
1953 0.000427746889153
1954 0.000420314013167
1955 0.000410902199225
1956 0.000400490810346
1957 0.000388842999659
1958 0.000375014986994
1959 0.000361301070225
1960 0.000344982725725
1961 0.000329048774908
1962 0.000311946138669
1963 0.000294499981566
1964 0.000276103467946
1965 0.000257467346786
1966 0.000238114029159
1967 0.000219117202621
1968 0.000200292784962
1969 0.000181970346491
1970 0.000163287097645
1971 0.000144504465279
1972 0.000126696669426
1973 0.00010967883349
1974 9.31910994827e-05
1975 7.72010220794e-05
1976 6.21715018009e-05
1977 4.7603509133e-05
1978 3.4218006363e-05
1979 2.15730510914e-05
1980 9.82071936772e-06
1981 -1.3055312453e-06
1982 -1.1499689313e-05
1983 -2.08649875438e-05
1984 -2.93604217287e-05
1985 -3.71429926582e-05
1986 -4.41149418729e-05
1987 -5.03413940337e-05
1988 -5.58793100129e-05
1989 -6.07131492791e-05
1990 -6.48718518533e-05
1991 -6.84788268127e-05
1992 -7.14789102595e-05
1993 -7.39716758748e-05
1994 -7.59447178852e-05
1995 -7.74720450991e-05
1996 -7.86143306894e-05
1997 -7.93557894487e-05
1998 -7.97764935306e-05
1999 -7.98574080795e-05
2000 0.000416926715459
2001 0.000416318298575
2002 0.00041082819258
2003 0.000408243771531
2004 0.000401392299753
2005 0.000392680399561
2006 0.000383237398559
2007 0.000372572216825
2008 0.000359911157499
2009 0.000347311773032
2010 0.000332254379192
2011 0.000317634918181
2012 0.000301896498712
2013 0.000285816715297
2014 0.000268807364523
2015 0.000251554298976
2016 0.000233610294579
2017 0.000215970643499
2018 0.000198415386213
2019 0.000181286941248
2020 0.000163792989806
2021 0.000146145568017
2022 0.000129350852193
2023 0.000113257144179
2024 9.76439455285e-05
2025 8.24383113045e-05
2026 6.81045180956e-05
2027 5.41364616312e-05
2028 4.1253100854e-05
2029 2.9034128059e-05
2030 1.76167677093e-05
2031 6.80492266293e-06
2032 -3.16516077934e-06
2033 -1.23878921737e-05
2034 -2.08093058463e-05
2035 -2.85556107921e-05
2036 -3.5542168629e-05
2037 -4.18563945555e-05
2038 -4.75217705644e-05
2039 -5.24999894635e-05
2040 -5.68571327882e-05
2041 -6.06760527737e-05
2042 -6.39292266497e-05
2043 -6.66977331816e-05
2044 -6.89500261759e-05
2045 -7.07759038396e-05
2046 -7.22110309931e-05
2047 -7.32835510023e-05
2048 -7.40242754993e-05
2049 -7.44201510155e-05
2050 0.000397003406439
2051 0.000396629437286
2052 0.000391531782746
2053 0.000389257506616
2054 0.000383041379985
2055 0.000374932987684
2056 0.000366401555692
2057 0.000356633420777
2058 0.000345015512844
2059 0.00033345013576
2060 0.000319568801006
2061 0.000306156708682
2062 0.00029167554621
2063 0.000276846272448
2064 0.00026112910257
2065 0.000245184756621
2066 0.000228504200963
2067 0.000212151315183
2068 0.000195782264516
2069 0.000179792233241
2070 0.000163419067738
2071 0.000146864503861
2072 0.000131071663122
2073 0.000115876126034
2074 0.00010110038082
2075 8.66860583356e-05
2076 7.30507023723e-05
2077 5.96803545747e-05
2078 4.73182059627e-05
2079 3.55483822487e-05
2080 2.45257093766e-05
2081 1.40401663672e-05
2082 4.32263510451e-06
2083 -4.69214962162e-06
2084 -1.29854353137e-05
2085 -2.06757536991e-05
2086 -2.76356683141e-05
2087 -3.3979350609e-05
2088 -3.97209936507e-05
2089 -4.48039116178e-05
2090 -4.93098964295e-05
2091 -5.33076691077e-05
2092 -5.67565147927e-05
2093 -5.97549914662e-05
2094 -6.22500450732e-05
2095 -6.43301494975e-05
2096 -6.60260278984e-05
2097 -6.73789707016e-05
2098 -6.83983819062e-05
2099 -6.90927927788e-05
2100 0.000377979943486
2101 0.000377710693214
2102 0.000372976210959
2103 0.000370941833058
2104 0.000365330252054
2105 0.00035784254462
2106 0.00035009507441
2107 0.000341128036198
2108 0.000330434806581
2109 0.000319828008258
2110 0.000307066939681
2111 0.000294735133656
2112 0.000281443625943
2113 0.000267776107562
2114 0.000253242286717
2115 0.000238483108395
2116 0.000222984279502
2117 0.000207813191019
2118 0.000192553877654
2119 0.000177622061263
2120 0.000162341217625
2121 0.00014682352737
2122 0.000131968427526
2123 0.000117643917376
2124 0.00010369211691
2125 9.00262397524e-05
2126 7.70496688323e-05
2127 6.43033460492e-05
2128 5.24590343525e-05
2129 4.11526835797e-05
2130 3.05561559984e-05
2131 2.0415974686e-05
2132 1.09731824051e-05
2133 2.183292854e-06
2134 -5.92923170382e-06
2135 -1.35164808851e-05
2136 -2.04150718452e-05
2137 -2.67459036113e-05
2138 -3.2517338497e-05
2139 -3.7662499425e-05
2140 -4.22695988219e-05
2141 -4.64083124344e-05
2142 -5.00076791073e-05
2143 -5.31894174774e-05
2144 -5.58821027475e-05
2145 -5.81828407694e-05
2146 -6.0108673612e-05
2147 -6.17045699599e-05
2148 -6.29705584491e-05
2149 -6.39362141501e-05
2150 0.000359778615814
2151 0.000359597233169
2152 0.000355157761077
2153 0.000353372111258
2154 0.000348286453954
2155 0.00034138943549
2156 0.000334335692874
2157 0.000326074854884
2158 0.000316252937832
2159 0.00030651222134
2160 0.000294808262857
2161 0.000283460643455
2162 0.000271228331222
2163 0.000258604569021
2164 0.000245175620132
2165 0.000231528678632
2166 0.000217156299131
2167 0.000203062102901
2168 0.000188864411756
2169 0.000174976787132
2170 0.000160674983017
2171 0.000146112123297
2172 0.000132149804224
2173 0.000118651834755
2174 0.000105504830573
2175 9.25398885481e-05
2176 8.02508195512e-05
2177 6.81246432604e-05
2178 5.68129985391e-05
2179 4.59797828e-05
2180 3.58231557029e-05
2181 2.60428599285e-05
2182 1.68952247917e-05
2183 8.36701074722e-06
2184 4.49473806789e-07
2185 -6.99676964939e-06
2186 -1.38103041047e-05
2187 -2.00889751009e-05
2188 -2.58528904859e-05
2189 -3.10270445119e-05
2190 -3.56930588361e-05
2191 -3.99296972147e-05
2192 -4.36449697577e-05
2193 -4.69875661475e-05
2194 -4.98524078653e-05
2195 -5.23512172393e-05
2196 -5.44735039578e-05
2197 -5.62713185341e-05
2198 -5.77620451642e-05
2199 -5.89585715162e-05
2200 0.000342300332855
2201 0.00034214283199
2202 0.000338045969499
2203 0.00033648910665
2204 0.000331877830717
2205 0.000325503736201
2206 0.000319104451075
2207 0.000311494147858
2208 0.000302469218384
2209 0.00029352312698
2210 0.000282809918074
2211 0.000272362695039
2212 0.000261113318338
2213 0.000249418487392
2214 0.000237024063653
2215 0.000224401732435
2216 0.000211054240952
2217 0.000197964483664
2218 0.000184739562155
2219 0.000171827048449
2220 0.000158458094256
2221 0.000144801978221
2222 0.000131680829209
2223 0.000118964599774
2224 0.000106608183034
2225 9.43410410473e-05
2226 8.27214415046e-05
2227 7.11793071336e-05
2228 6.0422318088e-05
2229 5.0078173305e-05
2230 4.03729522102e-05
2231 3.09671507928e-05
2232 2.21345799355e-05
2233 1.3889297156e-05
2234 6.18504668741e-06
2235 -1.09438899063e-06
2236 -7.7927318483e-06
2237 -1.39896795443e-05
2238 -1.97145907811e-05
2239 -2.48875233106e-05
2240 -2.9577740084e-05
2241 -3.38779660136e-05
2242 -3.76779313832e-05
2243 -4.11492546685e-05
2244 -4.41604921173e-05
2245 -4.68176478877e-05
2246 -4.91027099872e-05
2247 -5.10671884091e-05
2248 -5.27464225005e-05
2249 -5.4139177022e-05
2250 0.000325629973827
2251 0.000325341157657
2252 0.000321629905477
2253 0.00032025982757
2254 0.000316089748113
2255 0.000310198311968
2256 0.000304376925147
2257 0.000297402139511
2258 0.000289080061516
2259 0.000280855631775
2260 0.000271020857128
2261 0.00026138786989
2262 0.000251038730079
2263 0.000240206971291
2264 0.000228767407779
2265 0.000217083784295
2266 0.00020467835455
2267 0.000192529759791
2268 0.000180207626445
2269 0.000168236784667
2270 0.000155730371615
2271 0.000142953818298
2272 0.000130661142474
2273 0.000118704537996
2274 0.000107100295081
2275 9.55237100424e-05
2276 8.45487646749e-05
2277 7.3617500227e-05
2278 6.33969644626e-05
2279 5.35311203388e-05
2280 4.4260192981e-05
2281 3.52475281528e-05
2282 2.6721552669e-05
2283 1.87665754016e-05
2284 1.13096062366e-05
2285 4.21855004379e-06
2286 -2.34209047685e-06
2287 -8.42466375582e-06
2288 -1.40678698059e-05
2289 -1.92125060525e-05
2290 -2.39100532642e-05
2291 -2.82391896815e-05
2292 -3.20926374583e-05
2293 -3.56615201745e-05
2294 -3.87845717836e-05
2295 -4.15674385922e-05
2296 -4.39814135004e-05
2297 -4.6096149383e-05
2298 -4.79313983338e-05
2299 -4.94888688658e-05
2300 0.000309636705298
2301 0.0003092287084
2302 0.000305865236142
2303 0.000304632320822
2304 0.000300853817155
2305 0.000295406662821
2306 0.000290103932192
2307 0.000283689447239
2308 0.000276024377482
2309 0.000268472212804
2310 0.000259396383121
2311 0.000250526159317
2312 0.000240986320517
2313 0.0002309724077
2314 0.000220402034157
2315 0.000209587699894
2316 0.000198086711718
2317 0.000186823927998
2318 0.000175391547733
2319 0.000164258376853
2320 0.000152581265174
2321 0.000140653180863
2322 0.000129162008129
2323 0.000117953455539
2324 0.000107056960761
2325 9.61686435659e-05
2326 8.5812909686e-05
2327 7.54556820092e-05
2328 6.57670212555e-05
2329 5.6389568059e-05
2330 4.75497604802e-05
2331 3.89419693516e-05
2332 3.07468988434e-05
2333 2.30858463293e-05
2334 1.58787959479e-05
2335 9.00078059558e-06
2336 2.59438230386e-06
2337 -3.35793245368e-06
2338 -8.91594901026e-06
2339 -1.40096617487e-05
2340 -1.86925258724e-05
2341 -2.30171953875e-05
2342 -2.68938318302e-05
2343 -3.05317031151e-05
2344 -3.37231515896e-05
2345 -3.65984339554e-05
2346 -3.91178718476e-05
2347 -4.13483065078e-05
2348 -4.33114005234e-05
2349 -4.50020098273e-05
2350 0.000294089762481
2351 0.000293741945612
2352 0.000290641463787
2353 0.000289530384081
2354 0.000286111168675
2355 0.000281076221919
2356 0.000276233847957
2357 0.000270337202977
2358 0.000263281319601
2359 0.000256345461505
2360 0.000247965736902
2361 0.000239791271339
2362 0.000231030061126
2363 0.000221783272269
2364 0.000212033643518
2365 0.000202011687214
2366 0.000191342606332
2367 0.000180950462646
2368 0.000170340687848
2369 0.00015999079048
2370 0.000149125841974
2371 0.000137996412194
2372 0.000127268119379
2373 0.000116766202824
2374 0.000106571664101
2375 9.63300962871e-05
2376 8.65956772927e-05
2377 7.67928153386e-05
2378 6.76204272094e-05
2379 5.87078220379e-05
2380 5.0291959663e-05
2381 4.21084245184e-05
2382 3.42480537906e-05
2383 2.6890058306e-05
2384 1.99307531481e-05
2385 1.32817120599e-05
2386 7.06324000376e-06
2387 1.23691611752e-06
2388 -4.21861622814e-06
2389 -9.23386392494e-06
2390 -1.38809967887e-05
2391 -1.81908667045e-05
2392 -2.20681042658e-05
2393 -2.5742501225e-05
2394 -2.89814770735e-05
2395 -3.19268235386e-05
2396 -3.45167762017e-05
2397 -3.68374496225e-05
2398 -3.89114355738e-05
2399 -4.07100932537e-05
2400 0.000279094802525
2401 0.000278847538151
2402 0.000275924237002
2403 0.000275018664677
2404 0.000271895474783
2405 0.000267222987581
2406 0.00026282703341
2407 0.000257393106679
2408 0.000250911060266
2409 0.00024454985914
2410 0.000236820712373
2411 0.000229314912966
2412 0.000221262765434
2413 0.000212739573798
2414 0.000203748988371
2415 0.000194480923501
2416 0.000184635993638
2417 0.000175052439551
2418 0.000165195715711
2419 0.000155579201003
2420 0.000145473668634
2421 0.000135106756475
2422 0.000125096940601
2423 0.000115261718869
2424 0.000105712464676
2425 9.60974531319e-05
2426 8.69428681982e-05
2427 7.76985659629e-05
2428 6.89997975671e-05
2429 6.05422424918e-05
2430 5.25521692121e-05
2431 4.47543024573e-05
2432 3.72249481626e-05
2433 3.0175490238e-05
2434 2.34932102577e-05
2435 1.70668500682e-05
2436 1.10544140469e-05
2437 5.37888506312e-06
2438 4.46461533264e-08
2439 -4.87218769711e-06
2440 -9.46185693739e-06
2441 -1.37349908694e-05
2442 -1.75908267657e-05
2443 -2.12755712264e-05
2444 -2.4540878099e-05
2445 -2.75370553733e-05
2446 -3.01814127784e-05
2447 -3.25735944081e-05
2448 -3.47399161947e-05
2449 -3.66318861113e-05
2450 0.00026489225698
2451 0.000264705670344
2452 0.000261917395682
2453 0.000261234297886
2454 0.000258336981934
2455 0.000254020446632
2456 0.000250029154919
2457 0.000244999171506
2458 0.000239051264592
2459 0.000233213368052
2460 0.000226089203592
2461 0.000219209838547
2462 0.000211800599928
2463 0.000203943874449
2464 0.000195641632837
2465 0.00018712624664
2466 0.000177995244007
2467 0.000169156342085
2468 0.000159986899121
2469 0.000151064741861
2470 0.000141671286931
2471 0.000132009295185
2472 0.000122658587592
2473 0.000113453922617
2474 0.000104530930407
2475 9.54926440365e-05
2476 8.68819188463e-05
2477 7.81663507219e-05
2478 6.99471883884e-05
2479 6.19397862966e-05
2480 5.43708721694e-05
2481 4.69524650553e-05
2482 3.97640020903e-05
2483 3.30123172549e-05
2484 2.66030773637e-05
2485 2.04041914385e-05
2486 1.45848085627e-05
2487 9.07249806079e-06
2488 3.87459481792e-06
2489 -9.30369689018e-07
2490 -5.44496108423e-06
2491 -9.65811359846e-06
2492 -1.34811352829e-05
2493 -1.71496893487e-05
2494 -2.04166738051e-05
2495 -2.34394050648e-05
2496 -2.61257333732e-05
2497 -2.85603420461e-05
2498 -3.07951838066e-05
2499 -3.27611377037e-05
