0 8.3184707702e-05
1 8.31697949235e-05
2 8.31219910557e-05
3 8.30675645154e-05
4 8.30017471409e-05
5 8.29096672676e-05
6 8.27895100861e-05
7 8.2673471542e-05
8 8.25389955461e-05
9 8.23599007693e-05
10 8.21676120591e-05
11 8.19793670804e-05
12 8.17623318278e-05
13 8.15224610992e-05
14 8.12768963543e-05
15 8.10074640731e-05
16 8.07123163767e-05
17 8.04088480525e-05
18 8.00956914918e-05
19 7.97944393694e-05
20 7.94293618458e-05
21 7.90289229513e-05
22 7.8636691436e-05
23 7.82460023479e-05
24 7.78116843859e-05
25 7.74015454997e-05
26 7.69459638515e-05
27 7.64348503438e-05
28 7.59683813545e-05
29 7.54918450342e-05
30 7.50075712963e-05
31 7.44508809606e-05
32 7.39330382182e-05
33 7.34031249211e-05
34 7.28129598542e-05
35 7.22368571263e-05
36 7.16325428352e-05
37 7.10415682519e-05
38 7.04061887763e-05
39 6.97424280961e-05
40 6.91153949138e-05
41 6.84941463022e-05
42 6.78106261256e-05
43 6.71422062811e-05
44 6.64040108415e-05
45 6.56951870187e-05
46 6.49968381875e-05
47 6.43233014333e-05
48 6.36163977996e-05
49 6.28632559576e-05
50 8.31864554695e-05
51 8.31682206824e-05
52 8.31260998247e-05
53 8.30803983755e-05
54 8.30052600289e-05
55 8.29127994855e-05
56 8.28002120578e-05
57 8.26754600971e-05
58 8.25235931904e-05
59 8.23657350535e-05
60 8.21784750648e-05
61 8.19823622027e-05
62 8.17659893565e-05
63 8.15411479655e-05
64 8.12865984477e-05
65 8.10249002715e-05
66 8.07347385777e-05
67 8.04299510239e-05
68 8.01112755931e-05
69 7.97910927034e-05
70 7.94503342986e-05
71 7.90409446699e-05
72 7.86540463498e-05
73 7.82645058909e-05
74 7.78256445487e-05
75 7.7409219224e-05
76 7.69586655928e-05
77 7.64665220179e-05
78 7.60139748007e-05
79 7.55201363545e-05
80 7.50243280435e-05
81 7.44741631212e-05
82 7.39379988403e-05
83 7.34079170543e-05
84 7.28491875296e-05
85 7.22617364184e-05
86 7.16591318182e-05
87 7.10618517768e-05
88 7.04347390818e-05
89 6.979073097e-05
90 6.91562375701e-05
91 6.85218497443e-05
92 6.78498952342e-05
93 6.71854973086e-05
94 6.64565340002e-05
95 6.57475262332e-05
96 6.50699504586e-05
97 6.43839038488e-05
98 6.36732587274e-05
99 6.29349110108e-05
100 8.31864666997e-05
101 8.31681994336e-05
102 8.31260469483e-05
103 8.30803525374e-05
104 8.30051821218e-05
105 8.29126433831e-05
106 8.2800040863e-05
107 8.26752633528e-05
108 8.25233033753e-05
109 8.23654289204e-05
110 8.21780510416e-05
111 8.1981929535e-05
112 8.17653960984e-05
113 8.15405904998e-05
114 8.12859055956e-05
115 8.10242663857e-05
116 8.07338451303e-05
117 8.04288818697e-05
118 8.01100954728e-05
119 7.97899279537e-05
120 7.94490374457e-05
121 7.90395255126e-05
122 7.86523395258e-05
123 7.82627398486e-05
124 7.78240972477e-05
125 7.74071433042e-05
126 7.69565061014e-05
127 7.64644767486e-05
128 7.60115691598e-05
129 7.55176882829e-05
130 7.50215183496e-05
131 7.44713693931e-05
132 7.39349012307e-05
133 7.3404922765e-05
134 7.28458122374e-05
135 7.22582023073e-05
136 7.16552068278e-05
137 7.10575677908e-05
138 7.04308836006e-05
139 6.97870161977e-05
140 6.91518617482e-05
141 6.85170117387e-05
142 6.78455605358e-05
143 6.71802678457e-05
144 6.64516579742e-05
145 6.57423784331e-05
146 6.50652400213e-05
147 6.43783818714e-05
148 6.36675622461e-05
149 6.29284062199e-05
150 8.31864783834e-05
151 8.31681596702e-05
152 8.31259790023e-05
153 8.3080278679e-05
154 8.30050549871e-05
155 8.29124216565e-05
156 8.27997850303e-05
157 8.26749819227e-05
158 8.25228873424e-05
159 8.23649467484e-05
160 8.21773771477e-05
161 8.198126226e-05
162 8.17645200338e-05
163 8.15396163336e-05
164 8.12846126901e-05
165 8.10231091337e-05
166 8.07321060188e-05
167 8.04270303329e-05
168 8.0108015096e-05
169 7.97877530715e-05
170 7.94466280758e-05
171 7.90366866378e-05
172 7.86495646205e-05
173 7.82594669602e-05
174 7.78208570193e-05
175 7.74037835378e-05
176 7.695236604e-05
177 7.64599153798e-05
178 7.6006672934e-05
179 7.55128427763e-05
180 7.50163259723e-05
181 7.44660017968e-05
182 7.39291677275e-05
183 7.33988766879e-05
184 7.28393658026e-05
185 7.22518911221e-05
186 7.16489356793e-05
187 7.10502956789e-05
188 7.04236172843e-05
189 6.97793765157e-05
190 6.91442740626e-05
191 6.85087627052e-05
192 6.78370999111e-05
193 6.71714579897e-05
194 6.64429030985e-05
195 6.57329541906e-05
196 6.50557294313e-05
197 6.43686091386e-05
198 6.36585851383e-05
199 6.29185886556e-05
200 8.31864910456e-05
201 8.31681349065e-05
202 8.31259008425e-05
203 8.30801798133e-05
204 8.30048880009e-05
205 8.29121813921e-05
206 8.2799449711e-05
207 8.26746168803e-05
208 8.25223953453e-05
209 8.23643657975e-05
210 8.21766371631e-05
211 8.19804084514e-05
212 8.17634423976e-05
213 8.1538416922e-05
214 8.12831361812e-05
215 8.10215912447e-05
216 8.07300568303e-05
217 8.04249133996e-05
218 8.0105548352e-05
219 7.97854615448e-05
220 7.94437912962e-05
221 7.90335106048e-05
222 7.86461071895e-05
223 7.82557804431e-05
224 7.78173589774e-05
225 7.73995780522e-05
226 7.69478336287e-05
227 7.64552214609e-05
228 7.60013342853e-05
229 7.55075188701e-05
230 7.50104535648e-05
231 7.44598675712e-05
232 7.39223974673e-05
233 7.33921541265e-05
234 7.28318766087e-05
235 7.22445120891e-05
236 7.16410338418e-05
237 7.10414780499e-05
238 7.04149587602e-05
239 6.97704855141e-05
240 6.91346528967e-05
241 6.84987032447e-05
242 6.78270230039e-05
243 6.71602713465e-05
244 6.6432198513e-05
245 6.572177864e-05
246 6.50446252244e-05
247 6.43558296463e-05
248 6.36458208271e-05
249 6.29049477762e-05
250 8.31864996061e-05
251 8.31679710767e-05
252 8.31257163241e-05
253 8.30798466642e-05
254 8.30045054292e-05
255 8.29115026286e-05
256 8.27982598797e-05
257 8.26734378849e-05
258 8.25208353978e-05
259 8.23625747303e-05
260 8.21743375435e-05
261 8.19778785381e-05
262 8.17599349893e-05
263 8.15336759317e-05
264 8.12791599111e-05
265 8.10160316045e-05
266 8.07228859094e-05
267 8.04183891443e-05
268 8.00992933475e-05
269 7.97769286161e-05
270 7.94350974626e-05
271 7.90246813895e-05
272 7.86359630978e-05
273 7.82446417509e-05
274 7.78071748824e-05
275 7.73854660727e-05
276 7.69340833085e-05
277 7.64420734233e-05
278 7.59856244734e-05
279 7.54901623194e-05
280 7.49931123182e-05
281 7.44415178819e-05
282 7.39002377807e-05
283 7.33713469568e-05
284 7.28110589608e-05
285 7.22218818814e-05
286 7.16173332402e-05
287 7.10151876254e-05
288 7.0385048657e-05
289 6.97423930034e-05
290 6.91094997677e-05
291 6.84694637712e-05
292 6.77959480276e-05
293 6.71292953465e-05
294 6.63999902478e-05
295 6.56838282667e-05
296 6.50080438693e-05
297 6.43189228749e-05
298 6.36056458331e-05
299 6.28656399096e-05
300 8.31865423323e-05
301 8.31676729086e-05
302 8.31251480632e-05
303 8.30787309902e-05
304 8.30033371461e-05
305 8.29101184685e-05
306 8.27962218584e-05
307 8.26700429357e-05
308 8.25165507056e-05
309 8.23587129633e-05
310 8.21689953996e-05
311 8.19696767009e-05
312 8.17518630403e-05
313 8.15253267915e-05
314 8.12685490808e-05
315 8.10040596533e-05
316 8.07088999008e-05
317 8.04036829837e-05
318 8.00823983796e-05
319 7.97584432114e-05
320 7.94158385851e-05
321 7.900443972e-05
322 7.86130166803e-05
323 7.821634931e-05
324 7.77782372033e-05
325 7.73574514912e-05
326 7.68975632158e-05
327 7.64068947172e-05
328 7.59471844637e-05
329 7.54510660406e-05
330 7.49432594753e-05
331 7.43982349785e-05
332 7.38547763117e-05
333 7.3308807396e-05
334 7.27539931001e-05
335 7.21675137784e-05
336 7.15605787119e-05
337 7.09580721011e-05
338 7.03204878016e-05
339 6.96719991876e-05
340 6.90325306741e-05
341 6.83965275378e-05
342 6.77185153311e-05
343 6.70493567305e-05
344 6.63144301714e-05
345 6.56024200406e-05
346 6.49107595299e-05
347 6.42225346739e-05
348 6.35074164978e-05
349 6.2761268124e-05
350 8.31865182425e-05
351 8.31677766888e-05
352 8.31253224395e-05
353 8.30793674862e-05
354 8.30034244059e-05
355 8.29103708433e-05
356 8.27967347209e-05
357 8.26708308068e-05
358 8.25179989584e-05
359 8.23584632302e-05
360 8.21681114973e-05
361 8.19710918288e-05
362 8.17524142854e-05
363 8.15264868292e-05
364 8.12672839934e-05
365 8.10077286517e-05
366 8.07134809632e-05
367 8.04034396967e-05
368 8.00813810066e-05
369 7.97637449182e-05
370 7.94154455263e-05
371 7.90000735807e-05
372 7.86143801849e-05
373 7.82209584919e-05
374 7.77757805286e-05
375 7.73598282887e-05
376 7.68992631782e-05
377 7.64006744712e-05
378 7.59492202232e-05
379 7.54539897579e-05
380 7.49545191168e-05
381 7.43959932584e-05
382 7.38572391147e-05
383 7.33260615248e-05
384 7.27512826186e-05
385 7.21698931911e-05
386 7.15597113515e-05
387 7.09555580104e-05
388 7.03293534837e-05
389 6.96743715942e-05
390 6.90357283149e-05
391 6.8395108379e-05
392 6.7720700963e-05
393 6.70526182347e-05
394 6.63169915653e-05
395 6.56031726308e-05
396 6.49275078009e-05
397 6.42319528248e-05
398 6.35235937662e-05
399 6.2773963482e-05
400 8.31865206046e-05
401 8.31679804491e-05
402 8.31254101063e-05
403 8.30796857748e-05
404 8.30039562479e-05
405 8.29104624351e-05
406 8.27968760852e-05
407 8.26718495546e-05
408 8.25186265669e-05
409 8.23599071837e-05
410 8.21698357423e-05
411 8.19733363137e-05
412 8.17545538123e-05
413 8.15298908229e-05
414 8.12717218975e-05
415 8.1009221664e-05
416 8.07140280012e-05
417 8.04085875248e-05
418 8.00863362422e-05
419 7.97680697547e-05
420 7.94226351581e-05
421 7.90098814549e-05
422 7.86194129333e-05
423 7.82270311462e-05
424 7.77844041728e-05
425 7.73651967643e-05
426 7.69122794305e-05
427 7.64150524908e-05
428 7.59569618732e-05
429 7.54625215936e-05
430 7.49646828113e-05
431 7.44068721955e-05
432 7.38674829911e-05
433 7.33392400474e-05
434 7.27739532028e-05
435 7.21841313947e-05
436 7.15762325297e-05
437 7.09734465561e-05
438 7.03432225441e-05
439 6.96987920003e-05
440 6.90551067827e-05
441 6.84178886571e-05
442 6.77420002735e-05
443 6.70709480173e-05
444 6.63420236131e-05
445 6.56258185302e-05
446 6.49555458127e-05
447 6.42561057131e-05
448 6.35483772684e-05
449 6.28034425603e-05
450 8.3186499293e-05
451 8.31678996381e-05
452 8.31252945465e-05
453 8.30795410341e-05
454 8.30039260636e-05
455 8.29101119512e-05
456 8.27967718691e-05
457 8.26718042049e-05
458 8.25178125413e-05
459 8.23587801555e-05
460 8.21698444564e-05
461 8.19731369637e-05
462 8.17543969011e-05
463 8.15283756175e-05
464 8.12706968237e-05
465 8.1007502462e-05
466 8.07133185084e-05
467 8.040795287e-05
468 8.00860512139e-05
469 7.97664418939e-05
470 7.94218435823e-05
471 7.90072422478e-05
472 7.86163936124e-05
473 7.82244647788e-05
474 7.77829897847e-05
475 7.73630032439e-05
476 7.69079560195e-05
477 7.64126037792e-05
478 7.59553494922e-05
479 7.5459973335e-05
480 7.49604829909e-05
481 7.44067580303e-05
482 7.38629670999e-05
483 7.33352878627e-05
484 7.27686761972e-05
485 7.21820647388e-05
486 7.15726800812e-05
487 7.09691488869e-05
488 7.03381208e-05
489 6.96922301797e-05
490 6.90532097843e-05
491 6.84141930502e-05
492 6.77420719263e-05
493 6.70679012978e-05
494 6.63357478711e-05
495 6.56239578158e-05
496 6.49490563089e-05
497 6.42523999096e-05
498 6.35449486445e-05
499 6.27970611535e-05
500 8.31865152429e-05
501 8.31679185795e-05
502 8.31251839391e-05
503 8.30793830028e-05
504 8.3003639263e-05
505 8.29097983141e-05
506 8.27962522184e-05
507 8.26709186769e-05
508 8.25166595968e-05
509 8.23573996314e-05
510 8.21688977662e-05
511 8.19712242132e-05
512 8.17524728833e-05
513 8.15259803133e-05
514 8.12676302905e-05
515 8.10044287673e-05
516 8.07096166831e-05
517 8.04034261176e-05
518 8.00816861386e-05
519 7.97610814748e-05
520 7.94154022063e-05
521 7.90010233011e-05
522 7.86101930733e-05
523 7.82165679991e-05
524 7.77765874228e-05
525 7.73544322037e-05
526 7.68990886738e-05
527 7.64037492547e-05
528 7.59453239345e-05
529 7.54503255157e-05
530 7.49489067409e-05
531 7.43953912571e-05
532 7.38506648774e-05
533 7.33215297223e-05
534 7.27521734834e-05
535 7.21694789982e-05
536 7.15565912101e-05
537 7.09528466303e-05
538 7.03229711046e-05
539 6.96745812585e-05
540 6.90347409351e-05
541 6.83943051583e-05
542 6.77218481641e-05
543 6.70483851133e-05
544 6.63152303467e-05
545 6.56016756663e-05
546 6.49287820618e-05
547 6.42294394378e-05
548 6.35215673143e-05
549 6.27721995222e-05
550 8.31864896055e-05
551 8.31677603093e-05
552 8.31249502311e-05
553 8.30789723097e-05
554 8.30030247834e-05
555 8.29086934043e-05
556 8.27946380756e-05
557 8.26690166434e-05
558 8.25140006239e-05
559 8.2354651045e-05
560 8.21656587673e-05
561 8.19675056012e-05
562 8.17471613088e-05
563 8.15194280285e-05
564 8.12612912443e-05
565 8.09964978136e-05
566 8.07000944864e-05
567 8.03940533823e-05
568 8.00720232104e-05
569 7.97485163429e-05
570 7.94025524911e-05
571 7.89890579992e-05
572 7.85962724033e-05
573 7.82001420945e-05
574 7.77610247646e-05
575 7.73355234578e-05
576 7.68807644505e-05
577 7.63852505257e-05
578 7.59220630953e-05
579 7.54253973088e-05
580 7.49238418279e-05
581 7.43680045991e-05
582 7.3820338463e-05
583 7.32912867286e-05
584 7.27221188287e-05
585 7.21372810005e-05
586 7.15232714215e-05
587 7.09180954671e-05
588 7.02829879795e-05
589 6.96359724035e-05
590 6.89982413905e-05
591 6.83544612019e-05
592 6.76788713802e-05
593 6.7003943327e-05
594 6.62701444469e-05
595 6.55528267616e-05
596 6.48807913131e-05
597 6.41798262529e-05
598 6.34666359541e-05
599 6.27191389902e-05
600 8.31865126462e-05
601 8.31676850401e-05
602 8.31247418355e-05
603 8.30783937164e-05
604 8.30022227408e-05
605 8.29078193579e-05
606 8.27935093592e-05
607 8.26670322938e-05
608 8.25112295474e-05
609 8.23519134223e-05
610 8.21624718053e-05
611 8.19626508609e-05
612 8.17421590057e-05
613 8.15139481799e-05
614 8.12542039787e-05
615 8.0989177204e-05
616 8.0691913622e-05
617 8.03849206591e-05
618 8.00614298159e-05
619 7.97365886511e-05
620 7.93897540614e-05
621 7.89767807335e-05
622 7.85811684553e-05
623 7.81827483484e-05
624 7.77419755215e-05
625 7.73158304733e-05
626 7.68569666654e-05
627 7.63623246089e-05
628 7.58961169366e-05
629 7.53994056113e-05
630 7.48938404015e-05
631 7.4338398266e-05
632 7.37926961335e-05
633 7.32532619936e-05
634 7.2688353477e-05
635 7.21021683829e-05
636 7.14888966917e-05
637 7.0882761723e-05
638 7.02415993587e-05
639 6.95934439203e-05
640 6.89499323957e-05
641 6.83098447026e-05
642 6.76302135297e-05
643 6.69529077814e-05
644 6.6218525466e-05
645 6.5498649815e-05
646 6.48171167801e-05
647 6.41211980606e-05
648 6.34042645788e-05
649 6.26553604586e-05
650 8.31865140942e-05
651 8.31676303765e-05
652 8.31244606632e-05
653 8.30781091672e-05
654 8.30016121048e-05
655 8.29069565388e-05
656 8.27925192253e-05
657 8.26658046283e-05
658 8.25101321451e-05
659 8.23499429645e-05
660 8.21591014318e-05
661 8.19590385212e-05
662 8.17371830043e-05
663 8.15108848616e-05
664 8.1248402211e-05
665 8.09838593166e-05
666 8.06859182367e-05
667 8.03765053006e-05
668 8.00514259597e-05
669 7.97293631443e-05
670 7.93795565644e-05
671 7.89640443246e-05
672 7.85703338201e-05
673 7.81687851972e-05
674 7.77269755089e-05
675 7.73006326252e-05
676 7.68415713609e-05
677 7.63419799746e-05
678 7.5878482102e-05
679 7.53806199145e-05
680 7.48715638625e-05
681 7.43182050289e-05
682 7.37698948086e-05
683 7.32306829074e-05
684 7.26578229728e-05
685 7.20735331382e-05
686 7.1458913881e-05
687 7.08506029593e-05
688 7.02150330514e-05
689 6.95595360642e-05
690 6.89160976943e-05
691 6.82665605155e-05
692 6.75944428467e-05
693 6.69142925519e-05
694 6.61747336398e-05
695 6.54632870215e-05
696 6.47788185507e-05
697 6.4078762801e-05
698 6.33706370142e-05
699 6.26098349104e-05
700 8.31865022936e-05
701 8.3167580459e-05
702 8.31244017685e-05
703 8.30779143093e-05
704 8.30010909665e-05
705 8.29064376429e-05
706 8.27917301404e-05
707 8.2664874266e-05
708 8.25089098085e-05
709 8.23479585484e-05
710 8.21565419432e-05
711 8.19570149645e-05
712 8.17344949e-05
713 8.15070002199e-05
714 8.12431136802e-05
715 8.09799400106e-05
716 8.06817262494e-05
717 8.03702822989e-05
718 8.00444947788e-05
719 7.97231729627e-05
720 7.93711807727e-05
721 7.89536988744e-05
722 7.85604239853e-05
723 7.81608752295e-05
724 7.77161302343e-05
725 7.72898069488e-05
726 7.68297333075e-05
727 7.63264629526e-05
728 7.58652561453e-05
729 7.5364374953e-05
730 7.48607291268e-05
731 7.42995860295e-05
732 7.37530078492e-05
733 7.32171102053e-05
734 7.26368692908e-05
735 7.20526236908e-05
736 7.1438826996e-05
737 7.08265329973e-05
738 7.01940108115e-05
739 6.9535934364e-05
740 6.88906600773e-05
741 6.82384786777e-05
742 6.75666198431e-05
743 6.6884163872e-05
744 6.61431916214e-05
745 6.54286820331e-05
746 6.47492888264e-05
747 6.40464886083e-05
748 6.33335253764e-05
749 6.25721913839e-05
750 8.31865104356e-05
751 8.31675470284e-05
752 8.31243676131e-05
753 8.30777413347e-05
754 8.30009357353e-05
755 8.29059276267e-05
756 8.27909419153e-05
757 8.26638296513e-05
758 8.25073263684e-05
759 8.23466234875e-05
760 8.21542661633e-05
761 8.19544214276e-05
762 8.17314485556e-05
763 8.15040444069e-05
764 8.12400303989e-05
765 8.09755166397e-05
766 8.06765917192e-05
767 8.03644518112e-05
768 8.0037747006e-05
769 7.97167258916e-05
770 7.9363236288e-05
771 7.89460181645e-05
772 7.8551040238e-05
773 7.81504932575e-05
774 7.77055487914e-05
775 7.72777704005e-05
776 7.68173259911e-05
777 7.63133073038e-05
778 7.58492019079e-05
779 7.53488160423e-05
780 7.48443999506e-05
781 7.42815312922e-05
782 7.37333829016e-05
783 7.31979510602e-05
784 7.26167243764e-05
785 7.20316270797e-05
786 7.14149605318e-05
787 7.08024271595e-05
788 7.01656173416e-05
789 6.9513539134e-05
790 6.88649845763e-05
791 6.82151916552e-05
792 6.75386463544e-05
793 6.68552724001e-05
794 6.61171203907e-05
795 6.53971022338e-05
796 6.47222758013e-05
797 6.40169475714e-05
798 6.33025972359e-05
799 6.25452757025e-05
800 8.31865074958e-05
801 8.31674120054e-05
802 8.31241272004e-05
803 8.30775272446e-05
804 8.3000558221e-05
805 8.29051007626e-05
806 8.27898792621e-05
807 8.26626823299e-05
808 8.25058138493e-05
809 8.23449807092e-05
810 8.21520067097e-05
811 8.19515406045e-05
812 8.17282049299e-05
813 8.15004938306e-05
814 8.12360623907e-05
815 8.09695462198e-05
816 8.06698716216e-05
817 8.03582843679e-05
818 8.00313135211e-05
819 7.97085282186e-05
820 7.93545995636e-05
821 7.89369562963e-05
822 7.85397800529e-05
823 7.81384460313e-05
824 7.76934961516e-05
825 7.72618871591e-05
826 7.68045872092e-05
827 7.62994900314e-05
828 7.58319683107e-05
829 7.53294155479e-05
830 7.48252181237e-05
831 7.42621663415e-05
832 7.37110942986e-05
833 7.31757086506e-05
834 7.25971636439e-05
835 7.20080002476e-05
836 7.13914185801e-05
837 7.07792765672e-05
838 7.013915973e-05
839 6.94879135802e-05
840 6.88351315535e-05
841 6.81842608021e-05
842 6.75075763343e-05
843 6.68224239296e-05
844 6.60861102531e-05
845 6.53617849063e-05
846 6.46873167442e-05
847 6.39812592483e-05
848 6.32649670902e-05
849 6.25045564519e-05
850 8.31864954158e-05
851 8.31671909709e-05
852 8.31237843011e-05
853 8.30769574217e-05
854 8.29998662893e-05
855 8.2903810111e-05
856 8.27881060796e-05
857 8.26607618737e-05
858 8.2502655926e-05
859 8.23416942038e-05
860 8.21480115076e-05
861 8.19472045916e-05
862 8.17226655534e-05
863 8.14931696324e-05
864 8.12290687481e-05
865 8.09602808535e-05
866 8.0659523214e-05
867 8.03482823166e-05
868 8.00204843901e-05
869 7.96952520986e-05
870 7.93413885865e-05
871 7.89227609409e-05
872 7.85221597439e-05
873 7.81208490562e-05
874 7.7674966155e-05
875 7.72407645169e-05
876 7.67823654682e-05
877 7.62765451706e-05
878 7.58065672891e-05
879 7.53016563693e-05
880 7.47965870488e-05
881 7.42324142796e-05
882 7.36775313725e-05
883 7.31413061276e-05
884 7.25629538369e-05
885 7.19714521618e-05
886 7.13542836494e-05
887 7.07396770025e-05
888 7.00943237912e-05
889 6.9443531924e-05
890 6.87918795852e-05
891 6.81381054375e-05
892 6.74575002908e-05
893 6.67700696316e-05
894 6.6030543806e-05
895 6.53046357535e-05
896 6.4628448095e-05
897 6.39235814658e-05
898 6.32005413941e-05
899 6.24415478787e-05
900 8.31864890807e-05
901 8.31670880939e-05
902 8.31234537837e-05
903 8.30764448364e-05
904 8.29991465147e-05
905 8.29025751464e-05
906 8.278658844e-05
907 8.26586049021e-05
908 8.24998056189e-05
909 8.23383888911e-05
910 8.21441343787e-05
911 8.19423435026e-05
912 8.17176982487e-05
913 8.14869673133e-05
914 8.12216690999e-05
915 8.09517991646e-05
916 8.06506554816e-05
917 8.03382052485e-05
918 8.00090708058e-05
919 7.96818768275e-05
920 7.93275863658e-05
921 7.89073018294e-05
922 7.85048955912e-05
923 7.81013286471e-05
924 7.76550749961e-05
925 7.72198272558e-05
926 7.675752117e-05
927 7.62521924186e-05
928 7.57808674674e-05
929 7.52741840886e-05
930 7.47650627334e-05
931 7.42026724659e-05
932 7.36451473562e-05
933 7.31038014536e-05
934 7.25256542684e-05
935 7.19348587626e-05
936 7.1317106615e-05
937 7.0701205028e-05
938 7.00486835851e-05
939 6.93978831386e-05
940 6.87416774605e-05
941 6.80900792236e-05
942 6.74072594832e-05
943 6.67178485173e-05
944 6.59767043913e-05
945 6.52487577597e-05
946 6.45676159519e-05
947 6.38669522629e-05
948 6.31389735895e-05
949 6.23780631357e-05
950 8.31864736925e-05
951 8.31669620863e-05
952 8.31231608978e-05
953 8.30760064859e-05
954 8.29984524521e-05
955 8.29015320384e-05
956 8.27850994531e-05
957 8.26564714321e-05
958 8.24973483965e-05
959 8.23350024869e-05
960 8.21403459589e-05
961 8.19373259288e-05
962 8.17123874025e-05
963 8.14814859866e-05
964 8.12144727571e-05
965 8.09435383299e-05
966 8.06422454598e-05
967 8.03273051425e-05
968 7.99967521767e-05
969 7.96709031953e-05
970 7.93142205707e-05
971 7.88915184602e-05
972 7.84891686823e-05
973 7.80838577751e-05
974 7.76375297481e-05
975 7.71997080648e-05
976 7.67364216439e-05
977 7.62280740082e-05
978 7.57565265047e-05
979 7.52480421974e-05
980 7.47355981521e-05
981 7.41751715051e-05
982 7.36142534491e-05
983 7.30708193815e-05
984 7.24893737603e-05
985 7.18980568307e-05
986 7.12770567436e-05
987 7.06592199789e-05
988 7.00096759029e-05
989 6.93536620137e-05
990 6.86949032928e-05
991 6.80391593627e-05
992 6.73578811228e-05
993 6.66664217677e-05
994 6.59227082534e-05
995 6.51962326382e-05
996 6.45144248103e-05
997 6.38074925328e-05
998 6.30822421822e-05
999 6.23141680388e-05
1000 8.31864601701e-05
1001 8.31668148846e-05
1002 8.31228469613e-05
1003 8.30757642665e-05
1004 8.2997768753e-05
1005 8.29005066939e-05
1006 8.27836916393e-05
1007 8.26546461981e-05
1008 8.24952851331e-05
1009 8.23320160541e-05
1010 8.21361513879e-05
1011 8.19331465679e-05
1012 8.17070599881e-05
1013 8.1475411016e-05
1014 8.12070800486e-05
1015 8.09357370466e-05
1016 8.06336906422e-05
1017 8.03164269898e-05
1018 7.9985010236e-05
1019 7.96587780649e-05
1020 7.92987500255e-05
1021 7.88745981873e-05
1022 7.84730517561e-05
1023 7.8064046257e-05
1024 7.76169631371e-05
1025 7.71769769505e-05
1026 7.67137070821e-05
1027 7.62011941059e-05
1028 7.57303100322e-05
1029 7.52201885382e-05
1030 7.47055112938e-05
1031 7.41436397255e-05
1032 7.3580166929e-05
1033 7.30381404659e-05
1034 7.2450514496e-05
1035 7.18594938163e-05
1036 7.12379636483e-05
1037 7.06187477337e-05
1038 6.9971114946e-05
1039 6.9312190343e-05
1040 6.86504238092e-05
1041 6.79881496074e-05
1042 6.73126722498e-05
1043 6.66163060604e-05
1044 6.58684106927e-05
1045 6.51420535633e-05
1046 6.44596269192e-05
1047 6.3748012684e-05
1048 6.30238981904e-05
1049 6.2248943918e-05
1050 8.31864363638e-05
1051 8.31667179993e-05
1052 8.31226216868e-05
1053 8.30753062929e-05
1054 8.29970358604e-05
1055 8.28994576556e-05
1056 8.27820641263e-05
1057 8.26527568489e-05
1058 8.24927346134e-05
1059 8.23288342821e-05
1060 8.21320647052e-05
1061 8.1928592446e-05
1062 8.17019393979e-05
1063 8.14695311141e-05
1064 8.11994129292e-05
1065 8.09284925909e-05
1066 8.06250544522e-05
1067 8.03063696527e-05
1068 7.99733727098e-05
1069 7.96467174986e-05
1070 7.92853926871e-05
1071 7.88596844255e-05
1072 7.8456372785e-05
1073 7.80478573956e-05
1074 7.75988726699e-05
1075 7.7157367211e-05
1076 7.66934831014e-05
1077 7.61775727346e-05
1078 7.5705417728e-05
1079 7.51929754281e-05
1080 7.46789886512e-05
1081 7.41140680091e-05
1082 7.3549142833e-05
1083 7.30081417765e-05
1084 7.24165510849e-05
1085 7.18241069627e-05
1086 7.12004217753e-05
1087 7.0577025433e-05
1088 6.99291983124e-05
1089 6.92658430033e-05
1090 6.8602658093e-05
1091 6.79372899458e-05
1092 6.72596053241e-05
1093 6.65635502332e-05
1094 6.58156304496e-05
1095 6.50868468127e-05
1096 6.4405943408e-05
1097 6.36956202193e-05
1098 6.2963580723e-05
1099 6.21903289408e-05
1100 8.31864305359e-05
1101 8.31666232458e-05
1102 8.31224227529e-05
1103 8.3074826918e-05
1104 8.29963806319e-05
1105 8.28983409241e-05
1106 8.2780349104e-05
1107 8.26505082764e-05
1108 8.24900359102e-05
1109 8.23257724485e-05
1110 8.21276580613e-05
1111 8.19238559763e-05
1112 8.16959413906e-05
1113 8.14624012517e-05
1114 8.11917797412e-05
1115 8.09196352757e-05
1116 8.06153773976e-05
1117 8.0294370962e-05
1118 7.99604395796e-05
1119 7.96329917085e-05
1120 7.92699149515e-05
1121 7.88432435299e-05
1122 7.84386823172e-05
1123 7.80275724421e-05
1124 7.75782597446e-05
1125 7.71343874416e-05
1126 7.66691842303e-05
1127 7.61517277099e-05
1128 7.56770497305e-05
1129 7.51622715147e-05
1130 7.46486047229e-05
1131 7.40803319334e-05
1132 7.35137020735e-05
1133 7.29711534887e-05
1134 7.23792804589e-05
1135 7.17840574366e-05
1136 7.11579704226e-05
1137 7.05354726023e-05
1138 6.98821131455e-05
1139 6.92223635387e-05
1140 6.85553662968e-05
1141 6.78914934172e-05
1142 6.72087025109e-05
1143 6.65066372105e-05
1144 6.57602668653e-05
1145 6.50264150519e-05
1146 6.43478551891e-05
1147 6.36326969756e-05
1148 6.28979986502e-05
1149 6.21291305621e-05
1150 8.31864146769e-05
1151 8.31663901216e-05
1152 8.31220849427e-05
1153 8.30743458909e-05
1154 8.29956210506e-05
1155 8.28969948498e-05
1156 8.27783921616e-05
1157 8.26478946783e-05
1158 8.24863759646e-05
1159 8.23217486169e-05
1160 8.21223124775e-05
1161 8.1917887525e-05
1162 8.16889970719e-05
1163 8.14542271635e-05
1164 8.11831690534e-05
1165 8.09089578532e-05
1166 8.06021072138e-05
1167 8.02809044385e-05
1168 7.99460663198e-05
1169 7.9615995591e-05
1170 7.92505875008e-05
1171 7.88249185471e-05
1172 7.84166438847e-05
1173 7.8004631718e-05
1174 7.75535902906e-05
1175 7.71062525954e-05
1176 7.66403786172e-05
1177 7.61224692552e-05
1178 7.56425283206e-05
1179 7.51266128553e-05
1180 7.46117598068e-05
1181 7.40420788293e-05
1182 7.34729738462e-05
1183 7.29258625522e-05
1184 7.2334947672e-05
1185 7.17347418603e-05
1186 7.11081640971e-05
1187 7.04808067599e-05
1188 6.98248483454e-05
1189 6.91657245882e-05
1190 6.84971284929e-05
1191 6.78300368033e-05
1192 6.71431427275e-05
1193 6.64394839234e-05
1194 6.569326634e-05
1195 6.49539588299e-05
1196 6.42748088925e-05
1197 6.35572240892e-05
1198 6.28165965106e-05
1199 6.20498471466e-05
1200 8.31864097226e-05
1201 8.31662472942e-05
1202 8.31217736354e-05
1203 8.30737296176e-05
1204 8.29947011373e-05
1205 8.28955837696e-05
1206 8.27765480957e-05
1207 8.2645599108e-05
1208 8.24834672894e-05
1209 8.23182297853e-05
1210 8.21178367209e-05
1211 8.19120122331e-05
1212 8.16824893123e-05
1213 8.14469720316e-05
1214 8.11747312424e-05
1215 8.08990363723e-05
1216 8.05905250634e-05
1217 8.0269107089e-05
1218 7.99325128571e-05
1219 7.96002194847e-05
1220 7.92342675243e-05
1221 7.88068021643e-05
1222 7.83968164762e-05
1223 7.79818723358e-05
1224 7.752985476e-05
1225 7.70795527806e-05
1226 7.66129591902e-05
1227 7.60940248472e-05
1228 7.56100334178e-05
1229 7.50924788032e-05
1230 7.45754113629e-05
1231 7.40054093532e-05
1232 7.34342015787e-05
1233 7.28822373686e-05
1234 7.22945803711e-05
1235 7.1690713276e-05
1236 7.10631469013e-05
1237 7.04362957395e-05
1238 6.97736414821e-05
1239 6.91125967359e-05
1240 6.84403194486e-05
1241 6.77707586511e-05
1242 6.70851295567e-05
1243 6.63771281748e-05
1244 6.56318433116e-05
1245 6.48888189026e-05
1246 6.42044671601e-05
1247 6.34908288506e-05
1248 6.27432787077e-05
1249 6.19755172773e-05
1250 8.31864025011e-05
1251 8.31660482436e-05
1252 8.31213265153e-05
1253 8.30730814257e-05
1254 8.29937280817e-05
1255 8.2894137369e-05
1256 8.27746508543e-05
1257 8.26431225993e-05
1258 8.2480253004e-05
1259 8.23143228471e-05
1260 8.21128874212e-05
1261 8.19059573205e-05
1262 8.16755307095e-05
1263 8.14390790717e-05
1264 8.11653184734e-05
1265 8.08881541602e-05
1266 8.05784084668e-05
1267 8.02554671784e-05
1268 7.99170450435e-05
1269 7.95841491492e-05
1270 7.92173088619e-05
1271 7.87878325801e-05
1272 7.83752297075e-05
1273 7.79587279162e-05
1274 7.75052143293e-05
1275 7.70519551491e-05
1276 7.65846446108e-05
1277 7.60617894667e-05
1278 7.55785399655e-05
1279 7.50570781889e-05
1280 7.45372362155e-05
1281 7.39660496392e-05
1282 7.33896501192e-05
1283 7.28345811408e-05
1284 7.22468699014e-05
1285 7.16396818693e-05
1286 7.10097657104e-05
1287 7.03814771976e-05
1288 6.9719008082e-05
1289 6.9055107579e-05
1290 6.8381433586e-05
1291 6.77071050082e-05
1292 6.7022718576e-05
1293 6.63087487704e-05
1294 6.55610446512e-05
1295 6.48192395014e-05
1296 6.41328449654e-05
1297 6.34155726781e-05
1298 6.26669047334e-05
1299 6.18958648318e-05
1300 8.31863899637e-05
1301 8.31658790467e-05
1302 8.3120964321e-05
1303 8.30724917169e-05
1304 8.2992734236e-05
1305 8.28926967299e-05
1306 8.27725378843e-05
1307 8.26403195586e-05
1308 8.24767268758e-05
1309 8.2310015608e-05
1310 8.2107195017e-05
1311 8.18998569631e-05
1312 8.1667814411e-05
1313 8.14303700053e-05
1314 8.11548830891e-05
1315 8.08766828527e-05
1316 8.05659447441e-05
1317 8.02409844154e-05
1318 7.99005927915e-05
1319 7.95671581402e-05
1320 7.91976082253e-05
1321 7.87665484116e-05
1322 7.83532154184e-05
1323 7.79334078547e-05
1324 7.74785354023e-05
1325 7.70230227894e-05
1326 7.65540776592e-05
1327 7.60279816899e-05
1328 7.55440183791e-05
1329 7.50213635692e-05
1330 7.44979718294e-05
1331 7.39289248518e-05
1332 7.33497044353e-05
1333 7.27906653544e-05
1334 7.22010958142e-05
1335 7.15921281599e-05
1336 7.09593690959e-05
1337 7.03275461348e-05
1338 6.96635682628e-05
1339 6.89971110458e-05
1340 6.83219801364e-05
1341 6.76402422698e-05
1342 6.69594872362e-05
1343 6.62391596205e-05
1344 6.54866287991e-05
1345 6.47476419481e-05
1346 6.4055926781e-05
1347 6.33346517904e-05
1348 6.25858462311e-05
1349 6.18128985872e-05
1350 8.3186364057e-05
1351 8.31657374642e-05
1352 8.31205916322e-05
1353 8.30719271214e-05
1354 8.29917535909e-05
1355 8.28913825497e-05
1356 8.27704593751e-05
1357 8.26375991566e-05
1358 8.24734536731e-05
1359 8.23058421903e-05
1360 8.21015305125e-05
1361 8.18938887641e-05
1362 8.16605041288e-05
1363 8.14219078971e-05
1364 8.11450532274e-05
1365 8.08659093833e-05
1366 8.05537582752e-05
1367 8.02268316221e-05
1368 7.98847393032e-05
1369 7.95499429531e-05
1370 7.91787581609e-05
1371 7.87452844083e-05
1372 7.83308900607e-05
1373 7.79090233527e-05
1374 7.7452294961e-05
1375 7.69946838657e-05
1376 7.65231200161e-05
1377 7.59933352466e-05
1378 7.55086321628e-05
1379 7.4982791292e-05
1380 7.4457453186e-05
1381 7.38862397918e-05
1382 7.33031201434e-05
1383 7.27438267492e-05
1384 7.21499790646e-05
1385 7.15372945714e-05
1386 7.09042947596e-05
1387 7.02697688937e-05
1388 6.96060736628e-05
1389 6.89359376165e-05
1390 6.82590386351e-05
1391 6.75706885223e-05
1392 6.68942128046e-05
1393 6.61709874209e-05
1394 6.54153921471e-05
1395 6.46746961078e-05
1396 6.39796972629e-05
1397 6.32594703229e-05
1398 6.25067303765e-05
1399 6.17293631787e-05
1400 8.3186369288e-05
1401 8.31656209389e-05
1402 8.31202253406e-05
1403 8.30713135201e-05
1404 8.29908570328e-05
1405 8.2889925347e-05
1406 8.27682799097e-05
1407 8.26347735906e-05
1408 8.24698505018e-05
1409 8.23011706378e-05
1410 8.20961406414e-05
1411 8.18873792689e-05
1412 8.16529745892e-05
1413 8.14128584994e-05
1414 8.11347073553e-05
1415 8.08546823183e-05
1416 8.05406754467e-05
1417 8.02121341485e-05
1418 7.9868534348e-05
1419 7.95323874211e-05
1420 7.91584678505e-05
1421 7.87229258002e-05
1422 7.8306794703e-05
1423 7.78830052157e-05
1424 7.7424782366e-05
1425 7.69650840157e-05
1426 7.64913971215e-05
1427 7.5958797355e-05
1428 7.54725702913e-05
1429 7.49430161748e-05
1430 7.44184294337e-05
1431 7.38443536869e-05
1432 7.32589733577e-05
1433 7.26979563477e-05
1434 7.21008300181e-05
1435 7.14866536162e-05
1436 7.0851892667e-05
1437 7.02130681758e-05
1438 6.95486224086e-05
1439 6.88761389721e-05
1440 6.8196344837e-05
1441 6.75035052901e-05
1442 6.68252965502e-05
1443 6.60983385878e-05
1444 6.5341688022e-05
1445 6.45960823007e-05
1446 6.39001677141e-05
1447 6.31802064835e-05
1448 6.24211673829e-05
1449 6.16414687566e-05
1450 8.31863524047e-05
1451 8.31653416096e-05
1452 8.31198721692e-05
1453 8.30706267496e-05
1454 8.29898598109e-05
1455 8.28881143617e-05
1456 8.27657756624e-05
1457 8.26313941866e-05
1458 8.24654172286e-05
1459 8.22963146469e-05
1460 8.20893433562e-05
1461 8.18799664453e-05
1462 8.1644022085e-05
1463 8.14017239564e-05
1464 8.11233597998e-05
1465 8.08409986497e-05
1466 8.05248314133e-05
1467 8.01945241793e-05
1468 7.98497371258e-05
1469 7.95116384751e-05
1470 7.913481753e-05
1471 7.86983724887e-05
1472 7.82792539574e-05
1473 7.78539602844e-05
1474 7.73930153538e-05
1475 7.69288043607e-05
1476 7.64529423734e-05
1477 7.59188305853e-05
1478 7.54288657009e-05
1479 7.48960759969e-05
1480 7.43711701373e-05
1481 7.37932566698e-05
1482 7.32051608181e-05
1483 7.26381626739e-05
1484 7.20411576453e-05
1485 7.14239722702e-05
1486 7.07865453173e-05
1487 7.01454118406e-05
1488 6.94743483244e-05
1489 6.88032712998e-05
1490 6.81202228953e-05
1491 6.74249571963e-05
1492 6.67420421654e-05
1493 6.6012236429e-05
1494 6.52546299543e-05
1495 6.45038989348e-05
1496 6.38083786039e-05
1497 6.30843507968e-05
1498 6.23243973255e-05
1499 6.15455159108e-05
1500 8.31863218106e-05
1501 8.31650902866e-05
1502 8.31194578632e-05
1503 8.30699847217e-05
1504 8.29887638718e-05
1505 8.28863872587e-05
1506 8.27634341342e-05
1507 8.26281569374e-05
1508 8.24613720324e-05
1509 8.22913390209e-05
1510 8.20830679514e-05
1511 8.18719582796e-05
1512 8.16353890926e-05
1513 8.13917559763e-05
1514 8.1112375468e-05
1515 8.08280825443e-05
1516 8.05096245943e-05
1517 8.01779492078e-05
1518 7.98310120603e-05
1519 7.94911254834e-05
1520 7.91121624907e-05
1521 7.86746611688e-05
1522 7.82524690784e-05
1523 7.78239220396e-05
1524 7.73635452546e-05
1525 7.68957038081e-05
1526 7.64179847243e-05
1527 7.58836322245e-05
1528 7.53891553344e-05
1529 7.48548176879e-05
1530 7.43262165807e-05
1531 7.37466851952e-05
1532 7.31554942339e-05
1533 7.25833865201e-05
1534 7.19853664856e-05
1535 7.13665606162e-05
1536 7.07255218948e-05
1537 7.00819696758e-05
1538 6.94077059493e-05
1539 6.87359048231e-05
1540 6.80479770737e-05
1541 6.73507243296e-05
1542 6.66641412599e-05
1543 6.59278411308e-05
1544 6.51712256871e-05
1545 6.44154552652e-05
1546 6.37170595191e-05
1547 6.2993525161e-05
1548 6.22272078395e-05
1549 6.14513092701e-05
1550 8.31862995487e-05
1551 8.31648678964e-05
1552 8.31190623234e-05
1553 8.30693036523e-05
1554 8.29876089369e-05
1555 8.28845185988e-05
1556 8.27611637182e-05
1557 8.26249232914e-05
1558 8.24572608208e-05
1559 8.22861169238e-05
1560 8.20765937343e-05
1561 8.18641848182e-05
1562 8.16266902302e-05
1563 8.13820127643e-05
1564 8.11009813504e-05
1565 8.08145204031e-05
1566 8.04937971924e-05
1567 8.01606480214e-05
1568 7.98119573499e-05
1569 7.94706605015e-05
1570 7.90891783761e-05
1571 7.86504004413e-05
1572 7.82256117841e-05
1573 7.77952468199e-05
1574 7.73324043133e-05
1575 7.68611871653e-05
1576 7.63807199879e-05
1577 7.58441228318e-05
1578 7.53455198586e-05
1579 7.48101108962e-05
1580 7.42787316574e-05
1581 7.36980661817e-05
1582 7.31044571459e-05
1583 7.25273998958e-05
1584 7.19284818935e-05
1585 7.13065579876e-05
1586 7.0663109861e-05
1587 7.00164546567e-05
1588 6.9340515892e-05
1589 6.86652604639e-05
1590 6.79742945749e-05
1591 6.72750227437e-05
1592 6.65864177361e-05
1593 6.58481846289e-05
1594 6.50876276351e-05
1595 6.43315998795e-05
1596 6.36308510387e-05
1597 6.29026702211e-05
1598 6.21351234123e-05
1599 6.13520654294e-05
1600 8.31862795858e-05
1601 8.31646321181e-05
1602 8.31186693857e-05
1603 8.30686198314e-05
1604 8.29864187867e-05
1605 8.28825928083e-05
1606 8.27585330333e-05
1607 8.2621551569e-05
1608 8.24526905153e-05
1609 8.2280750458e-05
1610 8.20700043536e-05
1611 8.18561803639e-05
1612 8.16177737313e-05
1613 8.13712320787e-05
1614 8.10887533449e-05
1615 8.08008991265e-05
1616 8.04781698341e-05
1617 8.01437460423e-05
1618 7.97926128825e-05
1619 7.944947014e-05
1620 7.90651221068e-05
1621 7.86245054531e-05
1622 7.8196706038e-05
1623 7.77635609599e-05
1624 7.72991111288e-05
1625 7.68240756299e-05
1626 7.63423705897e-05
1627 7.58022392465e-05
1628 7.53020198733e-05
1629 7.4762154644e-05
1630 7.4227618406e-05
1631 7.36463398903e-05
1632 7.30488610488e-05
1633 7.24671630139e-05
1634 7.18672107648e-05
1635 7.12422556714e-05
1636 7.05954760035e-05
1637 6.99465102438e-05
1638 6.92686668498e-05
1639 6.85915009937e-05
1640 6.78980643203e-05
1641 6.71940784613e-05
1642 6.65044335391e-05
1643 6.57609247588e-05
1644 6.49983122759e-05
1645 6.42396986978e-05
1646 6.35356024795e-05
1647 6.28038757174e-05
1648 6.2035321304e-05
1649 6.12497005727e-05
1650 8.31862691358e-05
1651 8.31643983302e-05
1652 8.31182215237e-05
1653 8.30677935294e-05
1654 8.29850950377e-05
1655 8.2880462711e-05
1656 8.27557923136e-05
1657 8.26177576409e-05
1658 8.24480730734e-05
1659 8.22751182691e-05
1660 8.20623002641e-05
1661 8.18478003961e-05
1662 8.16075103892e-05
1663 8.13597588222e-05
1664 8.10754902037e-05
1665 8.07860627654e-05
1666 8.04610355199e-05
1667 8.01250675343e-05
1668 7.97718468583e-05
1669 7.94267058964e-05
1670 7.90397606037e-05
1671 7.8597236524e-05
1672 7.81686552106e-05
1673 7.7731367283e-05
1674 7.72656562734e-05
1675 7.67871659399e-05
1676 7.63034627593e-05
1677 7.57593755138e-05
1678 7.52573058612e-05
1679 7.47153704349e-05
1680 7.41770045482e-05
1681 7.35922681693e-05
1682 7.29918614869e-05
1683 7.24096096763e-05
1684 7.18042190454e-05
1685 7.11766985043e-05
1686 7.05277809954e-05
1687 6.98760722867e-05
1688 6.91939940807e-05
1689 6.85141072088e-05
1690 6.78142402635e-05
1691 6.71066401345e-05
1692 6.64173997719e-05
1693 6.56681822809e-05
1694 6.49023493726e-05
1695 6.41423983376e-05
1696 6.34342274061e-05
1697 6.27004184565e-05
1698 6.19313024314e-05
1699 6.11430580047e-05
1700 8.31862561886e-05
1701 8.31642427731e-05
1702 8.31177986567e-05
1703 8.30671162892e-05
1704 8.29839611562e-05
1705 8.28785092149e-05
1706 8.27533174018e-05
1707 8.26143188347e-05
1708 8.24436433584e-05
1709 8.22695434404e-05
1710 8.20551154269e-05
1711 8.18396897828e-05
1712 8.15980620013e-05
1713 8.13483047361e-05
1714 8.1062032989e-05
1715 8.0771189234e-05
1716 8.0444017706e-05
1717 8.01064529676e-05
1718 7.97507973327e-05
1719 7.94037272055e-05
1720 7.90144730087e-05
1721 7.85696388771e-05
1722 7.81383735039e-05
1723 7.76986001673e-05
1724 7.72303176349e-05
1725 7.67495896488e-05
1726 7.62633309323e-05
1727 7.5715635546e-05
1728 7.52113290405e-05
1729 7.46658638518e-05
1730 7.41251562025e-05
1731 7.35382455365e-05
1732 7.2934154952e-05
1733 7.23507798963e-05
1734 7.17426974207e-05
1735 7.11093727516e-05
1736 7.04600030427e-05
1737 6.98044808708e-05
1738 6.9120992381e-05
1739 6.84362263449e-05
1740 6.77358361018e-05
1741 6.70229693111e-05
1742 6.63340758206e-05
1743 6.55802807358e-05
1744 6.48112040283e-05
1745 6.40499946426e-05
1746 6.33393158753e-05
1747 6.26011857509e-05
1748 6.18249596014e-05
1749 6.10337100556e-05
1750 8.31862359845e-05
1751 8.31639901404e-05
1752 8.31172930739e-05
1753 8.30662694753e-05
1754 8.29825743289e-05
1755 8.28761373097e-05
1756 8.27501504778e-05
1757 8.26101161103e-05
1758 8.24380497333e-05
1759 8.22630810626e-05
1760 8.20470183369e-05
1761 8.18298688036e-05
1762 8.15864160683e-05
1763 8.13349005495e-05
1764 8.10472605776e-05
1765 8.07543400577e-05
1766 8.04245158666e-05
1767 8.00857965168e-05
1768 7.97275657648e-05
1769 7.93772567109e-05
1770 7.89855213042e-05
1771 7.85385826658e-05
1772 7.81032746393e-05
1773 7.7662068169e-05
1774 7.71909940257e-05
1775 7.67067723229e-05
1776 7.62169966897e-05
1777 7.56663830786e-05
1778 7.51581938135e-05
1779 7.46084718908e-05
1780 7.40678597123e-05
1781 7.34753399865e-05
1782 7.28683424211e-05
1783 7.22819143557e-05
1784 7.16701855513e-05
1785 7.10315815283e-05
1786 7.03818192565e-05
1787 6.97202392974e-05
1788 6.90351615581e-05
1789 6.83452090908e-05
1790 6.76460846244e-05
1791 6.69291431354e-05
1792 6.623609587e-05
1793 6.54788318441e-05
1794 6.47077327214e-05
1795 6.3939499313e-05
1796 6.32267636673e-05
1797 6.24862187888e-05
1798 6.17066664296e-05
1799 6.09173194906e-05
1800 8.31862262045e-05
1801 8.31637720575e-05
1802 8.31168059993e-05
1803 8.30654671715e-05
1804 8.29812438599e-05
1805 8.28742276114e-05
1806 8.27472324739e-05
1807 8.26059398847e-05
1808 8.24327645722e-05
1809 8.22567889664e-05
1810 8.20393907609e-05
1811 8.18205147946e-05
1812 8.15762456066e-05
1813 8.13222434197e-05
1814 8.10329014442e-05
1815 8.07385283274e-05
1816 8.04061763581e-05
1817 8.00655094529e-05
1818 7.97046987171e-05
1819 7.93518547342e-05
1820 7.89579070997e-05
1821 7.85083558792e-05
1822 7.80701864264e-05
1823 7.76245095544e-05
1824 7.71530087457e-05
1825 7.66641980762e-05
1826 7.61720296651e-05
1827 7.5619521002e-05
1828 7.5108190379e-05
1829 7.45543315594e-05
1830 7.40113875225e-05
1831 7.34162285092e-05
1832 7.28044750466e-05
1833 7.221517171e-05
1834 7.16017272276e-05
1835 7.09603655995e-05
1836 7.03073892854e-05
1837 6.96416273144e-05
1838 6.8951018958e-05
1839 6.82602053776e-05
1840 6.75527549605e-05
1841 6.68332159974e-05
1842 6.61371437815e-05
1843 6.53739134921e-05
1844 6.4602325984e-05
1845 6.38304634233e-05
1846 6.31141097445e-05
1847 6.2372133856e-05
1848 6.15881045472e-05
1849 6.07963078414e-05
1850 8.31862155893e-05
1851 8.31634964611e-05
1852 8.31163235411e-05
1853 8.30646492951e-05
1854 8.29798694266e-05
1855 8.28721455801e-05
1856 8.2744071938e-05
1857 8.26017504598e-05
1858 8.24277523022e-05
1859 8.22505049282e-05
1860 8.20313014916e-05
1861 8.18109997901e-05
1862 8.15651750132e-05
1863 8.13091542412e-05
1864 8.1018578653e-05
1865 8.0721845049e-05
1866 8.03869885358e-05
1867 8.00437188343e-05
1868 7.96807035007e-05
1869 7.93266399508e-05
1870 7.89297307734e-05
1871 7.84772016474e-05
1872 7.80361248823e-05
1873 7.75868917787e-05
1874 7.71143286956e-05
1875 7.66207909317e-05
1876 7.61264264875e-05
1877 7.55691029641e-05
1878 7.5054297623e-05
1879 7.44986882782e-05
1880 7.39523577473e-05
1881 7.33536759749e-05
1882 7.27395984308e-05
1883 7.2144965296e-05
1884 7.15293761594e-05
1885 7.08841018882e-05
1886 7.0227760676e-05
1887 6.95587405273e-05
1888 6.88636551636e-05
1889 6.81706202467e-05
1890 6.74609842856e-05
1891 6.67390439755e-05
1892 6.60383438309e-05
1893 6.52702026813e-05
1894 6.44974936167e-05
1895 6.37219686277e-05
1896 6.30046230529e-05
1897 6.22555722123e-05
1898 6.14714059638e-05
1899 6.06787015405e-05
1900 8.31861914487e-05
1901 8.31631734222e-05
1902 8.311580326e-05
1903 8.3063739594e-05
1904 8.29783451623e-05
1905 8.28697893697e-05
1906 8.27407747856e-05
1907 8.25975228346e-05
1908 8.24219887593e-05
1909 8.22435210109e-05
1910 8.20228437553e-05
1911 8.18009617769e-05
1912 8.15537976498e-05
1913 8.12952334259e-05
1914 8.10031580751e-05
1915 8.07041247376e-05
1916 8.03669672432e-05
1917 8.00213184822e-05
1918 7.96553601173e-05
1919 7.92999773329e-05
1920 7.88993433414e-05
1921 7.84453628327e-05
1922 7.79997384158e-05
1923 7.75474740062e-05
1924 7.70739022637e-05
1925 7.65758481673e-05
1926 7.60789549855e-05
1927 7.55193283095e-05
1928 7.50000254912e-05
1929 7.44422018147e-05
1930 7.3892044687e-05
1931 7.32920712458e-05
1932 7.26742716388e-05
1933 7.20757076639e-05
1934 7.14573997229e-05
1935 7.08090462246e-05
1936 7.0149279025e-05
1937 6.94748313873e-05
1938 6.87796621064e-05
1939 6.80835874699e-05
1940 6.73698287079e-05
1941 6.66421879844e-05
1942 6.59365302328e-05
1943 6.5162697573e-05
1944 6.43877978316e-05
1945 6.36074956182e-05
1946 6.28889747149e-05
1947 6.21348187607e-05
1948 6.13490401681e-05
1949 6.05525568037e-05
1950 8.31861555137e-05
1951 8.3162886695e-05
1952 8.31152456279e-05
1953 8.30628427107e-05
1954 8.29767897561e-05
1955 8.28674068214e-05
1956 8.27374149803e-05
1957 8.25932150435e-05
1958 8.24164279433e-05
1959 8.22367885044e-05
1960 8.20146500558e-05
1961 8.1791090304e-05
1962 8.15424642663e-05
1963 8.12819559643e-05
1964 8.09880074552e-05
1965 8.06867698169e-05
1966 8.03465038511e-05
1967 7.99993745678e-05
1968 7.96306138376e-05
1969 7.92729931967e-05
1970 7.88694420527e-05
1971 7.84123983489e-05
1972 7.79645103281e-05
1973 7.75082491651e-05
1974 7.7031869092e-05
1975 7.65306859534e-05
1976 7.60298241315e-05
1977 7.54655685696e-05
1978 7.49426707603e-05
1979 7.43824454958e-05
1980 7.3829584417e-05
1981 7.32269592007e-05
1982 7.26042737423e-05
1983 7.19989759535e-05
1984 7.13774532094e-05
1985 7.0725795064e-05
1986 7.00634774838e-05
1987 6.93860074938e-05
1988 6.86856986002e-05
1989 6.79864932996e-05
1990 6.72700699388e-05
1991 6.65387096548e-05
1992 6.58335098529e-05
1993 6.50546496431e-05
1994 6.42774808044e-05
1995 6.34952390138e-05
1996 6.27720867424e-05
1997 6.2013761675e-05
1998 6.12247231526e-05
1999 6.04271216187e-05
2000 8.31861434919e-05
2001 8.31626145249e-05
2002 8.31146891246e-05
2003 8.30619120176e-05
2004 8.29752394493e-05
2005 8.28649372379e-05
2006 8.27341139629e-05
2007 8.25887033387e-05
2008 8.24108067318e-05
2009 8.22298662404e-05
2010 8.20055841077e-05
2011 8.17803223932e-05
2012 8.15304473801e-05
2013 8.12677581389e-05
2014 8.0971782275e-05
2015 8.06680150243e-05
2016 8.03258613967e-05
2017 7.99766693224e-05
2018 7.96053711407e-05
2019 7.92444045751e-05
2020 7.88383885635e-05
2021 7.83785411771e-05
2022 7.79273825911e-05
2023 7.74673817725e-05
2024 7.69889255487e-05
2025 7.64847463723e-05
2026 7.59818014032e-05
2027 7.54136593688e-05
2028 7.48864917425e-05
2029 7.43219002818e-05
2030 7.37647561981e-05
2031 7.31604717094e-05
2032 7.25346301045e-05
2033 7.19272767865e-05
2034 7.13009649922e-05
2035 7.06454328101e-05
2036 6.99799509062e-05
2037 6.92964774018e-05
2038 6.8592308605e-05
2039 6.78897492982e-05
2040 6.71686840284e-05
2041 6.64314316034e-05
2042 6.57243983341e-05
2043 6.494145978e-05
2044 6.41614466131e-05
2045 6.33766143315e-05
2046 6.26508834812e-05
2047 6.18902347478e-05
2048 6.10975992661e-05
2049 6.02953180967e-05
2050 8.31861311169e-05
2051 8.31623219429e-05
2052 8.31141336098e-05
2053 8.30608789518e-05
2054 8.29735462636e-05
2055 8.2862241736e-05
2056 8.27306466092e-05
2057 8.25840226657e-05
2058 8.2404660214e-05
2059 8.2222514661e-05
2060 8.19960086166e-05
2061 8.17689833447e-05
2062 8.15173700008e-05
2063 8.12518556491e-05
2064 8.09539230609e-05
2065 8.06478110564e-05
2066 8.03023683557e-05
2067 7.99516160997e-05
2068 7.95773580759e-05
2069 7.92131628083e-05
2070 7.88043417129e-05
2071 7.83415526055e-05
2072 7.78873399682e-05
2073 7.7423153718e-05
2074 7.69414895556e-05
2075 7.6434107404e-05
2076 7.59283916156e-05
2077 7.53564823773e-05
2078 7.48258103118e-05
2079 7.42561902802e-05
2080 7.36982139267e-05
2081 7.30903219856e-05
2082 7.24588755365e-05
2083 7.18496677421e-05
2084 7.12205378022e-05
2085 7.05580119445e-05
2086 6.98916158028e-05
2087 6.92041386589e-05
2088 6.84979672179e-05
2089 6.77895167669e-05
2090 6.70655467699e-05
2091 6.63219426525e-05
2092 6.56147530521e-05
2093 6.48259941271e-05
2094 6.40369457325e-05
2095 6.32495384778e-05
2096 6.25176401992e-05
2097 6.17580417946e-05
2098 6.09618514896e-05
2099 6.01543188026e-05
2100 8.31860974718e-05
2101 8.31619610341e-05
2102 8.31135344191e-05
2103 8.30597689066e-05
2104 8.29718584944e-05
2105 8.28595616673e-05
2106 8.272704754e-05
2107 8.25790618406e-05
2108 8.23980086367e-05
2109 8.22145801308e-05
2110 8.19860640921e-05
2111 8.17568980247e-05
2112 8.15041515335e-05
2113 8.12364223605e-05
2114 8.09364807726e-05
2115 8.062756413e-05
2116 8.02786275311e-05
2117 7.99262042524e-05
2118 7.95485417925e-05
2119 7.91802980403e-05
2120 7.87692040713e-05
2121 7.8303586822e-05
2122 7.78451662318e-05
2123 7.73769663629e-05
2124 7.6892992532e-05
2125 7.63816374308e-05
2126 7.58711221308e-05
2127 7.52960533888e-05
2128 7.47594239658e-05
2129 7.4184221033e-05
2130 7.36253270762e-05
2131 7.3012892142e-05
2132 7.23758716173e-05
2133 7.17625540487e-05
2134 7.11318555093e-05
2135 7.04643664322e-05
2136 6.97949515909e-05
2137 6.91013269963e-05
2138 6.83891140839e-05
2139 6.76758080286e-05
2140 6.69482389443e-05
2141 6.62012275007e-05
2142 6.5490193069e-05
2143 6.46972539207e-05
2144 6.39112771832e-05
2145 6.31186688531e-05
2146 6.23840507418e-05
2147 6.16185138875e-05
2148 6.08131609737e-05
2149 6.00070291994e-05
2150 8.31860751664e-05
2151 8.31616580306e-05
2152 8.31129015933e-05
2153 8.30586793704e-05
2154 8.29701050142e-05
2155 8.28568700652e-05
2156 8.27233273811e-05
2157 8.25737605771e-05
2158 8.23914840474e-05
2159 8.22065689512e-05
2160 8.19761920458e-05
2161 8.17447967004e-05
2162 8.14902634005e-05
2163 8.12201875672e-05
2164 8.09181044583e-05
2165 8.0606491075e-05
2166 8.02545582425e-05
2167 7.98997281877e-05
2168 7.95190742943e-05
2169 7.91485389192e-05
2170 7.8734025221e-05
2171 7.82647384376e-05
2172 7.78024753662e-05
2173 7.73301708249e-05
2174 7.68446205069e-05
2175 7.63278619361e-05
2176 7.58150090111e-05
2177 7.52362420382e-05
2178 7.46960466139e-05
2179 7.41164304827e-05
2180 7.35550431835e-05
2181 7.29393555303e-05
2182 7.22959849205e-05
2183 7.16806437318e-05
2184 7.10462789691e-05
2185 7.03739703107e-05
2186 6.97021971603e-05
2187 6.90043887393e-05
2188 6.82888970771e-05
2189 6.75716637175e-05
2190 6.6840200579e-05
2191 6.6090564348e-05
2192 6.53743414895e-05
2193 6.45704598294e-05
2194 6.37748992815e-05
2195 6.29803191679e-05
2196 6.22409309897e-05
2197 6.1475405137e-05
2198 6.06676003472e-05
2199 5.98623220036e-05
2200 8.31860563142e-05
2201 8.31613422655e-05
2202 8.31123206177e-05
2203 8.30575823564e-05
2204 8.29682413846e-05
2205 8.28540857182e-05
2206 8.27193934575e-05
2207 8.25683436091e-05
2208 8.23847089929e-05
2209 8.21984164033e-05
2210 8.19662846611e-05
2211 8.17328371857e-05
2212 8.14766477397e-05
2213 8.12034274478e-05
2214 8.08994611107e-05
2215 8.05853863358e-05
2216 8.02302812427e-05
2217 7.98732305136e-05
2218 7.9489349616e-05
2219 7.91162039562e-05
2220 7.86987977576e-05
2221 7.82262280256e-05
2222 7.77594993217e-05
2223 7.72822614186e-05
2224 7.67958431252e-05
2225 7.62735020498e-05
2226 7.57576082875e-05
2227 7.51725224183e-05
2228 7.46289371318e-05
2229 7.40460034912e-05
2230 7.34821720406e-05
2231 7.28629283435e-05
2232 7.22145912567e-05
2233 7.15967256404e-05
2234 7.09584079364e-05
2235 7.02810847637e-05
2236 6.960607015e-05
2237 6.89022614488e-05
2238 6.8181563137e-05
2239 6.74591876191e-05
2240 6.67215229574e-05
2241 6.59696223028e-05
2242 6.52478200637e-05
2243 6.44414995772e-05
2244 6.36465554305e-05
2245 6.28498197273e-05
2246 6.2105876092e-05
2247 6.13341664042e-05
2248 6.05226236123e-05
2249 5.97141464532e-05
2250 8.31860317948e-05
2251 8.31609762665e-05
2252 8.31116209663e-05
2253 8.30564327426e-05
2254 8.2966394421e-05
2255 8.28511294732e-05
2256 8.27153062626e-05
2257 8.25630009122e-05
2258 8.23778427176e-05
2259 8.21898402654e-05
2260 8.19559528325e-05
2261 8.17202574579e-05
2262 8.14625106198e-05
2263 8.11863185686e-05
2264 8.08805338065e-05
2265 8.05639308784e-05
2266 8.02049920007e-05
2267 7.9845911426e-05
2268 7.94582433143e-05
2269 7.9083607667e-05
2270 7.86622372041e-05
2271 7.81864164122e-05
2272 7.7716591293e-05
2273 7.7234319458e-05
2274 7.6745789672e-05
2275 7.62185343016e-05
2276 7.56990676374e-05
2277 7.51115973851e-05
2278 7.4562771073e-05
2279 7.39741305096e-05
2280 7.34059632866e-05
2281 7.27840217782e-05
2282 7.21283399583e-05
2283 7.15059225103e-05
2284 7.0865476683e-05
2285 7.01831576601e-05
2286 6.95029427067e-05
2287 6.87943650811e-05
2288 6.807041797e-05
2289 6.73472449022e-05
2290 6.66062729851e-05
2291 6.58510021497e-05
2292 6.51255598204e-05
2293 6.43112545379e-05
2294 6.35140533074e-05
2295 6.27126858473e-05
2296 6.19664437455e-05
2297 6.11910118084e-05
2298 6.03734641877e-05
2299 5.95650386605e-05
2300 8.31859950429e-05
2301 8.31606178888e-05
2302 8.31109772953e-05
2303 8.30552746951e-05
2304 8.29645288006e-05
2305 8.28482219909e-05
2306 8.27113459474e-05
2307 8.25575821672e-05
2308 8.23709979246e-05
2309 8.21815085716e-05
2310 8.19455078937e-05
2311 8.17076112888e-05
2312 8.14478855975e-05
2313 8.11690115477e-05
2314 8.08605992054e-05
2315 8.05416169421e-05
2316 8.0179625256e-05
2317 7.98179795204e-05
2318 7.94278722339e-05
2319 7.90499647616e-05
2320 7.8624229534e-05
2321 7.81453830719e-05
2322 7.76721040185e-05
2323 7.7185577753e-05
2324 7.66929590348e-05
2325 7.6162168238e-05
2326 7.56378251133e-05
2327 7.50449251102e-05
2328 7.44911901265e-05
2329 7.38992983715e-05
2330 7.33277297556e-05
2331 7.2702789478e-05
2332 7.20430992285e-05
2333 7.14172275502e-05
2334 7.07723349019e-05
2335 7.00857819621e-05
2336 6.93994156392e-05
2337 6.8687762698e-05
2338 6.7956977496e-05
2339 6.72288012276e-05
2340 6.64838155479e-05
2341 6.5725319009e-05
2342 6.49963995452e-05
2343 6.41743775368e-05
2344 6.33744439495e-05
2345 6.25699528542e-05
2346 6.18190860512e-05
2347 6.10452169974e-05
2348 6.02235941658e-05
2349 5.94113199871e-05
2350 8.31859602379e-05
2351 8.31602536081e-05
2352 8.31103687271e-05
2353 8.30539529153e-05
2354 8.29625336383e-05
2355 8.28450005183e-05
2356 8.27071042425e-05
2357 8.25519792848e-05
2358 8.23636178553e-05
2359 8.21725787016e-05
2360 8.19343631768e-05
2361 8.16939667073e-05
2362 8.14326469589e-05
2363 8.11508479843e-05
2364 8.08400890608e-05
2365 8.05179941264e-05
2366 8.01517417324e-05
2367 7.97880644552e-05
2368 7.93948822298e-05
2369 7.90129926604e-05
2370 7.85837989593e-05
2371 7.81009075342e-05
2372 7.76239412316e-05
2373 7.7132372052e-05
2374 7.66380454861e-05
2375 7.61020942566e-05
2376 7.55755971603e-05
2377 7.49771999759e-05
2378 7.44189972084e-05
2379 7.38216071692e-05
2380 7.32458678799e-05
2381 7.26198312598e-05
2382 7.19551919704e-05
2383 7.13249248437e-05
2384 7.06760171593e-05
2385 6.9984384437e-05
2386 6.92963342286e-05
2387 6.85787815913e-05
2388 6.78446722882e-05
2389 6.71111220367e-05
2390 6.63617360711e-05
2391 6.55963052471e-05
2392 6.48636061887e-05
2393 6.40359796871e-05
2394 6.32301575525e-05
2395 6.24208335706e-05
2396 6.16647973475e-05
2397 6.08868451289e-05
2398 6.00621476013e-05
2399 5.92467306966e-05
2400 8.31859298446e-05
2401 8.31598523092e-05
2402 8.31095995538e-05
2403 8.30526341042e-05
2404 8.2960463159e-05
2405 8.28415000756e-05
2406 8.2702629202e-05
2407 8.25458517075e-05
2408 8.23559179987e-05
2409 8.21631246433e-05
2410 8.19225947969e-05
2411 8.16796924943e-05
2412 8.14164226627e-05
2413 8.11314795604e-05
2414 8.08182573222e-05
2415 8.04925369589e-05
2416 8.01241191691e-05
2417 7.9758030241e-05
2418 7.93613292876e-05
2419 7.89753906756e-05
2420 7.8542271721e-05
2421 7.80559150232e-05
2422 7.75754246094e-05
2423 7.70784077974e-05
2424 7.65809170216e-05
2425 7.60411368449e-05
2426 7.55109837865e-05
2427 7.4908860622e-05
2428 7.43436965052e-05
2429 7.37404746624e-05
2430 7.3162164206e-05
2431 7.25310290999e-05
2432 7.18595121954e-05
2433 7.12238768341e-05
2434 7.05741172784e-05
2435 6.98754083322e-05
2436 6.9183357628e-05
2437 6.84615549739e-05
2438 6.77222235742e-05
2439 6.69827533143e-05
2440 6.62306325357e-05
2441 6.54598619775e-05
2442 6.47253023822e-05
2443 6.38893427727e-05
2444 6.30806180906e-05
2445 6.22664696637e-05
2446 6.1503664931e-05
2447 6.07250046298e-05
2448 5.98952036712e-05
2449 5.90718242066e-05
2450 8.31858884524e-05
2451 8.31593741393e-05
2452 8.31088100098e-05
2453 8.30513235145e-05
2454 8.29582692366e-05
2455 8.28380394678e-05
2456 8.2698118514e-05
2457 8.25395610104e-05
2458 8.23478482774e-05
2459 8.2153234249e-05
2460 8.19103742514e-05
2461 8.16648599734e-05
2462 8.13995980574e-05
2463 8.11109983033e-05
2464 8.07946149888e-05
2465 8.04665550702e-05
2466 8.00936972114e-05
2467 7.97256350553e-05
2468 7.93244518183e-05
2469 7.89342365503e-05
2470 7.84976888416e-05
2471 7.80075376387e-05
2472 7.75222692967e-05
2473 7.70199498786e-05
2474 7.65204713432e-05
2475 7.59746760226e-05
2476 7.5439820046e-05
2477 7.48328886504e-05
2478 7.42631463037e-05
2479 7.36547348252e-05
2480 7.30748147645e-05
2481 7.24388778677e-05
2482 7.17615682494e-05
2483 7.11202376033e-05
2484 7.04665192405e-05
2485 6.97621209709e-05
2486 6.9062039054e-05
2487 6.83357094228e-05
2488 6.75923377386e-05
2489 6.68470760665e-05
2490 6.60895277864e-05
2491 6.53145944857e-05
2492 6.45749652228e-05
2493 6.37349356578e-05
2494 6.29240065363e-05
2495 6.21049662487e-05
2496 6.13373029671e-05
2497 6.05583323774e-05
2498 5.97230025584e-05
2499 5.88989073271e-05
