0 0.00209924802323
1 0.00204798811662
2 0.00197723650974
3 0.00187834831413
4 0.00175452861246
5 0.00161860091989
6 0.00147615203117
7 0.00132638493434
8 0.00117835362882
9 0.00103721338057
10 0.00090320631
11 0.000775773950099
12 0.000659890497346
13 0.000554295820657
14 0.000459108585073
15 0.0003764651604
16 0.000312617492145
17 0.000280900466987
18 0.000298881994999
19 0.000374190265703
20 0.00048544554646
21 0.000577936195185
22 0.000600413067593
23 0.000542595270453
24 0.000430789468251
25 0.000303739916879
26 0.000187783024964
27 9.51852394931e-05
28 2.62753656476e-05
29 -2.19053297488e-05
30 -5.39743676657e-05
31 -7.43299349719e-05
32 -8.64788502867e-05
33 -9.29652390223e-05
34 -9.55927269813e-05
35 -9.56156637451e-05
36 -9.39918167299e-05
37 -9.13967462414e-05
38 -8.82357129921e-05
39 -8.48900765085e-05
40 -8.14519502824e-05
41 -7.7856761084e-05
42 -7.40897355794e-05
43 -7.01750919644e-05
44 -6.61649839726e-05
45 -6.22046841602e-05
46 -5.83316470165e-05
47 -5.45880277793e-05
48 -5.1169847638e-05
49 -4.81874587813e-05
50 0.00219362204609
51 0.00214064970521
52 0.00206448162987
53 0.00195565172346
54 0.00182114691821
55 0.00167566641504
56 0.00152236955089
57 0.00136270813877
58 0.00120672814297
59 0.00105844552938
60 0.00091879418782
61 0.000787369537697
62 0.000668405900559
63 0.000561098293057
64 0.000466223125699
65 0.000386771123135
66 0.000329595593295
67 0.000306304203053
68 0.000327233491738
69 0.000392015966016
70 0.000481537705778
71 0.000555505257582
72 0.000574454306555
73 0.000524665488213
74 0.000422955899298
75 0.000302456492163
76 0.0001894203987
77 9.74387002855e-05
78 2.82779343733e-05
79 -2.03339689842e-05
80 -5.28635082328e-05
81 -7.35661523587e-05
82 -8.59332150058e-05
83 -9.25756282852e-05
84 -9.52919796632e-05
85 -9.53921954812e-05
86 -9.38199215647e-05
87 -9.12521854885e-05
88 -8.81305108486e-05
89 -8.47912964451e-05
90 -8.13426588045e-05
91 -7.7744282815e-05
92 -7.39794974472e-05
93 -7.00666189434e-05
94 -6.60716348947e-05
95 -6.21176462608e-05
96 -5.82478779525e-05
97 -5.45266534444e-05
98 -5.1125230956e-05
99 -4.8153791068e-05
100 0.00246875871579
101 0.00240400363904
102 0.00230823836848
103 0.00217418648021
104 0.00201077162553
105 0.00183515871226
106 0.00165348737948
107 0.00146760335457
108 0.00128910161069
109 0.00112197306712
110 0.000966858815558
111 0.000823512878409
112 0.000696414255167
113 0.000584960933211
114 0.000491205812287
115 0.000419356557084
116 0.000375657045104
117 0.000364589141383
118 0.000382974909755
119 0.000420119433128
120 0.000465098277567
121 0.000504702056294
122 0.000518822174417
123 0.000487483996051
124 0.00040847952248
125 0.0003028879199
126 0.000196049194851
127 0.000104919709871
128 3.45716192001e-05
129 -1.56456626614e-05
130 -4.96106078728e-05
131 -7.13611050377e-05
132 -8.44302868932e-05
133 -9.1545976628e-05
134 -9.45589755653e-05
135 -9.48849152107e-05
136 -9.34620504396e-05
137 -9.09797442369e-05
138 -8.79489417817e-05
139 -8.4624297814e-05
140 -8.11582897151e-05
141 -7.75552212973e-05
142 -7.37928880101e-05
143 -6.98911432425e-05
144 -6.59274630876e-05
145 -6.19842783371e-05
146 -5.81254659649e-05
147 -5.44507494685e-05
148 -5.10799323051e-05
149 -4.81235960239e-05
150 0.00294036101911
151 0.00285408887562
152 0.00272212894889
153 0.00254164931008
154 0.00232625762174
155 0.00209765125902
156 0.00186694175821
157 0.00163662898971
158 0.00142062539761
159 0.00122281960768
160 0.00104344327574
161 0.000882155593664
162 0.000743957837613
163 0.000628857121538
164 0.00053946841568
165 0.000479578309323
166 0.000449783560472
167 0.000443032485724
168 0.00044459574262
169 0.000441970566911
170 0.0004362458911
171 0.000438221954371
172 0.000446053738475
173 0.000436195939139
174 0.000386823573081
175 0.000302480039688
176 0.000205181295741
177 0.000115808396515
178 4.3900850709e-05
179 -8.64747259991e-06
180 -4.47112719415e-05
181 -6.80230054811e-05
182 -8.21613637653e-05
183 -8.99753401578e-05
184 -9.34562871021e-05
185 -9.41129248997e-05
186 -9.29105818762e-05
187 -9.05762105441e-05
188 -8.76569793923e-05
189 -8.43578707201e-05
190 -8.08710353273e-05
191 -7.72620084663e-05
192 -7.35007702303e-05
193 -6.96254971436e-05
194 -6.57016748859e-05
195 -6.17749345096e-05
196 -5.79442378653e-05
197 -5.43342063361e-05
198 -5.10095961386e-05
199 -4.8074552969e-05
200 0.00367364235873
201 0.00355069463835
202 0.00335620848589
203 0.0030967358333
204 0.00279507530315
205 0.00248093837949
206 0.00217341711492
207 0.00187574812528
208 0.00160479920062
209 0.00136342847292
210 0.00115139056413
211 0.000968128718354
212 0.000818358938492
213 0.000702003838612
214 0.000619724456979
215 0.000569140819771
216 0.000541442065468
217 0.000520324413666
218 0.000489730726556
219 0.000444782668548
220 0.000396456333528
221 0.000367840194528
222 0.000368869317092
223 0.000377930482681
224 0.00035945308184
225 0.000300149803753
226 0.000215389540742
227 0.000129034197807
228 5.55516611038e-05
229 2.0824326331e-07
230 -3.84338109164e-05
231 -6.3728862936e-05
232 -7.9226589276e-05
233 -8.79357239319e-05
234 -9.20344350606e-05
235 -9.31047859041e-05
236 -9.21830497254e-05
237 -9.00562728427e-05
238 -8.72466992524e-05
239 -8.39869841701e-05
240 -8.04792943506e-05
241 -7.68642372095e-05
242 -7.31092497384e-05
243 -6.92737131375e-05
244 -6.53921451972e-05
245 -6.14928098648e-05
246 -5.77126279849e-05
247 -5.41785340394e-05
248 -5.09139053441e-05
249 -4.80030406051e-05
250 0.00478600959505
251 0.00459923570522
252 0.00429597966892
253 0.00390360168033
254 0.00346157682785
255 0.00301359909527
256 0.00259002952829
257 0.00219505426151
258 0.00184870141089
259 0.00155040914022
260 0.00129810809509
261 0.00109053919742
262 0.000929710387267
263 0.000811493304566
264 0.000729944263866
265 0.000673569910066
266 0.000627027882755
267 0.000574040045298
268 0.00050624160478
269 0.000427437523638
270 0.000351775182556
271 0.000303454539376
272 0.000297854090857
273 0.000320014032603
274 0.000328910705626
275 0.000295590078829
276 0.000225620200918
277 0.000143603155199
278 6.88372311809e-05
279 1.04787830891e-05
280 -3.10794256171e-05
281 -5.86621862567e-05
282 -7.57467423962e-05
283 -8.55287742285e-05
284 -9.03594936947e-05
285 -9.19063524843e-05
286 -9.13285785104e-05
287 -8.94373627172e-05
288 -8.67327959347e-05
289 -8.35220629013e-05
290 -8.00015708205e-05
291 -7.63776783866e-05
292 -7.26438555444e-05
293 -6.8854792883e-05
294 -6.50136055154e-05
295 -6.11610706299e-05
296 -5.74506972075e-05
297 -5.39973486497e-05
298 -5.08007417803e-05
299 -4.7912808104e-05
300 0.00644189540089
301 0.00613641347013
302 0.00564562491425
303 0.0050279948423
304 0.00436209240407
305 0.00371278009565
306 0.00312392175662
307 0.00259658672144
308 0.00215265642592
309 0.00178507262932
310 0.00148651795182
311 0.00125118024997
312 0.00107456124701
313 0.000944301232784
314 0.000846483632089
315 0.000764517117539
316 0.00068392289222
317 0.000595279580219
318 0.000497884828428
319 0.000399058260517
320 0.000310610592414
321 0.000252124729432
322 0.000240593856484
323 0.000269048730135
324 0.000298574448227
325 0.0002889892545
326 0.000234594799405
327 0.000158020103339
328 8.25965833508e-05
329 2.13334864677e-05
330 -2.32424283219e-05
331 -5.32087968677e-05
332 -7.20081001761e-05
333 -8.29516107723e-05
334 -8.85634262633e-05
335 -9.06232679071e-05
336 -9.04252055518e-05
337 -8.87593305582e-05
338 -8.61590312735e-05
339 -8.29948195988e-05
340 -7.94805206772e-05
341 -7.58474622235e-05
342 -7.2147844045e-05
343 -6.84046979291e-05
344 -6.46037632794e-05
345 -6.08178781278e-05
346 -5.71889414232e-05
347 -5.38140260087e-05
348 -5.06836877017e-05
349 -4.78152538254e-05
350 0.00876592999882
351 0.00824256789483
352 0.00744241974368
353 0.00646983625628
354 0.005466739736
355 0.00454192482285
356 0.00373870045453
357 0.00304947423711
358 0.00249365485492
359 0.00205145418074
360 0.00170316380944
361 0.00143385857833
362 0.00123062156578
363 0.00107231157129
364 0.000941120318199
365 0.000821525034617
366 0.000704524100063
367 0.000587052911247
368 0.000471852953094
369 0.000364872582618
370 0.000273486392961
371 0.000212009418633
372 0.000196829561037
373 0.000227417485354
374 0.00027062786662
375 0.000280306305198
376 0.000240424012753
377 0.000169877680579
378 9.46485347634e-05
379 3.10874617363e-05
380 -1.60226258791e-05
381 -4.80987614813e-05
382 -6.84442116048e-05
383 -8.04603340843e-05
384 -8.67694248822e-05
385 -8.93189137367e-05
386 -8.94634165887e-05
387 -8.79843751773e-05
388 -8.54813204201e-05
389 -8.23545877624e-05
390 -7.88483093561e-05
391 -7.5224623503e-05
392 -7.15654390564e-05
393 -6.78616768522e-05
394 -6.41102868059e-05
395 -6.04105845148e-05
396 -5.68695578735e-05
397 -5.35780438953e-05
398 -5.05096544702e-05
399 -4.76661761967e-05
400 0.0123424370975
401 0.0114146968735
402 0.010042845222
403 0.008459387782
404 0.00692194168433
405 0.00559023805859
406 0.0044924083149
407 0.00359620915314
408 0.00290241288797
409 0.00236601434569
410 0.00195171566672
411 0.00163006064752
412 0.00137997158132
413 0.00117573348841
414 0.00100036866788
415 0.000842135776096
416 0.000696139364205
417 0.000560935603312
418 0.000438430452821
419 0.000331116728016
420 0.00024172838338
421 0.000180667398854
422 0.000162687660416
423 0.000192977580348
424 0.000245310492936
425 0.00027106481714
426 0.000244908048547
427 0.000180787546346
428 0.000106203648336
429 4.07177615978e-05
430 -8.81621520047e-06
431 -4.2947570209e-05
432 -6.48319533639e-05
433 -7.78916701631e-05
434 -8.49048510572e-05
435 -8.79622685952e-05
436 -8.84134378445e-05
437 -8.71122934028e-05
438 -8.46945444845e-05
439 -8.16096535972e-05
440 -7.81219609674e-05
441 -7.45219860757e-05
442 -7.09087147248e-05
443 -6.72448889926e-05
444 -6.356365929e-05
445 -5.99667492774e-05
446 -5.65223307205e-05
447 -5.33132904527e-05
448 -5.03023318183e-05
449 -4.74821348915e-05
450 0.0184146366863
451 0.0166244606607
452 0.0140355987188
453 0.0113142093448
454 0.00888936715456
455 0.00693355824912
456 0.00541924972197
457 0.00424599248375
458 0.00337164125679
459 0.00270924969051
460 0.00220243754028
461 0.00180713240414
462 0.00149474410713
463 0.00123836367811
464 0.00102160402497
465 0.000834011442474
466 0.000670755970105
467 0.000528380302079
468 0.000405862181069
469 0.000302153523212
470 0.000216923590198
471 0.000157487469658
472 0.000137056925338
473 0.000165236994834
474 0.00022296505349
475 0.000261778446017
476 0.000248347222132
477 0.000190831890697
478 0.000117327608425
479 5.02058941597e-05
480 -1.61942150851e-06
481 -3.77552579223e-05
482 -6.11533364688e-05
483 -7.52581608817e-05
484 -8.29999012329e-05
485 -8.65398443648e-05
486 -8.72698248303e-05
487 -8.61369928074e-05
488 -8.38027140511e-05
489 -8.07602886864e-05
490 -7.73095967799e-05
491 -7.37468170765e-05
492 -7.01780324606e-05
493 -6.65661634353e-05
494 -6.29832168098e-05
495 -5.949835518e-05
496 -5.61567570174e-05
497 -5.30255517226e-05
498 -5.00651655954e-05
499 -4.72660925696e-05
500 0.0295230269605
501 0.0255010758215
502 0.0201460835677
503 0.0152505377292
504 0.0113786013904
505 0.00851370406174
506 0.0064466666893
507 0.00492506183119
508 0.00383152901459
509 0.00301964533682
510 0.00240582463783
511 0.00193106701045
512 0.00155903651215
513 0.00125952241941
514 0.00101410625583
515 0.000809965026048
516 0.00063986190507
517 0.000497247330115
518 0.000378248862934
519 0.000279478834044
520 0.000198764551881
521 0.000141279711049
522 0.000119037950373
523 0.000144404675122
524 0.000204666465669
525 0.000253203076399
526 0.000250655966878
527 0.000199395680887
528 0.000127226933136
529 5.88332970915e-05
530 5.00689222063e-06
531 -3.29092507514e-05
532 -5.7660234998e-05
533 -7.27323531718e-05
534 -8.11386886501e-05
535 -8.50849041361e-05
536 -8.60586919052e-05
537 -8.5066652435e-05
538 -8.2811148797e-05
539 -7.98147167948e-05
540 -7.64206482765e-05
541 -7.29006456151e-05
542 -6.93752207573e-05
543 -6.58428567594e-05
544 -6.23753908431e-05
545 -5.90082630811e-05
546 -5.57690418922e-05
547 -5.2706052989e-05
548 -4.97912566368e-05
549 -4.70139451899e-05
550 0.0522539923948
551 0.0411918253903
552 0.0291233378758
553 0.020220726075
554 0.0141841758837
555 0.0101367930629
556 0.00742313493787
557 0.00552426738576
558 0.00420510728014
559 0.00324829346425
560 0.00253690963645
561 0.00199628411253
562 0.0015805123556
563 0.00125346044063
564 0.000992755782765
565 0.00078209377954
566 0.000611345156243
567 0.000471683525379
568 0.000357001844518
569 0.000262895561917
570 0.000186100459122
571 0.000130510299434
572 0.000107103975209
573 0.000129876742968
574 0.000190990690373
575 0.000246213928997
576 0.000252093341429
577 0.000206081876365
578 0.000135306770736
579 6.60230334858e-05
580 1.06311076429e-05
581 -2.87119939769e-05
582 -5.45728943966e-05
583 -7.04615588302e-05
584 -7.93879837116e-05
585 -8.36531882916e-05
586 -8.48160657205e-05
587 -8.39375799143e-05
588 -8.17473744812e-05
589 -7.88125054752e-05
590 -7.54807390519e-05
591 -7.20013850506e-05
592 -6.85347312086e-05
593 -6.51078554907e-05
594 -6.17621538729e-05
595 -5.85125126015e-05
596 -5.53635627846e-05
597 -5.23598299375e-05
598 -4.94829852046e-05
599 -4.67319478588e-05
600 0.106648294832
601 0.067875736248
602 0.0404417845448
603 0.0253600951022
604 0.0167342100091
605 0.0114727032799
606 0.00816158023715
607 0.00594175576867
608 0.00444119322255
609 0.00337470596792
610 0.00259508051526
611 0.0020127008547
612 0.00157225667754
613 0.00123200744787
614 0.000965925944148
615 0.000754971849911
616 0.000586660812949
617 0.000450937203424
618 0.00034052984569
619 0.000250418948443
620 0.000176984290583
621 0.000123209799181
622 9.94805940123e-05
623 0.000120644054714
624 0.000182035332212
625 0.000241419769652
626 0.000252987623886
627 0.000210758708168
628 0.000141089870317
629 7.12972290137e-05
630 1.48836323156e-05
631 -2.54331388379e-05
632 -5.21019612543e-05
633 -6.85413525033e-05
634 -7.78042222479e-05
635 -8.22825527002e-05
636 -8.35668320855e-05
637 -8.27659264658e-05
638 -8.0635247603e-05
639 -7.77669274578e-05
640 -7.44954521263e-05
641 -7.10599834035e-05
642 -6.76807584982e-05
643 -6.43735218187e-05
644 -6.11489678694e-05
645 -5.80092838714e-05
646 -5.49364953663e-05
647 -5.19830170277e-05
648 -4.91401576344e-05
649 -4.64232376767e-05
650 0.226127867157
651 0.0999711610428
652 0.0497665298574
653 0.0288466060215
654 0.0182776242553
655 0.0122074328637
656 0.00852866411276
657 0.00612403855201
658 0.00452559165163
659 0.00340278674883
660 0.0025913234583
661 0.00199208608667
662 0.00154383377657
663 0.00120145896921
664 0.000936583693212
665 0.000728905109339
666 0.000564681311083
667 0.00043334048929
668 0.000326933654068
669 0.000240298555413
670 0.00016979000172
671 0.000117834170295
672 9.47136288526e-05
673 0.000115623984894
674 0.000177444604751
675 0.000239049114066
676 0.000253644346321
677 0.000213470972562
678 0.000144483295121
679 7.45129238258e-05
680 1.76124879877e-05
681 -2.32160748648e-05
682 -5.02917295362e-05
683 -6.69764758932e-05
684 -7.64097255908e-05
685 -8.09800926481e-05
686 -8.23217597426e-05
687 -8.15640652448e-05
688 -7.94908005048e-05
689 -7.66814017391e-05
690 -7.34592776398e-05
691 -7.00933664394e-05
692 -6.6824969708e-05
693 -6.36408624048e-05
694 -6.05342118652e-05
695 -5.7487098197e-05
696 -5.44790866159e-05
697 -5.1566850203e-05
698 -4.87603352086e-05
699 -4.60837207914e-05
700 0.235831574892
701 0.102307597791
702 0.0501688673365
703 0.0289323231234
704 0.018292227933
705 0.0121719568475
706 0.00847360794782
707 0.00606358550044
708 0.00446480062355
709 0.00334337966648
710 0.00253562340657
711 0.00194192669388
712 0.00149937214171
713 0.00116319890999
714 0.000904473050603
715 0.000702566671725
716 0.000543699436943
717 0.000417056837894
718 0.000314573236344
719 0.000231168424283
720 0.000163309350535
721 0.000113404721707
722 9.18666234901e-05
723 0.000113932720632
724 0.000176658630508
725 0.000239019733161
726 0.000254173732856
727 0.000214354036153
728 0.000145595772268
729 7.5704502919e-05
730 1.88267014235e-05
731 -2.20196501712e-05
732 -4.90756584641e-05
733 -6.57738652562e-05
734 -7.51832876479e-05
735 -7.97390842013e-05
736 -8.1074826766e-05
737 -8.0341888196e-05
738 -7.83149479585e-05
739 -7.554780868e-05
740 -7.23815514055e-05
741 -6.91183869828e-05
742 -6.59727661443e-05
743 -6.29105336228e-05
744 -5.9912367564e-05
745 -5.69419090233e-05
746 -5.39887534696e-05
747 -5.11148440269e-05
748 -4.83526592207e-05
749 -4.57158288019e-05
750 0.111396252749
751 0.0711819170126
752 0.0413255815799
753 0.0256011302141
754 0.0167881685328
755 0.0113897712029
756 0.00801888577367
757 0.00577817254107
758 0.00427244439683
759 0.00320597772066
760 0.00243356173195
761 0.00186468231863
762 0.00143953846471
763 0.00111650081428
764 0.000867946897145
765 0.000674146122032
766 0.000521979930482
767 0.000400472799287
768 0.000302069113093
769 0.000221863856751
770 0.000156733860246
771 0.000109321354263
772 9.0449464347e-05
773 0.000115229836819
774 0.000179433837866
775 0.000241112823287
776 0.000254453587703
777 0.000213375665646
778 0.000144388738734
779 7.48689084219e-05
780 1.85519256815e-05
781 -2.18061754397e-05
782 -4.84820534086e-05
783 -6.48920117276e-05
784 -7.41156379785e-05
785 -7.85560922762e-05
786 -7.98411351995e-05
787 -7.9109865791e-05
788 -7.71051753669e-05
789 -7.4372189586e-05
790 -7.12875215833e-05
791 -6.81482126399e-05
792 -6.51294209527e-05
793 -6.21844494148e-05
794 -5.92747479144e-05
795 -5.63678492823e-05
796 -5.34585825522e-05
797 -5.06288204731e-05
798 -4.79129050711e-05
799 -4.53102288498e-05
800 0.0541440394367
801 0.0432616572166
802 0.0300043461242
803 0.0205543900349
804 0.0143024773864
805 0.0100618926474
806 0.00725094022379
807 0.00530889900015
808 0.003968557878
809 0.00300005426336
810 0.00228944866447
811 0.00176144919396
812 0.00136370690938
813 0.00106019471442
814 0.000825631548995
815 0.000642241439969
816 0.000497985462868
817 0.00038230133298
818 0.000288387966962
819 0.000211690612672
820 0.000149470213189
821 0.000105211402107
822 9.03573314861e-05
823 0.000119498214591
824 0.000185596567087
825 0.000244985886022
826 0.000254153194443
827 0.000210303444093
828 0.000140739932636
829 7.19688447769e-05
830 1.67784665219e-05
831 -2.25510360079e-05
832 -4.84580675372e-05
833 -6.43253357682e-05
834 -7.32042200341e-05
835 -7.74394551388e-05
836 -7.86302035247e-05
837 -7.78638432996e-05
838 -7.58558062101e-05
839 -7.31758497347e-05
840 -7.01987171038e-05
841 -6.71886081684e-05
842 -6.42956442661e-05
843 -6.14521548975e-05
844 -5.86132094273e-05
845 -5.57566946211e-05
846 -5.28897223017e-05
847 -5.01106956264e-05
848 -4.74371841021e-05
849 -4.48631468986e-05
850 0.0304810399949
851 0.0267091723185
852 0.0208060420616
853 0.0155804743584
854 0.0115417604628
855 0.00848319002081
856 0.00630189565912
857 0.00471695525234
858 0.003583466134
859 0.002741222572
860 0.00211053491091
861 0.00163538364608
862 0.00127301448132
863 0.000994032269228
864 0.000776815968563
865 0.000605864711913
866 0.000470757093447
867 0.000361793008447
868 0.000272879207685
869 0.00019999373822
870 0.000141214708445
871 0.000101053355917
872 9.18118689343e-05
873 0.000126899727879
874 0.000194907846223
875 0.000250061980785
876 0.000252733835638
877 0.000204821274312
878 0.00013456171712
879 6.70533066451e-05
880 1.35957849689e-05
881 -2.42086747269e-05
882 -4.89770122736e-05
883 -6.40688781238e-05
884 -7.24605165754e-05
885 -7.64140435354e-05
886 -7.74569411038e-05
887 -7.66107083945e-05
888 -7.460035067e-05
889 -7.19973240337e-05
890 -6.91330237142e-05
891 -6.6253329818e-05
892 -6.3473144105e-05
893 -6.0709778607e-05
894 -5.79268427642e-05
895 -5.51108232753e-05
896 -5.22922191869e-05
897 -4.95638807098e-05
898 -4.69250394236e-05
899 -4.43704206934e-05
900 0.0189332300463
901 0.017345590875
902 0.0144802587846
903 0.0115781191978
904 0.00904975514583
905 0.00693888491657
906 0.00532320588314
907 0.0040843018975
908 0.00316152836363
909 0.00245338489582
910 0.00191057939622
911 0.00149405898144
912 0.0011715373986
913 0.000920114343261
914 0.00072237332247
915 0.000565446665669
916 0.000440456320484
917 0.000338869215842
918 0.000255422152399
919 0.000186757896101
920 0.000132061268722
921 9.71448523178e-05
922 9.53455359753e-05
923 0.000137737042245
924 0.000206955318459
925 0.000255456572504
926 0.00024947945478
927 0.000196706375763
928 0.000125986558546
929 6.03283532197e-05
930 9.17824896089e-06
931 -2.66478043298e-05
932 -4.99687235016e-05
933 -6.40812252337e-05
934 -7.18743537518e-05
935 -7.54679820019e-05
936 -7.63032532776e-05
937 -7.53614220988e-05
938 -7.33703250422e-05
939 -7.08523975875e-05
940 -6.8098218313e-05
941 -6.53401267263e-05
942 -6.26506798513e-05
943 -5.99498359819e-05
944 -5.72093547999e-05
945 -5.4434536156e-05
946 -5.16686592283e-05
947 -4.89834634387e-05
948 -4.63692968703e-05
949 -4.38258595716e-05
950 0.0125222341869
951 0.0117539861412
952 0.0102497532953
953 0.00858642148023
954 0.00700516872102
955 0.00557480830463
956 0.00440825266152
957 0.00346733754108
958 0.00273694531275
959 0.00215748810762
960 0.00170183975502
961 0.00134476861867
962 0.00106352679237
963 0.000841065062693
964 0.00066389953463
965 0.000521876800176
966 0.000407524406459
967 0.000313817860505
968 0.000236184020962
969 0.000172151900607
970 0.000122357778522
971 9.415853699e-05
972 0.000101798281358
973 0.000152249089973
974 0.000220917596622
975 0.000259967590422
976 0.000243704875771
977 0.000185929554229
978 0.000115262253866
979 5.20800346022e-05
980 3.76042098028e-06
981 -2.97096901486e-05
982 -5.13242750296e-05
983 -6.43155382286e-05
984 -7.14143126765e-05
985 -7.45785640094e-05
986 -7.5174035284e-05
987 -7.41482788131e-05
988 -7.21846083377e-05
989 -6.97476151791e-05
990 -6.70964558948e-05
991 -6.44398004577e-05
992 -6.18194792341e-05
993 -5.91660116682e-05
994 -5.64626840444e-05
995 -5.37336784869e-05
996 -5.10151700768e-05
997 -4.83648066907e-05
998 -4.57630232836e-05
999 -4.32273417173e-05
1000 0.00864966070944
1001 0.00824191882754
1002 0.007399198566
1003 0.00640639645024
1004 0.00540557123276
1005 0.00443791821312
1006 0.00360514279916
1007 0.00290225625666
1008 0.00233497888649
1009 0.00187019272443
1010 0.00149493697502
1011 0.00119452138565
1012 0.000953399506592
1013 0.000759543598849
1014 0.00060305188116
1015 0.000476163314516
1016 0.000372634053625
1017 0.000287012102502
1018 0.000215401952531
1019 0.000156482063347
1020 0.00011268558919
1021 9.31642819585e-05
1022 0.000112232175796
1023 0.000170442403361
1024 0.000235597238535
1025 0.000262300521161
1026 0.000234771359055
1027 0.000172411590942
1028 0.000102601379215
1029 4.25819214399e-05
1030 -2.42431125268e-06
1031 -3.32343452518e-05
1032 -5.29645126789e-05
1033 -6.47232720817e-05
1034 -7.10400736114e-05
1035 -7.3727514435e-05
1036 -7.40887284187e-05
1037 -7.29856696514e-05
1038 -7.10446728109e-05
1039 -6.86799864952e-05
1040 -6.61115645119e-05
1041 -6.35377859836e-05
1042 -6.09679514189e-05
1043 -5.83544095672e-05
1044 -5.56937193618e-05
1045 -5.30087357629e-05
1046 -5.03273493949e-05
1047 -4.76995328868e-05
1048 -4.50998815946e-05
1049 -4.25738510604e-05
1050 0.00615777953881
1051 0.00592881202854
1052 0.00543116928465
1053 0.00481773738446
1054 0.00417368141706
1055 0.00351577498793
1056 0.00292328523642
1057 0.00240343925088
1058 0.00196877599366
1059 0.00160147445505
1060 0.00129714960146
1061 0.00104825702452
1062 0.000844472994062
1063 0.000677950180875
1064 0.000541497311633
1065 0.000429298338859
1066 0.000336492487819
1067 0.000258886801813
1068 0.00019352549739
1069 0.000140400956382
1070 0.000104085185993
1071 9.56629000554e-05
1072 0.00012762532331
1073 0.000191761039276
1074 0.000249384616021
1075 0.00026109701882
1076 0.000222172064304
1077 0.000156275526516
1078 8.83554983293e-05
1079 3.21605401439e-05
1080 -9.13839374205e-06
1081 -3.70811001427e-05
1082 -5.47893263236e-05
1083 -6.52236510863e-05
1084 -7.07067472013e-05
1085 -7.29236681376e-05
1086 -7.30587501534e-05
1087 -7.18763989384e-05
1088 -6.99509338917e-05
1089 -6.76374256792e-05
1090 -6.51305388483e-05
1091 -6.26225272378e-05
1092 -6.0089860423e-05
1093 -5.75158633458e-05
1094 -5.48997941366e-05
1095 -5.22467425625e-05
1096 -4.95932785115e-05
1097 -4.69767115077e-05
1098 -4.4377560571e-05
1099 -4.18641525266e-05
1100 0.0044826747724
1101 0.00434823253349
1102 0.0040405078532
1103 0.00365161134586
1104 0.00322905485621
1105 0.0027778410177
1106 0.00235636215052
1107 0.0019736637269
1108 0.00164386523538
1109 0.00135663489866
1110 0.00111291184029
1111 0.000909403677649
1112 0.000739299255683
1113 0.000597972459184
1114 0.000480322138773
1115 0.000381919407988
1116 0.000299581692057
1117 0.000229788572441
1118 0.000170941981611
1119 0.000124733907273
1120 9.80491165896e-05
1121 0.00010347841734
1122 0.000148725627312
1123 0.000214974686783
1124 0.000260224391247
1125 0.000255031665817
1126 0.000205624595724
1127 0.000137754270707
1128 7.28757473655e-05
1129 2.11191886589e-05
1130 -1.61743834231e-05
1131 -4.10977830165e-05
1132 -5.6698183243e-05
1133 -6.57648863017e-05
1134 -7.04198879089e-05
1135 -7.2181470127e-05
1136 -7.20838107726e-05
1137 -7.08148850229e-05
1138 -6.88877892606e-05
1139 -6.6599048157e-05
1140 -6.41402404779e-05
1141 -6.16829130477e-05
1142 -5.91868222049e-05
1143 -5.66572294409e-05
1144 -5.40734210128e-05
1145 -5.14412738882e-05
1146 -4.88022815201e-05
1147 -4.61892186472e-05
1148 -4.35907077304e-05
1149 -4.1102015913e-05
1150 0.00332506232488
1151 0.0032426709047
1152 0.00304506367639
1153 0.00279162042788
1154 0.00250817097988
1155 0.00219515838007
1156 0.00189393820404
1157 0.00161210506821
1158 0.00136273607197
1159 0.0011396489337
1160 0.000946051369532
1161 0.000781092096689
1162 0.000640417896508
1163 0.00052162737044
1164 0.000420870259246
1165 0.000335216943039
1166 0.00026267672258
1167 0.000200510836294
1168 0.000148636993037
1169 0.000110988578966
1170 9.68664424846e-05
1171 0.000118552928304
1172 0.000175234519665
1173 0.000237658658685
1174 0.000265703181196
1175 0.000243113845309
1176 0.000185249389787
1177 0.000117363621848
1178 5.66511028913e-05
1179 9.81753794461e-06
1180 -2.32881797171e-05
1181 -4.5107236125e-05
1182 -5.85955665258e-05
1183 -6.63283402039e-05
1184 -7.01821383368e-05
1185 -7.14943030408e-05
1186 -7.1158441484e-05
1187 -6.97902202e-05
1188 -6.78345794971e-05
1189 -6.55530823407e-05
1190 -6.31358595746e-05
1191 -6.07234446329e-05
1192 -5.82722262916e-05
1193 -5.57737325385e-05
1194 -5.32099614815e-05
1195 -5.05853080341e-05
1196 -4.79526637781e-05
1197 -4.53402680154e-05
1198 -4.27494561822e-05
1199 -4.03026139994e-05
1200 0.00250908444028
1201 0.00245600948661
1202 0.00232477786116
1203 0.00215478804801
1204 0.00196024984501
1205 0.00173995797836
1206 0.0015224429633
1207 0.0013137141816
1208 0.00112494639322
1209 0.000951984592038
1210 0.000798665451415
1211 0.000665518535121
1212 0.000549832151009
1213 0.000450399622497
1214 0.00036441151992
1215 0.000290292793815
1216 0.000226619696963
1217 0.000171975610231
1218 0.000128143735995
1219 0.000101537523185
1220 0.000103378732034
1221 0.000141976573095
1222 0.000205018541357
1223 0.00025624679269
1224 0.000263682392549
1225 0.000225135440609
1226 0.000161737777248
1227 9.58958853084e-05
1228 4.02877330747e-05
1229 -1.30459982766e-06
1230 -3.01765425178e-05
1231 -4.89370236818e-05
1232 -6.04063334113e-05
1233 -6.68747945596e-05
1234 -6.99575352266e-05
1235 -7.08315062841e-05
1236 -7.02506160971e-05
1237 -6.87681273146e-05
1238 -6.67737355975e-05
1239 -6.44865698831e-05
1240 -6.21168237088e-05
1241 -5.97509699654e-05
1242 -5.73360931111e-05
1243 -5.48557130244e-05
1244 -5.22952197427e-05
1245 -4.96687432443e-05
1246 -4.7040081477e-05
1247 -4.44284105598e-05
1248 -4.18620601204e-05
1249 -3.94790349256e-05
1250 0.00191466096804
1251 0.00187954224618
1252 0.00179046684553
1253 0.00167392932348
1254 0.00153806608479
1255 0.001381018406
1256 0.00122259802072
1257 0.00106743339576
1258 0.000924368109226
1259 0.000790366514253
1260 0.000669226986357
1261 0.000562118946609
1262 0.000467358149978
1263 0.000384229998792
1264 0.000311202585751
1265 0.000247247767144
1266 0.000191892368584
1267 0.000145269204486
1268 0.000111516057774
1269 9.95322936026e-05
1270 0.000120187117083
1271 0.00017316929376
1272 0.000234359900407
1273 0.000267095525365
1274 0.000252799684704
1275 0.000201446795422
1276 0.000135814488094
1277 7.39519222277e-05
1278 2.42412222211e-05
1279 -1.19631647229e-05
1280 -3.66823494671e-05
1281 -5.25313643399e-05
1282 -6.21075386352e-05
1283 -6.73731733498e-05
1284 -6.97281103796e-05
1285 -7.01674768976e-05
1286 -6.93342416624e-05
1287 -6.77316645022e-05
1288 -6.56859041599e-05
1289 -6.34028656764e-05
1290 -6.10916152482e-05
1291 -5.87606380849e-05
1292 -5.63673773518e-05
1293 -5.38881059198e-05
1294 -5.1315259324e-05
1295 -4.8686226169e-05
1296 -4.60626018531e-05
1297 -4.34607004006e-05
1298 -4.09432531677e-05
1299 -3.86437587825e-05
1300 0.00147453770311
1301 0.00145092432092
1302 0.00138899146797
1303 0.00130741587241
1304 0.00121127589316
1305 0.00109779236015
1306 0.000981409565269
1307 0.000865388438718
1308 0.000756496980217
1309 0.000652450854688
1310 0.000556714609022
1311 0.00047062188093
1312 0.000392852110682
1313 0.000323461913973
1314 0.000261504452447
1315 0.000206656149363
1316 0.000159574752503
1317 0.000122506360753
1318 0.000102077134935
1319 0.000108788137761
1320 0.000148462074977
1321 0.000208691220167
1322 0.000257818499371
1323 0.000267007035737
1324 0.000232885047281
1325 0.000173165278559
1326 0.000108679533306
1327 5.23936847556e-05
1328 9.00247171898e-06
1329 -2.18916422749e-05
1330 -4.2667883672e-05
1331 -5.58146901802e-05
1332 -6.36287330051e-05
1333 -6.77746424866e-05
1334 -6.94433768121e-05
1335 -6.94553358079e-05
1336 -6.83802221363e-05
1337 -6.66591793674e-05
1338 -6.45687623734e-05
1339 -6.23136854066e-05
1340 -6.00528609e-05
1341 -5.77407688109e-05
1342 -5.53504510492e-05
1343 -5.28567884378e-05
1344 -5.02662166183e-05
1345 -4.76373776848e-05
1346 -4.50262815442e-05
1347 -4.24522850381e-05
1348 -4.00080497096e-05
1349 -3.78028030584e-05
1350 0.00114384529484
1351 0.00112772181465
1352 0.00108390510587
1353 0.00102571809706
1354 0.000956923963997
1355 0.000873857692359
1356 0.000787433880353
1357 0.000700047261751
1358 0.000616594496013
1359 0.000535564763554
1360 0.000459635159253
1361 0.0003900919435
1362 0.000326157716025
1363 0.00026823380959
1364 0.000215829128103
1365 0.000169584754435
1366 0.000131772566595
1367 0.000107065602963
1368 0.000104360088725
1369 0.000132103813184
1370 0.000185875901387
1371 0.000242073935503
1372 0.000269842844995
1373 0.000254453399829
1374 0.000205186895935
1375 0.000142129174583
1376 8.16307110407e-05
1377 3.19859087632e-05
1378 -5.06294800468e-06
1379 -3.09231555545e-05
1380 -4.80421122683e-05
1381 -5.87219998458e-05
1382 -6.49345016932e-05
1383 -6.80430478515e-05
1384 -6.90629173411e-05
1385 -6.86688309601e-05
1386 -6.73696488002e-05
1387 -6.55469413386e-05
1388 -6.34319323773e-05
1389 -6.12169166353e-05
1390 -5.89853147094e-05
1391 -5.66759550195e-05
1392 -5.42679156826e-05
1393 -5.17521271912e-05
1394 -4.91460419071e-05
1395 -4.65268736163e-05
1396 -4.39428074213e-05
1397 -4.14208269196e-05
1398 -3.90685020651e-05
1399 -3.69576296034e-05
1400 0.000891344720738
1401 0.00088002462046
1402 0.000848568798547
1403 0.000806518808367
1404 0.000756533787943
1405 0.000695064248633
1406 0.000630302205093
1407 0.000564032201778
1408 0.000499709962993
1409 0.000436198553696
1410 0.000375586888701
1411 0.00031923237743
1412 0.00026657337969
1413 0.000218258939819
1414 0.00017464662934
1415 0.000137713354777
1416 0.000111748173773
1417 0.000103816594069
1418 0.000122614552008
1419 0.000168871191216
1420 0.000225801266345
1421 0.000265427385606
1422 0.000266703670152
1423 0.000230052681392
1424 0.000171890828211
1425 0.000110053717272
1426 5.57243336425e-05
1427 1.31809271727e-05
1428 -1.77350769601e-05
1429 -3.8929897331e-05
1430 -5.27424184904e-05
1431 -6.12092443482e-05
1432 -6.59588430856e-05
1433 -6.81267578386e-05
1434 -6.8546280533e-05
1435 -6.77843191543e-05
1436 -6.62981616917e-05
1437 -6.44018036868e-05
1438 -6.22756932368e-05
1439 -6.00995724651e-05
1440 -5.78705830344e-05
1441 -5.55464732278e-05
1442 -5.31095400947e-05
1443 -5.05681606666e-05
1444 -4.79590477627e-05
1445 -4.53662611551e-05
1446 -4.2826958755e-05
1447 -4.03791052471e-05
1448 -3.81262919938e-05
1449 -3.61078691335e-05
1450 0.000696597861202
1451 0.000688557537487
1452 0.000665548634727
1453 0.000634846684226
1454 0.000597913552837
1455 0.000551946310215
1456 0.000502932628194
1457 0.00045207493643
1458 0.000401953203356
1459 0.000351653582023
1460 0.000302989743387
1461 0.000257077532322
1462 0.000213710516194
1463 0.000174082603307
1464 0.0001397306181
1465 0.000114538621749
1466 0.000104872701597
1467 0.000118302215786
1468 0.000157939929354
1469 0.00021276305147
1470 0.000258254749324
1471 0.000271994089344
1472 0.000247677471461
1473 0.000196610589796
1474 0.000135840882648
1475 7.87812779527e-05
1476 3.18208060739e-05
1477 -3.66229940347e-06
1478 -2.88695667246e-05
1479 -4.585327779e-05
1480 -5.67319498262e-05
1481 -6.32355096375e-05
1482 -6.66730525142e-05
1483 -6.80005194986e-05
1484 -6.78793757424e-05
1485 -6.68110917915e-05
1486 -6.51803192894e-05
1487 -6.32213917767e-05
1488 -6.10978655968e-05
1489 -5.89404152415e-05
1490 -5.66931943973e-05
1491 -5.43433150527e-05
1492 -5.18766178774e-05
1493 -4.93146734804e-05
1494 -4.67247003773e-05
1495 -4.41799364443e-05
1496 -4.16992942401e-05
1497 -3.93373187066e-05
1498 -3.71824883461e-05
1499 -3.52541526716e-05
1500 0.000545622838307
1501 0.000539885098621
1502 0.000522706274132
1503 0.000499891418124
1504 0.000472134030004
1505 0.000437135675701
1506 0.000399399060949
1507 0.000359716163198
1508 0.000320240202306
1509 0.000280013889963
1510 0.000240603867219
1511 0.0002032170765
1512 0.00016824743283
1513 0.000137824489309
1514 0.000115222019591
1515 0.000106241779593
1516 0.000117680047891
1517 0.000152716267285
1518 0.000204111248112
1519 0.000251675287847
1520 0.000273192542652
1521 0.000259078519222
1522 0.000215566603614
1523 0.000157943167811
1524 9.99554130313e-05
1525 4.9939054174e-05
1526 1.06647879094e-05
1527 -1.81941664586e-05
1528 -3.82865749373e-05
1529 -5.15800178653e-05
1530 -5.99308948268e-05
1531 -6.47300821689e-05
1532 -6.70410184606e-05
1533 -6.76384259749e-05
1534 -6.70674323162e-05
1535 -6.57603923673e-05
1536 -6.40122351649e-05
1537 -6.19998630908e-05
1538 -5.98877215262e-05
1539 -5.77192867678e-05
1540 -5.5444652662e-05
1541 -5.30605581061e-05
1542 -5.05712399854e-05
1543 -4.80096724773e-05
1544 -4.54654051688e-05
1545 -4.29816093812e-05
1546 -4.05667934006e-05
1547 -3.8296381214e-05
1548 -3.62358919567e-05
1549 -3.44027014134e-05
1550 0.000426198466811
1551 0.000421884351399
1552 0.000408801362121
1553 0.00039146957686
1554 0.000370245250437
1555 0.000343161790244
1556 0.000313745021092
1557 0.000282450219915
1558 0.000251049046291
1559 0.000218732103501
1560 0.000187137819736
1561 0.000157797354564
1562 0.000132199407423
1563 0.000113851807711
1564 0.000107753509955
1565 0.000119996548443
1566 0.000153026134418
1567 0.000201061460839
1568 0.000247752095752
1569 0.000272956485423
1570 0.000265660774307
1571 0.000228938339722
1572 0.000175144425812
1573 0.00011788385885
1574 6.61425070194e-05
1575 2.41686023497e-05
1576 -7.65687874968e-06
1577 -3.05018497806e-05
1578 -4.60956569065e-05
1579 -5.62150821887e-05
1580 -6.23883204145e-05
1581 -6.57188954546e-05
1582 -6.70761647963e-05
1583 -6.70606444058e-05
1584 -6.61294367492e-05
1585 -6.46283437869e-05
1586 -6.27781317989e-05
1587 -6.0728623079e-05
1588 -5.86184366598e-05
1589 -5.64202347585e-05
1590 -5.41151148867e-05
1591 -5.16998627374e-05
1592 -4.92001194508e-05
1593 -4.66708650486e-05
1594 -4.41895323235e-05
1595 -4.17663044829e-05
1596 -3.94238459603e-05
1597 -3.72496820986e-05
1598 -3.52906693199e-05
1599 -3.35600980119e-05
1600 0.000329879299744
1601 0.00032660272695
1602 0.000316479190671
1603 0.000303066804462
1604 0.0002866448604
1605 0.000265436005988
1606 0.000242216767212
1607 0.000217413354106
1608 0.000192583784143
1609 0.000167373448838
1610 0.000143803705877
1611 0.000124187559583
1612 0.000111424198242
1613 0.000110210287346
1614 0.000125366939471
1615 0.000158599444157
1616 0.000203954416973
1617 0.000247812989005
1618 0.000273079797755
1619 0.000268940615785
1620 0.000237007291239
1621 0.000187209257818
1622 0.000131553766649
1623 7.95943141053e-05
1624 3.59955921982e-05
1625 2.06712708476e-06
1626 -2.29590521744e-05
1627 -4.05448246292e-05
1628 -5.23186276268e-05
1629 -5.97753410201e-05
1630 -6.41214477632e-05
1631 -6.62385058266e-05
1632 -6.68054817218e-05
1633 -6.62858344329e-05
1634 -6.50653068472e-05
1635 -6.34047445952e-05
1636 -6.14623786135e-05
1637 -5.93951795377e-05
1638 -5.72677982088e-05
1639 -5.50349536429e-05
1640 -5.26985221169e-05
1641 -5.02713045535e-05
1642 -4.77860012921e-05
1643 -4.53136475245e-05
1644 -4.28983252498e-05
1645 -4.05317302882e-05
1646 -3.82711228648e-05
1647 -3.62030583415e-05
1648 -3.43589984471e-05
1649 -3.27299802327e-05
1650 0.000251426875827
1651 0.000248955286734
1652 0.000241039632546
1653 0.00023053017604
1654 0.000217764002943
1655 0.000201125732153
1656 0.000183077558518
1657 0.000164160737451
1658 0.000145945660452
1659 0.000129055226827
1660 0.000116123019745
1661 0.000110337689878
1662 0.000115590796817
1663 0.000135171806622
1664 0.000169542787514
1665 0.00021263084441
1666 0.000252062124404
1667 0.000274274424687
1668 0.000270199017881
1669 0.000240421866876
1670 0.000193885721285
1671 0.000140713418471
1672 8.94786616631e-05
1673 4.54727486329e-05
1674 1.03380172295e-05
1675 -1.61755850206e-05
1676 -3.52891877965e-05
1677 -4.84468008707e-05
1678 -5.70664355502e-05
1679 -6.23418067013e-05
1680 -6.51969541857e-05
1681 -6.63337751995e-05
1682 -6.62487729893e-05
1683 -6.53263055872e-05
1684 -6.38729778334e-05
1685 -6.20726550428e-05
1686 -6.0065608472e-05
1687 -5.79933289932e-05
1688 -5.58313850774e-05
1689 -5.35720999325e-05
1690 -5.12197084908e-05
1691 -4.88023436638e-05
1692 -4.63575701093e-05
1693 -4.39511761628e-05
1694 -4.15926933709e-05
1695 -3.92858420173e-05
1696 -3.7125058138e-05
1697 -3.5175210387e-05
1698 -3.34482157426e-05
1699 -3.19144169235e-05
1700 0.000187758944727
1701 0.000185922213844
1702 0.000179861250305
1703 0.000171900954451
1704 0.00016247695143
1705 0.000150359645607
1706 0.000137957795461
1707 0.000126244326098
1708 0.000116917202018
1709 0.000111891958021
1710 0.000114199640555
1711 0.000126571876336
1712 0.000151190638692
1713 0.000186298428507
1714 0.000226029138247
1715 0.000259615914599
1716 0.000276126259108
1717 0.000269418939688
1718 0.000240147700397
1719 0.000195403857326
1720 0.000144866321312
1721 9.54505763646e-05
1722 5.19635292821e-05
1723 1.66188791309e-05
1724 -1.06535553601e-05
1725 -3.07342893429e-05
1726 -4.4890483486e-05
1727 -5.44410602113e-05
1728 -6.05217052201e-05
1729 -6.4035664076e-05
1730 -6.5702527879e-05
1731 -6.60372971219e-05
1732 -6.54245928842e-05
1733 -6.41842667743e-05
1734 -6.25386027141e-05
1735 -6.06253390328e-05
1736 -5.85966094662e-05
1737 -5.65051263887e-05
1738 -5.43175935584e-05
1739 -5.20464444264e-05
1740 -4.97033869124e-05
1741 -4.73120654546e-05
1742 -4.49230496784e-05
1743 -4.25774701708e-05
1744 -4.02673339218e-05
1745 -3.80415644302e-05
1746 -3.6001098117e-05
1747 -3.41758617664e-05
1748 -3.25627552031e-05
1749 -3.11218488836e-05
1750 0.000139404054378
1751 0.000138174662846
1752 0.000134294962949
1753 0.000129529667122
1754 0.000124315375776
1755 0.000118444726669
1756 0.000114155110004
1757 0.000113006181976
1758 0.000116566018301
1759 0.000127369997286
1760 0.000146961157355
1761 0.000174974634268
1762 0.000209255969371
1763 0.00024321061574
1764 0.000268629868182
1765 0.000277326205178
1766 0.000265713748551
1767 0.000235388075145
1768 0.000192193403972
1769 0.000143659749102
1770 9.6784769395e-05
1771 5.50393092171e-05
1772 2.03628839081e-05
1773 -6.81501733578e-06
1774 -2.72469672725e-05
1775 -4.1961411453e-05
1776 -5.21222399796e-05
1777 -5.88085519782e-05
1778 -6.28668939419e-05
1779 -6.49843756349e-05
1780 -6.5697150468e-05
1781 -6.53820009506e-05
1782 -6.43580171851e-05
1783 -6.28674036112e-05
1784 -6.10688221175e-05
1785 -5.90919972445e-05
1786 -5.70578853272e-05
1787 -5.49439125579e-05
1788 -5.27503210646e-05
1789 -5.04836007816e-05
1790 -4.81600008512e-05
1791 -4.58063575254e-05
1792 -4.34761288648e-05
1793 -4.11817663367e-05
1794 -3.89318426278e-05
1795 -3.68165750382e-05
1796 -3.49056153984e-05
1797 -3.32071048365e-05
1798 -3.17071480143e-05
1799 -3.03625187556e-05
1800 0.000115244202677
1801 0.000114906838415
1802 0.000114225861889
1803 0.000114115141192
1804 0.00011498181466
1805 0.000118147722392
1806 0.000124901892925
1807 0.000136738247035
1808 0.000153852444656
1809 0.000177583085299
1810 0.00020612826526
1811 0.000235587143713
1812 0.000261049874208
1813 0.000276009777696
1814 0.000275551550662
1815 0.000257950691559
1816 0.000225867248423
1817 0.000183972122163
1818 0.000138235028272
1819 9.37777819795e-05
1820 5.45609967172e-05
1821 2.15837640084e-05
1822 -4.84302584302e-06
1823 -2.49983283259e-05
1824 -3.98177023452e-05
1825 -5.02594421165e-05
1826 -5.73057932435e-05
1827 -6.17609179954e-05
1828 -6.42375807246e-05
1829 -6.52661905747e-05
1830 -6.52177552025e-05
1831 -6.43992455588e-05
1832 -6.30652573635e-05
1833 -6.13865453342e-05
1834 -5.94846456287e-05
1835 -5.74981333316e-05
1836 -5.54547975128e-05
1837 -5.33366255981e-05
1838 -5.11504464736e-05
1839 -4.89011194161e-05
1840 -4.65980355997e-05
1841 -4.42910960668e-05
1842 -4.20158268627e-05
1843 -3.97743700343e-05
1844 -3.76163485699e-05
1845 -3.56287102559e-05
1846 -3.38497759416e-05
1847 -3.22812729223e-05
1848 -3.08925351168e-05
1849 -2.9640026586e-05
1850 0.000128786341745
1851 0.000129629310112
1852 0.000133075315675
1853 0.000138451751615
1854 0.000146161713887
1855 0.000158435502405
1856 0.000174409666576
1857 0.000194380774444
1858 0.000216525281254
1859 0.000239984411166
1860 0.00026080132756
1861 0.000274725290048
1862 0.000277927534995
1863 0.000268035465413
1864 0.000244775750086
1865 0.0002107502055
1866 0.000170522292483
1867 0.000127980733594
1868 8.71135540693e-05
1869 5.05235860376e-05
1870 1.99715633781e-05
1871 -4.81112470278e-06
1872 -2.415480478e-05
1873 -3.85900112076e-05
1874 -4.89956344562e-05
1875 -5.61521464697e-05
1876 -6.08082232173e-05
1877 -6.35321096271e-05
1878 -6.47960001437e-05
1879 -6.49653293187e-05
1880 -6.43281816317e-05
1881 -6.31395928832e-05
1882 -6.15777546676e-05
1883 -5.9762220111e-05
1884 -5.78284162627e-05
1885 -5.58518172168e-05
1886 -5.38050049568e-05
1887 -5.16988252309e-05
1888 -4.95221480445e-05
1889 -4.72880723656e-05
1890 -4.50161893492e-05
1891 -4.27609935146e-05
1892 -4.05437700329e-05
1893 -3.83739524288e-05
1894 -3.633217007e-05
1895 -3.44812689341e-05
1896 -3.28426363069e-05
1897 -3.14051399218e-05
1898 -3.01211820879e-05
1899 -2.89420278834e-05
1900 0.000183027597153
1901 0.000184708351056
1902 0.000190806505862
1903 0.000199011317592
1904 0.000209533045458
1905 0.000223937677549
1906 0.000239474427623
1907 0.000255017457255
1908 0.000268122191656
1909 0.000276773069614
1910 0.000278031748944
1911 0.00027008360857
1912 0.000251889769853
1913 0.000224568713653
1914 0.000190080183496
1915 0.000151761353631
1916 0.000113164152493
1917 7.64468771637e-05
1918 4.36455650789e-05
1919 1.56448582843e-05
1920 -6.93966838878e-06
1921 -2.48096603727e-05
1922 -3.84463278836e-05
1923 -4.84198352321e-05
1924 -5.54333863933e-05
1925 -6.00959112963e-05
1926 -6.29145510491e-05
1927 -6.43254115977e-05
1928 -6.46503701318e-05
1929 -6.41614967573e-05
1930 -6.30977869551e-05
1931 -6.1645329887e-05
1932 -5.99216401054e-05
1933 -5.80470029042e-05
1934 -5.61334123471e-05
1935 -5.41648778873e-05
1936 -5.21312470545e-05
1937 -5.00320630485e-05
1938 -4.7865039716e-05
1939 -4.56435690129e-05
1940 -4.34172934797e-05
1941 -4.12250183425e-05
1942 -3.90717762365e-05
1943 -3.69999764696e-05
1944 -3.50938641141e-05
1945 -3.33887545686e-05
1946 -3.18972641354e-05
1947 -3.0578611368e-05
1948 -2.93799017574e-05
1949 -2.82514992671e-05
1950 0.000248363461726
1951 0.000249769658462
1952 0.000254364452948
1953 0.000259830285191
1954 0.000265959234988
1955 0.000272650791453
1956 0.000277447071351
1957 0.000278795950433
1958 0.000275575687894
1959 0.000265910982299
1960 0.000249266923123
1961 0.0002261353378
1962 0.000196988857357
1963 0.00016401834156
1964 0.000129090933312
1965 9.46075237448e-05
1966 6.26288183518e-05
1967 3.39907720549e-05
1968 9.43215229312e-06
1969 -1.09042493796e-05
1970 -2.69072272109e-05
1971 -3.9300617487e-05
1972 -4.85649254828e-05
1973 -5.51822347445e-05
1974 -5.96715343908e-05
1975 -6.2444784098e-05
1976 -6.38892731641e-05
1977 -6.43006489882e-05
1978 -6.39115361487e-05
1979 -6.29493674655e-05
1980 -6.15884608584e-05
1981 -5.99586175651e-05
1982 -5.81533161206e-05
1983 -5.62985547974e-05
1984 -5.44055190354e-05
1985 -5.24465076124e-05
1986 -5.04202551729e-05
1987 -4.83238251431e-05
1988 -4.61611699833e-05
1989 -4.39738697335e-05
1990 -4.18126905755e-05
1991 -3.96878883737e-05
1992 -3.76137972713e-05
1993 -3.56693910586e-05
1994 -3.39152412397e-05
1995 -3.23674284194e-05
1996 -3.10127463397e-05
1997 -2.97897123913e-05
1998 -2.86494759552e-05
1999 -2.75620734922e-05
2000 0.000278908159333
2001 0.000279164690477
2002 0.000279165517186
2003 0.000278386628795
2004 0.000276454506759
2005 0.000271872407514
2006 0.000264085531168
2007 0.000252158592871
2008 0.000236421901239
2009 0.000215614546854
2010 0.000190707767767
2011 0.000163026535146
2012 0.000133131345077
2013 0.000102910849831
2014 7.34993029278e-05
2015 4.62637698478e-05
2016 2.21377952188e-05
2017 1.26034229726e-06
2018 -1.61719509099e-05
2019 -3.02819152417e-05
2020 -4.11471757062e-05
2021 -4.93933779822e-05
2022 -5.54027756105e-05
2023 -5.9534733009e-05
2024 -6.21322147481e-05
2025 -6.35106516889e-05
2026 -6.3930759118e-05
2027 -6.35989878324e-05
2028 -6.27078168986e-05
2029 -6.14293757904e-05
2030 -5.98787939157e-05
2031 -5.81547294245e-05
2032 -5.63621701459e-05
2033 -5.45382435361e-05
2034 -5.2651088015e-05
2035 -5.06975242597e-05
2036 -4.86653288481e-05
2037 -4.65697653537e-05
2038 -4.44299230623e-05
2039 -4.23039357773e-05
2040 -4.02126053303e-05
2041 -3.81553535685e-05
2042 -3.61937797161e-05
2043 -3.44029167533e-05
2044 -3.28120717681e-05
2045 -3.14167102914e-05
2046 -3.01696429111e-05
2047 -2.90157507656e-05
2048 -2.79176392606e-05
2049 -2.68758284905e-05
2050 0.000254580328193
2051 0.000253809970425
2052 0.000249775184873
2053 0.000243954137736
2054 0.000236255999337
2055 0.000224399561308
2056 0.000209741780615
2057 0.000191988025267
2058 0.000172074554852
2059 0.000149236750927
2060 0.000124727649418
2061 9.98383675192e-05
2062 7.48139831137e-05
2063 5.09327518666e-05
2064 2.87415781576e-05
2065 8.92647800741e-06
2066 -8.15493114795e-06
2067 -2.26036073359e-05
2068 -3.440599574e-05
2069 -4.37621222694e-05
2070 -5.08132418718e-05
2071 -5.60232607449e-05
2072 -5.96634871399e-05
2073 -6.1969415425e-05
2074 -6.31988028976e-05
2075 -6.35596885812e-05
2076 -6.32310137976e-05
2077 -6.23848654492e-05
2078 -6.11674735903e-05
2079 -5.96961536846e-05
2080 -5.8045504543e-05
2081 -5.63211604528e-05
2082 -5.45648828779e-05
2083 -5.27465958846e-05
2084 -5.08601862726e-05
2085 -4.88961506758e-05
2086 -4.6865282934e-05
2087 -4.47859166955e-05
2088 -4.2701878549e-05
2089 -4.06475837259e-05
2090 -3.86229657053e-05
2091 -3.66631586995e-05
2092 -3.48511615794e-05
2093 -3.3227391711e-05
2094 -3.17936104035e-05
2095 -3.05189635711e-05
2096 -2.9349917517e-05
2097 -2.82443740201e-05
2098 -2.71889959593e-05
2099 -2.61972603635e-05
2100 0.000192924195598
2101 0.000191757887986
2102 0.000186166504756
2103 0.00017871397712
2104 0.000169457049813
2105 0.000156109078426
2106 0.000140863062688
2107 0.000123722313049
2108 0.000105658461828
2109 8.6188747886e-05
2110 6.63422806818e-05
2111 4.71110365824e-05
2112 2.85201910024e-05
2113 1.13159151563e-05
2114 -4.29576847763e-06
2115 -1.79291502734e-05
2116 -2.94413267599e-05
2117 -3.90031189279e-05
2118 -4.66585967536e-05
2119 -5.25917650964e-05
2120 -5.69249682213e-05
2121 -5.99702400618e-05
2122 -6.19103423551e-05
2123 -6.29266895902e-05
2124 -6.31791059711e-05
2125 -6.28170005453e-05
2126 -6.1988731913e-05
2127 -6.08232679803e-05
2128 -5.94156317541e-05
2129 -5.78402037321e-05
2130 -5.61809373469e-05
2131 -5.44910446226e-05
2132 -5.27400310041e-05
2133 -5.09180555069e-05
2134 -4.9021922656e-05
2135 -4.70570804927e-05
2136 -4.50387588935e-05
2137 -4.30056935832e-05
2138 -4.09912235925e-05
2139 -3.90065343959e-05
2140 -3.70685294092e-05
2141 -3.52511025352e-05
2142 -3.36070662999e-05
2143 -3.21425185708e-05
2144 -3.0841555194e-05
2145 -2.96533327349e-05
2146 -2.85427409055e-05
2147 -2.74802163094e-05
2148 -2.64743668903e-05
2149 -2.55299444322e-05
2150 0.000122543728189
2151 0.000121390865982
2152 0.000116214271501
2153 0.000109569828408
2154 0.000101448749234
2155 9.00645585088e-05
2156 7.75225453671e-05
2157 6.39252180028e-05
2158 5.00584006933e-05
2159 3.55722727545e-05
2160 2.11908546769e-05
2161 7.580983501e-06
2162 -5.29548462425e-06
2163 -1.69717434455e-05
2164 -2.73838450731e-05
2165 -3.6299856454e-05
2166 -4.36992177791e-05
2167 -4.97150493142e-05
2168 -5.44284869083e-05
2169 -5.79583951022e-05
2170 -6.03776929112e-05
2171 -6.19010449288e-05
2172 -6.26631689606e-05
2173 -6.2775777405e-05
2174 -6.23542507066e-05
2175 -6.15270669598e-05
2176 -6.03975975094e-05
2177 -5.90489141102e-05
2178 -5.75399183227e-05
2179 -5.59480343882e-05
2180 -5.43202312662e-05
2181 -5.26317575767e-05
2182 -5.08726357272e-05
2183 -4.90428864206e-05
2184 -4.71461087168e-05
2185 -4.51935176528e-05
2186 -4.32131076706e-05
2187 -4.12465114567e-05
2188 -3.93063056642e-05
2189 -3.74031360874e-05
2190 -3.55934385522e-05
2191 -3.394037151e-05
2192 -3.24556639938e-05
2193 -3.11284585304e-05
2194 -2.99247814455e-05
2195 -2.88057087701e-05
2196 -2.77437816211e-05
2197 -2.67285558722e-05
2198 -2.57765331115e-05
2199 -2.48745047645e-05
2200 6.14699323875e-05
2201 6.05229735689e-05
2202 5.65658481136e-05
2203 5.15619508314e-05
2204 4.54886771773e-05
2205 3.70908054799e-05
2206 2.80060479899e-05
2207 1.833420557e-05
2208 8.65133959517e-06
2209 -1.30834377235e-06
2210 -1.10238460939e-05
2211 -2.00833225596e-05
2212 -2.85175542654e-05
2213 -3.60388809471e-05
2214 -4.26455818369e-05
2215 -4.82003212947e-05
2216 -5.2712744072e-05
2217 -5.62808296122e-05
2218 -5.89508148492e-05
2219 -6.08020260262e-05
2220 -6.1899151005e-05
2221 -6.23816060519e-05
2222 -6.23312605145e-05
2223 -6.18385558332e-05
2224 -6.09969029746e-05
2225 -5.98952345068e-05
2226 -5.85935807575e-05
2227 -5.71421539852e-05
2228 -5.56140622255e-05
2229 -5.40452975869e-05
2230 -5.24175847543e-05
2231 -5.07204861867e-05
2232 -4.89570278459e-05
2233 -4.71268488791e-05
2234 -4.52414339457e-05
2235 -4.3318433639e-05
2236 -4.14024107986e-05
2237 -3.95144143093e-05
2238 -3.76549102588e-05
2239 -3.58682407326e-05
2240 -3.42151538933e-05
2241 -3.27188825719e-05
2242 -3.13746261445e-05
2243 -3.01585774024e-05
2244 -2.90338915655e-05
2245 -2.79714429218e-05
2246 -2.69545543823e-05
2247 -2.59939835408e-05
2248 -2.5093026927e-05
2249 -2.42324500261e-05
2250 1.54285410839e-05
2251 1.47610393298e-05
2252 1.2030107021e-05
2253 8.59785299449e-06
2254 4.45861098214e-06
2255 -1.21678821886e-06
2256 -7.28662702769e-06
2257 -1.3694680398e-05
2258 -2.00277547331e-05
2259 -2.64682633872e-05
2260 -3.26703604816e-05
2261 -3.83763637144e-05
2262 -4.36126494433e-05
2263 -4.82112879327e-05
2264 -5.21716263096e-05
2265 -5.54209062514e-05
2266 -5.79595067371e-05
2267 -5.98458721504e-05
2268 -6.11198488759e-05
2269 -6.18430701027e-05
2270 -6.20501765063e-05
2271 -6.18311492944e-05
2272 -6.12548846116e-05
2273 -6.03948213371e-05
2274 -5.9304401177e-05
2275 -5.80431740644e-05
2276 -5.66458291908e-05
2277 -5.51769820842e-05
2278 -5.36700318483e-05
2279 -5.21007357307e-05
2280 -5.04658888645e-05
2281 -4.87683631545e-05
2282 -4.70038751914e-05
2283 -4.51836154397e-05
2284 -4.33231238716e-05
2285 -4.14624894099e-05
2286 -3.96284163018e-05
2287 -3.7822456994e-05
2288 -3.60680336986e-05
2289 -3.44281462316e-05
2290 -3.29285861706e-05
2291 -3.15722939251e-05
2292 -3.03472879625e-05
2293 -2.92188909342e-05
2294 -2.81598035418e-05
2295 -2.71462385792e-05
2296 -2.61839778756e-05
2297 -2.52819687177e-05
2298 -2.44307418974e-05
2299 -2.36113236669e-05
2300 -1.62999474502e-05
2301 -1.67182356684e-05
2302 -1.84801725689e-05
2303 -2.0704654671e-05
2304 -2.33451955837e-05
2305 -2.69471751797e-05
2306 -3.07698872894e-05
2307 -3.47677601097e-05
2308 -3.86803661012e-05
2309 -4.26193942314e-05
2310 -4.63654148035e-05
2311 -4.9760853371e-05
2312 -5.28197154819e-05
2313 -5.54458182911e-05
2314 -5.76293265172e-05
2315 -5.93209997048e-05
2316 -6.05314610841e-05
2317 -6.13024991409e-05
2318 -6.16555013748e-05
2319 -6.16253514215e-05
2320 -6.12479926861e-05
2321 -6.05891719539e-05
2322 -5.97000183888e-05
2323 -5.86240225242e-05
2324 -5.73881945139e-05
2325 -5.60429343757e-05
2326 -5.46350835987e-05
2327 -5.3185669173e-05
2328 -5.16788164525e-05
2329 -5.01084457231e-05
2330 -4.84752613765e-05
2331 -4.67772490747e-05
2332 -4.50218379842e-05
2333 -4.32262937072e-05
2334 -4.14288810704e-05
2335 -3.96532429791e-05
2336 -3.79040187092e-05
2337 -3.61946609478e-05
2338 -3.45725225393e-05
2339 -3.30793936868e-05
2340 -3.17186267235e-05
2341 -3.04887376423e-05
2342 -2.93611522214e-05
2343 -2.83059937237e-05
2344 -2.72992188784e-05
2345 -2.63387879801e-05
2346 -2.54404138109e-05
2347 -2.45974999303e-05
2348 -2.37964013716e-05
2349 -2.30127374745e-05
2350 -3.67788137081e-05
2351 -3.70214474457e-05
2352 -3.80892450754e-05
2353 -3.94335713606e-05
2354 -4.10102538171e-05
2355 -4.31731770963e-05
2356 -4.54415162806e-05
2357 -4.7796346278e-05
2358 -5.00700135985e-05
2359 -5.23289698671e-05
2360 -5.44409525053e-05
2361 -5.63058046379e-05
2362 -5.79234330059e-05
2363 -5.9239707644e-05
2364 -6.02495739332e-05
2365 -6.09269409811e-05
2366 -6.12760467693e-05
2367 -6.13143757698e-05
2368 -6.10632160868e-05
2369 -6.05534172865e-05
2370 -5.98233691321e-05
2371 -5.89071755368e-05
2372 -5.78350740711e-05
2373 -5.66334037704e-05
2374 -5.53365554746e-05
2375 -5.39945259281e-05
2376 -5.26069577674e-05
2377 -5.11565109121e-05
2378 -4.96481782754e-05
2379 -4.80776764141e-05
2380 -4.64411446865e-05
2381 -4.47536359136e-05
2382 -4.30254914192e-05
2383 -4.12965538743e-05
2384 -3.95858791468e-05
2385 -3.78947088328e-05
2386 -3.6231873936e-05
2387 -3.46432487311e-05
2388 -3.31637111817e-05
2389 -3.1810210981e-05
2390 -3.05818595385e-05
2391 -2.94577453554e-05
2392 -2.84103607516e-05
2393 -2.74149144945e-05
2394 -2.64615341702e-05
2395 -2.55668980359e-05
2396 -2.47354244552e-05
2397 -2.39520545263e-05
2398 -2.31930755933e-05
2399 -2.243301501e-05
2400 -4.91187229293e-05
2401 -4.92455662888e-05
2402 -4.98599099619e-05
2403 -5.06175735369e-05
2404 -5.14932076839e-05
2405 -5.27104031674e-05
2406 -5.39641942531e-05
2407 -5.52467590974e-05
2408 -5.64574288094e-05
2409 -5.76248598466e-05
2410 -5.86731963813e-05
2411 -5.95388085039e-05
2412 -6.02271251166e-05
2413 -6.07044940207e-05
2414 -6.09600305959e-05
2415 -6.09798572112e-05
2416 -6.07682363807e-05
2417 -6.03439972335e-05
2418 -5.97276766542e-05
2419 -5.89391939034e-05
2420 -5.80066058943e-05
2421 -5.69428878383e-05
2422 -5.57734826488e-05
2423 -5.45389457826e-05
2424 -5.32609980954e-05
2425 -5.19364730632e-05
2426 -5.05485848265e-05
2427 -4.90985458318e-05
2428 -4.75872078447e-05
2429 -4.60176028606e-05
2430 -4.43944230666e-05
2431 -4.27381194524e-05
2432 -4.10783354423e-05
2433 -3.9433778033e-05
2434 -3.77995768297e-05
2435 -3.61835513027e-05
2436 -3.46283118686e-05
2437 -3.31754736629e-05
2438 -3.18361073055e-05
2439 -3.06187114516e-05
2440 -2.95055048928e-05
2441 -2.84690166852e-05
2442 -2.74876265359e-05
2443 -2.65473532804e-05
2444 -2.56626036872e-05
2445 -2.48428310908e-05
2446 -2.40772010658e-05
2447 -2.33430965093e-05
2448 -2.26105219062e-05
2449 -2.18568850842e-05
2450 -5.59385585696e-05
2451 -5.59911577333e-05
2452 -5.63165313924e-05
2453 -5.67019964528e-05
2454 -5.7136307066e-05
2455 -5.77503122228e-05
2456 -5.83582935957e-05
2457 -5.89540997804e-05
2458 -5.94856682098e-05
2459 -5.99605681286e-05
2460 -6.03367623764e-05
2461 -6.05746030838e-05
2462 -6.06714870681e-05
2463 -6.0610113338e-05
2464 -6.0383976804e-05
2465 -5.99921936099e-05
2466 -5.94447953781e-05
2467 -5.87529338098e-05
2468 -5.79290177198e-05
2469 -5.69842122547e-05
2470 -5.59431853434e-05
2471 -5.48217719871e-05
2472 -5.36526629401e-05
2473 -5.24418489188e-05
2474 -5.11731468343e-05
2475 -4.98465695406e-05
2476 -4.84603772277e-05
2477 -4.70094281893e-05
2478 -4.5503860078e-05
2479 -4.39514889039e-05
2480 -4.23673747453e-05
2481 -4.07800201364e-05
2482 -3.92005287894e-05
2483 -3.76263220939e-05
2484 -3.60595424658e-05
2485 -3.45440004782e-05
2486 -3.31193837255e-05
2487 -3.18065703448e-05
2488 -3.06060284854e-05
2489 -2.9508642389e-05
2490 -2.84863096297e-05
2491 -2.752159772e-05
2492 -2.65991821173e-05
2493 -2.57284580519e-05
2494 -2.49239169017e-05
2495 -2.41755204511e-05
2496 -2.34637749224e-05
2497 -2.2755452789e-05
2498 -2.20280828315e-05
2499 -2.12663561057e-05
