0 0.000926066001934
1 0.000916708055793
2 0.000904529863358
3 0.000886362855942
4 0.000862069468531
5 0.000833725219582
6 0.000801118849273
7 0.000763227821967
8 0.000721702449049
9 0.000677522806096
10 0.000630704638093
11 0.000581427526998
12 0.000531459877999
13 0.000480993499998
14 0.000430476607724
15 0.000380221857017
16 0.000330998452309
17 0.0002831623209
18 0.000236760963428
19 0.000192487706487
20 0.000150758783662
21 0.000111620271435
22 7.47804812763e-05
23 4.06918778844e-05
24 9.64005512501e-06
25 -1.88031955176e-05
26 -4.43861774514e-05
27 -6.74234434996e-05
28 -8.76809822683e-05
29 -0.000105251012081
30 -0.00012048308789
31 -0.000133443771952
32 -0.000144259561591
33 -0.00015302347336
34 -0.000160025450138
35 -0.000165264296634
36 -0.000168928570228
37 -0.000171289135412
38 -0.000172474998532
39 -0.000172585406631
40 -0.000171669379093
41 -0.000169963633427
42 -0.000167582291032
43 -0.000164677514697
44 -0.000161297247925
45 -0.000157485910906
46 -0.000153357444904
47 -0.000148953078815
48 -0.000144349900373
49 -0.000139561246248
50 0.000922982625629
51 0.000914282728352
52 0.00090246714311
53 0.000884115368383
54 0.000859773644826
55 0.000831764678011
56 0.000799010698372
57 0.000761063507793
58 0.000719723327079
59 0.000675600082821
60 0.000628855010685
61 0.000579756612956
62 0.000529927334675
63 0.00047956661782
64 0.000429153770334
65 0.000379002816913
66 0.00032990927398
67 0.000282164135518
68 0.000235912041007
69 0.000191794769833
70 0.000150181931904
71 0.000111121067879
72 7.4425961246e-05
73 4.04434453799e-05
74 9.47241707493e-06
75 -1.88093566124e-05
76 -4.42848085832e-05
77 -6.72062570616e-05
78 -8.73726794408e-05
79 -0.00010490182782
80 -0.000120085934879
81 -0.000132957099685
82 -0.000143698549195
83 -0.000152434371522
84 -0.000159394508438
85 -0.000164636487367
86 -0.000168283419299
87 -0.000170630482124
88 -0.000171812579279
89 -0.000171924648663
90 -0.000171014044558
91 -0.000169315223597
92 -0.00016697199531
93 -0.000164084447748
94 -0.000160715837641
95 -0.000156919158565
96 -0.000152798982931
97 -0.000148411694196
98 -0.000143833717335
99 -0.000139078036194
100 0.000924197920924
101 0.000915480647584
102 0.000903481153564
103 0.000884929242459
104 0.000860319229365
105 0.000831957125313
106 0.00079882622779
107 0.000760475106885
108 0.000718735966068
109 0.000674199865368
110 0.000627046384758
111 0.000577578492555
112 0.000527392419181
113 0.000476703292601
114 0.00042600078467
115 0.000375598847809
116 0.000326313173846
117 0.000278426949303
118 0.000232080876034
119 0.000187922537508
120 0.000146330568235
121 0.000107338496677
122 7.07488543065e-05
123 3.69162779844e-05
124 6.13640701189e-06
125 -2.19343160595e-05
126 -4.71792060418e-05
127 -6.985129294e-05
128 -8.97655421201e-05
129 -0.000107039304462
130 -0.000121974827183
131 -0.000134608178203
132 -0.000145125621883
133 -0.000153647840634
134 -0.000160400786109
135 -0.000165445489257
136 -0.000168903312785
137 -0.000171072051056
138 -0.000172093630835
139 -0.000172065626311
140 -0.000171034852713
141 -0.000169227689246
142 -0.000166784034594
143 -0.000163799177914
144 -0.000160336928084
145 -0.000156453645806
146 -0.000152256950053
147 -0.000147812188201
148 -0.000143196446533
149 -0.000138416895483
150 0.000926325954953
151 0.000917526340577
152 0.000905234068435
153 0.000886333805623
154 0.000861275984473
155 0.000832332752684
156 0.0007985840443
157 0.000759570477149
158 0.0007171630166
159 0.000671949867706
160 0.000624129528544
161 0.00057405827479
162 0.00052330431449
163 0.00047210190666
164 0.000420955547773
165 0.000370179314452
166 0.000320609919332
167 0.000272519483543
168 0.000226041271134
169 0.000181830910136
170 0.000140278531094
171 0.000101397545314
172 6.49803011765e-05
173 3.13863979949e-05
174 8.93267146263e-07
175 -2.68477274136e-05
176 -5.1727732373e-05
177 -7.40108300295e-05
178 -9.35185185816e-05
179 -0.000110387693575
180 -0.000124926253785
181 -0.000137179714688
182 -0.000147337420325
183 -0.000155515990948
184 -0.000161945823918
185 -0.000166683999677
186 -0.0001698547826
187 -0.000171754070765
188 -0.000172527062393
189 -0.00017227531061
190 -0.000171045793936
191 -0.000169065093048
192 -0.00016646185964
193 -0.00016332720638
194 -0.00015972322413
195 -0.000155713851172
196 -0.000151408879396
197 -0.000146878618345
198 -0.000142199616033
199 -0.000137376644322
200 0.000929488132381
201 0.000920538554458
202 0.000907825066072
203 0.000888409925189
204 0.000862691847938
205 0.000832912989362
206 0.000798276105727
207 0.00075831185605
208 0.00071495181121
209 0.000668779315344
210 0.000620024057565
211 0.000569106434512
212 0.000517568949869
213 0.000465669393891
214 0.000413930654556
215 0.000362669348706
216 0.000312741457412
217 0.000264405911782
218 0.00021777962639
219 0.000173527287947
220 0.00013205153566
221 9.334305168e-05
222 5.71827132136e-05
223 2.39303081828e-05
224 -6.1525389077e-06
225 -3.34284588402e-05
226 -5.78030437746e-05
227 -7.95519932336e-05
228 -9.85170173668e-05
229 -0.000114839950973
230 -0.000128834501195
231 -0.00014056142123
232 -0.00015021825908
233 -0.000157926156882
234 -0.000163914734422
235 -0.000168245268265
236 -0.000171040416226
237 -0.000172586572415
238 -0.000173033589282
239 -0.000172481523188
240 -0.000170984586355
241 -0.000168764153814
242 -0.000165945099687
243 -0.000162613520232
244 -0.000158832542325
245 -0.000154668927176
246 -0.00015023146734
247 -0.000145593465817
248 -0.000140827420795
249 -0.000135943428591
250 0.000935146750874
251 0.000925940579282
252 0.000912560329792
253 0.000892458140963
254 0.000865679624226
255 0.000834686944135
256 0.000798761781461
257 0.000757427530003
258 0.000712716303881
259 0.00066517230967
260 0.000615074893033
261 0.000562965969394
262 0.000510336741201
263 0.000457467661792
264 0.000404905770904
265 0.000352971414676
266 0.000302547950499
267 0.000253867993464
268 0.000207038876768
269 0.00016273404279
270 0.000121345366606
271 8.28588802559e-05
272 4.70418728434e-05
273 1.42255081629e-05
274 -1.53395438407e-05
275 -4.20254144949e-05
276 -6.57543273805e-05
277 -8.6816044827e-05
278 -0.000105068121631
279 -0.000120692089436
280 -0.000133997377668
281 -0.000145042664399
282 -0.000154046030921
283 -0.000161131222001
284 -0.000166552557861
285 -0.000170352012413
286 -0.00017266922427
287 -0.000173762600775
288 -0.000173791672156
289 -0.000172859079941
290 -0.000171007367619
291 -0.00016846109958
292 -0.000165356892941
293 -0.00016177320056
294 -0.000157773074651
295 -0.000153422217231
296 -0.000148815777825
297 -0.000144034959611
298 -0.000139151911595
299 -0.000134178655396
300 0.000945314656869
301 0.000935522757044
302 0.000921283021134
303 0.000899928284852
304 0.000871741585427
305 0.000838961932139
306 0.000801234908852
307 0.000757980019945
308 0.000711295117114
309 0.000661750958412
310 0.000609801237449
311 0.000556036414209
312 0.000501892754324
313 0.000447688987052
314 0.000394011558414
315 0.00034119588786
316 0.000290061279078
317 0.000240948035376
318 0.000193824864853
319 0.000149433313676
320 0.000108146313483
321 6.99671143621e-05
322 3.44754355813e-05
323 2.21537481256e-06
324 -2.67400772195e-05
325 -5.27122047102e-05
326 -7.5663232795e-05
327 -9.59186092336e-05
328 -0.000113366082313
329 -0.000128131344393
330 -0.000140585317959
331 -0.000150819400527
332 -0.00015901854856
333 -0.000165328211277
334 -0.000170016502727
335 -0.000173171296178
336 -0.000174888017987
337 -0.000175439381934
338 -0.000174929482965
339 -0.000173518024621
340 -0.000171250725592
341 -0.000168304374395
342 -0.000164832488799
343 -0.000160940864932
344 -0.000156673884913
345 -0.000152092659657
346 -0.000147289071718
347 -0.000142336561382
348 -0.000137305284406
349 -0.000132207688691
350 0.000955622578408
351 0.000944798383801
352 0.00092948274733
353 0.000906789988895
354 0.000876848347435
355 0.000842194714487
356 0.000802458883887
357 0.000756991763916
358 0.000708163164193
359 0.000656668889253
360 0.000602870047089
361 0.000547493518041
362 0.000491931455542
363 0.0004365962615
364 0.000381980141964
365 0.00032852177444
366 0.00027696117878
367 0.000227649401724
368 0.000180484982041
369 0.000136226667175
370 9.54017015236e-05
371 5.76217062135e-05
372 2.27500812567e-05
373 -8.89027625782e-06
374 -3.70166875828e-05
375 -6.21686384888e-05
376 -8.42650871123e-05
377 -0.000103634966635
378 -0.000120142239651
379 -0.000134021726127
380 -0.000145597231131
381 -0.000154984716678
382 -0.000162402975356
383 -0.000167999576133
384 -0.000172010256932
385 -0.00017452430593
386 -0.000175677777075
387 -0.000175716850396
388 -0.000174812861732
389 -0.000172987861927
390 -0.000170324858388
391 -0.000167070484987
392 -0.000163319073454
393 -0.000159172446036
394 -0.000154699854203
395 -0.00014995439377
396 -0.000145012219992
397 -0.000139952892388
398 -0.000134832253007
399 -0.000129672659421
400 0.000971290088747
401 0.000959016584514
402 0.000942463259824
403 0.000917904057858
404 0.000885433143686
405 0.000848171673791
406 0.000805739477116
407 0.000757412880633
408 0.000705729946799
409 0.000651646776844
410 0.000595502619106
411 0.000538055399365
412 0.000480774120788
413 0.000424069910162
414 0.000368390696521
415 0.000314147941552
416 0.000262277910619
417 0.00021272921985
418 0.000165620601522
419 0.000121620958917
420 8.12270482521e-05
421 4.40613854974e-05
422 9.93389315814e-06
423 -2.09405050815e-05
424 -4.81689186343e-05
425 -7.23624889909e-05
426 -9.34880096892e-05
427 -0.000111839002102
428 -0.000127346606676
429 -0.000140241096773
430 -0.000150841957413
431 -0.000159292927398
432 -0.000165834257627
433 -0.000170615000167
434 -0.000173872975153
435 -0.000175710334722
436 -0.000176242986886
437 -0.000175730405146
438 -0.000174310891605
439 -0.000172056529609
440 -0.000169026759125
441 -0.000165431525723
442 -0.000161390622809
443 -0.000156996424766
444 -0.00015231132287
445 -0.000147399023505
446 -0.000142327273102
447 -0.000137163572394
448 -0.000131961791272
449 -0.000126743311426
450 0.000998772739544
451 0.000984587686059
452 0.000965973623817
453 0.00093856019491
454 0.000902240273661
455 0.000861040462707
456 0.000814511843293
457 0.000761915235786
458 0.000705989247052
459 0.000648065687775
460 0.000588448771989
461 0.000527993071766
462 0.000468289628688
463 0.000409683272984
464 0.000352560014243
465 0.000297270006877
466 0.000244828490259
467 0.000195042739019
468 0.000147995941586
469 0.00010426738515
470 6.43858108981e-05
471 2.79879265017e-05
472 -5.3228464052e-06
473 -3.52041333653e-05
474 -6.14030027114e-05
475 -8.44659149811e-05
476 -0.000104452209091
477 -0.000121648880841
478 -0.000135977640972
479 -0.000147690174327
480 -0.000157165940012
481 -0.000164513799012
482 -0.000170022257761
483 -0.000173825562861
484 -0.000176194713432
485 -0.000177206395074
486 -0.000177002261169
487 -0.000175826124847
488 -0.000173819498783
489 -0.000171049899043
490 -0.000167575171085
491 -0.000163593969249
492 -0.000159214392454
493 -0.000154523462611
494 -0.000149589977564
495 -0.000144477805414
496 -0.000139250884043
497 -0.000133965912929
498 -0.00012866529526
499 -0.000123380881561
500 0.00104412166189
501 0.00102711396884
502 0.00100546730168
503 0.000973654258159
504 0.00093154868565
505 0.000884619933561
506 0.000832016966087
507 0.000772985257995
508 0.000710833526955
509 0.000647291685825
510 0.000582682368876
511 0.000517945603879
512 0.000454830791904
513 0.000393571846789
514 0.000334517593887
515 0.000277885979422
516 0.000224732657849
517 0.000174678092304
518 0.000127750684347
519 8.44240633327e-05
520 4.52470941333e-05
521 9.75757662949e-06
522 -2.25354823151e-05
523 -5.12458817337e-05
524 -7.62216782265e-05
525 -9.79655740578e-05
526 -0.00011660756092
527 -0.000132427858085
528 -0.000145411252991
529 -0.000155801001719
530 -0.000163991547468
531 -0.000170111559594
532 -0.000174450660894
533 -0.000177161372475
534 -0.000178519400135
535 -0.000178617359448
536 -0.000177585635994
537 -0.000175665037067
538 -0.000173003800274
539 -0.000169667597845
540 -0.000165712511115
541 -0.000161316682206
542 -0.00015657637499
543 -0.000151571680358
544 -0.000146372143445
545 -0.000141046610093
546 -0.000135653924777
547 -0.00013024712978
548 -0.00012485510011
549 -0.000119517199962
550 0.0011156787544
551 0.00109518284735
552 0.00106915480326
553 0.00103095080618
554 0.000980350819928
555 0.000925036811558
556 0.000863480150375
557 0.000794966517955
558 0.000723713071778
559 0.000651927715716
560 0.000580008123497
561 0.000509072062495
562 0.000441065757195
563 0.000376090975615
564 0.000314402242151
565 0.000256028741085
566 0.000201956366854
567 0.000151597459094
568 0.000104860380102
569 6.20917384365e-05
570 2.37958440104e-05
571 -1.05751532528e-05
572 -4.15868091339e-05
573 -6.88754841079e-05
574 -9.2389514305e-05
575 -0.000112616636341
576 -0.000129715108332
577 -0.000144016767549
578 -0.000155481828028
579 -0.000164416932668
580 -0.00017117604068
581 -0.000175932945194
582 -0.000178977695313
583 -0.000180483329774
584 -0.000180731584232
585 -0.000179820785814
586 -0.000177896122849
587 -0.000175165687391
588 -0.000171788940953
589 -0.000167841697062
590 -0.000163368289736
591 -0.000158533868084
592 -0.000153422570479
593 -0.000148099047251
594 -0.000142631597231
595 -0.000137091237599
596 -0.000131527730784
597 -0.000126008213977
598 -0.000120539808187
599 -0.000115163178071
600 0.00121622168708
601 0.00119182654817
602 0.00116062785064
603 0.00111351310877
604 0.00105216208571
605 0.000985717745315
606 0.000912013486321
607 0.000830618019498
608 0.000746949458408
609 0.000663792093215
610 0.000581854467257
611 0.00050243994172
612 0.000427773179394
613 0.00035780564647
614 0.000292660095915
615 0.000232135764955
616 0.000176952184516
617 0.000126378865947
618 7.9992746609e-05
619 3.80624838369e-05
620 9.42115350394e-07
621 -3.19884826105e-05
622 -6.14820862201e-05
623 -8.71004720947e-05
624 -0.000108935938785
625 -0.000127491651066
626 -0.000142872958265
627 -0.000155495005447
628 -0.00016533029672
629 -0.000172696520344
630 -0.000177940334102
631 -0.000181282649257
632 -0.000182971528822
633 -0.000183217255966
634 -0.000182299263954
635 -0.000180347449402
636 -0.000177501319946
637 -0.000173957822514
638 -0.000169856012738
639 -0.000165285098758
640 -0.000160308010706
641 -0.00015504506441
642 -0.000149581645868
643 -0.000143967938972
644 -0.000138257458683
645 -0.00013253049684
646 -0.000126825883222
647 -0.0001212178744
648 -0.000115702859657
649 -0.000110312872376
650 0.00134087514427
651 0.00131272571527
652 0.00127574678652
653 0.00121855218468
654 0.00114516411971
655 0.00106554299792
656 0.000977012766102
657 0.000879815994166
658 0.000780851654903
659 0.000683421164361
660 0.000588689807887
661 0.000498402917284
662 0.000415157034684
663 0.000338816344429
664 0.000269304588557
665 0.000206197953531
666 0.000149771329997
667 9.91542351344e-05
668 5.34351194846e-05
669 1.26632417239e-05
670 -2.28077213303e-05
671 -5.39865294569e-05
672 -8.16291748915e-05
673 -0.000105342193164
674 -0.000125220047667
675 -0.000141840222401
676 -0.000155363574303
677 -0.000166189303914
678 -0.000174296950134
679 -0.000180035804655
680 -0.000183743065442
681 -0.000185630808433
682 -0.000185972756773
683 -0.000184984835968
684 -0.000182922825225
685 -0.000179938141894
686 -0.000176182731679
687 -0.000171843138487
688 -0.000167047404116
689 -0.000161878997764
690 -0.000156414731497
691 -0.000150758890297
692 -0.000144977845919
693 -0.00013911355218
694 -0.000133207355817
695 -0.000127339091277
696 -0.000121541308308
697 -0.000115880168374
698 -0.000110357220057
699 -0.000104990606986
700 0.00147623002909
701 0.00144525213151
702 0.00140234076012
703 0.00133596638008
704 0.00125050242167
705 0.00115722016709
706 0.0010529129146
707 0.000938464069286
708 0.000822714800092
709 0.000709014427817
710 0.000599269493799
711 0.000496029258942
712 0.000402319693858
713 0.000318160905502
714 0.000243318009356
715 0.000177171155922
716 0.000119513955333
717 6.9112839996e-05
718 2.44486147909e-05
719 -1.46084706867e-05
720 -4.78866146218e-05
721 -7.68482738116e-05
722 -0.000102132420579
723 -0.000123572955755
724 -0.000141214443664
725 -0.000155703483002
726 -0.000167203071038
727 -0.000176083417969
728 -0.000182373534301
729 -0.000186428850457
730 -0.000188542825616
731 -0.000188965516546
732 -0.000187963915297
733 -0.000185733851774
734 -0.000182537900746
735 -0.000178538441221
736 -0.000173894509054
737 -0.000168784267518
738 -0.000163328381991
739 -0.000157599445479
740 -0.000151681063234
741 -0.000145664838024
742 -0.000139602092021
743 -0.000133525800096
744 -0.000127478182461
745 -0.000121517584802
746 -0.000115673661506
747 -0.000109995538466
748 -0.000104500028286
749 -9.9196787509e-05
750 0.00160552373543
751 0.00157275208507
752 0.00152431605591
753 0.00145013293028
754 0.00135477915828
755 0.0012484559915
756 0.00112921589353
757 0.00099850074464
758 0.000866347287193
759 0.0007359875535
760 0.000610228045737
761 0.000492810098611
762 0.00038722482141
763 0.000293957867011
764 0.000212887889322
765 0.000143190986074
766 8.4507520674e-05
767 3.47104065632e-05
768 -8.17224154096e-06
769 -4.47798911253e-05
770 -7.51263464031e-05
771 -0.000101118211223
772 -0.000123481821706
773 -0.000142187970018
774 -0.000157200040992
775 -0.00016927129977
776 -0.000178506203277
777 -0.000185272615318
778 -0.000189608343233
779 -0.00019188733503
780 -0.000192368744403
781 -0.000191288745286
782 -0.000188904117664
783 -0.000185428655624
784 -0.000181111531676
785 -0.000176113387868
786 -0.000170602549519
787 -0.00016474656963
788 -0.000158654997881
789 -0.000152396661695
790 -0.000146059710051
791 -0.000139718900544
792 -0.000133413268545
793 -0.000127166716482
794 -0.00012101998205
795 -0.000115014470512
796 -0.0001091711761
797 -0.000103532589977
798 -9.80987669478e-05
799 -9.28922015629e-05
800 0.00171465361039
801 0.00168086187886
802 0.00162649068342
803 0.00154595625285
804 0.00144279847694
805 0.00132456284605
806 0.00119258946903
807 0.00104828454644
808 0.000901976004936
809 0.000756458077937
810 0.000615613366052
811 0.000484373597017
812 0.000366508007213
813 0.000263535632548
814 0.000175653147502
815 0.00010219593519
816 4.28034013731e-05
817 -5.69246134342e-06
818 -4.58323171062e-05
819 -7.89043336485e-05
820 -0.000105323857474
821 -0.000127338787789
822 -0.000145958424742
823 -0.000161241184109
824 -0.000173138052443
825 -0.00018239435489
826 -0.000189087678673
827 -0.000193522348206
828 -0.000195777738467
829 -0.000196166624871
830 -0.00019493337257
831 -0.000192315047802
832 -0.000188559032584
833 -0.000183860123588
834 -0.000178445875373
835 -0.000172484261852
836 -0.000166144533952
837 -0.000159582657745
838 -0.000152892942209
839 -0.000146149963825
840 -0.000139447035342
841 -0.000132827073403
842 -0.000126322354595
843 -0.000119954065345
844 -0.000113750866486
845 -0.000107748981311
846 -0.000101950918157
847 -9.63855606628e-05
848 -9.10563731032e-05
849 -8.59794077417e-05
850 0.00180326086041
851 0.00176673301189
852 0.0017055932982
853 0.00161733186106
854 0.00150548341823
855 0.00137561276553
856 0.00123210764734
857 0.00107628263694
858 0.000918537688155
859 0.000760691973341
860 0.000607290514456
861 0.000464286531401
862 0.000335166882384
863 0.000222783708454
864 0.0001281309874
865 5.09769567602e-05
866 -8.69282597214e-06
867 -5.49182389279e-05
868 -9.09573853346e-05
869 -0.00011891749308
870 -0.000139714929706
871 -0.000156305307695
872 -0.000170038786672
873 -0.000180952353097
874 -0.000189030249076
875 -0.000194950097622
876 -0.000198739239737
877 -0.000200598884988
878 -0.000200595336164
879 -0.000198992128337
880 -0.000196000327948
881 -0.000191820544539
882 -0.000186688007051
883 -0.000180792539964
884 -0.000174320305906
885 -0.000167446664621
886 -0.000160328779587
887 -0.000153111223938
888 -0.000145877842617
889 -0.000138703685982
890 -0.000131690464433
891 -0.000124854456871
892 -0.000118205815405
893 -0.000111768732193
894 -0.000105564953023
895 -9.96190342233e-05
896 -9.39228784555e-05
897 -8.84841442859e-05
898 -8.33101763472e-05
899 -7.84117307651e-05
900 0.00188755100222
901 0.00184523268495
902 0.00177511503466
903 0.00167466364859
904 0.00154874414673
905 0.0014040114388
906 0.00124634248832
907 0.00107754164321
908 0.000908610761884
909 0.000740530728334
910 0.000577831826319
911 0.000426547209159
912 0.000289150835306
913 0.000169239292525
914 6.87729400049e-05
915 -1.15580893478e-05
916 -7.09321093832e-05
917 -0.000113884883208
918 -0.00014445727153
919 -0.000165565029061
920 -0.000178872101076
921 -0.000188244832478
922 -0.000195630244097
923 -0.000201003085928
924 -0.000204398874924
925 -0.000206375940951
926 -0.000206855520554
927 -0.00020590008783
928 -0.000203501627358
929 -0.000199843349611
930 -0.000195079961544
931 -0.000189373938254
932 -0.000182918104472
933 -0.000175897934338
934 -0.000168458527885
935 -0.000160775501376
936 -0.000152978682349
937 -0.000145200369775
938 -0.000137520514821
939 -0.00013000679011
940 -0.000122769141044
941 -0.000115801446772
942 -0.000109105651532
943 -0.000102667461826
944 -9.65373376366e-05
945 -9.07114079972e-05
946 -8.51881464105e-05
947 -7.99359269618e-05
948 -7.49718032274e-05
949 -7.03000602557e-05
950 0.00199596341313
951 0.001945453203
952 0.00186270257334
953 0.00174418586219
954 0.00159693709228
955 0.00143044340987
956 0.00125159466023
957 0.00106350286602
958 0.000879067804546
959 0.000698832429585
960 0.000527230349408
961 0.000369747087165
962 0.000227087679845
963 0.000102453974605
964 -2.01441306333e-06
965 -8.46085350408e-05
966 -0.000143489339035
967 -0.000182706440855
968 -0.000206704885778
969 -0.000219429089391
970 -0.000223289285397
971 -0.000223578657304
972 -0.000222911411884
973 -0.000221378932806
974 -0.000219070576608
975 -0.000216417203238
976 -0.000213157166806
977 -0.000209130918079
978 -0.000204217058153
979 -0.000198478515776
980 -0.000191961333019
981 -0.000184790875793
982 -0.00017710345554
983 -0.000169062714174
984 -0.000160767993879
985 -0.000152384480464
986 -0.000144032988279
987 -0.000135823383027
988 -0.000127815279653
989 -0.000120079409256
990 -0.000112727416263
991 -0.000105715033735
992 -9.9053841158e-05
993 -9.27031807901e-05
994 -8.67098735359e-05
995 -8.10667314801e-05
996 -7.57686792816e-05
997 -7.07679312964e-05
998 -6.60661664198e-05
999 -6.16743251633e-05
1000 0.00213769379878
1001 0.00207740369657
1002 0.00197845040283
1003 0.00183714728514
1004 0.00166273105733
1005 0.00146790112401
1006 0.00126089817992
1007 0.00104664574265
1008 0.00084087000693
1009 0.000644082862517
1010 0.00046130371017
1011 0.00029752869944
1012 0.000151405753083
1013 2.45555053735e-05
1014 -8.1659968973e-05
1015 -0.000165212476855
1016 -0.000223667873992
1017 -0.000259588437238
1018 -0.000277066202867
1019 -0.000280685195982
1020 -0.0002735686506
1021 -0.00026294398248
1022 -0.000252369718355
1023 -0.000242385123468
1024 -0.000233168744031
1025 -0.00022505215948
1026 -0.000217515298415
1027 -0.000210121680203
1028 -0.000202551094635
1029 -0.000194704836836
1030 -0.00018646964743
1031 -0.000177913160141
1032 -0.000169098987356
1033 -0.000160156241014
1034 -0.000151132635008
1035 -0.000142204019939
1036 -0.0001334454724
1037 -0.000124936794592
1038 -0.000116728869222
1039 -0.000108882913454
1040 -0.000101530924602
1041 -9.4577386082e-05
1042 -8.80361210244e-05
1043 -8.18588727172e-05
1044 -7.60883726052e-05
1045 -7.07071910016e-05
1046 -6.57095013009e-05
1047 -6.10201444883e-05
1048 -5.66375136738e-05
1049 -5.25808530674e-05
1050 0.00231158190219
1051 0.00223946595797
1052 0.00212032086611
1053 0.00195156591195
1054 0.00174453211595
1055 0.00151540006652
1056 0.00127455753694
1057 0.00102885393186
1058 0.00079731472567
1059 0.000580287811687
1060 0.000383884473066
1061 0.000213062195727
1062 6.45688759518e-05
1063 -6.15888843229e-05
1064 -0.000166408722781
1065 -0.000248645728813
1066 -0.000306064678048
1067 -0.000339536411492
1068 -0.000351679215295
1069 -0.000346717630714
1070 -0.000328415248134
1071 -0.000305798133697
1072 -0.000283739114325
1073 -0.000263830068
1074 -0.000246512572122
1075 -0.000232074002271
1076 -0.000219712304102
1077 -0.000208651398717
1078 -0.00019830424729
1079 -0.000188341704896
1080 -0.000178461555375
1081 -0.000168623364076
1082 -0.000158821164829
1083 -0.000149109608502
1084 -0.000139511776867
1085 -0.000130170080231
1086 -0.000121151942552
1087 -0.000112471877131
1088 -0.000104183033699
1089 -9.63573411659e-05
1090 -8.91242593716e-05
1091 -8.2347011735e-05
1092 -7.6028642056e-05
1093 -7.01301163207e-05
1094 -6.46809882968e-05
1095 -5.96401056525e-05
1096 -5.50058879855e-05
1097 -5.06962400793e-05
1098 -4.67008292293e-05
1099 -4.3042394351e-05
1100 0.00251600377104
1101 0.00242949767827
1102 0.00228537077546
1103 0.00208272006455
1104 0.00183644987683
1105 0.0015662545493
1106 0.00128575994352
1107 0.00100407859714
1108 0.000743768190254
1109 0.000504470596096
1110 0.000293407130511
1111 0.000115660833513
1112 -3.37516975399e-05
1113 -0.000156284899111
1114 -0.000255469168859
1115 -0.000332496702274
1116 -0.000386269059394
1117 -0.000417273501011
1118 -0.000425706129486
1119 -0.000414088799995
1120 -0.00038591322177
1121 -0.000351267126766
1122 -0.00031671604902
1123 -0.00028558273731
1124 -0.000258946161668
1125 -0.000237289507192
1126 -0.000219517298558
1127 -0.00020446557767
1128 -0.000191225122502
1129 -0.000179140269617
1130 -0.000167704199965
1131 -0.000156706071696
1132 -0.000146060940077
1133 -0.000135739909441
1134 -0.000125746991754
1135 -0.000116162223967
1136 -0.000107042710353
1137 -9.83968490421e-05
1138 -9.02106588162e-05
1139 -8.25498315212e-05
1140 -7.55556444181e-05
1141 -6.90804939067e-05
1142 -6.30811595013e-05
1143 -5.75174896709e-05
1144 -5.2457094602e-05
1145 -4.78352401622e-05
1146 -4.36396206765e-05
1147 -3.97877576876e-05
1148 -3.62497592496e-05
1149 -3.30496986987e-05
1150 0.00275358516081
1151 0.00264867118892
1152 0.00247288362687
1153 0.00222763537486
1154 0.0019332298233
1155 0.00161332328148
1156 0.00128617688582
1157 0.000963718936434
1158 0.000672249265687
1159 0.000409974187086
1160 0.000184934728731
1161 2.01450463049e-06
1162 -0.000145771740622
1163 -0.000261003920685
1164 -0.000349722204197
1165 -0.000415853582702
1166 -0.000460863520697
1167 -0.000486719622057
1168 -0.000491798094188
1169 -0.000475929037237
1170 -0.000440849549874
1171 -0.000396004790575
1172 -0.000349339025199
1173 -0.000306449566256
1174 -0.000269728572385
1175 -0.000240138033473
1176 -0.00021647593874
1177 -0.000197174957582
1178 -0.000180977030587
1179 -0.000166819899443
1180 -0.00015395656191
1181 -0.000141980103315
1182 -0.000130683554903
1183 -0.000119964739032
1184 -0.000109752796193
1185 -0.000100100367284
1186 -9.10509124525e-05
1187 -8.2594260729e-05
1188 -7.46572391154e-05
1189 -6.7314606917e-05
1190 -6.06989986593e-05
1191 -5.46534546213e-05
1192 -4.90893231581e-05
1193 -4.4018034646e-05
1194 -3.94600216984e-05
1195 -3.53450409736e-05
1196 -3.16597738861e-05
1197 -2.83260772168e-05
1198 -2.53018005018e-05
1199 -2.26156851424e-05
1200 0.00302205996829
1201 0.00289445030896
1202 0.00267868608684
1203 0.00238043651757
1204 0.00202751388125
1205 0.00164841657465
1206 0.001267589684
1207 0.000900226400557
1208 0.000576494990416
1209 0.000292251195504
1210 5.58906568031e-05
1211 -0.000128647525736
1212 -0.00027116220555
1213 -0.000375321944659
1214 -0.000449160555009
1215 -0.0004986628778
1216 -0.000528631755124
1217 -0.000543907285017
1218 -0.000543271662201
1219 -0.000524196482119
1220 -0.000485732945502
1221 -0.000434219182371
1222 -0.000377768829342
1223 -0.000324060978947
1224 -0.000277428242633
1225 -0.000239757676389
1226 -0.000210087871018
1227 -0.000186525513545
1228 -0.000167414809602
1229 -0.000151371266371
1230 -0.0001372938837
1231 -0.000124557815016
1232 -0.000112859638031
1233 -0.000101961473781
1234 -9.17751061443e-05
1235 -8.22685045893e-05
1236 -7.34877337656e-05
1237 -6.53911196789e-05
1238 -5.78441762981e-05
1239 -5.09628340212e-05
1240 -4.48663200905e-05
1241 -3.93798216951e-05
1242 -3.44053064753e-05
1243 -2.99155196787e-05
1244 -2.59357192528e-05
1245 -2.24072308338e-05
1246 -1.93025851192e-05
1247 -1.65400082859e-05
1248 -1.40847432627e-05
1249 -1.19503226817e-05
1250 0.00333236767991
1251 0.00317525300097
1252 0.00290748917581
1253 0.00254177113717
1254 0.00211605137677
1255 0.00166519996146
1256 0.00122187108509
1257 0.000804987331997
1258 0.000448521854591
1259 0.000144685435937
1260 -9.86560558546e-05
1261 -0.000279650331702
1262 -0.000411497560745
1263 -0.00049995724908
1264 -0.000554409747006
1265 -0.000582723222135
1266 -0.000592095845294
1267 -0.000590372644404
1268 -0.00057881105896
1269 -0.000554743680991
1270 -0.000514812630958
1271 -0.000460504765984
1272 -0.000397835503475
1273 -0.000335621435818
1274 -0.000280246749572
1275 -0.000235005993612
1276 -0.000199581459082
1277 -0.000171973664784
1278 -0.000150239058785
1279 -0.000132546713207
1280 -0.000117536827699
1281 -0.000104322516309
1282 -9.23979195814e-05
1283 -8.16039187006e-05
1284 -7.16439690466e-05
1285 -6.25067170122e-05
1286 -5.42110132316e-05
1287 -4.66779406219e-05
1288 -3.97484728859e-05
1289 -3.35196802317e-05
1290 -2.80874676227e-05
1291 -2.32681999609e-05
1292 -1.89768876099e-05
1293 -1.51593197912e-05
1294 -1.18503051524e-05
1295 -8.98487946156e-06
1296 -6.53182228667e-06
1297 -4.40053527832e-06
1298 -2.57092765939e-06
1299 -1.03216226061e-06
1300 0.00369265696834
1301 0.00349645760363
1302 0.00316053440291
1303 0.00270793784429
1304 0.00219116337774
1305 0.00165385812313
1306 0.00113858195579
1307 0.000668670192205
1308 0.000281236715358
1309 -3.72918987244e-05
1310 -0.000280631555217
1311 -0.00045048306418
1312 -0.000564593001806
1313 -0.000631338193029
1314 -0.000662014015653
1315 -0.000665587406791
1316 -0.000650797603142
1317 -0.000627242171665
1318 -0.000599075735899
1319 -0.000565739719917
1320 -0.000523540518645
1321 -0.000469168402615
1322 -0.000404421997815
1323 -0.000337294156815
1324 -0.000275635719192
1325 -0.000224241010539
1326 -0.000183985168788
1327 -0.000152963904894
1328 -0.000129143187704
1329 -0.000110322567611
1330 -9.47829742028e-05
1331 -8.14720072726e-05
1332 -6.97390751926e-05
1333 -5.93211351572e-05
1334 -4.98279234388e-05
1335 -4.12841350957e-05
1336 -3.36427588157e-05
1337 -2.68144099237e-05
1338 -2.06039973882e-05
1339 -1.51511118272e-05
1340 -1.05158306899e-05
1341 -6.47633621244e-06
1342 -2.95850060389e-06
1343 8.90025738415e-08
1344 2.64862058876e-06
1345 4.78266034183e-06
1346 6.52233792203e-06
1347 7.96807587308e-06
1348 9.14231730346e-06
1349 1.0048145991e-05
1350 0.00411074475697
1351 0.00386220248295
1352 0.00343636825531
1353 0.00287212308022
1354 0.00224219543949
1355 0.0016020905508
1356 0.00100645939725
1357 0.000483084123544
1358 6.97378701902e-05
1359 -0.000254776455269
1360 -0.000488013434807
1361 -0.000636889312933
1362 -0.000724614044126
1363 -0.000762815011293
1364 -0.000764832016398
1365 -0.000740661237845
1366 -0.000700170293937
1367 -0.000653043468829
1368 -0.000604999016711
1369 -0.00055813841951
1370 -0.000510851732445
1371 -0.000456885877223
1372 -0.000393312163579
1373 -0.000325364882595
1374 -0.000260853050883
1375 -0.000205741237399
1376 -0.000162219508775
1377 -0.000128921330037
1378 -0.000103854405662
1379 -8.45401503805e-05
1380 -6.8987218903e-05
1381 -5.60075379916e-05
1382 -4.47665122236e-05
1383 -3.50133669059e-05
1384 -2.62367504578e-05
1385 -1.85196749143e-05
1386 -1.17530956577e-05
1387 -5.82321835003e-06
1388 -5.51219584997e-07
1389 3.99314150047e-06
1390 7.70631003699e-06
1391 1.08551071791e-05
1392 1.34789484584e-05
1393 1.56752176857e-05
1394 1.73975471929e-05
1395 1.87450468227e-05
1396 1.9710785213e-05
1397 2.04344494679e-05
1398 2.09132497851e-05
1399 2.11504827139e-05
1400 0.00460304699134
1401 0.00428353634808
1402 0.00373599895127
1403 0.00302577688014
1404 0.00225431319885
1405 0.00149227372062
1406 0.00080918066754
1407 0.000235932173374
1408 -0.000193346890816
1409 -0.000510224224181
1410 -0.000719125790091
1411 -0.00083439767256
1412 -0.000885352228827
1413 -0.000887274727269
1414 -0.000855369542385
1415 -0.000800751584178
1416 -0.000734009710385
1417 -0.0006637475351
1418 -0.000595553734523
1419 -0.000533176761359
1420 -0.000477978777907
1421 -0.000423076275154
1422 -0.000362257449975
1423 -0.000296798072322
1424 -0.000233251897001
1425 -0.000177543846537
1426 -0.000133102635592
1427 -9.92093444228e-05
1428 -7.41394383688e-05
1429 -5.52287428945e-05
1430 -4.03583042742e-05
1431 -2.8202984706e-05
1432 -1.7902755818e-05
1433 -9.12144613287e-06
1434 -1.36134804122e-06
1435 5.31333617375e-06
1436 1.10431119167e-05
1437 1.59254530834e-05
1438 2.0154962802e-05
1439 2.36744955304e-05
1440 2.63656863286e-05
1441 2.85260432842e-05
1442 3.02076147262e-05
1443 3.14862540354e-05
1444 3.23184475998e-05
1445 3.28323777625e-05
1446 3.29920115916e-05
1447 3.29449198518e-05
1448 3.26858144026e-05
1449 3.2254363311e-05
1450 0.00519010046924
1451 0.00477132268421
1452 0.00405596871986
1453 0.00315198300984
1454 0.00220377184387
1455 0.00130009874742
1456 0.000527199402256
1457 -8.50182271619e-05
1458 -0.000512267034511
1459 -0.000801431261901
1460 -0.00096722415383
1461 -0.00103392055463
1462 -0.0010365751859
1463 -0.000994326699393
1464 -0.000923919458363
1465 -0.000837035051535
1466 -0.000744339033982
1467 -0.000652809368348
1468 -0.000566696887511
1469 -0.000489739418232
1470 -0.000425665172655
1471 -0.000368271215757
1472 -0.000310358354899
1473 -0.000249923142603
1474 -0.000190578010159
1475 -0.000137725163664
1476 -9.51858146341e-05
1477 -6.28563460101e-05
1478 -3.93908930566e-05
1479 -2.20174201387e-05
1480 -8.63913544705e-06
1481 2.08467984264e-06
1482 1.09914756033e-05
1483 1.84688010387e-05
1484 2.49309612666e-05
1485 3.03427530429e-05
1486 3.48559449663e-05
1487 3.85194508876e-05
1488 4.15628673953e-05
1489 4.39210225656e-05
1490 4.54847264367e-05
1491 4.65340256566e-05
1492 4.71722058341e-05
1493 4.74577813423e-05
1494 4.73380606665e-05
1495 4.6951537977e-05
1496 4.62515442938e-05
1497 4.54021968306e-05
1498 4.43791475505e-05
1499 4.32106243562e-05
1500 0.00588611826986
1501 0.00532576160788
1502 0.00437885047688
1503 0.00322049830947
1504 0.00205744294808
1505 0.000998388487752
1506 0.00014508100674
1507 -0.000481953985197
1508 -0.00087894412135
1509 -0.00111341578203
1510 -0.00121402024435
1511 -0.00121652714541
1512 -0.00116047417275
1513 -0.00106854677128
1514 -0.000957532226712
1515 -0.000838914176857
1516 -0.000722824045533
1517 -0.000613746936769
1518 -0.00051414798745
1519 -0.000426603180295
1520 -0.000355604597618
1521 -0.000295684420692
1522 -0.000240247873563
1523 -0.00018571380296
1524 -0.000133351029806
1525 -8.6449599342e-05
1526 -4.87809538876e-05
1527 -2.04397855781e-05
1528 -4.38752344143e-07
1529 1.40606518397e-05
1530 2.50607780121e-05
1531 3.37159926291e-05
1532 4.07980088834e-05
1533 4.66428798695e-05
1534 5.15834891412e-05
1535 5.55845986107e-05
1536 5.87322916941e-05
1537 6.10825863229e-05
1538 6.28573276625e-05
1539 6.39899283905e-05
1540 6.4378791481e-05
1541 6.42979409408e-05
1542 6.38701242121e-05
1543 6.31335812743e-05
1544 6.20417506798e-05
1545 6.07422951263e-05
1546 5.91862908606e-05
1547 5.75316559959e-05
1548 5.57525033506e-05
1549 5.387156436e-05
1550 0.00672190316916
1551 0.00595669810861
1552 0.00468146991232
1553 0.00318688484403
1554 0.0017690292303
1555 0.000552369820408
1556 -0.000353716534004
1557 -0.000953998739015
1558 -0.00128080512989
1559 -0.00142661722339
1560 -0.0014375565647
1561 -0.00136106368373
1562 -0.00123874293448
1563 -0.001094806028
1564 -0.000944107649346
1565 -0.000797055749994
1566 -0.000662354983133
1567 -0.000541169401693
1568 -0.000433807334602
1569 -0.000341218123325
1570 -0.000267940536411
1571 -0.000207527055697
1572 -0.000154902192931
1573 -0.000106437469815
1574 -6.2004768111e-05
1575 -2.32886025352e-05
1576 6.88040864775e-06
1577 2.87128389621e-05
1578 4.32764099154e-05
1579 5.33762358413e-05
1580 6.0787525254e-05
1581 6.66490180651e-05
1582 7.14342116179e-05
1583 7.5295484342e-05
1584 7.84837515131e-05
1585 8.09061638668e-05
1586 8.25588804286e-05
1587 8.35013639398e-05
1588 8.39406795567e-05
1589 8.37993672621e-05
1590 8.2975446983e-05
1591 8.17279554566e-05
1592 8.01890524081e-05
1593 7.84098362792e-05
1594 7.63424416533e-05
1595 7.41186409895e-05
1596 7.17112705561e-05
1597 6.92574196519e-05
1598 6.6738264749e-05
1599 6.41785878636e-05
1600 0.00773899532039
1601 0.00666422376209
1602 0.00491609374857
1603 0.00298161795738
1604 0.00127807188923
1605 -7.14675277021e-05
1606 -0.000973862248979
1607 -0.00148265576957
1608 -0.0016878356093
1609 -0.0017068099048
1610 -0.00160540493291
1611 -0.00144016936325
1612 -0.00124934092949
1613 -0.0010563880183
1614 -0.000872022721887
1615 -0.000703952764059
1616 -0.000558096935143
1617 -0.000431978414151
1618 -0.000323822840711
1619 -0.000232526382445
1620 -0.000162250333189
1621 -0.000105135538517
1622 -5.67551140492e-05
1623 -1.48775921707e-05
1624 2.10188618412e-05
1625 5.02107677262e-05
1626 7.07922966498e-05
1627 8.3879532235e-05
1628 9.10323802369e-05
1629 9.52283436746e-05
1630 9.80988688679e-05
1631 0.000100459362501
1632 0.000102488454403
1633 0.000104068413631
1634 0.000105313465154
1635 0.000106001858561
1636 0.000106064683452
1637 0.000105543936444
1638 0.000104607018323
1639 0.00010315754264
1640 0.000101083984525
1641 9.86882492893e-05
1642 9.60607889787e-05
1643 9.32278888002e-05
1644 9.01821615376e-05
1645 8.70404131799e-05
1646 8.37883039375e-05
1647 8.05381266977e-05
1648 7.7272916701e-05
1649 7.40163396758e-05
1650 0.00899431323863
1651 0.00742808080245
1652 0.00498651440691
1653 0.00249444036217
1654 0.000512219123813
1655 -0.000894325978091
1656 -0.0016908155937
1657 -0.00201809260902
1658 -0.00204361857835
1659 -0.00190096147789
1660 -0.00167324163614
1661 -0.00141924808324
1662 -0.00116730809949
1663 -0.000936273920259
1664 -0.000730062924501
1665 -0.000552584160254
1666 -0.000406340807447
1667 -0.000284554822603
1668 -0.000183647277279
1669 -0.00010089293971
1670 -3.98379055683e-05
1671 9.11356787161e-06
1672 4.9871299886e-05
1673 8.41942193091e-05
1674 0.000111484431654
1675 0.000130808794054
1676 0.000140699623128
1677 0.000143419403975
1678 0.000141568826638
1679 0.000138563129193
1680 0.000135991308525
1681 0.000134237548345
1682 0.000133131444784
1683 0.000132202916602
1684 0.000131377349477
1685 0.000130260569287
1686 0.000128705578081
1687 0.000126712278572
1688 0.000124405067657
1689 0.000121658998826
1690 0.000118402652111
1691 0.000114855742842
1692 0.000111127488505
1693 0.000107266972352
1694 0.00010327373685
1695 9.92431849445e-05
1696 9.51752588484e-05
1697 9.11591470625e-05
1698 8.71676630993e-05
1699 8.32468048427e-05
1700 0.0105281522453
1701 0.00816194637867
1702 0.00472423479214
1703 0.00159517586383
1704 -0.000565708426012
1705 -0.00187195253983
1706 -0.00241578155772
1707 -0.00246145030465
1708 -0.00226040650135
1709 -0.00194074742452
1710 -0.00159283571475
1711 -0.00126750180856
1712 -0.000974290086679
1713 -0.000725001119177
1714 -0.000515232879168
1715 -0.000344215511946
1716 -0.000210402124688
1717 -0.000103489602566
1718 -1.82699236284e-05
1719 4.90887624694e-05
1720 9.53253539305e-05
1721 0.000131534640736
1722 0.000161640084089
1723 0.000186817667066
1724 0.00020543072822
1725 0.000215194948976
1726 0.000214158288731
1727 0.000205623534917
1728 0.000193597546218
1729 0.000182387360409
1730 0.000173579903158
1731 0.000167256293307
1732 0.000162711320058
1733 0.000159150351865
1734 0.000156169644455
1735 0.000153219970422
1736 0.000150056014611
1737 0.000146590334766
1738 0.000142914783894
1739 0.000138897976864
1740 0.000134442599277
1741 0.000129794443721
1742 0.000125038061382
1743 0.000120214943257
1744 0.000115325719445
1745 0.000110465201054
1746 0.000105634359014
1747 0.000100922281546
1748 9.62898314419e-05
1749 9.17578127973e-05
1750 0.0124306105576
1751 0.00868062111398
1752 0.00383992857666
1753 0.00012179982779
1754 -0.00195984507938
1755 -0.00290151633698
1756 -0.00300800471103
1757 -0.00268409962949
1758 -0.00223723073304
1759 -0.00175592605916
1760 -0.00131896174033
1761 -0.000957315352741
1762 -0.000656751375804
1763 -0.000418272332259
1764 -0.000228227837188
1765 -8.2020395738e-05
1766 2.51977239162e-05
1767 0.00010653942673
1768 0.000167648908861
1769 0.00021326715844
1770 0.000240015935223
1771 0.000259524279795
1772 0.000275733596279
1773 0.00028989711788
1774 0.0002994587993
1775 0.000300286518739
1776 0.000288748127945
1777 0.000268723389527
1778 0.000245894662938
1779 0.000225834608104
1780 0.000210279383597
1781 0.000199000878307
1782 0.00019079749207
1783 0.000184490381952
1784 0.000179401366435
1785 0.000174641415583
1786 0.000169892523583
1787 0.000164998305232
1788 0.000160013552737
1789 0.000154795875821
1790 0.000149232876556
1791 0.000143557144495
1792 0.000137836741867
1793 0.000132113699686
1794 0.000126392585727
1795 0.000120767293474
1796 0.000115227811366
1797 0.000109844637625
1798 0.00010458552055
1799 9.94892319229e-05
1800 0.0145772237546
1801 0.00846993257907
1802 0.00198090595719
1803 -0.00188457474946
1804 -0.00341056251188
1805 -0.0036618404759
1806 -0.00319599778506
1807 -0.00250083044386
1808 -0.0018617658472
1809 -0.00129038721181
1810 -0.000832309431858
1811 -0.000491547246229
1812 -0.000228149497295
1813 -3.36255873362e-05
1814 0.000111855230024
1815 0.000215036362884
1816 0.000283031673169
1817 0.000329982037999
1818 0.000360780173541
1819 0.000380070570463
1820 0.000384398031569
1821 0.000384929911585
1822 0.000385506563476
1823 0.000387419043379
1824 0.000387893244019
1825 0.000380346983866
1826 0.000359383016639
1827 0.000328558552757
1828 0.00029520438468
1829 0.000266355035077
1830 0.000244055108481
1831 0.000227876215188
1832 0.000216109930159
1833 0.000207167023222
1834 0.000199981621728
1835 0.00019351678361
1836 0.000187333224297
1837 0.000181174002577
1838 0.000175030469315
1839 0.000168744472096
1840 0.000162250596073
1841 0.000155669781237
1842 0.000149096026949
1843 0.000142571181621
1844 0.000136110508559
1845 0.000129794369223
1846 0.00012363015723
1847 0.000117668311779
1848 0.000111880319718
1849 0.000106295936067
1850 0.0164108179737
1851 0.0067923336311
1852 -0.000946076403806
1853 -0.00400341947222
1854 -0.00439815729248
1855 -0.00371944498216
1856 -0.00270952181244
1857 -0.00177851064053
1858 -0.00108351160393
1859 -0.000541878093413
1860 -0.000154482697173
1861 0.000101616914907
1862 0.000281596804438
1863 0.00040089403256
1864 0.000480006634321
1865 0.000526003607651
1866 0.00054593389522
1867 0.00055235636847
1868 0.000549052727168
1869 0.00053971017343
1870 0.000520715921979
1871 0.000501714441595
1872 0.000485904132766
1873 0.00047527155861
1874 0.000466830346807
1875 0.000451957880845
1876 0.000423000032275
1877 0.000382669758394
1878 0.000339713642695
1879 0.000302632521465
1880 0.000273976952774
1881 0.000253184664156
1882 0.000238109922188
1883 0.000226749400211
1884 0.000217678235819
1885 0.000209707595305
1886 0.000202267447325
1887 0.000195015153319
1888 0.000187863964681
1889 0.000180651831408
1890 0.000173301354242
1891 0.000165948062711
1892 0.000158646814427
1893 0.000151443852635
1894 0.000144358926628
1895 0.000137470832841
1896 0.000130781044967
1897 0.000124329029589
1898 0.000118087313864
1899 0.000112077959729
1900 0.0170684031562
1901 0.00334252497933
1902 -0.00410921466352
1903 -0.00515475082945
1904 -0.00410983684944
1905 -0.00261629294278
1906 -0.00137605225387
1907 -0.000501280324568
1908 4.63537640695e-05
1909 0.000414413927185
1910 0.000638953476884
1911 0.000754635794392
1912 0.000816317388775
1913 0.000839287855229
1914 0.000839609190642
1915 0.000821617410215
1916 0.000790604357373
1917 0.000755729266968
1918 0.000718524722655
1919 0.000681380545529
1920 0.000640434847836
1921 0.000603279717549
1922 0.000572337926302
1923 0.000549871214036
1924 0.000532935008798
1925 0.000511793897201
1926 0.000476376074879
1927 0.000428218752238
1928 0.000377184901271
1929 0.000332991083293
1930 0.000298824399238
1931 0.000274024818826
1932 0.000256083649427
1933 0.000242666376188
1934 0.00023202252259
1935 0.000222812265627
1936 0.000214345752448
1937 0.000206172589329
1938 0.00019819545173
1939 0.000190238047744
1940 0.000182225665387
1941 0.000174268444152
1942 0.000166388344336
1943 0.000158640844566
1944 0.000151062500949
1945 0.000143712769352
1946 0.000136604763445
1947 0.000129764123248
1948 0.000123162262938
1949 0.000116820230872
1950 0.0144520185846
1951 -0.00151743871327
1952 -0.00549215275442
1953 -0.00392183820759
1954 -0.00195348894496
1955 -0.000327092755879
1956 0.000600705593209
1957 0.00108133934627
1958 0.00130293024734
1959 0.00139408131917
1960 0.00140442770682
1961 0.00135742757401
1962 0.00129321691694
1963 0.0012195512297
1964 0.00114391502917
1965 0.00106668690166
1966 0.000990667375227
1967 0.00091972442881
1968 0.000853544276663
1969 0.000792781701358
1970 0.000733967640899
1971 0.000682104285379
1972 0.000638828739582
1973 0.000606677265188
1974 0.000583043550468
1975 0.000557176543922
1976 0.00051708953655
1977 0.000463097141558
1978 0.000405883015783
1979 0.000356145779789
1980 0.000317656371708
1981 0.000289721328348
1982 0.000269615514882
1983 0.000254611925828
1984 0.000242765710934
1985 0.000232609289289
1986 0.000223346441146
1987 0.000214511702775
1988 0.000205926744019
1989 0.000197419967788
1990 0.000188915607123
1991 0.000180497578686
1992 0.00017219630811
1993 0.00016404962575
1994 0.000156104812619
1995 0.000148417501285
1996 0.000141011682467
1997 0.000133884047328
1998 0.000127022555076
1999 0.000120433003003
2000 0.0079258147942
2001 -0.00558833446081
2002 -0.0029067354392
2003 8.34014288257e-05
2004 0.00157232874238
2005 0.00238876435806
2006 0.00257653730213
2007 0.00250059511944
2008 0.00235430593165
2009 0.00216990157046
2010 0.00198509391732
2011 0.00180259110411
2012 0.00163690409616
2013 0.0014881385299
2014 0.00135489505956
2015 0.00123394859098
2016 0.00112561641723
2017 0.00102924390568
2018 0.00094278320398
2019 0.000865480638938
2020 0.000794862826311
2021 0.000733206323765
2022 0.000681626670078
2023 0.000642918433192
2024 0.000614760804031
2025 0.000585751288006
2026 0.000542686002591
2027 0.000484992811826
2028 0.000423975035303
2029 0.000370712450179
2030 0.000329465715728
2031 0.000299528673781
2032 0.00027797662845
2033 0.000261992446817
2034 0.000249405869256
2035 0.000238681327197
2036 0.000228958540453
2037 0.000219739913456
2038 0.000210787769892
2039 0.000201954914266
2040 0.000193176849035
2041 0.00018450800239
2042 0.000175963964868
2043 0.000167579898684
2044 0.000159424169954
2045 0.000151536972056
2046 0.000143949751877
2047 0.000136649410546
2048 0.000129632877629
2049 0.000122896956052
2050 0.00274823904495
2051 -0.00265059449934
2052 0.00213889495438
2053 0.00389620238452
2054 0.00416236834305
2055 0.00397612638094
2056 0.00359167250947
2057 0.00317829825226
2058 0.00283342859644
2059 0.00250910983928
2060 0.00223006444247
2061 0.00198881296702
2062 0.00177895344988
2063 0.00159770788198
2064 0.00143913569506
2065 0.00129957935472
2066 0.00117824602694
2067 0.00107156364093
2068 0.000976724829181
2069 0.000892323670004
2070 0.000817603825451
2071 0.000752322037658
2072 0.000697478076643
2073 0.000656141554447
2074 0.000626314562016
2075 0.000596212285354
2076 0.000552132357935
2077 0.00049303068893
2078 0.00043054573061
2079 0.000375995647655
2080 0.000333735437497
2081 0.000303070844732
2082 0.00028101623358
2083 0.000264704379077
2084 0.000251864542997
2085 0.000240954742192
2086 0.00023108995323
2087 0.000221769693643
2088 0.000212707937537
2089 0.000203783568613
2090 0.000194944109812
2091 0.000186213715752
2092 0.000177601773605
2093 0.000169153723501
2094 0.000160937693311
2095 0.000152996679903
2096 0.000145365408559
2097 0.000138015581817
2098 0.000130954083334
2099 0.000124170991415
2100 0.00549118679541
2101 -0.000558678039018
2102 0.00128781271133
2103 0.0026963581113
2104 0.00331647891533
2105 0.00322929758148
2106 0.0030332098268
2107 0.00278196243217
2108 0.0025463490258
2109 0.00229651988978
2110 0.00206806614943
2111 0.00186956617631
2112 0.00168763174617
2113 0.00152623976787
2114 0.00138150731868
2115 0.00125285444838
2116 0.0011407062634
2117 0.00104073397932
2118 0.000950877454611
2119 0.000869978500185
2120 0.000799529857199
2121 0.000737374889588
2122 0.000684754520756
2123 0.000645092526704
2124 0.000616667960129
2125 0.000587594842572
2126 0.000544442776532
2127 0.000486277196931
2128 0.000424955273
2129 0.000371468546911
2130 0.00033006529946
2131 0.000300049343954
2132 0.000278486897495
2133 0.000262548038441
2134 0.00024998515674
2135 0.000239310759871
2136 0.000229655510996
2137 0.000220532066621
2138 0.000211624220668
2139 0.000202842746345
2140 0.000194159827911
2141 0.000185575353027
2142 0.000177085222936
2143 0.000168745564745
2144 0.000160637306983
2145 0.000152783698317
2146 0.000145235102029
2147 0.000137952578561
2148 0.0001309549632
2149 0.000124227047043
2150 0.011554026401
2151 -0.00517357424643
2152 -0.00524792591833
2153 -0.00258760911619
2154 -0.00045237769398
2155 0.000573762094367
2156 0.00116767508227
2157 0.00146539354755
2158 0.00158842715829
2159 0.00159297856218
2160 0.00153957199245
2161 0.00147047362648
2162 0.00138067841118
2163 0.00128656451635
2164 0.00119096509005
2165 0.00110024307316
2166 0.00101759062425
2167 0.000940465269129
2168 0.000868072425959
2169 0.000800705287256
2170 0.000742278344707
2171 0.000689616486393
2172 0.000644407571525
2173 0.000610497531708
2174 0.000586398101535
2175 0.000560403904624
2176 0.00052010259644
2177 0.000465273138144
2178 0.00040764394869
2179 0.000357498299299
2180 0.000318751165482
2181 0.000290669622905
2182 0.000270522751998
2183 0.000255640935147
2184 0.000243865137303
2185 0.000233836933807
2186 0.000224734788101
2187 0.000216103388006
2188 0.000207609445941
2189 0.000199209625331
2190 0.000190896469341
2191 0.000182655045901
2192 0.000174462262461
2193 0.000166377721348
2194 0.000158507892728
2195 0.000150889202633
2196 0.000143565367613
2197 0.00013648000944
2198 0.000129663237953
2199 0.000123074990982
2200 0.0185531721488
2201 0.000992220347138
2202 -0.00589932289205
2203 -0.0056902332781
2204 -0.00382228519831
2205 -0.00220902044102
2206 -0.00101258218995
2207 -0.000201649420227
2208 0.000307247409048
2209 0.000611544272064
2210 0.00078147171564
2211 0.000881256473187
2212 0.000918411213483
2213 0.000919960334782
2214 0.000896631436374
2215 0.000862648768702
2216 0.000824408225841
2217 0.000781906405302
2218 0.000736817713215
2219 0.000691023657543
2220 0.000650984952869
2221 0.000612995677633
2222 0.000579537149518
2223 0.000554723732415
2224 0.000537351182682
2225 0.000516235339154
2226 0.000480545208486
2227 0.000431114840866
2228 0.000379513089913
2229 0.000334749393424
2230 0.000300305917906
2231 0.000275348179079
2232 0.000257464657504
2233 0.000244244314986
2234 0.000233715361815
2235 0.000224695142025
2236 0.000216452108678
2237 0.000208580447071
2238 0.000200738359393
2239 0.000192926575679
2240 0.000185175053679
2241 0.000177467154734
2242 0.000169754690696
2243 0.000162125979324
2244 0.000154680399125
2245 0.00014743557626
2246 0.000140448474409
2247 0.000133642147255
2248 0.000126911718552
2249 0.000120284099665
2250 0.0175325029531
2251 0.00679171070835
2252 -0.0019286806721
2253 -0.004912424668
2254 -0.00486205957778
2255 -0.00377515265034
2256 -0.00261471147502
2257 -0.00163692217158
2258 -0.000913019881688
2259 -0.000392537408461
2260 -3.531587544e-05
2261 0.00021837950544
2262 0.000381011984306
2263 0.000482571383014
2264 0.000539385004904
2265 0.000569318604156
2266 0.000582338956023
2267 0.000581133054445
2268 0.000569323894863
2269 0.000550177153622
2270 0.000532679990065
2271 0.000512945834719
2272 0.000494264250697
2273 0.000480899260505
2274 0.000471857534146
2275 0.000457010138658
2276 0.000427757994988
2277 0.000385919621368
2278 0.000342311902649
2279 0.00030453171507
2280 0.000275572843067
2281 0.000254651056525
2282 0.000239691019856
2283 0.000228635187361
2284 0.000219755301812
2285 0.000212071653347
2286 0.000204967974995
2287 0.000198096661427
2288 0.000191144216943
2289 0.000184169625521
2290 0.000177195502658
2291 0.0001701964934
2292 0.000163122848726
2293 0.000156083525736
2294 0.000149184951324
2295 0.00014243138526
2296 0.000135622890031
2297 0.00012860076629
2298 0.000121901321169
2299 0.00011588764872
2300 0.0149429640806
2301 0.00879931614626
2302 0.00169965328682
2303 -0.00247932643807
2304 -0.00401748615035
2305 -0.00394426944398
2306 -0.00329854842325
2307 -0.00251191395603
2308 -0.00180529868544
2309 -0.00121691995636
2310 -0.000761355812632
2311 -0.000407781837404
2312 -0.000150401598235
2313 3.42891459701e-05
2314 0.000162454993429
2315 0.000253060433609
2316 0.000316115882955
2317 0.000356485998872
2318 0.000379256930543
2319 0.000388685363018
2320 0.0003952911192
2321 0.000395505053401
2322 0.000393168691561
2323 0.00039244708191
2324 0.000392522693531
2325 0.000385252255622
2326 0.000363879021
2327 0.000331414067791
2328 0.000297428082078
2329 0.000268008996405
2330 0.000245566310934
2331 0.000229377751504
2332 0.000217875809985
2333 0.000209387116407
2334 0.000202463128798
2335 0.000196367179979
2336 0.000190619760691
2337 0.00018497106215
2338 0.00017908039859
2339 0.000173085886858
2340 0.000167045858483
2341 0.00016091891832
2342 0.000154633734398
2343 0.000148296444004
2344 0.000141678466074
2345 0.000134621545137
2346 0.000127668015451
2347 0.000121302741125
2348 0.000115704537556
2349 0.000110665922623
2350 0.0125424979928
2351 0.00891041031707
2352 0.00379911361493
2353 -0.000169150602434
2354 -0.0024376954574
2355 -0.00320938238443
2356 -0.00319085967036
2357 -0.00278713054048
2358 -0.00227231187618
2359 -0.00175483734161
2360 -0.00130098883016
2361 -0.000917199904811
2362 -0.000611521703782
2363 -0.000374214265581
2364 -0.000194328276681
2365 -5.66674705551e-05
2366 4.78570124008e-05
2367 0.000125264430014
2368 0.000180040336075
2369 0.000216982768439
2370 0.000247023075767
2371 0.000267033615074
2372 0.00028109363071
2373 0.000293238551599
2374 0.000303259770129
2375 0.000304388059046
2376 0.000292539791238
2377 0.000270755434597
2378 0.000247326515875
2379 0.000226926634767
2380 0.000211436972662
2381 0.000200363492043
2382 0.000192581515952
2383 0.000186887270352
2384 0.000182143014236
2385 0.000177864060991
2386 0.00017370332622
2387 0.000169463299177
2388 0.000164835186254
2389 0.000159983433972
2390 0.000154996508829
2391 0.000149755884675
2392 0.000143828624909
2393 0.000137140118841
2394 0.000130268957688
2395 0.000123938389914
2396 0.000118415630651
2397 0.000113469655908
2398 0.000108921313329
2399 0.000104646039267
2400 0.0105688455064
2401 0.00831624540418
2402 0.00473697393934
2403 0.00145452626119
2404 -0.000898022283166
2405 -0.00213597125751
2406 -0.00261258003096
2407 -0.00260536625004
2408 -0.0023542667403
2409 -0.00199463652155
2410 -0.00162023236692
2411 -0.00126831734986
2412 -0.000962308896079
2413 -0.000707139755586
2414 -0.000499998832368
2415 -0.000332582213341
2416 -0.000198026745689
2417 -9.25781355044e-05
2418 -1.18764651438e-05
2419 4.8525731707e-05
2420 9.87737784817e-05
2421 0.00013626062651
2422 0.00016498963294
2423 0.000188716168665
2424 0.000208158459127
2425 0.000218505348786
2426 0.000217201751487
2427 0.000206996041938
2428 0.0001944801027
2429 0.00018315348799
2430 0.000174523854622
2431 0.000168548402616
2432 0.000164567180468
2433 0.000161759383901
2434 0.000159304747147
2435 0.000156957076171
2436 0.000154485414531
2437 0.000151772982002
2438 0.000148503692729
2439 0.000144691574294
2440 0.000140027309775
2441 0.000134389337056
2442 0.000128286421696
2443 0.000122540007631
2444 0.000117503036653
2445 0.000113043398266
2446 0.0001089924582
2447 0.000105144917041
2448 0.000101461589113
2449 9.78461515596e-05
2450 0.00898684980853
2451 0.0075241064009
2452 0.00500096560735
2453 0.0024257349613
2454 0.000298374846756
2455 -0.00108847269284
2456 -0.00185887133658
2457 -0.00215995406096
2458 -0.00216030708865
2459 -0.00198570953775
2460 -0.00173231289754
2461 -0.00145532623682
2462 -0.00118704845553
2463 -0.000945550224073
2464 -0.000736386309261
2465 -0.000557782463229
2466 -0.000408534051707
2467 -0.000285579899653
2468 -0.00018682657321
2469 -0.000108846383635
2470 -4.30006108623e-05
2471 8.33484736805e-06
2472 4.89229254055e-05
2473 8.2602065074e-05
2474 0.000111137641488
2475 0.000131244092479
2476 0.000141126488578
2477 0.000142637205431
2478 0.000140758342167
2479 0.00013808555805
2480 0.000136120327177
2481 0.000134996070933
2482 0.000134711632031
2483 0.000134765919519
2484 0.000134620982566
2485 0.000134227939782
2486 0.000133378022621
2487 0.000131775834409
2488 0.000128678344487
2489 0.000124433150732
2490 0.000119852447476
2491 0.000115557356756
2492 0.000111703188674
2493 0.000108238378796
2494 0.000105053310931
2495 0.000102036234526
2496 9.91382924942e-05
2497 9.62165281472e-05
2498 9.32947489734e-05
2499 9.03227910764e-05
