0 0.00133975137541
1 0.00130917513653
2 0.00127018860883
3 0.00121498258491
4 0.00114412751433
5 0.00106581494431
6 0.000981998459464
7 0.000891118509435
8 0.000798275899955
9 0.00070748078889
10 0.00061883310523
11 0.000531890796509
12 0.000451932583018
13 0.000380522507013
14 0.000322511687374
15 0.000287159014154
16 0.000287753217735
17 0.000336194905469
18 0.000426704690075
19 0.000527312894043
20 0.000592761533832
21 0.000589263121795
22 0.000518358349913
23 0.000407427100654
24 0.000286269268893
25 0.000177679816409
26 9.01795891821e-05
27 2.50172482644e-05
28 -2.14522070577e-05
29 -5.28820359845e-05
30 -7.31915795913e-05
31 -8.55769305082e-05
32 -9.23829250583e-05
33 -9.53749887742e-05
34 -9.57268950663e-05
35 -9.43720763079e-05
36 -9.19786074329e-05
37 -8.89667956578e-05
38 -8.56995745504e-05
39 -8.23575672898e-05
40 -7.8857679889e-05
41 -7.52005261048e-05
42 -7.13786041722e-05
43 -6.74421294691e-05
44 -6.35080697607e-05
45 -5.96597306819e-05
46 -5.58966159266e-05
47 -5.23791859265e-05
48 -4.92683813815e-05
49 -4.65916687063e-05
50 0.00139022035711
51 0.00135949716667
52 0.00131844533341
53 0.0012583341138
54 0.00118217277126
55 0.00109932525852
56 0.0010096963542
57 0.000913457158705
58 0.000816472758821
59 0.000721850491085
60 0.000630301233258
61 0.000542211146878
62 0.000462989748623
63 0.000395061358056
64 0.00034375136225
65 0.000317205393573
66 0.000323374905184
67 0.000365468054708
68 0.0004351216753
69 0.000510254858163
70 0.000560573175056
71 0.000558820786784
72 0.000499626765312
73 0.000400366752226
74 0.000286521591576
75 0.00018080529169
76 9.37363252308e-05
77 2.80465511561e-05
78 -1.91452747712e-05
79 -5.12400035355e-05
80 -7.20617187621e-05
81 -8.47810905573e-05
82 -9.18303621283e-05
83 -9.49645032182e-05
84 -9.54289898972e-05
85 -9.41548005731e-05
86 -9.18050414806e-05
87 -8.88394491677e-05
88 -8.55971786815e-05
89 -8.22387824681e-05
90 -7.87382703185e-05
91 -7.50769273485e-05
92 -7.12584991121e-05
93 -6.73390974597e-05
94 -6.34159146577e-05
95 -5.95684403061e-05
96 -5.58262095295e-05
97 -5.23327142456e-05
98 -4.92339409168e-05
99 -4.65643257003e-05
100 0.00154306376262
101 0.00150678864418
102 0.00145678851744
103 0.00138493903639
104 0.00129481014971
105 0.00119695936324
106 0.00109268783424
107 0.000982331917594
108 0.000872939518849
109 0.000768277525787
110 0.000669596953342
111 0.000578201404399
112 0.00050074929122
113 0.000440563575248
114 0.000401999509002
115 0.000387624821463
116 0.000394723091606
117 0.000415197738583
118 0.000440987267821
119 0.000468280888184
120 0.000491519864009
121 0.000494995882028
122 0.000461255549165
123 0.000388167028259
124 0.000290765556938
125 0.000191443654309
126 0.0001047905257
127 3.71837372561e-05
128 -1.23506028959e-05
129 -4.64972988933e-05
130 -6.88436624013e-05
131 -8.26064131568e-05
132 -9.03578906753e-05
133 -9.39473807843e-05
134 -9.47416316579e-05
135 -9.36944551955e-05
136 -9.14757886218e-05
137 -8.86269586738e-05
138 -8.54344584015e-05
139 -8.2052073956e-05
140 -7.85466757991e-05
141 -7.48841844371e-05
142 -7.10768840529e-05
143 -6.71918890873e-05
144 -6.32908100501e-05
145 -5.94481025671e-05
146 -5.57499424946e-05
147 -5.23022701023e-05
148 -4.92218408705e-05
149 -4.65541089154e-05
150 0.00180157451228
151 0.00175563681723
152 0.00168978608049
153 0.00159701013782
154 0.00148243663776
155 0.00135881534141
156 0.00122986152297
157 0.00109652018524
158 0.000967737216116
159 0.000848165496368
160 0.0007401414185
161 0.000646385833946
162 0.000573473515315
163 0.000523189255841
164 0.000494704674516
165 0.000481871988671
166 0.000473439667005
167 0.000458323437651
168 0.000434739406548
169 0.000413485504645
170 0.000407218109582
171 0.000413069402697
172 0.000407338118996
173 0.000368049122516
174 0.000294608976188
175 0.000205887590259
176 0.000120842784793
177 5.0784849981e-05
178 -2.12142909042e-06
179 -3.92807808999e-05
180 -6.39257601317e-05
181 -7.92877219468e-05
182 -8.80936468059e-05
183 -9.24059122008e-05
184 -9.3692711911e-05
185 -9.29809574985e-05
186 -9.09844134846e-05
187 -8.82929544624e-05
188 -8.51621148336e-05
189 -8.17663868296e-05
190 -7.8246345724e-05
191 -7.45853324885e-05
192 -7.08036252273e-05
193 -6.6962522618e-05
194 -6.30920253416e-05
195 -5.92718485171e-05
196 -5.56367377573e-05
197 -5.2253342607e-05
198 -4.92022505833e-05
199 -4.6533704472e-05
200 0.0021957219968
201 0.0021343888198
202 0.00204262938455
203 0.00191608845299
204 0.00176299478748
205 0.00159960597853
206 0.00143362824185
207 0.00126731163639
208 0.00111240035807
209 0.000974274468006
210 0.000855751773536
211 0.00075961170443
212 0.000689066773469
213 0.000640078637786
214 0.000604987993874
215 0.000572433366246
216 0.000531399967729
217 0.000476239105146
218 0.000412601365602
219 0.000356256694474
220 0.000325824357301
221 0.000328974574454
222 0.000345188661368
223 0.000340010095142
224 0.00029537149674
225 0.000221608477157
226 0.000140209849167
227 6.78795263571e-05
228 1.09820317955e-05
229 -2.99109595718e-05
230 -5.7497422019e-05
231 -7.4928339428e-05
232 -8.51248443838e-05
233 -9.03947741168e-05
234 -9.23151766573e-05
235 -9.20335967947e-05
236 -9.03489865529e-05
237 -8.7826911342e-05
238 -8.47705449726e-05
239 -8.13774215595e-05
240 -7.78393959756e-05
241 -7.4185920777e-05
242 -7.04436641077e-05
243 -6.66514433254e-05
244 -6.28199743783e-05
245 -5.90498259037e-05
246 -5.54909831373e-05
247 -5.218457844e-05
248 -4.91702084532e-05
249 -4.64987684611e-05
250 0.0027816749785
251 0.00269576347089
252 0.00256182648685
253 0.00238194723366
254 0.00216939103906
255 0.00194655366798
256 0.00172719481824
257 0.00151526688873
258 0.00132547810459
259 0.00116242828669
260 0.00102711229537
261 0.000918992674389
262 0.00083517739334
263 0.000766532356638
264 0.000702561221603
265 0.000633993421822
266 0.00055577764087
267 0.000468858024528
268 0.000381012841573
269 0.000305809795974
270 0.000259290081908
271 0.000255376662734
272 0.000283086209344
273 0.000306090581629
274 0.00029143923534
275 0.000236440986954
276 0.000161247491478
277 8.74934229322e-05
278 2.64079668737e-05
279 -1.87327752413e-05
280 -4.97519788109e-05
281 -6.96665516532e-05
282 -8.15631951116e-05
283 -8.79834582941e-05
284 -9.06625027775e-05
285 -9.09103916287e-05
286 -8.9587610324e-05
287 -8.72431030681e-05
288 -8.42737506088e-05
289 -8.09034814723e-05
290 -7.73475567759e-05
291 -7.3715732841e-05
292 -7.0020817001e-05
293 -6.62774593684e-05
294 -6.25002985126e-05
295 -5.88075863237e-05
296 -5.53307953955e-05
297 -5.21063904704e-05
298 -4.91292744352e-05
299 -4.64530359059e-05
300 0.00363229132747
301 0.00350384621896
302 0.00330309039853
303 0.00303760522314
304 0.00273444766009
305 0.00242368214108
306 0.00212777981739
307 0.00185098348317
308 0.00161012760631
309 0.00140669528457
310 0.00123714946519
311 0.00109621986508
312 0.000977386963835
313 0.000870057773087
314 0.000766372679935
315 0.000661446143323
316 0.00055452736965
317 0.000449165885994
318 0.00035088105762
319 0.000268389399032
320 0.000213004754355
321 0.000199992587601
322 0.000229036249392
323 0.000270243332522
324 0.000282415054867
325 0.000248040959261
326 0.000181606915466
327 0.000107874821471
328 4.30181158291e-05
329 -6.50143406539e-06
330 -4.1206079157e-05
331 -6.38575684061e-05
332 -7.76550083306e-05
333 -8.53365540328e-05
334 -8.8866449652e-05
335 -8.97027053771e-05
336 -8.87440674283e-05
337 -8.65924494616e-05
338 -8.37120411759e-05
339 -8.03831060417e-05
340 -7.6824240856e-05
341 -7.32235117289e-05
342 -6.95761742386e-05
343 -6.58806650759e-05
344 -6.21767241495e-05
345 -5.85759766875e-05
346 -5.51826756252e-05
347 -5.20328718305e-05
348 -4.90899400734e-05
349 -4.64060207005e-05
350 0.0047773616312
351 0.00457572267677
352 0.00427439330179
353 0.00388193249262
354 0.00344423955069
355 0.00301350143944
356 0.00261272878189
357 0.00224607271109
358 0.00193295749809
359 0.00166943131388
360 0.00144541631673
361 0.00125244205069
362 0.00108511215742
363 0.000933425531271
364 0.000792749788739
365 0.000660393068391
366 0.000536659963205
367 0.000423397267571
368 0.000323237164575
369 0.000240259995547
370 0.000181653135078
371 0.000161479428648
372 0.000186688311795
373 0.00023678758878
374 0.000269247782721
375 0.000254224725454
376 0.000197984631675
377 0.000125939414425
378 5.83887865997e-05
379 5.06098671452e-06
380 -3.29759712831e-05
381 -5.82024771824e-05
382 -7.3793460253e-05
383 -8.2680813927e-05
384 -8.70403825031e-05
385 -8.84177130252e-05
386 -8.77839210933e-05
387 -8.58138210657e-05
388 -8.30226508584e-05
389 -7.97371578123e-05
390 -7.61931514381e-05
391 -7.26346601932e-05
392 -6.90314311428e-05
393 -6.53901277692e-05
394 -6.1779569517e-05
395 -5.82819786965e-05
396 -5.49751339928e-05
397 -5.18946350213e-05
398 -4.89868948489e-05
399 -4.63018870344e-05
400 0.00643109711995
401 0.00611073199745
402 0.00563867614842
403 0.00503557482673
404 0.00438223600619
405 0.00376426113409
406 0.00320481381406
407 0.00270552302295
408 0.00228542213856
409 0.00193320712439
410 0.00163457641373
411 0.00137731060267
412 0.00115778711183
413 0.000965786512662
414 0.000796786062167
415 0.000647302801935
416 0.000515489751814
417 0.00040052089775
418 0.000302074521392
419 0.000220952725199
420 0.000161009888726
421 0.000134626281908
422 0.000153200118771
423 0.000206242367264
424 0.000254034213467
425 0.000257322554637
426 0.000212502139681
427 0.000143399444954
428 7.38171713762e-05
429 1.69492183796e-05
430 -2.44537508507e-05
431 -5.23006729532e-05
432 -6.97435709658e-05
433 -7.98903399808e-05
434 -8.51106983993e-05
435 -8.70130671152e-05
436 -8.67042082772e-05
437 -8.49161443065e-05
438 -8.22184389106e-05
439 -7.89881592843e-05
440 -7.54886060831e-05
441 -7.19704479864e-05
442 -6.84136266851e-05
443 -6.48517901142e-05
444 -6.13515661791e-05
445 -5.79647289965e-05
446 -5.47472898372e-05
447 -5.17251691098e-05
448 -4.88517202846e-05
449 -4.61661465837e-05
450 0.00895794644806
451 0.00842471891956
452 0.00762093869569
453 0.00664244140078
454 0.00562839785492
455 0.00470756444357
456 0.00390575494982
457 0.00321512364724
458 0.00264910057574
459 0.00218384705066
460 0.00179866070218
461 0.00147561625937
462 0.0012086023821
463 0.000984522364703
464 0.000795603669681
465 0.000635713435259
466 0.000500203381177
467 0.000385709244159
468 0.000289550463458
469 0.000210310888206
470 0.000149599300153
471 0.000117601975984
472 0.000127862966924
473 0.000179013560647
474 0.000237464104663
475 0.000257696935633
476 0.000225288761028
477 0.000160360280435
478 8.94841148394e-05
479 2.92522277451e-05
480 -1.55396325349e-05
481 -4.60756451112e-05
482 -6.54637931288e-05
483 -7.69639702051e-05
484 -8.30467951174e-05
485 -8.54805793281e-05
486 -8.54982729666e-05
487 -8.39024242333e-05
488 -8.13091336709e-05
489 -7.81579341156e-05
490 -7.47201756202e-05
491 -7.12391756107e-05
492 -6.7746081685e-05
493 -6.42903389752e-05
494 -6.09131335659e-05
495 -5.76415363358e-05
496 -5.45065510257e-05
497 -5.15356992896e-05
498 -4.8690206585e-05
499 -4.60103895402e-05
500 0.0129352090364
501 0.0119647436557
502 0.0105010367692
503 0.00883704417772
504 0.00722571351293
505 0.00583892443814
506 0.0046938432225
507 0.00375126548474
508 0.0030089358825
509 0.00241752932974
510 0.00194389172441
511 0.00155986530982
512 0.0012522192722
513 0.00100257876318
514 0.000798843022564
515 0.000631505876098
516 0.000493551546047
517 0.000379257789797
518 0.000284514208629
519 0.000206540472538
520 0.000145189518273
521 0.000108512680539
522 0.000110463097336
523 0.000156638050963
524 0.000221110227822
525 0.000255603320736
526 0.000235576602183
527 0.000175800351815
528 0.000104385522492
529 4.12033028435e-05
530 -6.77727052143e-06
531 -3.98994750854e-05
532 -6.12160267898e-05
533 -7.4013997253e-05
534 -8.09095370367e-05
535 -8.38574290515e-05
536 -8.41854896529e-05
537 -8.27822569313e-05
538 -8.03085860521e-05
539 -7.72544261051e-05
540 -7.3885771249e-05
541 -7.04463266775e-05
542 -6.70466344839e-05
543 -6.37152263167e-05
544 -6.04641643228e-05
545 -5.7305678267e-05
546 -5.42416226683e-05
547 -5.13141379949e-05
548 -4.84948988666e-05
549 -4.58323889311e-05
550 0.0196008580068
551 0.0176304169427
552 0.0147721121203
553 0.0118326306073
554 0.00923993824438
555 0.00716330394883
556 0.00555911223341
557 0.00430822022765
558 0.00336666880506
559 0.00264324504927
560 0.00208207997999
561 0.00164171647707
562 0.00129816151981
563 0.00102643350783
564 0.000809871471514
565 0.000635651411206
566 0.000494749844078
567 0.00037969827081
568 0.000285176674787
569 0.000207582599314
570 0.000145414067421
571 0.00010501645818
572 9.96851624986e-05
573 0.000139669002196
574 0.000206511888885
575 0.00025201338768
576 0.00024328329853
577 0.000188967297193
578 0.000117725489366
579 5.216193373e-05
580 1.37212355186e-06
581 -3.41240484931e-05
582 -5.71938637527e-05
583 -7.1150315722e-05
584 -7.87881148866e-05
585 -8.21993031507e-05
586 -8.28158038124e-05
587 -8.1598358549e-05
588 -7.92603267477e-05
589 -7.63076686029e-05
590 -7.3005247829e-05
591 -6.96328629576e-05
592 -6.63503657252e-05
593 -6.314731254e-05
594 -6.00207417538e-05
595 -5.69597423454e-05
596 -5.3955272303e-05
597 -5.10624448058e-05
598 -4.82730931417e-05
599 -4.56344680839e-05
600 0.0316332838084
601 0.0270373043945
602 0.0210693782461
603 0.015760060867
604 0.0116413719497
605 0.00861934859266
606 0.00645158429642
607 0.00485592206561
608 0.00370616986129
609 0.00285288294257
610 0.00220991890691
611 0.00171904532971
612 0.00134393234533
613 0.00105286655468
614 0.000824863503789
615 0.000644197136387
616 0.000500027705782
617 0.000383547732316
618 0.000288562289061
619 0.000210748416191
620 0.000147836725079
621 0.000104730306966
622 9.3787856556e-05
623 0.00012794941422
624 0.000194907598399
625 0.000248128166807
626 0.000248656664231
627 0.00019942912046
628 0.000128777353401
629 6.1470043806e-05
630 8.38861681055e-06
631 -2.90791723163e-05
632 -5.35916210829e-05
633 -6.85091351733e-05
634 -7.67569526235e-05
635 -8.05598805742e-05
636 -8.1420969477e-05
637 -8.038451224e-05
638 -7.81793264775e-05
639 -7.53163350192e-05
640 -7.20949337154e-05
641 -6.8820910978e-05
642 -6.56654413779e-05
643 -6.25895239049e-05
644 -5.95752353099e-05
645 -5.65943954046e-05
646 -5.36399803566e-05
647 -5.07778824092e-05
648 -4.80255626863e-05
649 -4.54105092154e-05
650 0.0560588282322
651 0.0431625292037
652 0.0299415043406
653 0.0204958609382
654 0.0142263885173
655 0.0100605829617
656 0.00728165886061
657 0.00534274665111
658 0.00399926109202
659 0.00303054037515
660 0.00231749844853
661 0.00178441896343
662 0.00138354554363
663 0.00107677435684
664 0.000839297201354
665 0.00065316369217
666 0.000506059329763
667 0.000388162840456
668 0.00029245853424
669 0.000214264886998
670 0.000150830644631
671 0.000105883686388
672 9.10239655975e-05
673 0.00012061369174
674 0.000186768401186
675 0.000244952234732
676 0.000252329397865
677 0.000207230173519
678 0.000137305435616
679 6.87932328114e-05
680 1.3997799157e-05
681 -2.49278885073e-05
682 -5.05140622025e-05
683 -6.61428801781e-05
684 -7.48626963197e-05
685 -7.89651769645e-05
686 -8.00330499972e-05
687 -7.91590273681e-05
688 -7.70668669015e-05
689 -7.42863282676e-05
690 -7.11717558947e-05
691 -6.80194550792e-05
692 -6.49909508106e-05
693 -6.20360089534e-05
694 -5.91139031656e-05
695 -5.61979727373e-05
696 -5.32843622186e-05
697 -5.04573184503e-05
698 -4.77438189947e-05
699 -4.51495335108e-05
700 0.113948853508
701 0.0697492561685
702 0.0407995591247
703 0.0253118272685
704 0.0165673141377
705 0.0112654767935
706 0.00793795889855
707 0.00571270225856
708 0.00421581320715
709 0.00315901819469
710 0.00239427502109
711 0.00183076619107
712 0.00141145602803
713 0.0010936588557
714 0.000849692122546
715 0.000659716147781
716 0.000510584437868
717 0.000391711755063
718 0.000295535075854
719 0.000217148604467
720 0.000153422610818
721 0.000107405015599
722 9.01354668514e-05
723 0.000116632486761
724 0.000181864526108
725 0.000243029695454
726 0.000254941823428
727 0.000212751834797
728 0.000143424105666
729 7.41153298297e-05
730 1.82234728304e-05
731 -2.16616678195e-05
732 -4.79489083115e-05
733 -6.40834844191e-05
734 -7.31121529488e-05
735 -7.74307281902e-05
736 -7.86670577979e-05
737 -7.79212623521e-05
738 -7.5920109748e-05
739 -7.32386407287e-05
740 -7.02536539899e-05
741 -6.72317725437e-05
742 -6.43285015842e-05
743 -6.14767789551e-05
744 -5.86311656987e-05
745 -5.57673032086e-05
746 -5.28937793841e-05
747 -5.01092829131e-05
748 -4.74308862491e-05
749 -4.48526227545e-05
750 0.225481450204
751 0.099687617167
752 0.0495094210641
753 0.0285775624414
754 0.018021147096
755 0.0119639712122
756 0.00829794141318
757 0.00590731772217
758 0.00432570383728
759 0.00322129763395
760 0.00242945633663
761 0.0018508376386
762 0.00142261852758
763 0.00109965104361
764 0.000852825501349
765 0.000661412390183
766 0.000511834560735
767 0.000392862065254
768 0.000296773835131
769 0.000218552677079
770 0.000154970134364
771 0.000108648695597
772 9.03372104217e-05
773 0.000115349775083
774 0.000180058951614
775 0.000242660362777
776 0.000256874054083
777 0.000216185680165
778 0.000147154406348
779 7.74851699221e-05
780 2.10751153209e-05
781 -1.93055924293e-05
782 -4.59567144131e-05
783 -6.23251286291e-05
784 -7.15216846895e-05
785 -7.59836880823e-05
786 -7.73339722743e-05
787 -7.66736062365e-05
788 -7.47628220783e-05
789 -7.22038041463e-05
790 -6.93542264756e-05
791 -6.64634330544e-05
792 -6.36746170426e-05
793 -6.09062023348e-05
794 -5.81211359978e-05
795 -5.53000777928e-05
796 -5.24716263696e-05
797 -4.97297797924e-05
798 -4.7078200817e-05
799 -4.45069553739e-05
800 0.228024111323
801 0.100312459716
802 0.0494038976614
803 0.0285194995612
804 0.017999942516
805 0.0119317053028
806 0.00826563310403
807 0.00588088781517
808 0.00430399875275
809 0.00320232960995
810 0.00241354743765
811 0.00183805122072
812 0.00141211433937
813 0.00109132071338
814 0.000846250385327
815 0.000656451041693
816 0.00050831687898
817 0.000390472251456
818 0.000295324595678
819 0.000217917260443
820 0.000154929772261
821 0.000109104866437
822 9.1153648559e-05
823 0.000116441747497
824 0.000181319951148
825 0.000244009149581
826 0.000258223135402
827 0.000217500508044
828 0.000148468688521
829 7.88270000566e-05
830 2.24303345178e-05
831 -1.79108684594e-05
832 -4.454396342e-05
833 -6.09026463404e-05
834 -7.01299179901e-05
835 -7.46383532351e-05
836 -7.6031278738e-05
837 -7.54308335233e-05
838 -7.36245487595e-05
839 -7.11961760877e-05
840 -6.8480127713e-05
841 -6.57118085231e-05
842 -6.30159911441e-05
843 -6.03153997312e-05
844 -5.7576293579e-05
845 -5.47997283647e-05
846 -5.20199445003e-05
847 -4.93132997551e-05
848 -4.6680043075e-05
849 -4.41066376516e-05
850 0.1038152403
851 0.0681351858207
852 0.0401107136212
853 0.0250038940156
854 0.0164307431719
855 0.0111383417454
856 0.00782436072618
857 0.00562116737584
858 0.00414262167555
859 0.00309699258782
860 0.00234217897467
861 0.00178905853973
862 0.00137746952218
863 0.00106651492112
864 0.000828340219107
865 0.00064341946335
866 0.000498919157068
867 0.000383751485042
868 0.000290569945131
869 0.00021461644429
870 0.000152893602801
871 0.000108481084075
872 9.2400555741e-05
873 0.000119821953238
874 0.000185614333866
875 0.000247009286098
876 0.000258913022365
877 0.000216639604173
878 0.000147278233928
879 7.80607187216e-05
880 2.22776196003e-05
881 -1.7515124714e-05
882 -4.37504347642e-05
883 -5.98693736611e-05
884 -6.89700025325e-05
885 -7.34099955669e-05
886 -7.47895656997e-05
887 -7.42436642078e-05
888 -7.25412802624e-05
889 -7.0234061858e-05
890 -6.76392162193e-05
891 -6.49725289413e-05
892 -6.23506917192e-05
893 -5.97012012633e-05
894 -5.70041843732e-05
895 -5.42763888997e-05
896 -5.15385807092e-05
897 -4.88585761112e-05
898 -4.6231647771e-05
899 -4.36502178101e-05
900 0.0511435840919
901 0.0412546348203
902 0.0289081569911
903 0.0199428082526
904 0.0139293637035
905 0.00981256119023
906 0.0070720050003
907 0.00517331365019
908 0.00386245763013
909 0.00291482268004
910 0.00222042750608
911 0.00170617500716
912 0.00131971387111
913 0.00102555699701
914 0.000798938920748
915 0.000622146936374
916 0.000483470245138
917 0.00037242851635
918 0.000282256981062
919 0.000208491104085
920 0.000148757490959
921 0.000106778792628
922 9.42249002575e-05
923 0.000125619053382
924 0.000192842575999
925 0.000251401496228
926 0.00025872807045
927 0.00021349627297
928 0.000143585306109
929 7.52237954789e-05
930 2.06348044382e-05
931 -1.81099343486e-05
932 -4.36024789515e-05
933 -5.92313660859e-05
934 -6.80317926699e-05
935 -7.23022528754e-05
936 -7.36388645364e-05
937 -7.3135587356e-05
938 -7.15203065387e-05
939 -6.93183517253e-05
940 -6.68195085669e-05
941 -6.42313296212e-05
942 -6.16673195956e-05
943 -5.90587980212e-05
944 -5.64089592242e-05
945 -5.37250867069e-05
946 -5.10196178782e-05
947 -4.83543687154e-05
948 -4.57233210869e-05
949 -4.31336412093e-05
950 0.0292838747605
951 0.0257321375855
952 0.0201336517668
953 0.015138168579
954 0.0112465332289
955 0.00827845235341
956 0.0061556994215
957 0.00460878045458
958 0.00350082027088
959 0.00267643057294
960 0.00205973173385
961 0.00159579467386
962 0.00124247668434
963 0.000970705743524
964 0.000759436314553
965 0.000593436632091
966 0.000462371569167
967 0.000356758415848
968 0.000270506172683
969 0.000199650634981
970 0.000142701265996
971 0.000104287488084
972 9.70330708717e-05
973 0.000134090501203
974 0.000202797896951
975 0.000256655562012
976 0.000257249822932
977 0.000207991449409
978 0.000137502834721
979 7.04629582406e-05
980 1.7619233239e-05
981 -1.96308920378e-05
982 -4.40393876546e-05
983 -5.89403862453e-05
984 -6.72968274535e-05
985 -7.13431173712e-05
986 -7.26077805802e-05
987 -7.21160793929e-05
988 -7.05632552083e-05
989 -6.84384924511e-05
990 -6.60070455902e-05
991 -6.34804489526e-05
992 -6.0959787681e-05
993 -5.83963259063e-05
994 -5.57913650517e-05
995 -5.31396702518e-05
996 -5.04547589767e-05
997 -4.77925647922e-05
998 -4.5152882849e-05
999 -4.25572071403e-05
1000 0.0183504238175
1001 0.0168301614167
1002 0.0140864983838
1003 0.0112834653217
1004 0.00884132414442
1005 0.00678768296652
1006 0.00521144471311
1007 0.00400144644699
1008 0.0030990278439
1009 0.00240528695835
1010 0.00187389518541
1011 0.00146632596527
1012 0.00115083072256
1013 0.000904953639256
1014 0.000711664768039
1015 0.000558446457893
1016 0.0004363580869
1017 0.000337188724704
1018 0.00025559850696
1019 0.000188340527193
1020 0.00013500748548
1021 0.000101504313536
1022 0.000101559687724
1023 0.000145699857562
1024 0.000215146083727
1025 0.000261976685702
1026 0.000253883235601
1027 0.000199918399393
1028 0.000129094625562
1029 6.3930261748e-05
1030 1.33712574596e-05
1031 -2.19620305481e-05
1032 -4.49765859768e-05
1033 -5.89596188566e-05
1034 -6.67791736728e-05
1035 -7.05454832261e-05
1036 -7.16948710249e-05
1037 -7.11792634755e-05
1038 -6.96553311997e-05
1039 -6.75734175816e-05
1040 -6.51862077072e-05
1041 -6.27085371942e-05
1042 -6.02311918246e-05
1043 -5.77164085668e-05
1044 -5.5145337529e-05
1045 -5.25146567682e-05
1046 -4.98345580951e-05
1047 -4.71683304901e-05
1048 -4.45180311525e-05
1049 -4.19249754727e-05
1050 0.0121797267765
1051 0.0114495204753
1052 0.0100027120003
1053 0.00838645023721
1054 0.00685989687969
1055 0.00546438971512
1056 0.00432387523042
1057 0.00340488005145
1058 0.00269015882012
1059 0.00212200322081
1060 0.00167552543781
1061 0.00132563087495
1062 0.0010497116874
1063 0.000831577952934
1064 0.000657782280984
1065 0.000518568006912
1066 0.0004063522357
1067 0.000314354968286
1068 0.000238009571949
1069 0.000174961747218
1070 0.000126227114198
1071 9.93649378127e-05
1072 0.000108854989277
1073 0.000160805400911
1074 0.00022920976939
1075 0.00026630759634
1076 0.000247963463628
1077 0.000189158442321
1078 0.000118520301291
1079 5.5830659153e-05
1080 8.07453737771e-06
1081 -2.49630507464e-05
1082 -4.63274825358e-05
1083 -5.92645604681e-05
1084 -6.64701416137e-05
1085 -6.98976505496e-05
1086 -7.088787914e-05
1087 -7.03092117889e-05
1088 -6.87750185957e-05
1089 -6.67087886463e-05
1090 -6.43465904111e-05
1091 -6.19178656024e-05
1092 -5.94872177541e-05
1093 -5.70082405178e-05
1094 -5.44593537081e-05
1095 -5.18317279244e-05
1096 -4.9148091919e-05
1097 -4.64769623236e-05
1098 -4.38209294805e-05
1099 -4.1244275296e-05
1100 0.00841270668002
1101 0.00803069304828
1102 0.00721724493244
1103 0.00625736968319
1104 0.00529249626806
1105 0.00434952267356
1106 0.00353721057798
1107 0.00285155719208
1108 0.00229746665596
1109 0.00184232762544
1110 0.00147476839784
1111 0.00118038574727
1112 0.000943647179981
1113 0.00075343821931
1114 0.000599673040045
1115 0.000474923119562
1116 0.000373119733146
1117 0.000288715277913
1118 0.00021806423737
1119 0.000159961826815
1120 0.000117169598884
1121 9.91430334746e-05
1122 0.000120133192268
1123 0.000179530146195
1124 0.000243908799645
1125 0.000268351153211
1126 0.000238793499085
1127 0.000175585997671
1128 0.000105922084392
1129 4.63991782698e-05
1130 1.94280007584e-06
1131 -2.84983408489e-05
1132 -4.80472122246e-05
1133 -5.9834318899e-05
1134 -6.63500970032e-05
1135 -6.93849912663e-05
1136 -7.01649388953e-05
1137 -6.94751964006e-05
1138 -6.79005943629e-05
1139 -6.58271320769e-05
1140 -6.34860373268e-05
1141 -6.11138513205e-05
1142 -5.87196976841e-05
1143 -5.62659953357e-05
1144 -5.37205764118e-05
1145 -5.10826207187e-05
1146 -4.8391780307e-05
1147 -4.57165626209e-05
1148 -4.3064886556e-05
1149 -4.05277472682e-05
1150 0.00599198633206
1151 0.00577824557393
1152 0.00529530552673
1153 0.00470577498689
1154 0.00408435090787
1155 0.00344483791137
1156 0.00286843236751
1157 0.00236156054664
1158 0.00193814475784
1159 0.00157888023518
1160 0.0012809724177
1161 0.00103729431071
1162 0.000837284887553
1163 0.000673841586351
1164 0.000539629998245
1165 0.0004291051323
1166 0.000337777451903
1167 0.000261127301038
1168 0.000196572390768
1169 0.000144273894762
1170 0.000109117242986
1171 0.00010252532999
1172 0.000136513526422
1173 0.000201369365096
1174 0.000257512425439
1175 0.000266650281006
1176 0.000225821603203
1177 0.000159292890328
1178 9.16336641002e-05
1179 3.59721140635e-05
1180 -4.80819477445e-06
1181 -3.24496900057e-05
1182 -5.00663705285e-05
1183 -6.06174716929e-05
1184 -6.63836442679e-05
1185 -6.89740033134e-05
1186 -6.94913884155e-05
1187 -6.86568413145e-05
1188 -6.7015566647e-05
1189 -6.49279343257e-05
1190 -6.26184330952e-05
1191 -6.02952352157e-05
1192 -5.79263555186e-05
1193 -5.54779815042e-05
1194 -5.29211574079e-05
1195 -5.02668165617e-05
1196 -4.75700208892e-05
1197 -4.48993710707e-05
1198 -4.22705400891e-05
1199 -3.97917678107e-05
1200 0.00438225834898
1201 0.00425489559993
1202 0.00395434444287
1203 0.00357904283529
1204 0.00316870252695
1205 0.00272901420365
1206 0.00231784991717
1207 0.00194387502029
1208 0.00162206578599
1209 0.00134066099158
1210 0.00110165996408
1211 0.000902082544788
1212 0.000734872629184
1213 0.000595911879634
1214 0.000479940250476
1215 0.00038288001335
1216 0.000301649414871
1217 0.000232620055783
1218 0.000174493845194
1219 0.000129183565719
1220 0.000103915496706
1221 0.000111429303682
1222 0.000158472819461
1223 0.000224659190521
1224 0.000267760096985
1225 0.000259939927403
1226 0.000208955032533
1227 0.00014073884077
1228 7.61838219114e-05
1229 2.49600895463e-05
1230 -1.19132430201e-05
1231 -3.66342251292e-05
1232 -5.22567472209e-05
1233 -6.15304877799e-05
1234 -6.64980364992e-05
1235 -6.86018563735e-05
1236 -6.88228359725e-05
1237 -6.78227323974e-05
1238 -6.6112997571e-05
1239 -6.40154396554e-05
1240 -6.17391967232e-05
1241 -5.94503380381e-05
1242 -5.70884361413e-05
1243 -5.46285166873e-05
1244 -5.20520231297e-05
1245 -4.93800489299e-05
1246 -4.6685323163e-05
1247 -4.40344468316e-05
1248 -4.14491627913e-05
1249 -3.90395000193e-05
1250 0.00326298204002
1251 0.00318389391246
1252 0.00299052127125
1253 0.00274453591307
1254 0.00246796314382
1255 0.00216220671799
1256 0.00186750654089
1257 0.00159157820666
1258 0.00134766634004
1259 0.00112875372011
1260 0.000938599136322
1261 0.000776510689249
1262 0.000638097373732
1263 0.00052106118806
1264 0.000421659302553
1265 0.000337084095232
1266 0.000265340738322
1267 0.000203865337637
1268 0.000152762854362
1269 0.000116212581541
1270 0.000103860461213
1271 0.0001276709444
1272 0.000185561065302
1273 0.000246950801758
1274 0.000272349969609
1275 0.000247316854091
1276 0.000188275749293
1277 0.000120290370431
1278 5.99725241191e-05
1279 1.36251238217e-05
1280 -1.91776237757e-05
1281 -4.09094297149e-05
1282 -5.45271452558e-05
1283 -6.24964623441e-05
1284 -6.66353622223e-05
1285 -6.82287047922e-05
1286 -6.81333916932e-05
1287 -6.69679362628e-05
1288 -6.5196303825e-05
1289 -6.30875158323e-05
1290 -6.08397147406e-05
1291 -5.85641233054e-05
1292 -5.61910364053e-05
1293 -5.37078370175e-05
1294 -5.11080871269e-05
1295 -4.84257664353e-05
1296 -4.57497974896e-05
1297 -4.31372017868e-05
1298 -4.0608565931e-05
1299 -3.82716007158e-05
1300 0.00246501541864
1301 0.00241450550924
1302 0.00228608417922
1303 0.00212070223278
1304 0.00193128814732
1305 0.0017157408767
1306 0.00150272978847
1307 0.00129835048743
1308 0.00111365204529
1309 0.000943890262071
1310 0.000793268095066
1311 0.000662451637525
1312 0.0005486343725
1313 0.000450636172747
1314 0.000365775731554
1315 0.000292559301333
1316 0.000229614881896
1317 0.000175747940906
1318 0.000132889182759
1319 0.000107749970294
1320 0.000111723207615
1321 0.000152228834082
1322 0.000215527483514
1323 0.000264709199842
1324 0.000269210700222
1325 0.000228530574185
1326 0.000164378592549
1327 9.86317385757e-05
1328 4.35050544389e-05
1329 2.32886334521e-06
1330 -2.63510272348e-05
1331 -4.51128546631e-05
1332 -5.67346455498e-05
1333 -6.34146116069e-05
1334 -6.67271071798e-05
1335 -6.78061084853e-05
1336 -6.74037941641e-05
1337 -6.6091194776e-05
1338 -6.42598648884e-05
1339 -6.21322612156e-05
1340 -5.99031473346e-05
1341 -5.76178441981e-05
1342 -5.5223580895e-05
1343 -5.27119702558e-05
1344 -5.00924512574e-05
1345 -4.7416819013e-05
1346 -4.47809925884e-05
1347 -4.22168604437e-05
1348 -3.97494013926e-05
1349 -3.74842606306e-05
1350 0.00188445148884
1351 0.00185145798264
1352 0.00176410720971
1353 0.00165025299131
1354 0.00151855542431
1355 0.00136430651274
1356 0.00120889545901
1357 0.00105694836809
1358 0.000916656708285
1359 0.000785041576308
1360 0.000665912750492
1361 0.000560670136212
1362 0.000467346691019
1363 0.000385399733934
1364 0.000313294998925
1365 0.000250116451631
1366 0.000195480200742
1367 0.000149733276891
1368 0.000117200823482
1369 0.000107088176992
1370 0.000129916182031
1371 0.000184069038768
1372 0.000244261716169
1373 0.000274223470759
1374 0.000257130419969
1375 0.000204197780271
1376 0.000138181645668
1377 7.65714146337e-05
1378 2.73013775826e-05
1379 -8.59423582071e-06
1380 -3.32056423866e-05
1381 -4.90880928961e-05
1382 -5.87899731949e-05
1383 -6.42179453677e-05
1384 -6.67323766579e-05
1385 -6.73190398857e-05
1386 -6.66348483648e-05
1387 -6.51832920666e-05
1388 -6.32869053797e-05
1389 -6.11347457272e-05
1390 -5.89092146144e-05
1391 -5.65998650378e-05
1392 -5.41791827344e-05
1393 -5.16418983904e-05
1394 -4.90154491559e-05
1395 -4.63709017462e-05
1396 -4.37890808877e-05
1397 -4.12747635014e-05
1398 -3.88712793449e-05
1399 -3.66764074732e-05
1400 0.00145310030484
1401 0.00143084332549
1402 0.00137020343048
1403 0.00129046878929
1404 0.00119741653374
1405 0.00108591135785
1406 0.000971687879047
1407 0.000858161408998
1408 0.000751237582632
1409 0.000649114393606
1410 0.000555020945474
1411 0.000470429016808
1412 0.000393824969295
1413 0.000325436209565
1414 0.000264314375179
1415 0.000210223250517
1416 0.000163885585813
1417 0.00012785638165
1418 0.000108993215418
1419 0.000117838791427
1420 0.000159238055269
1421 0.000219479855616
1422 0.000266410218553
1423 0.00027251446201
1424 0.000236017881031
1425 0.000175329906615
1426 0.000110766415
1427 5.48361361839e-05
1428 1.1814146346e-05
1429 -1.88542218599e-05
1430 -3.95411653396e-05
1431 -5.2706867572e-05
1432 -6.05994886624e-05
1433 -6.48442293976e-05
1434 -6.6622177037e-05
1435 -6.67550822223e-05
1436 -6.58113116689e-05
1437 -6.42257029855e-05
1438 -6.22552586176e-05
1439 -6.00799115363e-05
1440 -5.78430640805e-05
1441 -5.55040821897e-05
1442 -5.3056624638e-05
1443 -5.05075136061e-05
1444 -4.78960012082e-05
1445 -4.53001784355e-05
1446 -4.27737106349e-05
1447 -4.03079893536e-05
1448 -3.79713777578e-05
1449 -3.58575847271e-05
1450 0.00112833097366
1451 0.0011130779635
1452 0.0010701295957
1453 0.0010136236002
1454 0.000946756268331
1455 0.000865299196023
1456 0.000780570474878
1457 0.000695031338277
1458 0.000613209734584
1459 0.000533700267182
1460 0.000459127883247
1461 0.000390788758948
1462 0.000327848562745
1463 0.000270773441595
1464 0.000219104003087
1465 0.000173617210549
1466 0.000136767992051
1467 0.000113469356055
1468 0.000112786811523
1469 0.000142639247766
1470 0.000197150158685
1471 0.000251898445785
1472 0.000276585943185
1473 0.000258246107504
1474 0.000207191973544
1475 0.00014365501029
1476 8.33611072614e-05
1477 3.41213426109e-05
1478 -2.56865000876e-06
1479 -2.82236556915e-05
1480 -4.52293815064e-05
1481 -5.58843646556e-05
1482 -6.211501503e-05
1483 -6.5284112194e-05
1484 -6.63901625036e-05
1485 -6.61013689301e-05
1486 -6.49182010659e-05
1487 -6.31999937579e-05
1488 -6.11501652413e-05
1489 -5.89590381521e-05
1490 -5.67009332974e-05
1491 -5.43369709869e-05
1492 -5.18733010724e-05
1493 -4.93326672302e-05
1494 -4.67550542308e-05
1495 -4.42143109109e-05
1496 -4.17367712252e-05
1497 -3.93185306275e-05
1498 -3.70598350396e-05
1499 -3.50389826446e-05
1500 0.000882453236948
1501 0.000871919679419
1502 0.00084080901426
1503 0.00080000873218
1504 0.00075113626613
1505 0.000690711483016
1506 0.000627130841912
1507 0.000562004986941
1508 0.000498922809291
1509 0.000436395460983
1510 0.000376717848503
1511 0.000321213578308
1512 0.000269306876186
1513 0.000221641774152
1514 0.000178655601999
1515 0.000142567038516
1516 0.000117894087526
1517 0.000111791299009
1518 0.000132675548582
1519 0.000180168370153
1520 0.000236286318546
1521 0.000273175440503
1522 0.000271255201225
1523 0.000232375020518
1524 0.00017323333463
1525 0.0001113382613
1526 5.73392832286e-05
1527 1.51910541894e-05
1528 -1.54039718852e-05
1529 -3.63929429063e-05
1530 -5.01010355969e-05
1531 -5.85243704815e-05
1532 -6.32841608753e-05
1533 -6.55054866467e-05
1534 -6.60029845958e-05
1535 -6.53336769597e-05
1536 -6.39317030652e-05
1537 -6.20853357342e-05
1538 -5.99697106854e-05
1539 -5.77684685316e-05
1540 -5.54847390845e-05
1541 -5.31087454178e-05
1542 -5.06493790623e-05
1543 -4.8131872994e-05
1544 -4.55985896471e-05
1545 -4.31104130071e-05
1546 -4.06728439036e-05
1547 -3.83140941121e-05
1548 -3.61482725276e-05
1549 -3.42250635317e-05
1550 0.000692589591194
1551 0.000684959108273
1552 0.000662065936912
1553 0.000632103267669
1554 0.000595943542424
1555 0.000550596099775
1556 0.000502388809043
1557 0.000452247185115
1558 0.000403024909463
1559 0.000353388393292
1560 0.000305375786935
1561 0.000260099683854
1562 0.000217292219282
1563 0.000178255664404
1564 0.000144623928386
1565 0.000120598969274
1566 0.000112612331939
1567 0.000127986643417
1568 0.000168962141376
1569 0.000223424598424
1570 0.000266609205649
1571 0.00027720375758
1572 0.00025025061658
1573 0.000197765687236
1574 0.000136673106348
1575 7.98530320272e-05
1576 3.33244710952e-05
1577 -1.74972248231e-06
1578 -2.66546648525e-05
1579 -4.34209530234e-05
1580 -5.41862795193e-05
1581 -6.06559490061e-05
1582 -6.41118949774e-05
1583 -6.54918707233e-05
1584 -6.54396397872e-05
1585 -6.44315302318e-05
1586 -6.28331031389e-05
1587 -6.0870040701e-05
1588 -5.87153633397e-05
1589 -5.65051944057e-05
1590 -5.42077932662e-05
1591 -5.18364097382e-05
1592 -4.93951344737e-05
1593 -4.69047339655e-05
1594 -4.44168931052e-05
1595 -4.19740655855e-05
1596 -3.95799768565e-05
1597 -3.73033117679e-05
1598 -3.52404625082e-05
1599 -3.34182970371e-05
1600 0.000543702445607
1601 0.000538124779302
1602 0.000521033233188
1603 0.000498630533358
1604 0.000471528553456
1605 0.000437017683187
1606 0.000399863603504
1607 0.000360760956113
1608 0.000321960066607
1609 0.000282294323995
1610 0.000243452275688
1611 0.000206640522244
1612 0.000172241548348
1613 0.000142624793346
1614 0.000121181011639
1615 0.000113846650032
1616 0.000127170501251
1617 0.000163621643847
1618 0.000214899660416
1619 0.000260456698165
1620 0.000278828931573
1621 0.000261800069103
1622 0.000216421742936
1623 0.000158163912069
1624 0.000100308489175
1625 5.07604135932e-05
1626 1.20187489118e-05
1627 -1.63981366848e-05
1628 -3.61710689786e-05
1629 -4.92587751771e-05
1630 -5.74955949395e-05
1631 -6.22609848736e-05
1632 -6.4586807486e-05
1633 -6.52195255562e-05
1634 -6.46793651101e-05
1635 -6.33809516856e-05
1636 -6.1613898812e-05
1637 -5.95557261048e-05
1638 -5.7392868648e-05
1639 -5.51779426108e-05
1640 -5.28871741209e-05
1641 -5.05299403692e-05
1642 -4.81100875629e-05
1643 -4.56469375903e-05
1644 -4.32027209293e-05
1645 -4.08058158876e-05
1646 -3.84724124616e-05
1647 -3.6294153955e-05
1648 -3.43411487764e-05
1649 -3.26293349037e-05
1650 0.000425695121861
1651 0.000421626593656
1652 0.000408646967917
1653 0.000391543295778
1654 0.000370891061815
1655 0.000344128259285
1656 0.000315125944014
1657 0.000284296040093
1658 0.000253358312222
1659 0.000221530249203
1660 0.000190451200884
1661 0.000161728967022
1662 0.000136942461748
1663 0.000119796518467
1664 0.00011535772152
1665 0.000129450283187
1666 0.000163827396573
1667 0.000211847169937
1668 0.000256657259562
1669 0.00027875383096
1670 0.000268380341183
1671 0.000229578564949
1672 0.00017490407716
1673 0.000117666038768
1674 6.64491472567e-05
1675 2.50627362019e-05
1676 -6.22584241192e-06
1677 -2.86671540987e-05
1678 -4.39855833778e-05
1679 -5.39364334538e-05
1680 -6.00288418313e-05
1681 -6.33319686144e-05
1682 -6.46885218419e-05
1683 -6.46693606029e-05
1684 -6.37197636704e-05
1685 -6.21811639054e-05
1686 -6.02752207771e-05
1687 -5.81716415342e-05
1688 -5.6022037126e-05
1689 -5.38139508627e-05
1690 -5.15419157235e-05
1691 -4.91982243904e-05
1692 -4.67928048545e-05
1693 -4.43614522789e-05
1694 -4.19666393904e-05
1695 -3.96229179353e-05
1696 -3.73678529073e-05
1697 -3.52981117355e-05
1698 -3.3462698868e-05
1699 -3.1871206676e-05
1700 0.000330987262969
1701 0.000327972686503
1702 0.000317930344969
1703 0.000304638078731
1704 0.000288676417707
1705 0.000267581827838
1706 0.000244642494447
1707 0.000220196991107
1708 0.000195702479445
1709 0.000170987124717
1710 0.000148018065086
1711 0.000129262586509
1712 0.000117668808735
1713 0.000118001351421
1714 0.000134845552011
1715 0.000169201728035
1716 0.000214335532749
1717 0.000256401411737
1718 0.00027870236203
1719 0.000271536317542
1720 0.000237505414235
1721 0.0001867247707
1722 0.000131007944869
1723 7.94819533573e-05
1724 3.65047627966e-05
1725 3.15391962158e-06
1726 -2.14031302083e-05
1727 -3.86520299797e-05
1728 -5.02032444226e-05
1729 -5.75307651979e-05
1730 -6.18069334442e-05
1731 -6.38839740637e-05
1732 -6.4412043673e-05
1733 -6.38456455264e-05
1734 -6.25661275338e-05
1735 -6.08403829255e-05
1736 -5.88414071204e-05
1737 -5.67457504799e-05
1738 -5.46193865452e-05
1739 -5.24272973876e-05
1740 -5.01674141606e-05
1741 -4.78338143048e-05
1742 -4.54406706713e-05
1743 -4.30539423039e-05
1744 -4.0718123814e-05
1745 -3.84345602585e-05
1746 -3.62757445037e-05
1747 -3.4328724649e-05
1748 -3.26234822476e-05
1749 -3.11492029038e-05
1750 0.000253094069666
1751 0.000250743218776
1752 0.000242889042924
1753 0.000232536192798
1754 0.00022011888651
1755 0.00020359771372
1756 0.000185841113644
1757 0.000167331468516
1758 0.00014963790011
1759 0.000133489317704
1760 0.000121538224852
1761 0.000117035689992
1762 0.000123812011468
1763 0.000144790518665
1764 0.000179944196796
1765 0.000222562027483
1766 0.00026004034631
1767 0.00027940601139
1768 0.000272439492241
1769 0.000240524317123
1770 0.000193020285076
1771 0.000139743431423
1772 8.89189516134e-05
1773 4.55523851694e-05
1774 1.10457697855e-05
1775 -1.49559116863e-05
1776 -3.36583080116e-05
1777 -4.65360921583e-05
1778 -5.4962705984e-05
1779 -6.0117709548e-05
1780 -6.28832047992e-05
1781 -6.39432137654e-05
1782 -6.37805697386e-05
1783 -6.27801572e-05
1784 -6.12513100031e-05
1785 -5.93932113949e-05
1786 -5.73646558704e-05
1787 -5.5306320698e-05
1788 -5.3194159689e-05
1789 -5.10147623479e-05
1790 -4.8753660168e-05
1791 -4.64246526855e-05
1792 -4.40627588431e-05
1793 -4.1735678832e-05
1794 -3.94584405667e-05
1795 -3.72486575482e-05
1796 -3.52086330676e-05
1797 -3.33988684729e-05
1798 -3.18288420456e-05
1799 -3.04538313562e-05
1800 0.000190068894114
1801 0.000188293395851
1802 0.000182300949617
1803 0.000174613140855
1804 0.000165445651419
1805 0.000153587580581
1806 0.000141638665051
1807 0.000130553378407
1808 0.0001220527928
1809 0.000118112695873
1810 0.000121716490164
1811 0.000135380084748
1812 0.000160957503785
1813 0.000196242791708
1814 0.000235069922867
1815 0.000266605775958
1816 0.000280379971727
1817 0.000271052416824
1818 0.000239907236252
1819 0.000194201747487
1820 0.000143596255894
1821 9.46284439826e-05
1822 5.17544660564e-05
1823 1.70500637084e-05
1824 -9.68027492597e-06
1825 -2.93061146804e-05
1826 -4.31322105398e-05
1827 -5.24540520303e-05
1828 -5.83629635929e-05
1829 -6.17482881046e-05
1830 -6.33040339168e-05
1831 -6.35361853142e-05
1832 -6.2830280043e-05
1833 -6.15120592846e-05
1834 -5.98145658098e-05
1835 -5.78852074232e-05
1836 -5.58822552794e-05
1837 -5.38493361912e-05
1838 -5.17442427976e-05
1839 -4.95635298217e-05
1840 -4.73018868534e-05
1841 -4.4987673441e-05
1842 -4.2678305548e-05
1843 -4.04147895009e-05
1844 -3.819948232e-05
1845 -3.609049089e-05
1846 -3.41898465126e-05
1847 -3.25214874805e-05
1848 -3.10703396534e-05
1849 -2.97708142009e-05
1850 0.000142949560542
1851 0.000141781672486
1852 0.000138033793604
1853 0.000133603894708
1854 0.00012869899099
1855 0.000123313140767
1856 0.000119704085109
1857 0.000119427424152
1858 0.000123920364733
1859 0.000135748883143
1860 0.000156153146444
1861 0.000184483734808
1862 0.000218283251311
1863 0.000250900221316
1864 0.000274194748062
1865 0.000280454144756
1866 0.000266676083874
1867 0.000234846738468
1868 0.000190980589645
1869 0.000142375264536
1870 9.59379234661e-05
1871 5.48235632896e-05
1872 2.07502461168e-05
1873 -5.90006673491e-06
1874 -2.59184432465e-05
1875 -4.02771156189e-05
1876 -5.0183428953e-05
1877 -5.66772207114e-05
1878 -6.05742202379e-05
1879 -6.25591804255e-05
1880 -6.31517253603e-05
1881 -6.27341343981e-05
1882 -6.16333221778e-05
1883 -6.009927731e-05
1884 -5.82960746834e-05
1885 -5.63572086681e-05
1886 -5.43877113261e-05
1887 -5.23577998127e-05
1888 -5.02515719653e-05
1889 -4.80655833929e-05
1890 -4.58166207717e-05
1891 -4.35381943513e-05
1892 -4.12913458524e-05
1893 -3.90909887467e-05
1894 -3.69560063791e-05
1895 -3.49790707305e-05
1896 -3.32244056709e-05
1897 -3.16872714217e-05
1898 -3.03290845186e-05
1899 -2.90879956133e-05
1900 0.000120594439455
1901 0.000120282261988
1902 0.000119845912893
1903 0.000120116915389
1904 0.000121425890033
1905 0.000125278526796
1906 0.000132776020382
1907 0.000145384735706
1908 0.000162990856782
1909 0.000186985151328
1910 0.00021516681171
1911 0.000243590475083
1912 0.000267287917578
1913 0.000280087455192
1914 0.000277417778405
1915 0.000257983037807
1916 0.000224755050869
1917 0.000182418197988
1918 0.000136804674183
1919 9.27421536719e-05
1920 5.41654881766e-05
1921 2.18157519686e-05
1922 -4.04604401913e-06
1923 -2.3750724021e-05
1924 -3.81953682432e-05
1925 -4.83519571963e-05
1926 -5.51734604365e-05
1927 -5.94483289271e-05
1928 -6.17715567403e-05
1929 -6.2669568856e-05
1930 -6.25153591218e-05
1931 -6.16266696829e-05
1932 -6.02578908166e-05
1933 -5.85851773462e-05
1934 -5.67296795677e-05
1935 -5.48190333345e-05
1936 -5.285923378e-05
1937 -5.08250545667e-05
1938 -4.87144811657e-05
1939 -4.65371594256e-05
1940 -4.43094436436e-05
1941 -4.20846974401e-05
1942 -3.99065874953e-05
1943 -3.7778634712e-05
1944 -3.57569609099e-05
1945 -3.39244726452e-05
1946 -3.23048654457e-05
1947 -3.08776031392e-05
1948 -2.95921607947e-05
1949 -2.84014531035e-05
1950 0.000136746382592
1951 0.000137494444997
1952 0.000141194848344
1953 0.000146825365925
1954 0.000154762297542
1955 0.000167376266547
1956 0.000183563395446
1957 0.000203430760145
1958 0.000225034683113
1959 0.000247526708145
1960 0.000266891536123
1961 0.000278992066347
1962 0.0002802506487
1963 0.000268591320585
1964 0.000243994569523
1965 0.000209211881329
1966 0.000168745329905
1967 0.000126447945235
1968 8.6071505788e-05
1969 5.00515369679e-05
1970 2.01317043835e-05
1971 -4.11012900265e-06
1972 -2.29778104173e-05
1973 -3.70273417264e-05
1974 -4.71085565501e-05
1975 -5.40127118806e-05
1976 -5.84623380835e-05
1977 -6.10161458481e-05
1978 -6.21411996199e-05
1979 -6.22066362149e-05
1980 -6.15064999759e-05
1981 -6.02981384185e-05
1982 -5.875278145e-05
1983 -5.69907096503e-05
1984 -5.5136911953e-05
1985 -5.32446144427e-05
1986 -5.12785787995e-05
1987 -4.92468009702e-05
1988 -4.71401711194e-05
1989 -4.49773087858e-05
1990 -4.2789664252e-05
1991 -4.06353385574e-05
1992 -3.85337889868e-05
1993 -3.64996856064e-05
1994 -3.46122472216e-05
1995 -3.29171380649e-05
1996 -3.14171478049e-05
1997 -3.00804069019e-05
1998 -2.88584175768e-05
1999 -2.77125982335e-05
2000 0.000192201779588
2001 0.000193667309862
2002 0.000199782812946
2003 0.000207940982954
2004 0.000218103089925
2005 0.00023212252198
2006 0.000247030720267
2007 0.00026148456305
2008 0.000273344429902
2009 0.000280435302952
2010 0.000280055457874
2011 0.000270619145061
2012 0.0002511684715
2013 0.000223007779001
2014 0.000188127899367
2015 0.000149844090127
2016 0.000111552073671
2017 7.53788322622e-05
2018 4.31665586948e-05
2019 1.57568118888e-05
2020 -6.26961872146e-06
2021 -2.36607669453e-05
2022 -3.68845366867e-05
2023 -4.65232532063e-05
2024 -5.3262230837e-05
2025 -5.76968600708e-05
2026 -6.03360789624e-05
2027 -6.16123056739e-05
2028 -6.18437153896e-05
2029 -6.13052621708e-05
2030 -6.02336550177e-05
2031 -5.88111824522e-05
2032 -5.71467206824e-05
2033 -5.53520954246e-05
2034 -5.35194205543e-05
2035 -5.16257049187e-05
2036 -4.96633975919e-05
2037 -4.76331757047e-05
2038 -4.55380890144e-05
2039 -4.33997265145e-05
2040 -4.12766906142e-05
2041 -3.9204491784e-05
2042 -3.71858717993e-05
2043 -3.52649684911e-05
2044 -3.35119763448e-05
2045 -3.19415758442e-05
2046 -3.05493473821e-05
2047 -2.92912195684e-05
2048 -2.81264459387e-05
2049 -2.70232395948e-05
2050 0.000255470595823
2051 0.00025665998024
2052 0.000260995533982
2053 0.00026603612123
2054 0.000271406235935
2055 0.000277240818781
2056 0.000280939221011
2057 0.000281005431483
2058 0.000276557966105
2059 0.000265660088585
2060 0.000247964465378
2061 0.000224164995769
2062 0.000194598874981
2063 0.000161531980822
2064 0.000126806109173
2065 9.28155323691e-05
2066 6.14252351424e-05
2067 3.34135030105e-05
2068 9.47224995401e-06
2069 -1.02912402942e-05
2070 -2.5775637743e-05
2071 -3.77331772274e-05
2072 -4.66379618888e-05
2073 -5.29642754405e-05
2074 -5.7218223956e-05
2075 -5.98114978176e-05
2076 -6.11285126025e-05
2077 -6.14611648388e-05
2078 -6.10377633482e-05
2079 -6.00830368985e-05
2080 -5.87618042244e-05
2081 -5.71917583769e-05
2082 -5.54640970197e-05
2083 -5.36876894608e-05
2084 -5.1864136564e-05
2085 -4.99728051938e-05
2086 -4.80154347774e-05
2087 -4.59927026833e-05
2088 -4.391590708e-05
2089 -4.18342261337e-05
2090 -3.9795954502e-05
2091 -3.78060693872e-05
2092 -3.58778369323e-05
2093 -3.40793809901e-05
2094 -3.24502398058e-05
2095 -3.09975415558e-05
2096 -2.97014797515e-05
2097 -2.85121541826e-05
2098 -2.73975626915e-05
2099 -2.63422089282e-05
2100 0.000281262068208
2101 0.000281480821177
2102 0.000281141324759
2103 0.000279859985552
2104 0.000277408486632
2105 0.000272059040879
2106 0.000263480518508
2107 0.000250830102789
2108 0.000234506096441
2109 0.000213277774221
2110 0.00018810955659
2111 0.000160499279881
2112 0.000130861696324
2113 0.000101052038995
2114 7.21236569181e-05
2115 4.54711213722e-05
2116 2.19390841572e-05
2117 1.58709942696e-06
2118 -1.53373861721e-05
2119 -2.89853626622e-05
2120 -3.94372246049e-05
2121 -4.73442832311e-05
2122 -5.3083690872e-05
2123 -5.7003744593e-05
2124 -5.94442390862e-05
2125 -6.07178154513e-05
2126 -6.10778055707e-05
2127 -6.07279215148e-05
2128 -5.98553181337e-05
2129 -5.86213556543e-05
2130 -5.71321670104e-05
2131 -5.54762297013e-05
2132 -5.37590378583e-05
2133 -5.2003438283e-05
2134 -5.01822397339e-05
2135 -4.82962037429e-05
2136 -4.63413544415e-05
2137 -4.43358181347e-05
2138 -4.23045052721e-05
2139 -4.03040803759e-05
2140 -3.83494755449e-05
2141 -3.64346456624e-05
2142 -3.46099527662e-05
2143 -3.29351562809e-05
2144 -3.14300484883e-05
2145 -3.00889367923e-05
2146 -2.88750849033e-05
2147 -2.77473239914e-05
2148 -2.66809171996e-05
2149 -2.56860669319e-05
2150 0.000253264312572
2151 0.000252564380996
2152 0.000248310850466
2153 0.000242338924632
2154 0.000234522722189
2155 0.000222329303428
2156 0.000207420895527
2157 0.000189538056127
2158 0.000169654775145
2159 0.000146979057758
2160 0.000122704947357
2161 9.82092719678e-05
2162 7.36737504539e-05
2163 5.03387794365e-05
2164 2.8638272858e-05
2165 9.3261447979e-06
2166 -7.28625979019e-06
2167 -2.12943748749e-05
2168 -3.27303406675e-05
2169 -4.17704504681e-05
2170 -4.85555521059e-05
2171 -5.35508089091e-05
2172 -5.70289032694e-05
2173 -5.9220587908e-05
2174 -6.0378475197e-05
2175 -6.07061789367e-05
2176 -6.03779006697e-05
2177 -5.95607226813e-05
2178 -5.83930766682e-05
2179 -5.69780482685e-05
2180 -5.53926630476e-05
2181 -5.37361865677e-05
2182 -5.20460630358e-05
2183 -5.02929250645e-05
2184 -4.8477240576e-05
2185 -4.65939662999e-05
2186 -4.4658479785e-05
2187 -4.26903290907e-05
2188 -4.07332000415e-05
2189 -3.88139493026e-05
2190 -3.69228709003e-05
2191 -3.50902469243e-05
2192 -3.33837776436e-05
2193 -3.18345460963e-05
2194 -3.04514854987e-05
2195 -2.92095467433e-05
2196 -2.8069219281e-05
2197 -2.69972092524e-05
2198 -2.5990560164e-05
2199 -2.5068925319e-05
2200 0.000190738280357
2201 0.000189569571769
2202 0.000183957633671
2203 0.000176623773074
2204 0.00016746795493
2205 0.000154102801898
2206 0.000138928042651
2207 0.000121950502723
2208 0.000104188139165
2209 8.50510538242e-05
2210 6.55951698026e-05
2211 4.67737755264e-05
2212 2.8605390697e-05
2213 1.18394619931e-05
2214 -3.38357820916e-06
2215 -1.66205922549e-05
2216 -2.77847540975e-05
2217 -3.70229285217e-05
2218 -4.44224595672e-05
2219 -5.01549274894e-05
2220 -5.43272159605e-05
2221 -5.72563594677e-05
2222 -5.91219692739e-05
2223 -6.00992915033e-05
2224 -6.03412364462e-05
2225 -5.99942625882e-05
2226 -5.92001214535e-05
2227 -5.80801479488e-05
2228 -5.67279172248e-05
2229 -5.52094858279e-05
2230 -5.36161811784e-05
2231 -5.19891921356e-05
2232 -5.03029752654e-05
2233 -4.85552733045e-05
2234 -4.67456307539e-05
2235 -4.48815714131e-05
2236 -4.29784911577e-05
2237 -4.10731376757e-05
2238 -3.91896788096e-05
2239 -3.73296624017e-05
2240 -3.55029626906e-05
2241 -3.37780172338e-05
2242 -3.22012649592e-05
2243 -3.07830159498e-05
2244 -2.95154252573e-05
2245 -2.83584565966e-05
2246 -2.72837567474e-05
2247 -2.62717124494e-05
2248 -2.53411699428e-05
2249 -2.44960355298e-05
2250 0.000120890119788
2251 0.000119748459553
2252 0.000114646746273
2253 0.000108152640103
2254 0.000100213596697
2255 8.89739958225e-05
2256 7.66563793652e-05
2257 6.32981091712e-05
2258 4.97596674621e-05
2259 3.5592975126e-05
2260 2.15632457759e-05
2261 8.29639583213e-06
2262 -4.23714101081e-06
2263 -1.55844545943e-05
2264 -2.56975990755e-05
2265 -3.43441267535e-05
2266 -4.15048028452e-05
2267 -4.73272849688e-05
2268 -5.1880887723e-05
2269 -5.52976891594e-05
2270 -5.76317178014e-05
2271 -5.91086853739e-05
2272 -5.98514103564e-05
2273 -5.9966969661e-05
2274 -5.95648369349e-05
2275 -5.87718709991e-05
2276 -5.76861169339e-05
2277 -5.63858810937e-05
2278 -5.49329864054e-05
2279 -5.34015486132e-05
2280 -5.18364765109e-05
2281 -5.02166992213e-05
2282 -4.85371054205e-05
2283 -4.68001651884e-05
2284 -4.50088433619e-05
2285 -4.31719359018e-05
2286 -4.13171478399e-05
2287 -3.94755084224e-05
2288 -3.76483252465e-05
2289 -3.58433059949e-05
2290 -3.41131083849e-05
2291 -3.25176133166e-05
2292 -3.10739245443e-05
2293 -2.97820506451e-05
2294 -2.86132935604e-05
2295 -2.75355355234e-05
2296 -2.65281070759e-05
2297 -2.55917869264e-05
2298 -2.47439848035e-05
2299 -2.3964700494e-05
2300 6.08322857294e-05
2301 5.99669375458e-05
2302 5.60868339643e-05
2303 5.11595424496e-05
2304 4.52655109249e-05
2305 3.7048517966e-05
2306 2.81917894045e-05
2307 1.87521194958e-05
2308 9.33392704632e-06
2309 -3.62683085304e-07
2310 -9.80793970283e-06
2311 -1.86046549776e-05
2312 -2.67845664119e-05
2313 -3.40822670304e-05
2314 -4.04833903413e-05
2315 -4.58631732546e-05
2316 -5.02298791449e-05
2317 -5.36834024682e-05
2318 -5.62658518279e-05
2319 -5.80631687437e-05
2320 -5.9128145529e-05
2321 -5.96000309184e-05
2322 -5.95559881541e-05
2323 -5.90832466135e-05
2324 -5.82714599563e-05
2325 -5.72093875778e-05
2326 -5.59530671941e-05
2327 -5.4555010388e-05
2328 -5.30887630325e-05
2329 -5.15882835866e-05
2330 -5.00352539997e-05
2331 -4.84266257172e-05
2332 -4.67613792186e-05
2333 -4.50409518233e-05
2334 -4.32706932053e-05
2335 -4.14675693017e-05
2336 -3.9667820771e-05
2337 -3.78817733581e-05
2338 -3.61031126894e-05
2339 -3.43819937113e-05
2340 -3.2777665687e-05
2341 -3.1318412575e-05
2342 -3.0008826551e-05
2343 -2.88301572343e-05
2344 -2.77507083856e-05
2345 -2.67499959254e-05
2346 -2.58186474898e-05
2347 -2.49681893194e-05
2348 -2.41913974974e-05
2349 -2.34564811102e-05
2350 1.58021437324e-05
2351 1.52183338739e-05
2352 1.25563048393e-05
2353 9.18828320728e-06
2354 5.2078353842e-06
2355 -3.34165979675e-07
2356 -6.22791846865e-06
2357 -1.24550608201e-05
2358 -1.85913549731e-05
2359 -2.4836625708e-05
2360 -3.08498443628e-05
2361 -3.6376527266e-05
2362 -4.14396790924e-05
2363 -4.5896966841e-05
2364 -4.97395561941e-05
2365 -5.28891019374e-05
2366 -5.53504311734e-05
2367 -5.71746346057e-05
2368 -5.8406913841e-05
2369 -5.91058282342e-05
2370 -5.93044768926e-05
2371 -5.90910834175e-05
2372 -5.85332795054e-05
2373 -5.77010675312e-05
2374 -5.66497983488e-05
2375 -5.54317596777e-05
2376 -5.40885441596e-05
2377 -5.26828773177e-05
2378 -5.1247652272e-05
2379 -4.97623845403e-05
2380 -4.82212013174e-05
2381 -4.66272740447e-05
2382 -4.49726804324e-05
2383 -4.32657900728e-05
2384 -4.15167329099e-05
2385 -3.9760766389e-05
2386 -3.80147231943e-05
2387 -3.62781420233e-05
2388 -3.45762541142e-05
2389 -3.29771213307e-05
2390 -3.15121605555e-05
2391 -3.01913199497e-05
2392 -2.90085603692e-05
2393 -2.79322477709e-05
2394 -2.69407978947e-05
2395 -2.60174897205e-05
2396 -2.51696275898e-05
2397 -2.43951288609e-05
2398 -2.36659599051e-05
2399 -2.29486339731e-05
2400 -1.51192570053e-05
2401 -1.54793051523e-05
2402 -1.7199356644e-05
2403 -1.93437015562e-05
2404 -2.1852923242e-05
2405 -2.53686473117e-05
2406 -2.90628324832e-05
2407 -3.29383328064e-05
2408 -3.6719890215e-05
2409 -4.05264261667e-05
2410 -4.41562623771e-05
2411 -4.74344709137e-05
2412 -5.03918224167e-05
2413 -5.29355254321e-05
2414 -5.50486245938e-05
2415 -5.66917764551e-05
2416 -5.78628520884e-05
2417 -5.86084802694e-05
2418 -5.89475615467e-05
2419 -5.89141052057e-05
2420 -5.85469108922e-05
2421 -5.7908500199e-05
2422 -5.70481566076e-05
2423 -5.60087445669e-05
2424 -5.48221158238e-05
2425 -5.35364486141e-05
2426 -5.22019019575e-05
2427 -5.08314101429e-05
2428 -4.94115961338e-05
2429 -4.79397043363e-05
2430 -4.64077211923e-05
2431 -4.48151563667e-05
2432 -4.31642381009e-05
2433 -4.14684512047e-05
2434 -3.97579336378e-05
2435 -3.8053621564e-05
2436 -3.63559898763e-05
2437 -3.46880373399e-05
2438 -3.31024476939e-05
2439 -3.1644214259e-05
2440 -3.03242710494e-05
2441 -2.91433655781e-05
2442 -2.80753589686e-05
2443 -2.70967761576e-05
2444 -2.6188143803e-05
2445 -2.5345052688e-05
2446 -2.45732188456e-05
2447 -2.38497333893e-05
2448 -2.31453780776e-05
2449 -2.24249549962e-05
2450 -3.49107439261e-05
2451 -3.51047478987e-05
2452 -3.61610363663e-05
2453 -3.74496160449e-05
2454 -3.89455218117e-05
2455 -4.10663700362e-05
2456 -4.32669439897e-05
2457 -4.55504822176e-05
2458 -4.77524242043e-05
2459 -4.99390556778e-05
2460 -5.19921412297e-05
2461 -5.3792007824e-05
2462 -5.5357106573e-05
2463 -5.66334823484e-05
2464 -5.76110710728e-05
2465 -5.82652925842e-05
2466 -5.86018186261e-05
2467 -5.863724334e-05
2468 -5.83916381326e-05
2469 -5.78961649623e-05
2470 -5.71913498883e-05
2471 -5.63086721771e-05
2472 -5.52790946676e-05
2473 -5.4130775337e-05
2474 -5.29036482251e-05
2475 -5.16427156284e-05
2476 -5.03428810252e-05
2477 -4.89858627219e-05
2478 -4.75745064336e-05
2479 -4.61024596389e-05
2480 -4.45653672152e-05
2481 -4.29689807877e-05
2482 -4.13255624899e-05
2483 -3.96679817099e-05
2484 -3.80101639163e-05
2485 -3.63560023537e-05
2486 -3.47210171715e-05
2487 -3.31640139634e-05
2488 -3.17208787987e-05
2489 -3.04111507053e-05
2490 -2.92379647246e-05
2491 -2.81835456373e-05
2492 -2.72215239762e-05
2493 -2.63295872653e-05
2494 -2.54964680527e-05
2495 -2.47265165654e-05
2496 -2.40076031436e-05
2497 -2.33115629551e-05
2498 -2.26107053059e-05
2499 -2.18790571439e-05
