0 0.25347622746
1 0.105785670358
2 0.0505769403134
3 0.028785951287
4 0.018034907212
5 0.0119088289454
6 0.00823462988496
7 0.00585326987639
8 0.00428264549766
9 0.00319152143356
10 0.00241213841985
11 0.00184523908948
12 0.00142686593961
13 0.00111245693929
14 0.000872974876591
15 0.000687559071316
16 0.000542791001579
17 0.000427643854387
18 0.00033440163157
19 0.000258324772289
20 0.000196482957985
21 0.000152511742153
22 0.00013843339155
23 0.000169195956317
24 0.000236315310839
25 0.000293543156391
26 0.000297749388958
27 0.000249181323889
28 0.000176861762631
29 0.000107144197581
30 5.18569024822e-05
31 1.25303904416e-05
32 -1.35606908359e-05
33 -2.99575471085e-05
34 -3.96772941612e-05
35 -4.49786288964e-05
36 -4.73983295325e-05
37 -4.79460154846e-05
38 -4.7325258899e-05
39 -4.60427322019e-05
40 -4.43879074215e-05
41 -4.26014540527e-05
42 -4.07746748098e-05
43 -3.88636911118e-05
44 -3.68608875559e-05
45 -3.47804147145e-05
46 -3.26607544018e-05
47 -3.0588090909e-05
48 -2.85675918162e-05
49 -2.66453022057e-05
50 0.115659085328
51 0.0733234806869
52 0.0421584610307
53 0.0257621656639
54 0.0167130962894
55 0.0112695693153
56 0.00788936631923
57 0.00565553101394
58 0.00416286422184
59 0.00311552849018
60 0.00236227608658
61 0.00181167447377
62 0.00140391352027
63 0.00109633048873
64 0.000861414452473
65 0.000679091021317
66 0.000536519202253
67 0.00042285775856
68 0.000330736106653
69 0.000255450755603
70 0.000194306688213
71 0.000151321062116
72 0.0001387089679
73 0.000171116543371
74 0.000238728074051
75 0.000294650797314
76 0.000296906681842
77 0.000247163331806
78 0.000174663367089
79 0.000105335096198
80 5.05525091154e-05
81 1.16680912163e-05
82 -1.41034700329e-05
83 -3.02805376378e-05
84 -3.98569809374e-05
85 -4.50670351374e-05
86 -4.74303537117e-05
87 -4.79424795715e-05
88 -4.73018876409e-05
89 -4.60091194351e-05
90 -4.43489964659e-05
91 -4.25624612844e-05
92 -4.07349739716e-05
93 -3.88231270828e-05
94 -3.6819135745e-05
95 -3.47379043809e-05
96 -3.26192468048e-05
97 -3.05481909316e-05
98 -2.85292799734e-05
99 -2.66108457078e-05
100 0.0545309731885
101 0.04330375602
102 0.0301543742472
103 0.0205431780311
104 0.0141974432061
105 0.00996729826025
106 0.00716341926684
107 0.00522976632802
108 0.00390011914049
109 0.00294738667412
110 0.00225149674532
111 0.00173678883064
112 0.00135204148952
113 0.00105973684117
114 0.000835127622417
115 0.000659892759635
116 0.000522250391257
117 0.000412018434655
118 0.000322368550244
119 0.00024892201301
120 0.000189477758464
121 0.000148754625965
122 0.000139581728245
123 0.000175661319638
124 0.000244153908192
125 0.000296919589234
126 0.000294802326186
127 0.000242551619727
128 0.000169773743423
129 0.000101345309929
130 4.77066044637e-05
131 9.79016956604e-06
132 -1.52719978432e-05
133 -3.09700408863e-05
134 -4.02391879764e-05
135 -4.52530812857e-05
136 -4.74953797222e-05
137 -4.79325651697e-05
138 -4.72506635233e-05
139 -4.59366255537e-05
140 -4.4266516795e-05
141 -4.24808096958e-05
142 -4.06517344085e-05
143 -3.87382588522e-05
144 -3.67323089327e-05
145 -3.46501310278e-05
146 -3.25340096914e-05
147 -3.04670946543e-05
148 -2.84519183592e-05
149 -2.65415606904e-05
150 0.0302722819278
151 0.0263453763459
152 0.020644422141
153 0.0154351578802
154 0.0113904010076
155 0.00838452755336
156 0.00622979926221
157 0.0046600940658
158 0.00353827039067
159 0.00271085654832
160 0.00209317626924
161 0.00162833224539
162 0.00127617272431
163 0.00100577244122
164 0.000796085162301
165 0.00063122403624
166 0.000500810421263
167 0.000395654843543
168 0.00030967749608
169 0.000239019726314
170 0.000182265102013
171 0.000145235799424
172 0.000141616322421
173 0.000183218047482
174 0.000252428662385
175 0.000299801876672
176 0.000290982963873
177 0.000235172128724
178 0.000162196712689
179 9.52462248851e-05
180 4.338537127e-05
181 6.94972046017e-06
182 -1.70338346905e-05
183 -3.20072515066e-05
184 -4.0811267157e-05
185 -4.55286049513e-05
186 -4.75875293493e-05
187 -4.79115451967e-05
188 -4.71676930487e-05
189 -4.5821752572e-05
190 -4.41372087005e-05
191 -4.23530932211e-05
192 -4.05212603274e-05
193 -3.86052306313e-05
194 -3.65963314892e-05
195 -3.45127455119e-05
196 -3.24009164497e-05
197 -3.03404415776e-05
198 -2.83312803776e-05
199 -2.64339800161e-05
200 0.0185354321791
201 0.0168668866421
202 0.0141777427258
203 0.0113432637446
204 0.00885467974233
205 0.00682057122645
206 0.00524589348423
207 0.00403100797257
208 0.0031243434445
209 0.00243283021185
210 0.0019031822366
211 0.00149589492151
212 0.00118229058866
213 0.000938252989938
214 0.000746761504655
215 0.000594723430601
216 0.000473269311221
217 0.000374505662847
218 0.000293167543988
219 0.000226159584365
220 0.000173168827104
221 0.000141503232255
222 0.00014570314426
223 0.000194201861094
224 0.000263056234522
225 0.000302394504303
226 0.000284841739442
227 0.000224881908121
228 0.000152048143909
229 8.72295142994e-05
230 3.77556253883e-05
231 3.26957011147e-06
232 -1.9306906844e-05
233 -3.33393915578e-05
234 -4.15403806613e-05
235 -4.58736273094e-05
236 -4.76945473987e-05
237 -4.78723724393e-05
238 -4.70492648821e-05
239 -4.56625026975e-05
240 -4.3960787957e-05
241 -4.21791276347e-05
242 -4.03432182536e-05
243 -3.84235675467e-05
244 -3.64109155645e-05
245 -3.4325731299e-05
246 -3.22202445551e-05
247 -3.01684281902e-05
248 -2.81678122413e-05
249 -2.62890583053e-05
250 0.012131483995
251 0.0113186901591
252 0.00993410221409
253 0.00833782465647
254 0.00680127417092
255 0.00544798788407
256 0.00432723026966
257 0.00341431214522
258 0.00270292459708
259 0.0021412706569
260 0.00169892457681
261 0.00135081430387
262 0.00107784341807
263 0.000862070281049
264 0.00069047129415
265 0.000552660728299
266 0.000441171640107
267 0.000349687529487
268 0.000273657110813
269 0.00021106366457
270 0.000163013858385
271 0.000138665792951
272 0.000152904267487
273 0.00020874780218
274 0.000275036215323
275 0.000303491978261
276 0.000275807346317
277 0.000211751828095
278 0.000139677798563
279 7.76762537919e-05
280 3.11228402651e-05
281 -1.04008425149e-06
282 -2.19522638446e-05
283 -3.48814351555e-05
284 -4.23745508028e-05
285 -4.62587555322e-05
286 -4.78001879875e-05
287 -4.78080655387e-05
288 -4.68937528711e-05
289 -4.54600672229e-05
290 -4.37409042888e-05
291 -4.19622012194e-05
292 -4.01210290273e-05
293 -3.81967300612e-05
294 -3.61799663908e-05
295 -3.40935789661e-05
296 -3.19964586636e-05
297 -2.99553777382e-05
298 -2.7966115408e-05
299 -2.61114046646e-05
300 0.00842002247035
301 0.00798340875883
302 0.00719999542919
303 0.00624542749671
304 0.00526447688389
305 0.00434950501989
306 0.00355117026376
307 0.00286961255011
308 0.00231714469085
309 0.00186584955944
310 0.00150101852217
311 0.00120762563985
312 0.00097303021918
313 0.000784426043607
314 0.000632338891787
315 0.000508786751476
316 0.00040722119343
317 0.000323217286411
318 0.000252767482381
319 0.000195093822115
320 0.000153214477696
321 0.00013808970635
322 0.000163843174907
323 0.000225947143487
324 0.000286554008566
325 0.000301918528429
326 0.000263919868644
327 0.000196542160353
328 0.000126049992603
329 6.73928502201e-05
330 2.4061229988e-05
331 -5.58411211221e-06
332 -2.47310699664e-05
333 -3.64870178562e-05
334 -4.32300463765e-05
335 -4.66410507088e-05
336 -4.78856407472e-05
337 -4.77157526247e-05
338 -4.67066728506e-05
339 -4.52240694526e-05
340 -4.3491838035e-05
341 -4.1714741878e-05
342 -3.9867734221e-05
343 -3.79380692074e-05
344 -3.59175780687e-05
345 -3.38308729941e-05
346 -3.17452345259e-05
347 -2.97153910583e-05
348 -2.77406944562e-05
349 -2.59139136012e-05
350 0.00612747376457
351 0.0058777900605
352 0.00539409278056
353 0.00478620429563
354 0.0041402080418
355 0.00350200510502
356 0.00292317413493
357 0.00241027896518
358 0.00198060068981
359 0.0016188660541
360 0.00131947506085
361 0.00107375272497
362 0.000873091061842
363 0.000709356688377
364 0.000575318688165
365 0.000464960791804
366 0.000373113459805
367 0.000296217282009
368 0.000231429979566
369 0.00017927018912
370 0.000144940744886
371 0.000141047710893
372 0.000178851256502
373 0.000244749616634
374 0.000296037867628
375 0.000296819014698
376 0.000249152937993
377 0.000179632012614
378 0.000111575041087
379 5.66531543911e-05
380 1.6790416376e-05
381 -1.02297579974e-05
382 -2.75460317269e-05
383 -3.81126574351e-05
384 -4.40790293116e-05
385 -4.70019728313e-05
386 -4.79404750291e-05
387 -4.75894720386e-05
388 -4.64848308364e-05
389 -4.4951860754e-05
390 -4.32093461463e-05
391 -4.14343437832e-05
392 -3.95798759423e-05
393 -3.76424550242e-05
394 -3.56177324308e-05
395 -3.35321410433e-05
396 -3.1458763586e-05
397 -2.94422748125e-05
398 -2.74850243463e-05
399 -2.56920914314e-05
400 0.00454293212291
401 0.00438965894101
402 0.00408176269941
403 0.00368737844136
404 0.00325607010945
405 0.00280945112404
406 0.00239084356285
407 0.00200748692553
408 0.00167625660162
409 0.00138994366465
410 0.00114720409715
411 0.000943924628805
412 0.000774614820884
413 0.000634230788048
414 0.000517484920935
415 0.000419704226994
416 0.00033762467515
417 0.000267828856633
418 0.000209130976615
419 0.000163766356113
420 0.000139207093017
421 0.000149214171568
422 0.000198968199492
423 0.000264656351521
424 0.000302264327533
425 0.000287081444542
426 0.000230782000577
427 0.000160552532559
428 9.58774643656e-05
429 4.5318997693e-05
430 9.17269977433e-06
431 -1.50543337603e-05
432 -3.04600245119e-05
433 -3.97589863453e-05
434 -4.49191904788e-05
435 -4.7336995064e-05
436 -4.79536152843e-05
437 -4.74179958301e-05
438 -4.6215853689e-05
439 -4.46327706388e-05
440 -4.28863905428e-05
441 -4.11094561792e-05
442 -3.92481694344e-05
443 -3.73018305787e-05
444 -3.5271725919e-05
445 -3.31899241501e-05
446 -3.11322070708e-05
447 -2.91292366337e-05
448 -2.71956201488e-05
449 -2.54420516735e-05
450 0.00339665503249
451 0.00329664636254
452 0.0030994795283
453 0.00283942210676
454 0.00254863581497
455 0.00223718502248
456 0.00193709099825
457 0.00165360706473
458 0.00140109218956
459 0.0011780399882
460 0.000984206430622
461 0.000818329511487
462 0.000677789281971
463 0.000559236183081
464 0.000458786707253
465 0.000373206405768
466 0.000300487791129
467 0.000238110328533
468 0.000186367884011
469 0.000149776733272
470 0.000138393944418
471 0.000164707776534
472 0.000224305836648
473 0.000283620473113
474 0.000303022771473
475 0.00027153599285
476 0.000208438954923
477 0.000139221830285
478 7.90788968297e-05
479 3.34468856088e-05
480 1.29402405285e-06
481 -1.99910256855e-05
482 -3.3408872977e-05
483 -4.14097929147e-05
484 -4.57321284483e-05
485 -4.76233883611e-05
486 -4.79097907855e-05
487 -4.71884253149e-05
488 -4.58893433539e-05
489 -4.42583144696e-05
490 -4.25139702331e-05
491 -4.07311525221e-05
492 -3.88632216034e-05
493 -3.6906776904e-05
494 -3.48721973912e-05
495 -3.27975969931e-05
496 -3.07586813865e-05
497 -2.87717373809e-05
498 -2.68682986283e-05
499 -2.51614063236e-05
500 0.00256348698462
501 0.00249637031728
502 0.00236768212022
503 0.00219340314868
504 0.00199474310791
505 0.00177704008438
506 0.00156113621671
507 0.00135211465066
508 0.00116098082343
509 0.000988795095525
510 0.000835491939816
511 0.000701502578384
512 0.000586092924571
513 0.000486808904075
514 0.00040109523138
515 0.000326910476235
516 0.000263050301861
517 0.000208304406127
518 0.000164975891993
519 0.000140121851954
520 0.000145682351583
521 0.000188725253694
522 0.000252461446615
523 0.000297921646792
524 0.000296023614997
525 0.000249857099206
526 0.000182790002654
527 0.000116590463912
528 6.19202780704e-05
529 2.15310960982e-05
530 -6.50593666711e-06
531 -2.48357330692e-05
532 -3.62703879792e-05
533 -4.29779825746e-05
534 -4.64661225823e-05
535 -4.78337327161e-05
536 -4.7794310882e-05
537 -4.68945007427e-05
538 -4.5501847483e-05
539 -4.38313449898e-05
540 -4.20928277585e-05
541 -4.03001486098e-05
542 -3.84242317704e-05
543 -3.64582226612e-05
544 -3.44186260712e-05
545 -3.23570925941e-05
546 -3.03390300816e-05
547 -2.8371033955e-05
548 -2.65072287789e-05
549 -2.4854117379e-05
550 0.00195824515719
551 0.00191254130506
552 0.00182633897327
553 0.0017074051895
554 0.00156861015092
555 0.00141445182944
556 0.00125775068185
557 0.0011029869559
558 0.000958332741906
559 0.000825430663023
560 0.000704430204798
561 0.000596651337556
562 0.000502174533961
563 0.000419154419434
564 0.000346413010066
565 0.000282392648051
566 0.000226922129268
567 0.000180457548585
568 0.000147780297412
569 0.000138553706912
570 0.000163674113013
571 0.000219850098261
572 0.000278727190191
573 0.000303517879955
574 0.000280162169111
575 0.000222905077094
576 0.00015515187148
577 9.37130540664e-05
578 4.51732240642e-05
579 1.00993120035e-05
580 -1.38744931867e-05
581 -2.93692123531e-05
582 -3.89113388145e-05
583 -4.43786919598e-05
584 -4.70773118247e-05
585 -4.79426106126e-05
586 -4.759965486e-05
587 -4.65361719133e-05
588 -4.50568507869e-05
589 -4.33627562964e-05
590 -4.16281795245e-05
591 -3.98239626173e-05
592 -3.7937787823e-05
593 -3.59637166721e-05
594 -3.39215499428e-05
595 -3.1878440827e-05
596 -2.98819497545e-05
597 -2.79376269409e-05
598 -2.61226928129e-05
599 -2.45282287734e-05
600 0.00151648251558
601 0.00148508033718
602 0.00142542212559
603 0.0013423761477
604 0.00124303317116
605 0.00113197217913
606 0.00101686762162
607 0.000901116832956
608 0.000790838839548
609 0.000687502801432
610 0.000591797192456
611 0.000504900330853
612 0.000427168034616
613 0.000357685248913
614 0.000295877316056
615 0.000240957525691
616 0.000193719061428
617 0.000157155514791
618 0.000138517012305
619 0.000148715090254
620 0.00019251456311
621 0.000253402655283
622 0.000297306852598
623 0.00029781795663
624 0.000256080595543
625 0.000192433971249
626 0.000127103488161
627 7.171312607e-05
628 2.94840050898e-05
629 -4.29401828244e-07
630 -2.05644915759e-05
631 -3.34348310979e-05
632 -4.12424601465e-05
633 -4.55647369154e-05
634 -4.75364269102e-05
635 -4.79369741457e-05
636 -4.73237327823e-05
637 -4.61156366255e-05
638 -4.4560151141e-05
639 -4.28597351892e-05
640 -4.11242429853e-05
641 -3.93081980334e-05
642 -3.74095285814e-05
643 -3.54286581608e-05
644 -3.33889013533e-05
645 -3.13686089607e-05
646 -2.93942277129e-05
647 -2.7480207258e-05
648 -2.57228316478e-05
649 -2.41906748329e-05
650 0.00118838399648
651 0.00116649251606
652 0.0011241901189
653 0.00106476345037
654 0.000992630982975
655 0.000911071747981
656 0.000825210998944
657 0.000737554170477
658 0.000652733428942
659 0.000571748224177
660 0.000495567658517
661 0.000424937218191
662 0.000360696116191
663 0.000302360412939
664 0.0002498104414
665 0.000203418116511
666 0.000165497546626
667 0.000141688505085
668 0.000141397427773
669 0.00017257002737
670 0.00022870759057
671 0.000282684791562
672 0.000303509680081
673 0.000280320241022
674 0.000225552310893
675 0.000160299099351
676 9.98481442415e-05
677 5.12247518465e-05
678 1.52090192482e-05
679 -9.86419374603e-06
680 -2.64917405732e-05
681 -3.69848093017e-05
682 -4.32214115281e-05
683 -4.65146882487e-05
684 -4.7829570518e-05
685 -4.78135013231e-05
686 -4.69668600082e-05
687 -4.56343381203e-05
688 -4.40190002326e-05
689 -4.23239647698e-05
690 -4.05799200753e-05
691 -3.87534598679e-05
692 -3.68407564028e-05
693 -3.48536872508e-05
694 -3.2823775391e-05
695 -3.08288225936e-05
696 -2.88771088108e-05
697 -2.70026117614e-05
698 -2.53098374488e-05
699 -2.3843988572e-05
700 0.000938138568558
701 0.000922706954262
702 0.000891942283981
703 0.000848708616934
704 0.000795734989079
705 0.00073493952048
706 0.000670122784764
707 0.000603128010574
708 0.000537426174951
709 0.0004734171989
710 0.000412184366833
711 0.000354598910162
712 0.00030126776068
713 0.000252278015884
714 0.000208249833673
715 0.000171062295221
716 0.000145178106391
717 0.000138621180775
718 0.000160076968332
719 0.000208691875986
720 0.0002655095186
721 0.00030064675025
722 0.000294907072708
723 0.000252351308919
724 0.000190753319084
725 0.000127924891407
726 7.40655684626e-05
727 3.24882082356e-05
728 2.41836327101e-06
729 -1.81921198446e-05
730 -3.16628844437e-05
731 -4.00320255788e-05
732 -4.48466507881e-05
733 -4.722981309e-05
734 -4.79514578172e-05
735 -4.7573644429e-05
736 -4.65277281327e-05
737 -4.50875395278e-05
738 -4.34375857339e-05
739 -4.17489892075e-05
740 -3.99913890468e-05
741 -3.81540289709e-05
742 -3.62288117013e-05
743 -3.42355833677e-05
744 -3.22245788399e-05
745 -3.02575358402e-05
746 -2.83312466332e-05
747 -2.65085134564e-05
748 -2.48871537521e-05
749 -2.34918004278e-05
750 0.00074311145342
751 0.000732122743911
752 0.000709286670446
753 0.000677481620342
754 0.000638092392836
755 0.000592408530636
756 0.000543111920467
757 0.000491343527958
758 0.000439837103295
759 0.000388820263909
760 0.000339381463545
761 0.000292179013739
762 0.000247922136081
763 0.000207452489691
764 0.000172569352741
765 0.00014714438309
766 0.000137970613001
767 0.00015321435262
768 0.000195116400016
769 0.000250478843494
770 0.000293533451464
771 0.000301709274891
772 0.000271490581586
773 0.000216441690189
774 0.000153887117645
775 9.66195846327e-05
776 5.0311620186e-05
777 1.56903039125e-05
778 -8.86172745091e-06
779 -2.54157673961e-05
780 -3.6076288329e-05
781 -4.25695099432e-05
782 -4.61315313387e-05
783 -4.7702521817e-05
784 -4.79012620541e-05
785 -4.72173752065e-05
786 -4.60041683094e-05
787 -4.44751261478e-05
788 -4.28176580981e-05
789 -4.112695763e-05
790 -3.93550821782e-05
791 -3.75035288289e-05
792 -3.5569216253e-05
793 -3.35753518425e-05
794 -3.15897712056e-05
795 -2.96511105252e-05
796 -2.77566972984e-05
797 -2.59994254375e-05
798 -2.44541564822e-05
799 -2.31321843468e-05
800 0.000589076366658
801 0.000580915204484
802 0.000563874176295
803 0.000540160948494
804 0.000510505885529
805 0.000475743086742
806 0.000437731849396
807 0.000397216060234
808 0.000356489377809
809 0.000315616419667
810 0.000275418249794
811 0.000236804792536
812 0.000200888997057
813 0.000169713831168
814 0.000146731090131
815 0.000137923017583
816 0.00015058065574
817 0.000187717392526
818 0.00024024912259
819 0.000286179531631
820 0.000303534059612
821 0.000283844386327
822 0.000236012782193
823 0.000176070406671
824 0.000117355349784
825 6.76272789705e-05
826 2.90864679434e-05
827 1.00387836954e-06
828 -1.85525510198e-05
829 -3.15322830574e-05
830 -3.97509997251e-05
831 -4.45921913156e-05
832 -4.70727158556e-05
833 -4.79311577553e-05
834 -4.76827257831e-05
835 -4.67457363657e-05
836 -4.53949321413e-05
837 -4.38041165493e-05
838 -4.21546805716e-05
839 -4.04515344657e-05
840 -3.86676100336e-05
841 -3.67992720289e-05
842 -3.48565415423e-05
843 -3.28734350189e-05
844 -3.09178191082e-05
845 -2.9007096291e-05
846 -2.71574114992e-05
847 -2.54765836854e-05
848 -2.40126553841e-05
849 -2.2765566542e-05
850 0.000466371044236
851 0.000460127538925
852 0.000447205620756
853 0.000429154153651
854 0.000406348206188
855 0.00037947561703
856 0.000349851419823
857 0.000317840955112
858 0.000285286673855
859 0.000252365812553
860 0.000219947293009
861 0.000189399684098
862 0.000162986734886
863 0.000144094129912
864 0.000138080354126
865 0.000151225937566
866 0.000186029517065
867 0.000235472055873
868 0.00028137794451
869 0.0003031681001
870 0.000291025619884
871 0.000249794467432
872 0.000193362574046
873 0.000135099291139
874 8.33801602624e-05
875 4.19287437955e-05
876 1.07941105712e-05
877 -1.14175877341e-05
878 -2.66141252636e-05
879 -3.6534989818e-05
880 -4.26775264942e-05
881 -4.61103118689e-05
882 -4.76693920518e-05
883 -4.7919954302e-05
884 -4.73071742204e-05
885 -4.61676558098e-05
886 -4.47052003413e-05
887 -4.3090082886e-05
888 -4.14451422936e-05
889 -3.97254309582e-05
890 -3.79264876861e-05
891 -3.60453277357e-05
892 -3.4096453395e-05
893 -3.21358919873e-05
894 -3.02138288933e-05
895 -2.83327022401e-05
896 -2.65443493121e-05
897 -2.49488671788e-05
898 -2.35701339583e-05
899 -2.23950459595e-05
900 0.000367712611
901 0.000362865606864
902 0.000352916195142
903 0.000338946842029
904 0.000321119053874
905 0.000299985784134
906 0.000276545460523
907 0.000251046352709
908 0.000225083687457
909 0.000199134339327
910 0.000174645493217
911 0.000153922366409
912 0.00014048417347
913 0.000139174934783
914 0.000155029825947
915 0.000189663650626
916 0.000236365988002
917 0.000279924110121
918 0.000302604662153
919 0.000294578240722
920 0.000258418486892
921 0.000205719267623
922 0.000148802432639
923 9.6679903034e-05
924 5.33934641099e-05
925 2.00193563322e-05
926 -4.45980929113e-06
927 -2.15787568319e-05
928 -3.31075790888e-05
929 -4.04845566242e-05
930 -4.48810473367e-05
931 -4.7151119507e-05
932 -4.79353920129e-05
933 -4.76885951226e-05
934 -4.67896699792e-05
935 -4.54916438039e-05
936 -4.39504323438e-05
937 -4.2341265155e-05
938 -4.06872456243e-05
939 -3.89532809186e-05
940 -3.7135602259e-05
941 -3.52438204959e-05
942 -3.3299817238e-05
943 -3.13698351244e-05
944 -2.94813146639e-05
945 -2.76385006716e-05
946 -2.59284760206e-05
947 -2.44233304108e-05
948 -2.31316829874e-05
949 -2.20228681894e-05
950 0.000287181681447
951 0.000283301374349
952 0.000275537688442
953 0.000264530911312
954 0.000250476917239
955 0.000233818439175
956 0.000215430007592
957 0.000195706537187
958 0.000176342841342
959 0.000158550732866
960 0.000144601853011
961 0.000137983996166
962 0.000142987999601
963 0.000163199476995
964 0.000198665417747
965 0.000242836188272
966 0.000282386822851
967 0.000302695236942
968 0.000295440115628
969 0.000262490753653
970 0.000213022694813
971 0.000158275360682
972 0.000106580721466
973 6.27899497492e-05
974 2.80042291628e-05
975 1.94670895814e-06
976 -1.67853231348e-05
977 -2.96580589333e-05
978 -3.81729236921e-05
979 -4.34655101665e-05
980 -4.64343511296e-05
981 -4.7751405684e-05
982 -4.78990912098e-05
983 -4.72660321407e-05
984 -4.61480057572e-05
985 -4.47270005402e-05
986 -4.31549429077e-05
987 -4.15534665021e-05
988 -3.98814510611e-05
989 -3.81332109496e-05
990 -3.62997720666e-05
991 -3.43986408681e-05
992 -3.2473393624e-05
993 -3.05799598627e-05
994 -2.87224260233e-05
995 -2.69350199913e-05
996 -2.53161403219e-05
997 -2.39049669315e-05
998 -2.26990270526e-05
999 -2.16498622722e-05
1000 0.000220994321277
1001 0.000217948808274
1002 0.000212022717262
1003 0.000203516251836
1004 0.000192903428775
1005 0.0001805955949
1006 0.000167632241703
1007 0.000154919595081
1008 0.0001444427709
1009 0.000138381151396
1010 0.00013986426002
1011 0.000152236379502
1012 0.000177356568309
1013 0.000213696670491
1014 0.000254351273167
1015 0.000288076055088
1016 0.00030337355851
1017 0.000294147572337
1018 0.000262119509237
1019 0.000215333573527
1020 0.000163009331101
1021 0.000112827966927
1022 6.93177507859e-05
1023 3.42489716557e-05
1024 7.2567030976e-06
1025 -1.25212669763e-05
1026 -2.64715622563e-05
1027 -3.58979905976e-05
1028 -4.19894158923e-05
1029 -4.55875933369e-05
1030 -4.74132502835e-05
1031 -4.79548991656e-05
1032 -4.76031083786e-05
1033 -4.66782524561e-05
1034 -4.5395551696e-05
1035 -4.38931599178e-05
1036 -4.23277827294e-05
1037 -4.07154383365e-05
1038 -3.90276312159e-05
1039 -3.72592122566e-05
1040 -3.5415176144e-05
1041 -3.35138499088e-05
1042 -3.16195637999e-05
1043 -2.9764521705e-05
1044 -2.79438079794e-05
1045 -2.62341522752e-05
1046 -2.47132581915e-05
1047 -2.3398270084e-05
1048 -2.22713883126e-05
1049 -2.12765101378e-05
1050 0.000169399785367
1051 0.000167363123382
1052 0.0001634778747
1053 0.000158050211246
1054 0.000151804624316
1055 0.000145397698268
1056 0.000140206843957
1057 0.000137877073346
1058 0.000140614152478
1059 0.000150755980713
1060 0.000170248597358
1061 0.000199348186796
1062 0.000234807894214
1063 0.000269910688282
1064 0.00029553317196
1065 0.000303436827823
1066 0.00028997669567
1067 0.000257454109882
1068 0.000212386236812
1069 0.000162749174931
1070 0.000114809752905
1071 7.26769168216e-05
1072 3.80737473082e-05
1073 1.1070822234e-05
1074 -9.22302225269e-06
1075 -2.37915651657e-05
1076 -3.38941739306e-05
1077 -4.05770041756e-05
1078 -4.47174578404e-05
1079 -4.69794790186e-05
1080 -4.78867712585e-05
1081 -4.78136735297e-05
1082 -4.70887786868e-05
1083 -4.59474276584e-05
1084 -4.45423797539e-05
1085 -4.30155532981e-05
1086 -4.14564188518e-05
1087 -3.98251551329e-05
1088 -3.81211324233e-05
1089 -3.63342939923e-05
1090 -3.44805765408e-05
1091 -3.2597323358e-05
1092 -3.07414329642e-05
1093 -2.89193127268e-05
1094 -2.71544711333e-05
1095 -2.55397654296e-05
1096 -2.41216350518e-05
1097 -2.29039514869e-05
1098 -2.18476532974e-05
1099 -2.09010397885e-05
1100 0.000140090541312
1101 0.000139526782031
1102 0.000138627516828
1103 0.000137925955902
1104 0.000138246726799
1105 0.000140728510202
1106 0.000146745207751
1107 0.000157978958702
1108 0.000175435639801
1109 0.000199656818853
1110 0.000229195514668
1111 0.000260319110496
1112 0.000286804366885
1113 0.000301932415465
1114 0.000300722190994
1115 0.000281720411329
1116 0.000247712608416
1117 0.000204204683522
1118 0.000157304592095
1119 0.000112336693898
1120 7.24753303491e-05
1121 3.92749213322e-05
1122 1.29470385791e-05
1123 -7.11570807286e-06
1124 -2.18845674139e-05
1125 -3.23110571525e-05
1126 -3.93869765706e-05
1127 -4.3909643546e-05
1128 -4.6524035333e-05
1129 -4.77383151286e-05
1130 -4.79212068412e-05
1131 -4.73882511933e-05
1132 -4.63918848212e-05
1133 -4.50927037646e-05
1134 -4.3618972674e-05
1135 -4.21020051457e-05
1136 -4.05292960209e-05
1137 -3.8882311039e-05
1138 -3.71571740646e-05
1139 -3.53581889458e-05
1140 -3.35028126902e-05
1141 -3.16539720168e-05
1142 -2.98366356021e-05
1143 -2.80537279509e-05
1144 -2.63677280105e-05
1145 -2.48593084665e-05
1146 -2.35463508494e-05
1147 -2.24198620418e-05
1148 -2.142573492e-05
1149 -2.05214212951e-05
1150 0.000148177070068
1151 0.000149559261503
1152 0.000152710297621
1153 0.000158046191511
1154 0.000166176082018
1155 0.00017809894556
1156 0.000194140878611
1157 0.00021469490402
1158 0.000238233748462
1159 0.000262948685693
1160 0.000285030582111
1161 0.000299885363074
1162 0.000303177774981
1163 0.000292504861277
1164 0.000268037401432
1165 0.000232627806627
1166 0.000190896974872
1167 0.000147252919942
1168 0.000105671646713
1169 6.8875170349e-05
1170 3.78469094344e-05
1171 1.28771707313e-05
1172 -6.44162188726e-06
1173 -2.08529707197e-05
1174 -3.1281522175e-05
1175 -3.85018424923e-05
1176 -4.32525952653e-05
1177 -4.61044259231e-05
1178 -4.75565491993e-05
1179 -4.79552307312e-05
1180 -4.75965160208e-05
1181 -4.67357827732e-05
1182 -4.55475305023e-05
1183 -4.41406799876e-05
1184 -4.26613631545e-05
1185 -4.11436312513e-05
1186 -3.95507361862e-05
1187 -3.78860540565e-05
1188 -3.61409503469e-05
1189 -3.43324563962e-05
1190 -3.24977227308e-05
1191 -3.06903372388e-05
1192 -2.89115043968e-05
1193 -2.71855796177e-05
1194 -2.56002296359e-05
1195 -2.42022000857e-05
1196 -2.29945092222e-05
1197 -2.19474316215e-05
1198 -2.10081397516e-05
1199 -2.01395531022e-05
1200 0.000199821642324
1201 0.000202633624076
1202 0.000208568914992
1203 0.000217487558702
1204 0.000229327457018
1205 0.00024396717143
1206 0.000260336214661
1207 0.000277172655247
1208 0.000291657243371
1209 0.000301330130784
1210 0.000303199167186
1211 0.000295035896409
1212 0.000276134043268
1213 0.000247651820029
1214 0.000212017137836
1215 0.000172587622497
1216 0.000132857507171
1217 9.53509956962e-05
1218 6.20564405723e-05
1219 3.39111692274e-05
1220 1.08956964468e-05
1221 -7.16896599548e-06
1222 -2.0860859891e-05
1223 -3.08978432237e-05
1224 -3.80197420711e-05
1225 -4.28129918391e-05
1226 -4.57844894562e-05
1227 -4.7384130838e-05
1228 -4.79447869189e-05
1229 -4.77324826173e-05
1230 -4.69925840069e-05
1231 -4.59037121931e-05
1232 -4.45786839918e-05
1233 -4.31352170054e-05
1234 -4.16670089401e-05
1235 -4.01291260869e-05
1236 -3.85196527827e-05
1237 -3.68319194347e-05
1238 -3.50759496859e-05
1239 -3.32704974075e-05
1240 -3.14729326498e-05
1241 -2.97084632844e-05
1242 -2.79719940963e-05
1243 -2.63316812902e-05
1244 -2.48587722139e-05
1245 -2.35728151736e-05
1246 -2.24635534848e-05
1247 -2.14843537759e-05
1248 -2.05918869325e-05
1249 -1.97572499132e-05
1250 0.000267770992823
1251 0.00027011230855
1252 0.000274751623652
1253 0.000281105182499
1254 0.000288432207513
1255 0.000295681935904
1256 0.000301317311734
1257 0.000303618699591
1258 0.000300780404619
1259 0.00029131524025
1260 0.000274414299757
1261 0.000250172845085
1262 0.000219974433389
1263 0.000185824509222
1264 0.000149927213668
1265 0.000114584273466
1266 8.17496907832e-05
1267 5.25232077228e-05
1268 2.75860904714e-05
1269 7.10283358482e-06
1270 -9.2826191749e-06
1271 -2.18690605058e-05
1272 -3.12605214359e-05
1273 -3.80007599624e-05
1274 -4.2654116924e-05
1275 -4.56096200508e-05
1276 -4.72649699849e-05
1277 -4.79181337614e-05
1278 -4.78122279016e-05
1279 -4.71727434619e-05
1280 -4.61712319684e-05
1281 -4.4925320748e-05
1282 -4.35311180443e-05
1283 -4.21000461257e-05
1284 -4.0618614355e-05
1285 -3.90622606751e-05
1286 -3.74310598494e-05
1287 -3.57282963514e-05
1288 -3.39633813618e-05
1289 -3.2186564877e-05
1290 -3.04340986613e-05
1291 -2.87077916265e-05
1292 -2.70359585141e-05
1293 -2.55038497323e-05
1294 -2.4147501663e-05
1295 -2.29733277491e-05
1296 -2.1948763206e-05
1297 -2.10287244994e-05
1298 -2.01750129602e-05
1299 -1.93784351404e-05
1300 0.000303184345436
1301 0.000303423609245
1302 0.000303633605258
1303 0.000303251306304
1304 0.000301512254815
1305 0.000297430380907
1306 0.000290044399943
1307 0.000278288566326
1308 0.000262012396316
1309 0.000240781629116
1310 0.000215142297973
1311 0.000186066406878
1312 0.000155106163486
1313 0.000123848549005
1314 9.36257168438e-05
1315 6.56669351808e-05
1316 4.08462328495e-05
1317 1.94869592755e-05
1318 1.7098083937e-06
1319 -1.25892559707e-05
1320 -2.3797108983e-05
1321 -3.227180819e-05
1322 -3.84673915551e-05
1323 -4.27883349495e-05
1324 -4.56011493997e-05
1325 -4.72196944615e-05
1326 -4.78987860874e-05
1327 -4.78534732403e-05
1328 -4.72853629428e-05
1329 -4.63583268659e-05
1330 -4.51807421417e-05
1331 -4.38416222172e-05
1332 -4.24502834182e-05
1333 -4.10170657388e-05
1334 -3.9513031609e-05
1335 -3.79386240535e-05
1336 -3.62870151265e-05
1337 -3.45728791024e-05
1338 -3.28218465469e-05
1339 -3.10878861397e-05
1340 -2.93784276584e-05
1341 -2.76998343442e-05
1342 -2.61235392061e-05
1343 -2.47109409271e-05
1344 -2.34729287029e-05
1345 -2.24012207349e-05
1346 -2.14482628338e-05
1347 -2.0577305877e-05
1348 -1.97593174312e-05
1349 -1.90059550898e-05
1350 0.000282183174552
1351 0.00028047906382
1352 0.00027674775886
1353 0.000270750442546
1354 0.00026228966454
1355 0.000250751117805
1356 0.000236041091244
1357 0.000217894143257
1358 0.000196998910625
1359 0.000173441557597
1360 0.0001480540824
1361 0.000121821911272
1362 9.5860602215e-05
1363 7.11408576137e-05
1364 4.82874562864e-05
1365 2.78328293611e-05
1366 1.01562571294e-05
1367 -4.71770824102e-06
1368 -1.68659240235e-05
1369 -2.64610127169e-05
1370 -3.38559388421e-05
1371 -3.93339725458e-05
1372 -4.32142156962e-05
1373 -4.57622590801e-05
1374 -4.72565215205e-05
1375 -4.78973998017e-05
1376 -4.78666944647e-05
1377 -4.73427308825e-05
1378 -4.64695678372e-05
1379 -4.5354084174e-05
1380 -4.40656578615e-05
1381 -4.27161882251e-05
1382 -4.13300129681e-05
1383 -3.98740753072e-05
1384 -3.83523786445e-05
1385 -3.67539947205e-05
1386 -3.50901279264e-05
1387 -3.3376410484e-05
1388 -3.16638750499e-05
1389 -2.99760229394e-05
1390 -2.8307752296e-05
1391 -2.67071127329e-05
1392 -2.52485856469e-05
1393 -2.39581873151e-05
1394 -2.2836351393e-05
1395 -2.18506074745e-05
1396 -2.09588433874e-05
1397 -2.01277159259e-05
1398 -1.93505887216e-05
1399 -1.86392910717e-05
1400 0.000220806203138
1401 0.000218280151844
1402 0.000213033739211
1403 0.000205085392141
1404 0.000194630631711
1405 0.000181454952866
1406 0.000165909092923
1407 0.00014815810332
1408 0.000129029585903
1409 0.000108799534925
1410 8.8163193778e-05
1411 6.78064626683e-05
1412 4.84056304049e-05
1413 3.04971637618e-05
1414 1.4356416432e-05
1415 2.28187069962e-07
1416 -1.17803727632e-05
1417 -2.16944763934e-05
1418 -2.96736693172e-05
1419 -3.58634886895e-05
1420 -4.05328156908e-05
1421 -4.38659397407e-05
1422 -4.60751396032e-05
1423 -4.73707425034e-05
1424 -4.79157260129e-05
1425 -4.78561602276e-05
1426 -4.73449218226e-05
1427 -4.65094785299e-05
1428 -4.54398417744e-05
1429 -4.42034804858e-05
1430 -4.28925353389e-05
1431 -4.15531048864e-05
1432 -4.01465301882e-05
1433 -3.86722829983e-05
1434 -3.71259318132e-05
1435 -3.55140142203e-05
1436 -3.38421493046e-05
1437 -3.21585016983e-05
1438 -3.04940628963e-05
1439 -2.88486549031e-05
1440 -2.72414890667e-05
1441 -2.57510071678e-05
1442 -2.44181376545e-05
1443 -2.32506596593e-05
1444 -2.22317387242e-05
1445 -2.13173801109e-05
1446 -2.04750217312e-05
1447 -1.96825916961e-05
1448 -1.89516287867e-05
1449 -1.82763717122e-05
1450 0.000148652393995
1451 0.00014627578506
1452 0.000141375538016
1453 0.000134177047891
1454 0.000124861474232
1455 0.000113576692143
1456 0.000100695371479
1457 8.64977906231e-05
1458 7.17110589008e-05
1459 5.65450251069e-05
1460 4.15009971502e-05
1461 2.70042559061e-05
1462 1.34984110284e-05
1463 1.25227272387e-06
1464 -9.59652788482e-06
1465 -1.89388453308e-05
1466 -2.67484224061e-05
1467 -3.3105592295e-05
1468 -3.8128277056e-05
1469 -4.1930551367e-05
1470 -4.46687885135e-05
1471 -4.64881505175e-05
1472 -4.75378384269e-05
1473 -4.79419723533e-05
1474 -4.78203357501e-05
1475 -4.72990149264e-05
1476 -4.64818968542e-05
1477 -4.54499532854e-05
1478 -4.42565225332e-05
1479 -4.29897479873e-05
1480 -4.16901327547e-05
1481 -4.03314844391e-05
1482 -3.89068633629e-05
1483 -3.74080022483e-05
1484 -3.58455943892e-05
1485 -3.42225357852e-05
1486 -3.25711755012e-05
1487 -3.09337274737e-05
1488 -2.93147346786e-05
1489 -2.77197096927e-05
1490 -2.62113975452e-05
1491 -2.48482735096e-05
1492 -2.36422055253e-05
1493 -2.25904931596e-05
1494 -2.1654998306e-05
1495 -2.08000776128e-05
1496 -1.99982176143e-05
1497 -1.9249798058e-05
1498 -1.85621887265e-05
1499 -1.79144605324e-05
1500 8.52281149342e-05
1501 8.3378403403e-05
1502 7.95806967778e-05
1503 7.41050647881e-05
1504 6.70495400752e-05
1505 5.868925727e-05
1506 4.92975744036e-05
1507 3.91094400007e-05
1508 2.87072542181e-05
1509 1.81807208503e-05
1510 7.92031892545e-06
1511 -1.82055175715e-06
1512 -1.07621946521e-05
1513 -1.87506317556e-05
1514 -2.57392327246e-05
1515 -3.16671744907e-05
1516 -3.653994121e-05
1517 -4.04308511885e-05
1518 -4.3404036647e-05
1519 -4.55331833955e-05
1520 -4.6942749943e-05
1521 -4.77201016248e-05
1522 -4.79563839961e-05
1523 -4.77489405154e-05
1524 -4.71974266541e-05
1525 -4.63871556042e-05
1526 -4.53799597567e-05
1527 -4.42270130949e-05
1528 -4.30036384483e-05
1529 -4.17506368808e-05
1530 -4.04339915814e-05
1531 -3.90557720463e-05
1532 -3.76082757239e-05
1533 -3.60892935557e-05
1534 -3.45149604453e-05
1535 -3.29031345563e-05
1536 -3.12947667961e-05
1537 -2.97059608768e-05
1538 -2.8131400703e-05
1539 -2.66213350958e-05
1540 -2.52374382541e-05
1541 -2.40040558947e-05
1542 -2.29233519985e-05
1543 -2.19681263409e-05
1544 -2.11016185158e-05
1545 -2.02933968429e-05
1546 -1.9532713848e-05
1547 -1.8831655682e-05
1548 -1.81782945842e-05
1549 -1.75479199075e-05
1550 3.68294296229e-05
1551 3.55037286425e-05
1552 3.28455474998e-05
1553 2.90449106873e-05
1554 2.41838329707e-05
1555 1.84894412647e-05
1556 1.21501776172e-05
1557 5.33133167228e-06
1558 -1.54317028503e-06
1559 -8.43110586153e-06
1560 -1.50594838327e-05
1561 -2.12757991754e-05
1562 -2.69224305348e-05
1563 -3.19019625911e-05
1564 -3.61940806102e-05
1565 -3.97692070685e-05
1566 -4.26340703148e-05
1567 -4.48191168976e-05
1568 -4.63809294643e-05
1569 -4.73780257363e-05
1570 -4.7874735494e-05
1571 -4.79304167989e-05
1572 -4.76225066157e-05
1573 -4.70315375239e-05
1574 -4.62148266276e-05
1575 -4.52270160746e-05
1576 -4.41068867851e-05
1577 -4.29298441215e-05
1578 -4.17182746215e-05
1579 -4.04489807993e-05
1580 -3.91139435553e-05
1581 -3.77145333392e-05
1582 -3.62453239907e-05
1583 -3.47145297825e-05
1584 -3.31469172044e-05
1585 -3.15740868906e-05
1586 -3.00161836539e-05
1587 -2.84703707452e-05
1588 -2.69692561607e-05
1589 -2.55783556559e-05
1590 -2.43268291154e-05
1591 -2.32225979777e-05
1592 -2.22506378462e-05
1593 -2.13732632386e-05
1594 -2.05616385741e-05
1595 -1.9794000367e-05
1596 -1.9081150205e-05
1597 -1.8422294141e-05
1598 -1.77940378061e-05
1599 -1.71680804069e-05
1600 2.89434816041e-06
1601 2.0154974402e-06
1602 2.81945131686e-07
1603 -2.20206269379e-06
1604 -5.33636810764e-06
1605 -8.99034814245e-06
1606 -1.30326555662e-05
1607 -1.73423345887e-05
1608 -2.16521784222e-05
1609 -2.59277861351e-05
1610 -3.00060290546e-05
1611 -3.37910732382e-05
1612 -3.71831408535e-05
1613 -4.01252536697e-05
1614 -4.25940927717e-05
1615 -4.45709616306e-05
1616 -4.60685644678e-05
1617 -4.71124254037e-05
1618 -4.77295402479e-05
1619 -4.79539054917e-05
1620 -4.78329773767e-05
1621 -4.74250639102e-05
1622 -4.67856448951e-05
1623 -4.59637139555e-05
1624 -4.49875110313e-05
1625 -4.39021671659e-05
1626 -4.27688563864e-05
1627 -4.16028636584e-05
1628 -4.0373341995e-05
1629 -3.90840229272e-05
1630 -3.77276780256e-05
1631 -3.63056047401e-05
1632 -3.48235652881e-05
1633 -3.32959841865e-05
1634 -3.17658610724e-05
1635 -3.02441905434e-05
1636 -2.873026724e-05
1637 -2.72474636951e-05
1638 -2.58593294021e-05
1639 -2.46017325721e-05
1640 -2.34824895866e-05
1641 -2.2498128751e-05
1642 -2.16128459286e-05
1643 -2.07987706019e-05
1644 -2.00301942288e-05
1645 -1.9308566096e-05
1646 -1.86434738216e-05
1647 -1.80165279301e-05
1648 -1.74023049429e-05
1649 -1.67695023203e-05
1650 -1.93661236166e-05
1651 -1.99057164331e-05
1652 -2.09728577856e-05
1653 -2.25155258635e-05
1654 -2.4426770049e-05
1655 -2.66632022672e-05
1656 -2.91182083782e-05
1657 -3.17147241888e-05
1658 -3.42972304085e-05
1659 -3.6824312749e-05
1660 -3.92078868323e-05
1661 -4.13836629467e-05
1662 -4.32857562961e-05
1663 -4.48657510243e-05
1664 -4.61227356226e-05
1665 -4.70498638874e-05
1666 -4.76488850274e-05
1667 -4.79293394454e-05
1668 -4.79127982065e-05
1669 -4.76359385519e-05
1670 -4.71373994385e-05
1671 -4.64541001866e-05
1672 -4.56200862466e-05
1673 -4.46600108816e-05
1674 -4.36103922728e-05
1675 -4.25248485217e-05
1676 -4.13987220578e-05
1677 -4.02129942844e-05
1678 -3.89641357314e-05
1679 -3.76537192487e-05
1680 -3.62746967633e-05
1681 -3.48402157453e-05
1682 -3.33592024109e-05
1683 -3.18684666681e-05
1684 -3.03879061302e-05
1685 -2.89103315352e-05
1686 -2.74548829261e-05
1687 -2.60802413656e-05
1688 -2.48249364241e-05
1689 -2.37019257426e-05
1690 -2.27100720331e-05
1691 -2.18210478789e-05
1692 -2.10058534065e-05
1693 -2.02398680169e-05
1694 -1.9514760623e-05
1695 -1.88436824837e-05
1696 -1.82165863142e-05
1697 -1.76101894567e-05
1698 -1.69948875946e-05
1699 -1.63495183888e-05
1700 -3.32407747565e-05
1701 -3.3557419781e-05
1702 -3.41843980195e-05
1703 -3.5090900141e-05
1704 -3.6198218443e-05
1705 -3.74980177878e-05
1706 -3.89079022432e-05
1707 -4.03852417896e-05
1708 -4.18348398716e-05
1709 -4.321940551e-05
1710 -4.44877901643e-05
1711 -4.55983747416e-05
1712 -4.65188176556e-05
1713 -4.72185961955e-05
1714 -4.76906203633e-05
1715 -4.79264797093e-05
1716 -4.79307671372e-05
1717 -4.77188871195e-05
1718 -4.73149289878e-05
1719 -4.67444314997e-05
1720 -4.6027541505e-05
1721 -4.51848992119e-05
1722 -4.42389428249e-05
1723 -4.32358826485e-05
1724 -4.21963254304e-05
1725 -4.1109456324e-05
1726 -3.9960978129e-05
1727 -3.87573353664e-05
1728 -3.74856943987e-05
1729 -3.61539516251e-05
1730 -3.4762532718e-05
1731 -3.33290454446e-05
1732 -3.18833682947e-05
1733 -3.04423755618e-05
1734 -2.90053811168e-05
1735 -2.75839393523e-05
1736 -2.62326438061e-05
1737 -2.49911542412e-05
1738 -2.38734574519e-05
1739 -2.28820638668e-05
1740 -2.19943193626e-05
1741 -2.11812553257e-05
1742 -2.04194484799e-05
1743 -1.9695923166e-05
1744 -1.90216102986e-05
1745 -1.83941993724e-05
1746 -1.77938208336e-05
1747 -1.71937622438e-05
1748 -1.65677668392e-05
1749 -1.59060105454e-05
1750 -4.14207519928e-05
1751 -4.15973072991e-05
1752 -4.1940544194e-05
1753 -4.24287315223e-05
1754 -4.30249954007e-05
1755 -4.37146040806e-05
1756 -4.44461629073e-05
1757 -4.51946075208e-05
1758 -4.59038532234e-05
1759 -4.65523657673e-05
1760 -4.7107048554e-05
1761 -4.75391188567e-05
1762 -4.7825603834e-05
1763 -4.79513225771e-05
1764 -4.79112355064e-05
1765 -4.77083987629e-05
1766 -4.73532662221e-05
1767 -4.68558510764e-05
1768 -4.62307017633e-05
1769 -4.54935688094e-05
1770 -4.46507537237e-05
1771 -4.37324355159e-05
1772 -4.27751988445e-05
1773 -4.17843137321e-05
1774 -4.07342192448e-05
1775 -3.9624767913e-05
1776 -3.8459539723e-05
1777 -3.72307134135e-05
1778 -3.59418198802e-05
1779 -3.45970342805e-05
1780 -3.32111621916e-05
1781 -3.18144603052e-05
1782 -3.04199646918e-05
1783 -2.90236383474e-05
1784 -2.7640580416e-05
1785 -2.63189461552e-05
1786 -2.51000675566e-05
1787 -2.39960604203e-05
1788 -2.30118588602e-05
1789 -2.21305902954e-05
1790 -2.1322360675e-05
1791 -2.05677793994e-05
1792 -1.98494150711e-05
1793 -1.91753922832e-05
1794 -1.85489578575e-05
1795 -1.79530382066e-05
1796 -1.73655779269e-05
1797 -1.67582133837e-05
1798 -1.61174598255e-05
1799 -1.54386882024e-05
1800 -4.57758154475e-05
1801 -4.58606294204e-05
1802 -4.60219657495e-05
1803 -4.62463391693e-05
1804 -4.65190365532e-05
1805 -4.68229294347e-05
1806 -4.71295765348e-05
1807 -4.74216527609e-05
1808 -4.76664173387e-05
1809 -4.78481156542e-05
1810 -4.79454581163e-05
1811 -4.79422724105e-05
1812 -4.78284848904e-05
1813 -4.76016879549e-05
1814 -4.72606447665e-05
1815 -4.68080874496e-05
1816 -4.62519428577e-05
1817 -4.55946066453e-05
1818 -4.48448368259e-05
1819 -4.40202938021e-05
1820 -4.31453524589e-05
1821 -4.22365451766e-05
1822 -4.12818221603e-05
1823 -4.02721542442e-05
1824 -3.92009421908e-05
1825 -3.80742675694e-05
1826 -3.6883665772e-05
1827 -3.56393707691e-05
1828 -3.43397599517e-05
1829 -3.30042582578e-05
1830 -3.16579798945e-05
1831 -3.03124491369e-05
1832 -2.8963064063e-05
1833 -2.76222899112e-05
1834 -2.63393341469e-05
1835 -2.51498579105e-05
1836 -2.40674385646e-05
1837 -2.30980666564e-05
1838 -2.22281551152e-05
1839 -2.14309942928e-05
1840 -2.06849118154e-05
1841 -1.99744961878e-05
1842 -1.93041112598e-05
1843 -1.86807673214e-05
1844 -1.80904211161e-05
1845 -1.75127389308e-05
1846 -1.69221275468e-05
1847 -1.63009215659e-05
1848 -1.56425139377e-05
1849 -1.49525913808e-05
1850 -4.7650672288e-05
1851 -4.76769475971e-05
1852 -4.77250117525e-05
1853 -4.77870613357e-05
1854 -4.78542423652e-05
1855 -4.79137079507e-05
1856 -4.79508353568e-05
1857 -4.79520316151e-05
1858 -4.79038247307e-05
1859 -4.77942571626e-05
1860 -4.76144831661e-05
1861 -4.73557708053e-05
1862 -4.70155512899e-05
1863 -4.6592829589e-05
1864 -4.60866018844e-05
1865 -4.54966449304e-05
1866 -4.48286872447e-05
1867 -4.40882381565e-05
1868 -4.33010594859e-05
1869 -4.24790410248e-05
1870 -4.16130591439e-05
1871 -4.06939498372e-05
1872 -3.9718714355e-05
1873 -3.86933142686e-05
1874 -3.76017161889e-05
1875 -3.64531357793e-05
1876 -3.52502270733e-05
1877 -3.39965611191e-05
1878 -3.27146029491e-05
1879 -3.14208703909e-05
1880 -3.012444738e-05
1881 -2.88228663249e-05
1882 -2.75295316021e-05
1883 -2.62890377948e-05
1884 -2.51381671539e-05
1885 -2.40857183162e-05
1886 -2.31369726414e-05
1887 -2.22840388757e-05
1888 -2.15004692289e-05
1889 -2.07686246985e-05
1890 -2.00691741905e-05
1891 -1.94050608342e-05
1892 -1.87870336354e-05
1893 -1.82030840792e-05
1894 -1.76353183327e-05
1895 -1.70591295162e-05
1896 -1.6456080466e-05
1897 -1.58176718571e-05
1898 -1.51447413774e-05
1899 -1.44562886576e-05
1900 -4.79003216905e-05
1901 -4.78904618358e-05
1902 -4.78685465988e-05
1903 -4.78315160273e-05
1904 -4.77720966722e-05
1905 -4.76848526066e-05
1906 -4.75627565231e-05
1907 -4.73951736432e-05
1908 -4.71817585109e-05
1909 -4.69107061881e-05
1910 -4.65795854619e-05
1911 -4.61823334239e-05
1912 -4.57196302748e-05
1913 -4.51903476182e-05
1914 -4.4594204319e-05
1915 -4.3938489293e-05
1916 -4.32403459981e-05
1917 -4.25033012702e-05
1918 -4.17260278295e-05
1919 -4.089778749e-05
1920 -4.00131599638e-05
1921 -3.90770744745e-05
1922 -3.80861456313e-05
1923 -3.70381290661e-05
1924 -3.59314657712e-05
1925 -3.47714658911e-05
1926 -3.35662358568e-05
1927 -3.23382853792e-05
1928 -3.11000793063e-05
1929 -2.98556135826e-05
1930 -2.86012576828e-05
1931 -2.73608606614e-05
1932 -2.61697984629e-05
1933 -2.5061788334e-05
1934 -2.40474639822e-05
1935 -2.31294547205e-05
1936 -2.22982569768e-05
1937 -2.15327286824e-05
1938 -2.08159388366e-05
1939 -2.01312938928e-05
1940 -1.94777389496e-05
1941 -1.88666498412e-05
1942 -1.82909535994e-05
1943 -1.77331548339e-05
1944 -1.71711265644e-05
1945 -1.65838019367e-05
1946 -1.59637911399e-05
1947 -1.53085097055e-05
1948 -1.46317581154e-05
1949 -1.39615836999e-05
1950 -4.71414077638e-05
1951 -4.71129262874e-05
1952 -4.70528190873e-05
1953 -4.69613584273e-05
1954 -4.68336415751e-05
1955 -4.66684970057e-05
1956 -4.64609694084e-05
1957 -4.6204367938e-05
1958 -4.59033987333e-05
1959 -4.55467337149e-05
1960 -4.51347596134e-05
1961 -4.4663651558e-05
1962 -4.41395314477e-05
1963 -4.35710503287e-05
1964 -4.29631898916e-05
1965 -4.23143828408e-05
1966 -4.16230174261e-05
1967 -4.08799379673e-05
1968 -4.00852141836e-05
1969 -3.92407136711e-05
1970 -3.83415931326e-05
1971 -3.73844110808e-05
1972 -3.63739242925e-05
1973 -3.53138381284e-05
1974 -3.41969894362e-05
1975 -3.30455028792e-05
1976 -3.18741298392e-05
1977 -3.0692270747e-05
1978 -2.94982777274e-05
1979 -2.82972224395e-05
1980 -2.71107017647e-05
1981 -2.5980135305e-05
1982 -2.49223427063e-05
1983 -2.39506047502e-05
1984 -2.30698754809e-05
1985 -2.22679192223e-05
1986 -2.15243425392e-05
1987 -2.08266458563e-05
1988 -2.01580192753e-05
1989 -1.95187508748e-05
1990 -1.89185052385e-05
1991 -1.83521113864e-05
1992 -1.78048285417e-05
1993 -1.72563476954e-05
1994 -1.6685127099e-05
1995 -1.6081571611e-05
1996 -1.54440076786e-05
1997 -1.47807012004e-05
1998 -1.41170713023e-05
1999 -1.34769153229e-05
2000 -4.58072433261e-05
2001 -4.57700933867e-05
2002 -4.56899117742e-05
2003 -4.55689239068e-05
2004 -4.54061240544e-05
2005 -4.51998771895e-05
2006 -4.49471458054e-05
2007 -4.46445712204e-05
2008 -4.42990761987e-05
2009 -4.39048330168e-05
2010 -4.34677287401e-05
2011 -4.29877944411e-05
2012 -4.24667901555e-05
2013 -4.19054890344e-05
2014 -4.12986758049e-05
2015 -4.06401126916e-05
2016 -3.99322114954e-05
2017 -3.91744757347e-05
2018 -3.8366025835e-05
2019 -3.75031874551e-05
2020 -3.65838452348e-05
2021 -3.56138421666e-05
2022 -3.45928323166e-05
2023 -3.35315633726e-05
2024 -3.24376173691e-05
2025 -3.13268033971e-05
2026 -3.02032101797e-05
2027 -2.90644101242e-05
2028 -2.79170657752e-05
2029 -2.67948350856e-05
2030 -2.57235900694e-05
2031 -2.4725630279e-05
2032 -2.38032285774e-05
2033 -2.29630663722e-05
2034 -2.21940526254e-05
2035 -2.14774895819e-05
2036 -2.08005861702e-05
2037 -2.01506545211e-05
2038 -1.95274868941e-05
2039 -1.89412950967e-05
2040 -1.83865061834e-05
2041 -1.78497789419e-05
2042 -1.73141321096e-05
2043 -1.67576930419e-05
2044 -1.61707427603e-05
2045 -1.55493530265e-05
2046 -1.49010155695e-05
2047 -1.42465924162e-05
2048 -1.36110913474e-05
2049 -1.30033657567e-05
2050 -4.41477406178e-05
2051 -4.4107687011e-05
2052 -4.40179244437e-05
2053 -4.38852719861e-05
2054 -4.37108246899e-05
2055 -4.34925633508e-05
2056 -4.32314151741e-05
2057 -4.29258502845e-05
2058 -4.25819529723e-05
2059 -4.21936145844e-05
2060 -4.1761221068e-05
2061 -4.12818428829e-05
2062 -4.07539644913e-05
2063 -4.01795574034e-05
2064 -3.95581817342e-05
2065 -3.88878809838e-05
2066 -3.81670575575e-05
2067 -3.73896928048e-05
2068 -3.65628029896e-05
2069 -3.56880539591e-05
2070 -3.47585704577e-05
2071 -3.37837642856e-05
2072 -3.27773671046e-05
2073 -3.17502176059e-05
2074 -3.07003814376e-05
2075 -2.96345181679e-05
2076 -2.85508749828e-05
2077 -2.74675977747e-05
2078 -2.64112409694e-05
2079 -2.54104689061e-05
2080 -2.44718638298e-05
2081 -2.36057679496e-05
2082 -2.28121010041e-05
2083 -2.2078626161e-05
2084 -2.13917208743e-05
2085 -2.07393458466e-05
2086 -2.01099194118e-05
2087 -1.95057136668e-05
2088 -1.89356914198e-05
2089 -1.83953300036e-05
2090 -1.78712260257e-05
2091 -1.73475646504e-05
2092 -1.68052165688e-05
2093 -1.62338444773e-05
2094 -1.56281332601e-05
2095 -1.49940514969e-05
2096 -1.435066588e-05
2097 -1.37213414385e-05
2098 -1.31186960835e-05
2099 -1.25381550493e-05
2100 -4.23942470594e-05
2101 -4.23552960964e-05
2102 -4.22661197503e-05
2103 -4.21363125296e-05
2104 -4.19641025865e-05
2105 -4.17478044667e-05
2106 -4.14873870991e-05
2107 -4.11804446935e-05
2108 -4.083164646e-05
2109 -4.04352506199e-05
2110 -3.99919021408e-05
2111 -3.95018788778e-05
2112 -3.89647812971e-05
2113 -3.83809769525e-05
2114 -3.77456261156e-05
2115 -3.70589525111e-05
2116 -3.63236458995e-05
2117 -3.5536287304e-05
2118 -3.46992887979e-05
2119 -3.38195042062e-05
2120 -3.29015873822e-05
2121 -3.1956103726e-05
2122 -3.09889748858e-05
2123 -3.00049330862e-05
2124 -2.89943001821e-05
2125 -2.79716219255e-05
2126 -2.69573935567e-05
2127 -2.597739535e-05
2128 -2.50460051482e-05
2129 -2.4174198785e-05
2130 -2.33659524715e-05
2131 -2.26218199663e-05
2132 -2.19275641042e-05
2133 -2.12720696507e-05
2134 -2.06459404376e-05
2135 -2.00389060608e-05
2136 -1.94553592373e-05
2137 -1.89038700021e-05
2138 -1.83790171488e-05
2139 -1.78690638047e-05
2140 -1.73585125117e-05
2141 -1.68293513737e-05
2142 -1.62723990567e-05
2143 -1.5682117951e-05
2144 -1.5062741752e-05
2145 -1.44304149468e-05
2146 -1.3810342542e-05
2147 -1.32140217565e-05
2148 -1.2639961012e-05
2149 -1.20772767035e-05
2150 -4.06045711532e-05
2151 -4.05635937196e-05
2152 -4.04725737596e-05
2153 -4.03406769806e-05
2154 -4.01637089216e-05
2155 -3.99417765609e-05
2156 -3.96743437485e-05
2157 -3.93605608523e-05
2158 -3.90054962256e-05
2159 -3.86019132357e-05
2160 -3.81500163024e-05
2161 -3.76484110272e-05
2162 -3.70973943615e-05
2163 -3.65011118648e-05
2164 -3.58557983415e-05
2165 -3.51613399519e-05
2166 -3.44182124022e-05
2167 -3.36311036161e-05
2168 -3.28073168574e-05
2169 -3.19549910036e-05
2170 -3.10724468154e-05
2171 -3.01671711218e-05
2172 -2.92377095375e-05
2173 -2.82908340578e-05
2174 -2.73353379415e-05
2175 -2.63988820823e-05
2176 -2.5495711863e-05
2177 -2.46398933334e-05
2178 -2.38359041552e-05
2179 -2.30894519908e-05
2180 -2.23949690124e-05
2181 -2.17406864948e-05
2182 -2.11188220301e-05
2183 -2.05192919261e-05
2184 -1.99367458664e-05
2185 -1.93763879613e-05
2186 -1.88453534593e-05
2187 -1.83372638731e-05
2188 -1.78418240773e-05
2189 -1.7344696231e-05
2190 -1.68278130276e-05
2191 -1.62840623819e-05
2192 -1.57090870661e-05
2193 -1.51043655213e-05
2194 -1.44853377235e-05
2195 -1.38750397097e-05
2196 -1.32878008979e-05
2197 -1.27213710296e-05
2198 -1.21675409475e-05
2199 -1.16174055803e-05
2200 -3.87337944996e-05
2201 -3.86899013856e-05
2202 -3.85978368382e-05
2203 -3.84639209518e-05
2204 -3.82826486062e-05
2205 -3.80562244086e-05
2206 -3.77823695973e-05
2207 -3.74602688697e-05
2208 -3.70965122302e-05
2209 -3.66832865528e-05
2210 -3.62233524083e-05
2211 -3.57141157432e-05
2212 -3.51560363023e-05
2213 -3.45535110413e-05
2214 -3.39040988173e-05
2215 -3.32149165203e-05
2216 -3.24888979587e-05
2217 -3.17292191008e-05
2218 -3.09404173669e-05
2219 -3.01256081175e-05
2220 -2.92791430106e-05
2221 -2.8408551926e-05
2222 -2.7526890606e-05
2223 -2.66537025443e-05
2224 -2.57986795688e-05
2225 -2.49783136865e-05
2226 -2.41969487773e-05
2227 -2.34629587782e-05
2228 -2.27782149515e-05
2229 -2.2132488061e-05
2230 -2.15191520461e-05
2231 -2.09311602021e-05
2232 -2.03596724208e-05
2233 -1.98023200179e-05
2234 -1.92678205735e-05
2235 -1.87590424103e-05
2236 -1.82694797233e-05
2237 -1.77891357047e-05
2238 -1.73046036248e-05
2239 -1.68007098827e-05
2240 -1.62691570251e-05
2241 -1.57070058897e-05
2242 -1.51174282126e-05
2243 -1.45128457506e-05
2244 -1.39148492244e-05
2245 -1.33370256174e-05
2246 -1.27800490731e-05
2247 -1.22348501333e-05
2248 -1.16940542114e-05
2249 -1.11626591165e-05
2250 -3.67715797184e-05
2251 -3.67254016802e-05
2252 -3.66319969008e-05
2253 -3.64949066683e-05
2254 -3.63094743215e-05
2255 -3.60801862396e-05
2256 -3.58029600317e-05
2257 -3.54763177085e-05
2258 -3.51083444858e-05
2259 -3.46903682707e-05
2260 -3.42267017693e-05
2261 -3.37161478306e-05
2262 -3.31634396664e-05
2263 -3.25746606699e-05
2264 -3.19471884829e-05
2265 -3.12858733941e-05
2266 -3.05925360134e-05
2267 -2.9865909451e-05
2268 -2.9109291454e-05
2269 -2.83266551887e-05
2270 -2.75262509538e-05
2271 -2.67234077821e-05
2272 -2.59338402531e-05
2273 -2.51687316812e-05
2274 -2.44270351529e-05
2275 -2.37241542283e-05
2276 -2.30602514285e-05
2277 -2.24348853155e-05
2278 -2.18389807557e-05
2279 -2.1266299057e-05
2280 -2.07116992547e-05
2281 -2.01690134069e-05
2282 -1.96394994111e-05
2283 -1.91316045072e-05
2284 -1.86466359844e-05
2285 -1.81759303023e-05
2286 -1.77113946105e-05
2287 -1.7238830783e-05
2288 -1.67458299523e-05
2289 -1.62270030273e-05
2290 -1.56772282781e-05
2291 -1.51006889645e-05
2292 -1.45106579861e-05
2293 -1.39263476168e-05
2294 -1.33608411019e-05
2295 -1.28147575422e-05
2296 -1.22805886598e-05
2297 -1.17489404692e-05
2298 -1.12254417376e-05
2299 -1.07203744152e-05
2300 -3.47331619802e-05
2301 -3.46858452944e-05
2302 -3.45923150517e-05
2303 -3.44520286145e-05
2304 -3.4264351365e-05
2305 -3.40345992638e-05
2306 -3.37573705603e-05
2307 -3.34325310019e-05
2308 -3.30697120524e-05
2309 -3.26607186585e-05
2310 -3.2211671149e-05
2311 -3.17201003799e-05
2312 -3.11909809356e-05
2313 -3.06281751188e-05
2314 -3.00286528834e-05
2315 -2.93944671627e-05
2316 -2.87279394968e-05
2317 -2.803355305e-05
2318 -2.73233363624e-05
2319 -2.66068903298e-05
2320 -2.58934748044e-05
2321 -2.51922304003e-05
2322 -2.45114536775e-05
2323 -2.38570674263e-05
2324 -2.32287190172e-05
2325 -2.26338331151e-05
2326 -2.20633714908e-05
2327 -2.15143727965e-05
2328 -2.09823934368e-05
2329 -2.04609189697e-05
2330 -1.99475484462e-05
2331 -1.94487225671e-05
2332 -1.89693081791e-05
2333 -1.85077065377e-05
2334 -1.80569341977e-05
2335 -1.76077905639e-05
2336 -1.71478785274e-05
2337 -1.66659299341e-05
2338 -1.61574562377e-05
2339 -1.56205395972e-05
2340 -1.50568678296e-05
2341 -1.44805204078e-05
2342 -1.39110506083e-05
2343 -1.33589961295e-05
2344 -1.28243952033e-05
2345 -1.23014103293e-05
2346 -1.17812136688e-05
2347 -1.12665009185e-05
2348 -1.07684752483e-05
2349 -1.02898657644e-05
2350 -3.26565867892e-05
2351 -3.2609848897e-05
2352 -3.25198389593e-05
2353 -3.23833174056e-05
2354 -3.22018896393e-05
2355 -3.19808886821e-05
2356 -3.17152517637e-05
2357 -3.14038785427e-05
2358 -3.10574972589e-05
2359 -3.06672259604e-05
2360 -3.02389447325e-05
2361 -2.97693545111e-05
2362 -2.92628411111e-05
2363 -2.8722423887e-05
2364 -2.81489434518e-05
2365 -2.75492809188e-05
2366 -2.69332178269e-05
2367 -2.63065205681e-05
2368 -2.56801661636e-05
2369 -2.50585824335e-05
2370 -2.44461132444e-05
2371 -2.38489894959e-05
2372 -2.32743338594e-05
2373 -2.27231513371e-05
2374 -2.21885116183e-05
2375 -2.16703572818e-05
2376 -2.11653748292e-05
2377 -2.06698432044e-05
2378 -2.01800449292e-05
2379 -1.96983489075e-05
2380 -1.92303271835e-05
2381 -1.87807201239e-05
2382 -1.83428459002e-05
2383 -1.79112770055e-05
2384 -1.74773979891e-05
2385 -1.70286098815e-05
2386 -1.65574373205e-05
2387 -1.60598092655e-05
2388 -1.55339612205e-05
2389 -1.49850074237e-05
2390 -1.44240904945e-05
2391 -1.38692478807e-05
2392 -1.33322837373e-05
2393 -1.28116593004e-05
2394 -1.23002996374e-05
2395 -1.17908506271e-05
2396 -1.12870111986e-05
2397 -1.07984430903e-05
2398 -1.032666236e-05
2399 -9.87408604346e-06
2400 -3.06191570788e-05
2401 -3.05750727416e-05
2402 -3.04891490415e-05
2403 -3.03600335001e-05
2404 -3.01879675876e-05
2405 -2.99769539993e-05
2406 -2.97240946179e-05
2407 -2.94259284608e-05
2408 -2.90944011121e-05
2409 -2.87209477511e-05
2410 -2.83110894088e-05
2411 -2.78661151082e-05
2412 -2.73921914494e-05
2413 -2.68948674671e-05
2414 -2.63791119598e-05
2415 -2.58490988387e-05
2416 -2.53130071778e-05
2417 -2.47740575434e-05
2418 -2.42393688731e-05
2419 -2.37129455436e-05
2420 -2.31981385236e-05
2421 -2.26965541479e-05
2422 -2.22079655228e-05
2423 -2.17303239295e-05
2424 -2.12595651514e-05
2425 -2.07958158424e-05
2426 -2.03346490447e-05
2427 -1.98770357112e-05
2428 -1.94282222775e-05
2429 -1.89940912962e-05
2430 -1.85714627544e-05
2431 -1.815695261e-05
2432 -1.77436783021e-05
2433 -1.73227761195e-05
2434 -1.68838055487e-05
2435 -1.64218808937e-05
2436 -1.59334172749e-05
2437 -1.54183422019e-05
2438 -1.48823172731e-05
2439 -1.43385940982e-05
2440 -1.38014987548e-05
2441 -1.32800282973e-05
2442 -1.27739078146e-05
2443 -1.22756311857e-05
2444 -1.17782823304e-05
2445 -1.12855179713e-05
2446 -1.08072916417e-05
2447 -1.03455334537e-05
2448 -9.90097555411e-06
2449 -9.48192687745e-06
2450 -2.86401681254e-05
2451 -2.85989151603e-05
2452 -2.8516235681e-05
2453 -2.83935693752e-05
2454 -2.82299539707e-05
2455 -2.80289793869e-05
2456 -2.77888417813e-05
2457 -2.75095400022e-05
2458 -2.72022132084e-05
2459 -2.68605826484e-05
2460 -2.64900484348e-05
2461 -2.60954152239e-05
2462 -2.56805018953e-05
2463 -2.52501992259e-05
2464 -2.48081268826e-05
2465 -2.43581204906e-05
2466 -2.39043166583e-05
2467 -2.34515364808e-05
2468 -2.3004093546e-05
2469 -2.25622724757e-05
2470 -2.21242302381e-05
2471 -2.16897454299e-05
2472 -2.12603864545e-05
2473 -2.0834029609e-05
2474 -2.04061499767e-05
2475 -1.99790720088e-05
2476 -1.95562129608e-05
2477 -1.91430548596e-05
2478 -1.87396970298e-05
2479 -1.83436507616e-05
2480 -1.795009294e-05
2481 -1.75539936264e-05
2482 -1.71447661479e-05
2483 -1.67155608577e-05
2484 -1.62626517102e-05
2485 -1.57835131618e-05
2486 -1.52785940079e-05
2487 -1.47563077213e-05
2488 -1.42294818692e-05
2489 -1.37114185476e-05
2490 -1.32067420358e-05
2491 -1.2715185408e-05
2492 -1.22302498785e-05
2493 -1.17451526352e-05
2494 -1.12645626438e-05
2495 -1.07973191168e-05
2496 -1.03457039816e-05
2497 -9.90952011593e-06
2498 -9.49841197409e-06
2499 -9.12391151614e-06
