0 0.253197013513
1 0.105549551745
2 0.0504320696461
3 0.0286911818693
4 0.0179690822314
5 0.011861630941
6 0.00819968661144
7 0.00582680960404
8 0.0042621342897
9 0.00317540603681
10 0.00239932165873
11 0.00183492182292
12 0.00141848325767
13 0.00110559995912
14 0.000867322750566
15 0.000682865625687
16 0.000538855106468
17 0.000424288736314
18 0.000331518132143
19 0.000255829815494
20 0.000194428904261
21 0.000151266676837
22 0.000138768628282
23 0.000171602787261
24 0.000239569245021
25 0.000295115864136
26 0.000296387090696
27 0.000245768635916
28 0.000172923545013
29 0.000103679714038
30 4.92096672012e-05
31 1.06668523816e-05
32 -1.47942331303e-05
33 -3.07307968232e-05
34 -4.01316430447e-05
35 -4.52129747998e-05
36 -4.74853957256e-05
37 -4.79329065426e-05
38 -4.72504054799e-05
39 -4.5930908313e-05
40 -4.42540962037e-05
41 -4.24623900716e-05
42 -4.0625855766e-05
43 -3.87047558977e-05
44 -3.66906993852e-05
45 -3.46005385101e-05
46 -3.2478345824e-05
47 -3.0406975873e-05
48 -2.83875860256e-05
49 -2.6477653208e-05
50 0.115710742199
51 0.0732526211389
52 0.0420702911267
53 0.0256901489527
54 0.0166577940613
55 0.0112276996951
56 0.0078573531039
57 0.00563077150511
58 0.00414340590863
59 0.00310008168654
60 0.00234989839711
61 0.00180165603399
62 0.00139573731899
63 0.00108961916367
64 0.000855865710075
65 0.000674470537909
66 0.000532633754458
67 0.000419539599417
68 0.000327878439228
69 0.00025297676454
70 0.000192278874125
71 0.00015012117673
72 0.000139116796263
73 0.000173585325791
74 0.000241968081279
75 0.000296137148056
76 0.00029545676581
77 0.000243708066475
78 0.000170722442509
79 0.000101887417816
80 4.79253666416e-05
81 9.82114199354e-06
82 -1.53248123712e-05
83 -3.10454705197e-05
84 -4.03058051872e-05
85 -4.52976486393e-05
86 -4.75147802379e-05
87 -4.79275522349e-05
88 -4.7225805515e-05
89 -4.58963764051e-05
90 -4.4214595828e-05
91 -4.24228862994e-05
92 -4.05855248039e-05
93 -3.86635161502e-05
94 -3.66482742813e-05
95 -3.45573565234e-05
96 -3.2436303685e-05
97 -3.03665343087e-05
98 -2.83488163724e-05
99 -2.64430194888e-05
100 0.0545970311768
101 0.0433132609944
102 0.0301249723381
103 0.0205040801416
104 0.0141602924131
105 0.00993580059857
106 0.00713751184744
107 0.00520875212353
108 0.00388306496715
109 0.00293352894879
110 0.00224020040511
111 0.0017275175313
112 0.00134439652936
113 0.00105340823919
114 0.000829857162303
115 0.000655478446091
116 0.000518516536979
117 0.000408815978502
118 0.000319598011331
119 0.000246521279458
120 0.00018753041498
121 0.000147670436827
122 0.000140151904039
123 0.00017824568664
124 0.000247325791567
125 0.000298190507487
126 0.000293170309441
127 0.000239041211032
128 0.000165871088114
129 9.79694766754e-05
130 4.51473797349e-05
131 7.99581525541e-06
132 -1.6456144495e-05
133 -3.17102745067e-05
134 -4.06719831844e-05
135 -4.54736176416e-05
136 -4.75734097166e-05
137 -4.79138711309e-05
138 -4.71726479066e-05
139 -4.58229427969e-05
140 -4.41321038423e-05
141 -4.23414418355e-05
142 -4.05022894926e-05
143 -3.85786324821e-05
144 -3.65615493904e-05
145 -3.44697974517e-05
146 -3.23515932584e-05
147 -3.02859255956e-05
148 -2.82721441086e-05
149 -2.63748358055e-05
150 0.0303203883996
151 0.0263698127146
152 0.0206431281613
153 0.0154196039988
154 0.011369750276
155 0.00836375678997
156 0.00621086029452
157 0.00464369961134
158 0.0035243213745
159 0.00269910773503
160 0.00208334973265
161 0.00162010115971
162 0.00126927935001
163 0.000999993281992
164 0.000791219436094
165 0.000627112921632
166 0.000497300744102
167 0.000392624525965
168 0.00030703809288
169 0.000236732022185
170 0.00018044935882
171 0.000144346364196
172 0.000142443774679
173 0.000185946701775
174 0.000255442288937
175 0.000300726641423
176 0.000289095761589
177 0.000231603335443
178 0.000158364322076
179 9.19822769573e-05
180 4.09289447022e-05
181 5.23477455755e-06
182 -1.81615946132e-05
183 -3.27097731684e-05
184 -4.12194300634e-05
185 -4.57335983721e-05
186 -4.7655666649e-05
187 -4.78870454762e-05
188 -4.70867131655e-05
189 -4.57066352664e-05
190 -4.40028741022e-05
191 -4.22139940414e-05
192 -4.03718579051e-05
193 -3.844556754e-05
194 -3.64257385289e-05
195 -3.43328281337e-05
196 -3.2219345765e-05
197 -3.01600227181e-05
198 -2.8152633998e-05
199 -2.62689922341e-05
200 0.0185695873793
201 0.0168902404989
202 0.0141862701213
203 0.0113404269295
204 0.00884534705939
205 0.00680846330215
206 0.00523331036698
207 0.00401912314052
208 0.00311358911548
209 0.00242337489514
210 0.00189501868051
211 0.00148886898456
212 0.00117628216657
213 0.000933129146439
214 0.000742387914581
215 0.000590984627052
216 0.000470037618132
217 0.000371690452481
218 0.000290695354861
219 0.000224020634473
220 0.000171535289212
221 0.000140887415856
222 0.000146869591546
223 0.000197081998765
224 0.000265818058947
225 0.00030285665203
226 0.000282637194028
227 0.000221253517505
228 0.000148317712246
229 8.41164709682e-05
230 3.5435691577e-05
231 1.65933312836e-06
232 -2.03608698326e-05
233 -3.39928317211e-05
234 -4.19164508079e-05
235 -4.60585376994e-05
236 -4.77499512735e-05
237 -4.78406132162e-05
238 -4.69646190688e-05
239 -4.55455914132e-05
240 -4.38268126709e-05
241 -4.20402629751e-05
242 -4.019391737e-05
243 -3.82638203005e-05
244 -3.6240539717e-05
245 -3.41464346477e-05
246 -3.2039813043e-05
247 -2.99889943354e-05
248 -2.79907276189e-05
249 -2.61264347115e-05
250 0.0121565201152
251 0.0113380979524
252 0.00994495933108
253 0.00834080812389
254 0.00679860001421
255 0.00544192748739
256 0.00431960464373
257 0.00340625676421
258 0.00269510065953
259 0.00213402439338
260 0.00169240458415
261 0.00134502796258
262 0.00107278003994
263 0.000857662018107
264 0.000686641058951
265 0.000549335975995
266 0.000438255989497
267 0.000347120076613
268 0.000271385130383
269 0.00020911290507
270 0.000161622308017
271 0.00013841317994
272 0.000154466434885
273 0.00021171376753
274 0.000277397877314
275 0.000303392154292
276 0.000273278775325
277 0.000208105668805
278 0.000136099558827
279 7.47550800163e-05
280 2.89692757326e-05
281 -2.52483463702e-06
282 -2.29191513077e-05
283 -3.5477212094e-05
284 -4.27127582718e-05
285 -4.64201501678e-05
286 -4.78407647617e-05
287 -4.77680984335e-05
288 -4.68050940104e-05
289 -4.53413347319e-05
290 -4.36077891977e-05
291 -4.18237953048e-05
292 -3.99721542542e-05
293 -3.80371770149e-05
294 -3.60101461177e-05
295 -3.39154794322e-05
296 -3.18177730713e-05
297 -2.97774607621e-05
298 -2.77914103617e-05
299 -2.59520043826e-05
300 0.00843896268243
301 0.00799912590893
302 0.00721055246664
303 0.00625063394301
304 0.00526527209417
305 0.0043471819458
306 0.00354698053199
307 0.00286446923423
308 0.0023116873974
309 0.00186048549095
310 0.00149597358552
311 0.00120299040413
312 0.00096886224128
313 0.000780711206613
314 0.000629053425606
315 0.0005058819026
316 0.000404636039003
317 0.00032090824019
318 0.000250714439438
319 0.000193366597258
320 0.000152120521357
321 0.000138264501659
322 0.00016579208085
323 0.000228873190977
324 0.00028838117899
325 0.000301226066941
326 0.000261115987245
327 0.000192939301177
328 0.00012267231647
329 6.46943723582e-05
330 2.20938001946e-05
331 -6.93059123322e-06
332 -2.56030866311e-05
333 -3.70205992024e-05
334 -4.35275944999e-05
335 -4.67772889863e-05
336 -4.79107075622e-05
337 -4.76676752487e-05
338 -4.66143653013e-05
339 -4.51040709117e-05
340 -4.33603946881e-05
341 -4.15772063068e-05
342 -3.97199229712e-05
343 -3.77793759999e-05
344 -3.57489541512e-05
345 -3.36549458678e-05
346 -3.1569185461e-05
347 -2.9539848101e-05
348 -2.75694960955e-05
349 -2.57587356489e-05
350 0.00614213161084
351 0.00589052276518
352 0.00540349261545
353 0.00479190774989
354 0.00414257364128
355 0.00350175460202
356 0.0029211275286
357 0.00240711004111
358 0.00197685994565
359 0.00161493686371
360 0.00131559417937
361 0.00107005625509
362 0.00086966802972
363 0.000706233912816
364 0.000572502773289
365 0.000462418741954
366 0.000370819355534
367 0.000294139476986
368 0.000229581350805
369 0.000177780847312
370 0.000144191982724
371 0.000141702748646
372 0.000181144303718
373 0.000247502943365
374 0.00029723789914
375 0.000295538189832
376 0.000246116106511
377 0.000176097178812
378 0.00010839945682
379 5.41682191011e-05
380 1.49985441107e-05
381 -1.14462636624e-05
382 -2.83292051386e-05
383 -3.85873618767e-05
384 -4.43376469509e-05
385 -4.71136098671e-05
386 -4.79499126074e-05
387 -4.7532837444e-05
388 -4.63881747614e-05
389 -4.48298405205e-05
390 -4.3078661708e-05
391 -4.12964617088e-05
392 -3.94319652112e-05
393 -3.74833976513e-05
394 -3.54489419422e-05
395 -3.33572001175e-05
396 -3.1284091785e-05
397 -2.92678289811e-05
398 -2.73163937189e-05
399 -2.55402774133e-05
400 0.00455442864796
401 0.00439994470212
402 0.00408985065257
403 0.00369291249756
404 0.00325913295059
405 0.00281041698038
406 0.00239022654905
407 0.00200576038629
408 0.00167384599771
409 0.00138718018276
410 0.00114431611105
411 0.000941055207228
412 0.000771866311946
413 0.000631658833879
414 0.000515107654135
415 0.000417514903305
416 0.000335612880812
417 0.000265987697219
418 0.000207508444917
419 0.000162566068574
420 0.000138895116145
421 0.000150398146727
422 0.000201504436872
423 0.000267031759
424 0.000302718047322
425 0.00028523385775
426 0.000227586221231
427 0.00015714668661
428 9.29414193921e-05
429 4.30666193858e-05
430 7.56715263934e-06
431 -1.61345282646e-05
432 -3.11501469588e-05
433 -4.01726718786e-05
434 -4.51378784638e-05
435 -4.74228281885e-05
436 -4.79469874812e-05
437 -4.73526869843e-05
438 -4.61147149283e-05
439 -4.4509066952e-05
440 -4.27564191393e-05
441 -4.09709891611e-05
442 -3.90999360091e-05
443 -3.71424103539e-05
444 -3.51026795186e-05
445 -3.30161177907e-05
446 -3.09590046325e-05
447 -2.89560543174e-05
448 -2.70300962593e-05
449 -2.52939886657e-05
450 0.0034057473633
451 0.00330494185161
452 0.00310632509559
453 0.00284449538165
454 0.00255191186617
455 0.00223883008344
456 0.00193741397166
457 0.00165292063658
458 0.00139971345227
459 0.00117623000392
460 0.000982164549079
461 0.000816189414271
462 0.000675657946334
463 0.000557178378868
464 0.000456827261273
465 0.000371364499281
466 0.000298759164628
467 0.000236520721396
468 0.000185017678012
469 0.000148948922825
470 0.000138631454118
471 0.000166414828624
472 0.000226871999641
473 0.000285369754093
474 0.000302646487545
475 0.000269197451347
476 0.000205194961497
477 0.000136027690901
478 7.6429639805e-05
479 3.14524712925e-05
480 -1.10782319089e-07
481 -2.09274097971e-05
482 -3.40013791263e-05
483 -4.17587424063e-05
484 -4.59093145805e-05
485 -4.76824761398e-05
486 -4.78870581669e-05
487 -4.71146320952e-05
488 -4.57839643883e-05
489 -4.41341195801e-05
490 -4.23848623543e-05
491 -4.05924890409e-05
492 -3.87148525273e-05
493 -3.67475617387e-05
494 -3.47035664919e-05
495 -3.26257232093e-05
496 -3.05875368373e-05
497 -2.86007814216e-05
498 -2.67070711471e-05
499 -2.50180382034e-05
500 0.00257073826753
501 0.00250308415429
502 0.00237341702095
503 0.00219790068929
504 0.00199793214964
505 0.00177898770545
506 0.00156201744778
507 0.00135212545508
508 0.00116034788971
509 0.000987715100955
510 0.000834126417132
511 0.000699970005397
512 0.000584493193907
513 0.000485199996529
514 0.000399516917906
515 0.000325387684738
516 0.000261598382872
517 0.000206979749652
518 0.000163953061172
519 0.000139773023098
520 0.000146531322778
521 0.000190822425134
522 0.000254750982987
523 0.00029882210902
524 0.000294847629502
525 0.000247175579494
526 0.000179621259971
527 0.000113678895702
528 5.95858486308e-05
529 1.9804316736e-05
530 -7.70750528434e-06
531 -2.56292523227e-05
532 -3.67665348945e-05
533 -4.32622542653e-05
534 -4.66023477198e-05
535 -4.7866318716e-05
536 -4.77563564347e-05
537 -4.68128433944e-05
538 -4.53925272329e-05
539 -4.37078677997e-05
540 -4.19643543288e-05
541 -4.01616387281e-05
542 -3.82757151938e-05
543 -3.62995075809e-05
544 -3.42510956805e-05
545 -3.2187727996e-05
546 -3.01702395989e-05
547 -2.82032185742e-05
548 -2.63512527092e-05
549 -2.47161454783e-05
550 0.00196408256684
551 0.00191800894189
552 0.00183113333498
553 0.00171132847993
554 0.00157157619884
555 0.0014164755296
556 0.00125892726266
557 0.00110343653538
558 0.000958212519322
559 0.000824884328359
560 0.000703583494413
561 0.000595603954747
562 0.000501008511381
563 0.00041792657896
564 0.000345167373861
565 0.000281157097182
566 0.00022573654444
567 0.000179429541293
568 0.00014715825614
569 0.00013877426334
570 0.000165090181392
571 0.000222049443134
572 0.000280399575907
573 0.00030348545118
574 0.00027832761943
575 0.000220070792746
576 0.000152182728198
577 9.11357558311e-05
578 4.31650261034e-05
579 8.63856079355e-06
580 -1.48783730544e-05
581 -3.00260288031e-05
582 -3.93162719527e-05
583 -4.46019982807e-05
584 -4.71745808454e-05
585 -4.79503847971e-05
586 -4.75481862035e-05
587 -4.64478270337e-05
588 -4.49445497239e-05
589 -4.32411344746e-05
590 -4.15001693858e-05
591 -3.96861209883e-05
592 -3.7789436866e-05
593 -3.58057850089e-05
594 -3.37561570833e-05
595 -3.17122551111e-05
596 -2.97158960924e-05
597 -2.77741609799e-05
598 -2.59729001115e-05
599 -2.43963423945e-05
600 0.00152124074452
601 0.00148957717222
602 0.00142944263795
603 0.00134576732564
604 0.00124571592281
605 0.00113393521685
606 0.00101816216944
607 0.000901815296662
608 0.000791046826706
609 0.000687324202584
610 0.000591327909144
611 0.000504217336831
612 0.000426340257386
613 0.000356767170713
614 0.000294906724883
615 0.000239976729924
616 0.000192797258979
617 0.00015646125458
618 0.000138375579118
619 0.000149523852476
620 0.00019429454061
621 0.000255328108671
622 0.000298126254352
623 0.000296919188462
624 0.000253819547296
625 0.000189631368074
626 0.000124421508598
627 6.94903388602e-05
628 2.77910777223e-05
629 -1.64361519117e-06
630 -2.13886618691e-05
631 -3.39671714846e-05
632 -4.1563724278e-05
633 -4.57335205331e-05
634 -4.75982839266e-05
635 -4.79228365654e-05
636 -4.72606417699e-05
637 -4.60216835787e-05
638 -4.44463120901e-05
639 -4.27401430595e-05
640 -4.09964831872e-05
641 -3.9171072598e-05
642 -3.72616788437e-05
643 -3.5271541105e-05
644 -3.32263123266e-05
645 -3.12058879276e-05
646 -2.92311708795e-05
647 -2.73220897124e-05
648 -2.55797356547e-05
649 -2.40652724745e-05
650 0.00119229656061
651 0.00117021711134
652 0.00112757082409
653 0.0010676807045
654 0.000995017677773
655 0.000912907175312
656 0.000826519577719
657 0.000738376091513
658 0.000653140494411
659 0.000571814852254
660 0.000495364267689
661 0.000424522861881
662 0.000360129500795
663 0.00030168576025
664 0.00024907054328
665 0.000202668757662
666 0.000164856507131
667 0.000141384765408
668 0.000141785206859
669 0.000173859064635
670 0.000230508210885
671 0.000283986837649
672 0.000303413382255
673 0.00027875374058
674 0.000223106427476
675 0.000157672053197
676 9.75029082393e-05
677 4.93466531975e-05
678 1.38070409766e-05
679 -1.08548407427e-05
680 -2.71577587679e-05
681 -3.74090770918e-05
682 -4.34685438676e-05
683 -4.66355232527e-05
684 -4.78599781932e-05
685 -4.77808704268e-05
686 -4.68940510287e-05
687 -4.55355435602e-05
688 -4.39054026532e-05
689 -4.22057506294e-05
690 -4.04523317348e-05
691 -3.86165882603e-05
692 -3.66936180679e-05
693 -3.46975132562e-05
694 -3.26641604517e-05
695 -3.06693872104e-05
696 -2.87172363638e-05
697 -2.68504262383e-05
698 -2.51734673834e-05
699 -2.37251165471e-05
700 0.000941378996443
701 0.000925810133632
702 0.000894793688053
703 0.000851215442762
704 0.000797839796009
705 0.00073662098217
706 0.00067138659234
707 0.000603996878065
708 0.000537948762872
709 0.000473646005713
710 0.000412169438356
711 0.000354385296504
712 0.000300901898785
713 0.00025180176014
714 0.000207711418883
715 0.000170548774795
716 0.000144853418096
717 0.000138764809468
718 0.000160952941706
719 0.000210187784352
720 0.000266939263877
721 0.000301107717181
722 0.000294003441994
723 0.00025038413069
724 0.000188334493768
725 0.000125577772724
726 7.20767605762e-05
727 3.09381543903e-05
728 1.28026634723e-06
729 -1.89852093513e-05
730 -3.21892864181e-05
731 -4.03610026667e-05
732 -4.50296368889e-05
733 -4.73085116944e-05
734 -4.79544572979e-05
735 -4.75256565699e-05
736 -4.64470118314e-05
737 -4.49848724116e-05
738 -4.33256453415e-05
739 -4.1631264893e-05
740 -3.98641738219e-05
741 -3.8016995075e-05
742 -3.6082342973e-05
743 -3.40809915904e-05
744 -3.20681925874e-05
745 -3.01011272178e-05
746 -2.81753440323e-05
747 -2.63630247139e-05
748 -2.47577410078e-05
749 -2.33795299977e-05
750 0.000745813289329
751 0.000734721901951
752 0.000711699834749
753 0.000679635790584
754 0.0006399395781
755 0.000593927332784
756 0.000544302994478
757 0.000492217447448
758 0.000440424302773
759 0.00038915517067
760 0.000339500614064
761 0.000292115477255
762 0.000247715057729
763 0.000207143163939
764 0.000172225250162
765 0.000146885261123
766 0.000138007732033
767 0.000153792453058
768 0.000196274852539
769 0.000251796604023
770 0.000294271126899
771 0.000301324418465
772 0.000270021098516
773 0.000214344359525
774 0.000151662858946
775 9.46159072491e-05
776 4.8677170958e-05
777 1.44443479903e-05
778 -9.76273416517e-06
779 -2.60360864573e-05
780 -3.64816502229e-05
781 -4.281484081e-05
782 -4.62591521849e-05
783 -4.77442785952e-05
784 -4.78813404507e-05
785 -4.71569103058e-05
786 -4.59171384625e-05
787 -4.43705860391e-05
788 -4.27077811322e-05
789 -4.10092561136e-05
790 -3.92284016535e-05
791 -3.73665768489e-05
792 -3.5423277096e-05
793 -3.34233279751e-05
794 -3.14369249454e-05
795 -2.9497655813e-05
796 -2.76059476749e-05
797 -2.58612188804e-05
798 -2.4331956728e-05
799 -2.30263569782e-05
800 0.000591341387845
801 0.000583103762503
802 0.000565923503408
803 0.00054201591186
804 0.000512128429737
805 0.000477113169274
806 0.000438844462462
807 0.000398070854489
808 0.0003571059827
809 0.00031601919381
810 0.000275631582933
811 0.000236852894049
812 0.000200807002926
813 0.000169551891874
814 0.000146578584128
815 0.00013793730792
816 0.000150963090437
817 0.000188566836631
818 0.000241338318226
819 0.000286960715924
820 0.000303478414144
821 0.000282811279326
822 0.00023428244041
823 0.000174070910844
824 0.00011543538648
825 6.59867431051e-05
826 2.77853289481e-05
827 2.90980926604e-08
828 -1.92465038764e-05
829 -3.20037731549e-05
830 -4.00534217841e-05
831 -4.47660994585e-05
832 -4.71529040405e-05
833 -4.79416059135e-05
834 -4.76444368841e-05
835 -4.66754205907e-05
836 -4.53028815981e-05
837 -4.37003532532e-05
838 -4.20461633753e-05
839 -4.03340150221e-05
840 -3.85411404303e-05
841 -3.66630362819e-05
842 -3.47115243255e-05
843 -3.27247123723e-05
844 -3.07687670709e-05
845 -2.88570920659e-05
846 -2.70132197446e-05
847 -2.53462430265e-05
848 -2.38981191502e-05
849 -2.26658906862e-05
850 0.000468297757873
851 0.000461996858968
852 0.000448970250851
853 0.000430771117356
854 0.000407784442206
855 0.00038071330027
856 0.000350882858488
857 0.000318665004673
858 0.000285912886547
859 0.000252807101829
860 0.000220219885387
861 0.000189521364314
862 0.000162993687354
863 0.00014405025442
864 0.000138100696387
865 0.000151469575221
866 0.000186606646558
867 0.000236282157888
868 0.000282051353548
869 0.000303265187285
870 0.000290328738165
871 0.000248427918156
872 0.000191647420127
873 0.000133352520924
874 8.18123734308e-05
875 4.06358527931e-05
876 9.79045581808e-06
877 -1.21572249855e-05
878 -2.71344462779e-05
879 -3.68827423028e-05
880 -4.2892621999e-05
881 -4.62254439825e-05
882 -4.77098828928e-05
883 -4.79050163229e-05
884 -4.72547880342e-05
885 -4.60902459885e-05
886 -4.46103140226e-05
887 -4.29888270581e-05
888 -4.13372219408e-05
889 -3.96087912158e-05
890 -3.78002200261e-05
891 -3.59101911013e-05
892 -3.395374484e-05
893 -3.19912384772e-05
894 -3.00686375335e-05
895 -2.81875081451e-05
896 -2.64080836968e-05
897 -2.4826876166e-05
898 -2.34636065222e-05
899 -2.23011459323e-05
900 0.000369369546681
901 0.000364477955879
902 0.00035444773212
903 0.000340364040275
904 0.000322395888193
905 0.00030110641534
906 0.000277498757064
907 0.000251824758607
908 0.000225689907001
909 0.000199572087069
910 0.000174920550114
911 0.000154051978304
912 0.000140510772608
913 0.000139181605167
914 0.000155141384199
915 0.000189989595615
916 0.000236885193984
917 0.000280410981682
918 0.000302725162031
919 0.000294112992462
920 0.000257379129271
921 0.000204313011852
922 0.000147285196417
923 9.52540132225e-05
924 5.21685359731e-05
925 1.90334448544e-05
926 -5.21270493339e-06
927 -2.21254667886e-05
928 -3.34865890525e-05
929 -4.07323592421e-05
930 -4.50257958313e-05
931 -4.72187129538e-05
932 -4.79438263896e-05
933 -4.76545437531e-05
934 -4.6726939151e-05
935 -4.54089599982e-05
936 -4.38558482495e-05
937 -4.22420854543e-05
938 -4.057969748e-05
939 -3.88374178105e-05
940 -3.70100922448e-05
941 -3.51097049559e-05
942 -3.31605644982e-05
943 -3.12295590373e-05
944 -2.93398347927e-05
945 -2.7499588155e-05
946 -2.58007780772e-05
947 -2.43098230673e-05
948 -2.30328160315e-05
949 -2.19342941024e-05
950 0.000288624098096
951 0.00028470819277
952 0.000276880312305
953 0.000265780635868
954 0.000251610476914
955 0.000234819644983
956 0.000216284844118
957 0.000196398442176
958 0.000176863644154
959 0.000158895346435
960 0.000144771720809
961 0.000138000802764
962 0.00014291524988
963 0.000163143923588
964 0.00019873796043
965 0.000243066855705
966 0.000282657323556
967 0.000302772023048
968 0.000295121952321
969 0.000261731922166
970 0.000211927408332
971 0.000157024322071
972 0.000105347317597
973 6.16868563314e-05
974 2.70817700685e-05
975 1.21686655139e-06
976 -1.73333959623e-05
977 -3.00516572959e-05
978 -3.8441064977e-05
979 -4.36330806338e-05
980 -4.65242197971e-05
981 -4.7781094208e-05
982 -4.78829763473e-05
983 -4.72181140326e-05
984 -4.60781225096e-05
985 -4.46412709323e-05
986 -4.30628704763e-05
987 -4.14551682932e-05
988 -3.97747453077e-05
989 -3.80176125649e-05
990 -3.61754797043e-05
991 -3.42663525906e-05
992 -3.2338195888e-05
993 -3.04439488393e-05
994 -2.85852309107e-05
995 -2.68038003001e-05
996 -2.51972877123e-05
997 -2.38000577013e-05
998 -2.2607030316e-05
999 -2.15662538619e-05
1000 0.000222229992178
1001 0.000219153010989
1002 0.000213170012089
1003 0.000204578058926
1004 0.000193854377524
1005 0.000181411909055
1006 0.000168292498192
1007 0.000155399698719
1008 0.000144724168796
1009 0.000138454396272
1010 0.000139743051815
1011 0.000151979777436
1012 0.000177070269582
1013 0.000213501923638
1014 0.000254313752503
1015 0.000288145307562
1016 0.000303391354394
1017 0.000293940090254
1018 0.000261601251858
1019 0.000214540863696
1020 0.000162046767627
1021 0.000111824771286
1022 6.83789301974e-05
1023 3.343265479e-05
1024 6.5863671352e-06
1025 -1.30436054049e-05
1026 -2.6859953674e-05
1027 -3.61724507303e-05
1028 -4.21704800498e-05
1029 -4.56934894779e-05
1030 -4.7460224891e-05
1031 -4.79553077605e-05
1032 -4.75694852901e-05
1033 -4.66206921508e-05
1034 -4.5320680583e-05
1035 -4.38078822173e-05
1036 -4.22379126804e-05
1037 -4.06175429376e-05
1038 -3.89218167408e-05
1039 -3.71442347849e-05
1040 -3.52918985299e-05
1041 -3.33848062254e-05
1042 -3.14888090861e-05
1043 -2.96324026218e-05
1044 -2.78124007185e-05
1045 -2.61116166146e-05
1046 -2.46032768932e-05
1047 -2.33018382303e-05
1048 -2.21854401777e-05
1049 -2.11973743061e-05
1050 0.000170323609949
1051 0.000168251681804
1052 0.000164302970171
1053 0.000158776257179
1054 0.0001524012553
1055 0.000145829560586
1056 0.0001404420003
1057 0.00013788847712
1058 0.000140393663437
1059 0.000150330176003
1060 0.000169687074078
1061 0.000198774679086
1062 0.000234353783767
1063 0.000269658853401
1064 0.000295465596438
1065 0.00030343500325
1066 0.000289885687841
1067 0.00025716563035
1068 0.00021188117228
1069 0.000162082594225
1070 0.000114062608635
1071 7.1934098379e-05
1072 3.73960288312e-05
1073 1.0491280685e-05
1074 -9.69307078485e-06
1075 -2.41541255443e-05
1076 -3.41599699866e-05
1077 -4.07606410878e-05
1078 -4.48317616994e-05
1079 -4.70385948006e-05
1080 -4.79008121457e-05
1081 -4.77928555157e-05
1082 -4.7043005363e-05
1083 -4.58835251055e-05
1084 -4.446516973e-05
1085 -4.29329320813e-05
1086 -4.13674616552e-05
1087 -3.97282212483e-05
1088 -3.80157241663e-05
1089 -3.62206526763e-05
1090 -3.43590663939e-05
1091 -3.24724212417e-05
1092 -3.06152555298e-05
1093 -2.87913958237e-05
1094 -2.70305604465e-05
1095 -2.54264277563e-05
1096 -2.40206740336e-05
1097 -2.28152566091e-05
1098 -2.1767190807e-05
1099 -2.08257636559e-05
1100 0.000140398505114
1101 0.000139790683782
1102 0.000138808513043
1103 0.000137977608298
1104 0.000138136064173
1105 0.000140419261511
1106 0.000146223039755
1107 0.000157253735485
1108 0.000174563557792
1109 0.000198732408388
1110 0.000228352339384
1111 0.000259688263649
1112 0.000286457711105
1113 0.000301847717612
1114 0.000300788996897
1115 0.000281791289781
1116 0.000247666012896
1117 0.000203986557269
1118 0.000156928493957
1119 0.000111856986101
1120 7.19505268081e-05
1121 3.87603335445e-05
1122 1.24820670404e-05
1123 -7.51023552949e-06
1124 -2.2201783307e-05
1125 -3.2553185162e-05
1126 -3.9561576822e-05
1127 -4.40244377408e-05
1128 -4.65892445208e-05
1129 -4.77620833368e-05
1130 -4.79111716852e-05
1131 -4.73531539389e-05
1132 -4.63382876482e-05
1133 -4.50247952981e-05
1134 -4.3543214071e-05
1135 -4.20214553256e-05
1136 -4.04409685476e-05
1137 -3.87863753791e-05
1138 -3.70525931106e-05
1139 -3.52457328358e-05
1140 -3.33846588904e-05
1141 -3.15336812915e-05
1142 -2.97145770499e-05
1143 -2.79315178693e-05
1144 -2.62527058359e-05
1145 -2.47552954844e-05
1146 -2.34544057877e-05
1147 -2.23379010697e-05
1148 -2.13502889243e-05
1149 -2.04495411598e-05
1150 0.000147447092004
1151 0.00014878997001
1152 0.000151857853643
1153 0.000157083181141
1154 0.000165089600288
1155 0.000176893630802
1156 0.000192859788204
1157 0.000213417203767
1158 0.000237068325026
1159 0.000262014433324
1160 0.000284423188054
1161 0.00029964153899
1162 0.000303243457637
1163 0.000292759315416
1164 0.000268335646547
1165 0.000232846522015
1166 0.000190966088659
1167 0.000147161376465
1168 0.000105450339666
1169 6.85734914825e-05
1170 3.75084437572e-05
1171 1.25422115587e-05
1172 -6.74529800783e-06
1173 -2.1109947938e-05
1174 -3.14872880318e-05
1175 -3.86569620799e-05
1176 -4.33599747542e-05
1177 -4.61698057068e-05
1178 -4.75856802118e-05
1179 -4.79534938176e-05
1180 -4.75706173465e-05
1181 -4.66915992612e-05
1182 -4.54891971652e-05
1183 -4.40723269543e-05
1184 -4.25885060093e-05
1185 -4.10640501941e-05
1186 -3.94637636685e-05
1187 -3.77907981056e-05
1188 -3.60379858458e-05
1189 -3.42222108228e-05
1190 -3.23840372127e-05
1191 -3.0574912609e-05
1192 -2.87939648104e-05
1193 -2.70711088464e-05
1194 -2.54947945369e-05
1195 -2.41075877128e-05
1196 -2.29109600728e-05
1197 -2.18714576114e-05
1198 -2.09370626632e-05
1199 -2.00711494106e-05
1200 0.000198151886421
1201 0.000200963732145
1202 0.000206890678528
1203 0.000215824913434
1204 0.000227716156209
1205 0.000242466677357
1206 0.000259025333399
1207 0.000276145145413
1208 0.000290986666265
1209 0.0003010528353
1210 0.000303297810357
1211 0.00029542504774
1212 0.000276687627021
1213 0.000248231351108
1214 0.000212512221366
1215 0.000172931696112
1216 0.000133030149052
1217 9.53704181142e-05
1218 6.19615413692e-05
1219 3.37455455844e-05
1220 1.06946207208e-05
1221 -7.37464582626e-06
1222 -2.10496603007e-05
1223 -3.10584270864e-05
1224 -3.81475143738e-05
1225 -4.29062406437e-05
1226 -4.58448134891e-05
1227 -4.74145833163e-05
1228 -4.7948453254e-05
1229 -4.77139800061e-05
1230 -4.69567360469e-05
1231 -4.58542509976e-05
1232 -4.45183215606e-05
1233 -4.30695009408e-05
1234 -4.15957866614e-05
1235 -4.00505852347e-05
1236 -3.84336843493e-05
1237 -3.67379664418e-05
1238 -3.49744628749e-05
1239 -3.31640499588e-05
1240 -3.13641089391e-05
1241 -2.95973465729e-05
1242 -2.78604150398e-05
1243 -2.62262446868e-05
1244 -2.47628291758e-05
1245 -2.34874396663e-05
1246 -2.2387079276e-05
1247 -2.14136803945e-05
1248 -2.05244524545e-05
1249 -1.96926994965e-05
1250 0.000266232428393
1251 0.000268627593383
1252 0.000273368399945
1253 0.000279879982788
1254 0.000287434504428
1255 0.000294971985836
1256 0.000300942889283
1257 0.000303610233156
1258 0.000301119027116
1259 0.000291948798004
1260 0.000275244692579
1261 0.000251083549976
1262 0.000220852654641
1263 0.000186583056099
1264 0.000150515435423
1265 0.000114986762525
1266 8.19795369683e-05
1267 5.26132505223e-05
1268 2.75756813049e-05
1269 7.02951885221e-06
1270 -9.39015634999e-06
1271 -2.19865525864e-05
1272 -3.13714700672e-05
1273 -3.80957789134e-05
1274 -4.27280330568e-05
1275 -4.56604150162e-05
1276 -4.72929685538e-05
1277 -4.79243385609e-05
1278 -4.7799184887e-05
1279 -4.71440547161e-05
1280 -4.6129805885e-05
1281 -4.48731610696e-05
1282 -4.34725874583e-05
1283 -4.20367819207e-05
1284 -4.05484307181e-05
1285 -3.89852393827e-05
1286 -3.7346090026e-05
1287 -3.56360347159e-05
1288 -3.38647132789e-05
1289 -3.20847330877e-05
1290 -3.03300609117e-05
1291 -2.86013874775e-05
1292 -2.69323298453e-05
1293 -2.54080166354e-05
1294 -2.40610054615e-05
1295 -2.28964136533e-05
1296 -2.18783765003e-05
1297 -2.09625712149e-05
1298 -2.0111088851e-05
1299 -1.93181370067e-05
1300 0.00030296830454
1301 0.000303272036129
1302 0.000303610845698
1303 0.000303407755135
1304 0.00030189056861
1305 0.000298051269219
1306 0.000290903992337
1307 0.000279355145788
1308 0.000263218156917
1309 0.000242049843377
1310 0.000216386586641
1311 0.00018720407782
1312 0.000156081160775
1313 0.000124629089991
1314 9.42066322549e-05
1315 6.60640363578e-05
1316 4.10881458177e-05
1317 1.96087762945e-05
1318 1.74654737083e-06
1319 -1.26066896805e-05
1320 -2.38458631644e-05
1321 -3.2332981814e-05
1322 -3.85279752635e-05
1323 -4.28400423947e-05
1324 -4.56394893067e-05
1325 -4.72424719524e-05
1326 -4.7905133651e-05
1327 -4.78441913021e-05
1328 -4.72625976307e-05
1329 -4.63241065246e-05
1330 -4.51364858744e-05
1331 -4.37903392672e-05
1332 -4.23946022503e-05
1333 -4.09550415938e-05
1334 -3.94444118139e-05
1335 -3.78625910932e-05
1336 -3.62038377321e-05
1337 -3.44826125858e-05
1338 -3.27274382931e-05
1339 -3.09910266429e-05
1340 -2.92787356165e-05
1341 -2.75999537613e-05
1342 -2.60291549375e-05
1343 -2.46246222781e-05
1344 -2.33956808353e-05
1345 -2.23313752719e-05
1346 -2.13832514595e-05
1347 -2.05149035663e-05
1348 -1.96993244304e-05
1349 -1.89497485863e-05
1350 0.000283450868415
1351 0.000281775817131
1352 0.000278110839862
1353 0.000272198140397
1354 0.000263819021682
1355 0.000252353026029
1356 0.00023768518229
1357 0.000219532597098
1358 0.000198576609403
1359 0.000174905933501
1360 0.000149357861436
1361 0.000122930038348
1362 9.67597932901e-05
1363 7.18361952404e-05
1364 4.87974270973e-05
1365 2.81836324437e-05
1366 1.03782023677e-05
1367 -4.59327827937e-06
1368 -1.68104329174e-05
1369 -2.6449916165e-05
1370 -3.3871506194e-05
1371 -3.93617502196e-05
1372 -4.32437294268e-05
1373 -4.57870031412e-05
1374 -4.7272587526e-05
1375 -4.79023271413e-05
1376 -4.78597926944e-05
1377 -4.73248665615e-05
1378 -4.6441786327e-05
1379 -4.53173121386e-05
1380 -4.40217493894e-05
1381 -4.26678859975e-05
1382 -4.12760191095e-05
1383 -3.98136088766e-05
1384 -3.82851355962e-05
1385 -3.66796513532e-05
1386 -3.50087675167e-05
1387 -3.32898590638e-05
1388 -3.15743069823e-05
1389 -2.98837516341e-05
1390 -2.82133224069e-05
1391 -2.66156291723e-05
1392 -2.51637236606e-05
1393 -2.38812435976e-05
1394 -2.27672703392e-05
1395 -2.17867491862e-05
1396 -2.08982796426e-05
1397 -2.00688857397e-05
1398 -1.92949013016e-05
1399 -1.85865176505e-05
1400 0.000222853678376
1401 0.000220319750828
1402 0.000215066270775
1403 0.000207100946987
1404 0.000196603648622
1405 0.000183366947567
1406 0.000167727449175
1407 0.00014984625346
1408 0.000130556870692
1409 0.000110142476848
1410 8.93063400141e-05
1411 6.87440810075e-05
1412 4.91489414746e-05
1413 3.10639780504e-05
1414 1.476992587e-05
1415 5.14742995507e-07
1416 -1.15948599728e-05
1417 -2.15844433451e-05
1418 -2.96167639816e-05
1419 -3.58412987938e-05
1420 -4.05319479592e-05
1421 -4.38753771379e-05
1422 -4.60869958892e-05
1423 -4.73797688127e-05
1424 -4.79184777336e-05
1425 -4.78508226607e-05
1426 -4.73311498467e-05
1427 -4.64875241972e-05
1428 -4.54100371736e-05
1429 -4.41669069449e-05
1430 -4.28515094468e-05
1431 -4.15068492742e-05
1432 -4.00940712508e-05
1433 -3.86134912376e-05
1434 -3.70601867975e-05
1435 -3.54415963289e-05
1436 -3.37638231879e-05
1437 -3.20765375673e-05
1438 -3.04093245449e-05
1439 -2.87609276515e-05
1440 -2.7154337566e-05
1441 -2.56688132532e-05
1442 -2.43426001975e-05
1443 -2.3182643167e-05
1444 -2.21693411968e-05
1445 -2.12587118302e-05
1446 -2.04181470217e-05
1447 -1.96277937559e-05
1448 -1.89000072731e-05
1449 -1.82264022872e-05
1450 0.000150746332031
1451 0.000148343480682
1452 0.000143399275493
1453 0.000136132695457
1454 0.000126720547386
1455 0.000115319786017
1456 0.000102297862936
1457 8.79376644025e-05
1458 7.29760057312e-05
1459 5.76290344068e-05
1460 4.24053746202e-05
1461 2.77344371154e-05
1462 1.40706973015e-05
1463 1.68556120248e-06
1464 -9.2808552112e-06
1465 -1.87193558422e-05
1466 -2.66038583311e-05
1467 -3.3017057166e-05
1468 -3.80791806606e-05
1469 -4.19075644928e-05
1470 -4.46619654714e-05
1471 -4.64892192492e-05
1472 -4.75408489582e-05
1473 -4.79428088626e-05
1474 -4.78163940665e-05
1475 -4.72890562083e-05
1476 -4.64654138978e-05
1477 -4.54268355354e-05
1478 -4.42272515421e-05
1479 -4.29560725377e-05
1480 -4.16515371128e-05
1481 -4.02869951554e-05
1482 -3.88564539859e-05
1483 -3.73508661999e-05
1484 -3.5782115892e-05
1485 -3.41528445489e-05
1486 -3.24973545147e-05
1487 -3.08568037517e-05
1488 -2.92345090001e-05
1489 -2.76383076348e-05
1490 -2.61331195943e-05
1491 -2.47753991086e-05
1492 -2.35758480842e-05
1493 -2.25300321944e-05
1494 -2.15983418414e-05
1495 -2.07456396848e-05
1496 -1.99450548949e-05
1497 -1.91993659164e-05
1498 -1.85139409458e-05
1499 -1.78666413533e-05
1500 8.69757604642e-05
1501 8.5097953441e-05
1502 8.12499718243e-05
1503 7.56976242913e-05
1504 6.85438818682e-05
1505 6.00683272435e-05
1506 5.05457903656e-05
1507 4.02142778741e-05
1508 2.96646745187e-05
1509 1.89906719624e-05
1510 8.58809713622e-06
1511 -1.28536605378e-06
1512 -1.03466015971e-05
1513 -1.84373626224e-05
1514 -2.55115310496e-05
1515 -3.15086497163e-05
1516 -3.64351014663e-05
1517 -4.03659446558e-05
1518 -4.33676888147e-05
1519 -4.55155256756e-05
1520 -4.69363851252e-05
1521 -4.77191009375e-05
1522 -4.7956305133e-05
1523 -4.77467616641e-05
1524 -4.7191253552e-05
1525 -4.63759671355e-05
1526 -4.53631864445e-05
1527 -4.42048383457e-05
1528 -4.29771510174e-05
1529 -4.17194585467e-05
1530 -4.03972475534e-05
1531 -3.90134150021e-05
1532 -3.755956894e-05
1533 -3.603444326e-05
1534 -3.44538994332e-05
1535 -3.28375576998e-05
1536 -3.12257571234e-05
1537 -2.96334995148e-05
1538 -2.80565147427e-05
1539 -2.6547930983e-05
1540 -2.51681889686e-05
1541 -2.39401346773e-05
1542 -2.28651240944e-05
1543 -2.19137397495e-05
1544 -2.10497099414e-05
1545 -2.02425295294e-05
1546 -1.94837014792e-05
1547 -1.87850958455e-05
1548 -1.81327152183e-05
1549 -1.75012840459e-05
1550 3.81364378966e-05
1551 3.67872876782e-05
1552 3.40861540121e-05
1553 3.02216111686e-05
1554 2.5280568886e-05
1555 1.94934823167e-05
1556 1.30514015326e-05
1557 6.12231152605e-06
1558 -8.63131113525e-07
1559 -7.86055687311e-06
1560 -1.45930912188e-05
1561 -2.09051388746e-05
1562 -2.66355389185e-05
1563 -3.16871943196e-05
1564 -3.60389677181e-05
1565 -3.96618186478e-05
1566 -4.25643211904e-05
1567 -4.47772873457e-05
1568 -4.63585028899e-05
1569 -4.73682487656e-05
1570 -4.78723423966e-05
1571 -4.7931017818e-05
1572 -4.76228551099e-05
1573 -4.70295110283e-05
1574 -4.62090300623e-05
1575 -4.5216601062e-05
1576 -4.40917186554e-05
1577 -4.29105387339e-05
1578 -4.16944070723e-05
1579 -4.04198835414e-05
1580 -3.90794927787e-05
1581 -3.7674099619e-05
1582 -3.61990091446e-05
1583 -3.46621012301e-05
1584 -3.30897217482e-05
1585 -3.15131629357e-05
1586 -2.99517203659e-05
1587 -2.84026766444e-05
1588 -2.69015663654e-05
1589 -2.55136373826e-05
1590 -2.4266299249e-05
1591 -2.31670753763e-05
1592 -2.21988923181e-05
1593 -2.13240167849e-05
1594 -2.05134811925e-05
1595 -1.97469208597e-05
1596 -1.9036311254e-05
1597 -1.83788070064e-05
1598 -1.77503454999e-05
1599 -1.71217383929e-05
1600 3.80447881199e-06
1601 2.90818208519e-06
1602 1.14281444519e-06
1603 -1.38807591953e-06
1604 -4.58142276264e-06
1605 -8.30273916488e-06
1606 -1.24193889205e-05
1607 -1.68077448171e-05
1608 -2.1195550373e-05
1609 -2.55468052226e-05
1610 -2.96964080266e-05
1611 -3.35471522335e-05
1612 -3.69960857725e-05
1613 -3.99869924487e-05
1614 -4.24964216178e-05
1615 -4.45060406485e-05
1616 -4.60286268675e-05
1617 -4.70908531824e-05
1618 -4.77207611198e-05
1619 -4.79531180748e-05
1620 -4.78361634038e-05
1621 -4.74290648157e-05
1622 -4.67883052318e-05
1623 -4.59635810696e-05
1624 -4.49835511095e-05
1625 -4.38939935466e-05
1626 -4.27566034776e-05
1627 -4.15862224035e-05
1628 -4.03517793397e-05
1629 -3.90573926765e-05
1630 -3.76953942173e-05
1631 -3.62676983125e-05
1632 -3.47797916555e-05
1633 -3.32472676034e-05
1634 -3.17131826571e-05
1635 -3.01878511204e-05
1636 -2.86702766073e-05
1637 -2.71862693668e-05
1638 -2.57998954514e-05
1639 -2.45454851426e-05
1640 -2.34303177705e-05
1641 -2.2449509958e-05
1642 -2.15665146328e-05
1643 -2.07536377858e-05
1644 -1.9985594198e-05
1645 -1.92656909545e-05
1646 -1.86021393589e-05
1647 -1.79754432033e-05
1648 -1.7359477402e-05
1649 -1.67231021027e-05
1650 -1.8767050046e-05
1651 -1.93186637866e-05
1652 -2.04073199261e-05
1653 -2.19825022789e-05
1654 -2.39338821765e-05
1655 -2.62160416365e-05
1656 -2.87210353085e-05
1657 -3.13705092825e-05
1658 -3.40055173693e-05
1659 -3.65830876852e-05
1660 -3.90138096423e-05
1661 -4.12332202835e-05
1662 -4.31739496125e-05
1663 -4.47862410043e-05
1664 -4.60697712022e-05
1665 -4.70179918039e-05
1666 -4.76332501236e-05
1667 -4.79254189498e-05
1668 -4.79164732919e-05
1669 -4.76436129625e-05
1670 -4.71462818068e-05
1671 -4.64621617732e-05
1672 -4.56259382514e-05
1673 -4.4662667345e-05
1674 -4.36091529089e-05
1675 -4.25195874624e-05
1676 -4.13891824966e-05
1677 -4.01988836032e-05
1678 -3.89452002555e-05
1679 -3.76294834088e-05
1680 -3.62450897341e-05
1681 -3.48049911154e-05
1682 -3.33190483741e-05
1683 -3.18241140563e-05
1684 -3.03397384205e-05
1685 -2.88582798368e-05
1686 -2.74007819081e-05
1687 -2.60267454819e-05
1688 -2.47736224209e-05
1689 -2.3653761972e-05
1690 -2.26650353561e-05
1691 -2.17779696942e-05
1692 -2.09639254194e-05
1693 -2.01981927526e-05
1694 -1.94741481446e-05
1695 -1.88046226352e-05
1696 -1.81779877255e-05
1697 -1.75705803211e-05
1698 -1.69522151768e-05
1699 -1.63028707944e-05
1700 -3.28664632449e-05
1701 -3.31909918334e-05
1702 -3.38319825846e-05
1703 -3.47599102126e-05
1704 -3.58934789873e-05
1705 -3.72231416538e-05
1706 -3.86653727911e-05
1707 -4.01772837624e-05
1708 -4.16613581618e-05
1709 -4.3079308476e-05
1710 -4.4378813555e-05
1711 -4.551732586e-05
1712 -4.64621963289e-05
1713 -4.71826343945e-05
1714 -4.76716396865e-05
1715 -4.79207947689e-05
1716 -4.79348275627e-05
1717 -4.77291961048e-05
1718 -4.73286245107e-05
1719 -4.67593007841e-05
1720 -4.6041715792e-05
1721 -4.51971680093e-05
1722 -4.42482250954e-05
1723 -4.32414390976e-05
1724 -4.21979500151e-05
1725 -4.11070079566e-05
1726 -3.99541929987e-05
1727 -3.87459991587e-05
1728 -3.74693783704e-05
1729 -3.6132533754e-05
1730 -3.47357399342e-05
1731 -3.32973828074e-05
1732 -3.18473978565e-05
1733 -3.04023719987e-05
1734 -2.89613373166e-05
1735 -2.75372685145e-05
1736 -2.61856479589e-05
1737 -2.49453321152e-05
1738 -2.38298092944e-05
1739 -2.28409802269e-05
1740 -2.19548091156e-05
1741 -2.11426883735e-05
1742 -2.03809542856e-05
1743 -1.96579094637e-05
1744 -1.89849155157e-05
1745 -1.83580892662e-05
1746 -1.77571352819e-05
1747 -1.71546210423e-05
1748 -1.6525018139e-05
1749 -1.58590694453e-05
1750 -4.12023835376e-05
1751 -4.13841020369e-05
1752 -4.17364686211e-05
1753 -4.22384132298e-05
1754 -4.28517939914e-05
1755 -4.35608389706e-05
1756 -4.43133137511e-05
1757 -4.50838091458e-05
1758 -4.58146382185e-05
1759 -4.64839208636e-05
1760 -4.70580746916e-05
1761 -4.75078481264e-05
1762 -4.78096354022e-05
1763 -4.79481609463e-05
1764 -4.79180126411e-05
1765 -4.77223339409e-05
1766 -4.73717575541e-05
1767 -4.68768131878e-05
1768 -4.62523454912e-05
1769 -4.55146112378e-05
1770 -4.4669856614e-05
1771 -4.37483377473e-05
1772 -4.27873870723e-05
1773 -4.17928586143e-05
1774 -4.07389384798e-05
1775 -3.96253866964e-05
1776 -3.84557965699e-05
1777 -3.72223544289e-05
1778 -3.59285943026e-05
1779 -3.45787208185e-05
1780 -3.31880519963e-05
1781 -3.17869398458e-05
1782 -3.03882668978e-05
1783 -2.89877337781e-05
1784 -2.76016638591e-05
1785 -2.62789277578e-05
1786 -2.50603290128e-05
1787 -2.39575129307e-05
1788 -2.29751433585e-05
1789 -2.20950594002e-05
1790 -2.12874537116e-05
1791 -2.05327679754e-05
1792 -1.98143897381e-05
1793 -1.91413173788e-05
1794 -1.85154698228e-05
1795 -1.79192097315e-05
1796 -1.73298225952e-05
1797 -1.67191920881e-05
1798 -1.60745210923e-05
1799 -1.53918370341e-05
1800 -4.56656009472e-05
1801 -4.57535737616e-05
1802 -4.59204971789e-05
1803 -4.61531059944e-05
1804 -4.64364402073e-05
1805 -4.67522096814e-05
1806 -4.70718429555e-05
1807 -4.73776860004e-05
1808 -4.7635905125e-05
1809 -4.78305417759e-05
1810 -4.79397991732e-05
1811 -4.79470948733e-05
1812 -4.78418493158e-05
1813 -4.76215368089e-05
1814 -4.72852228032e-05
1815 -4.68356227011e-05
1816 -4.62808437771e-05
1817 -4.56236795648e-05
1818 -4.48729703669e-05
1819 -4.404609184e-05
1820 -4.31676268646e-05
1821 -4.22552653163e-05
1822 -4.12972046148e-05
1823 -4.02840177113e-05
1824 -3.92088957347e-05
1825 -3.80781103809e-05
1826 -3.68831096076e-05
1827 -3.56342111781e-05
1828 -3.43297565753e-05
1829 -3.29895523707e-05
1830 -3.16387830411e-05
1831 -3.02889405966e-05
1832 -2.89352796119e-05
1833 -2.75911315474e-05
1834 -2.63064305429e-05
1835 -2.51164290159e-05
1836 -2.40343562316e-05
1837 -2.30660039255e-05
1838 -2.21967772068e-05
1839 -2.13999216672e-05
1840 -2.06535543713e-05
1841 -1.99427276483e-05
1842 -1.92728460337e-05
1843 -1.86500069253e-05
1844 -1.80593777152e-05
1845 -1.74802072955e-05
1846 -1.68866440662e-05
1847 -1.62618379534e-05
1848 -1.55995367097e-05
1849 -1.49066035218e-05
1850 -4.76135828637e-05
1851 -4.76418172533e-05
1852 -4.7693308573e-05
1853 -4.77604168886e-05
1854 -4.7834128413e-05
1855 -4.79008181709e-05
1856 -4.79457975103e-05
1857 -4.79551088947e-05
1858 -4.79145268382e-05
1859 -4.78119582153e-05
1860 -4.76382421996e-05
1861 -4.73845312239e-05
1862 -4.70481781255e-05
1863 -4.66280507268e-05
1864 -4.61233274847e-05
1865 -4.55339349499e-05
1866 -4.48654823398e-05
1867 -4.41231056976e-05
1868 -4.33328466989e-05
1869 -4.25075748965e-05
1870 -4.16384553193e-05
1871 -4.07162394538e-05
1872 -3.97375980372e-05
1873 -3.87086069152e-05
1874 -3.7613170259e-05
1875 -3.64603779631e-05
1876 -3.52530392268e-05
1877 -3.39947774743e-05
1878 -3.27081490868e-05
1879 -3.14098908241e-05
1880 -3.01090356502e-05
1881 -2.88031273388e-05
1882 -2.75062086044e-05
1883 -2.62633586347e-05
1884 -2.51112379358e-05
1885 -2.40583536383e-05
1886 -2.31098745057e-05
1887 -2.22570426255e-05
1888 -2.14733698292e-05
1889 -2.07410408842e-05
1890 -2.00408796007e-05
1891 -1.93768224521e-05
1892 -1.87591002513e-05
1893 -1.81748500468e-05
1894 -1.76058583688e-05
1895 -1.7027057452e-05
1896 -1.64206701754e-05
1897 -1.57785207727e-05
1898 -1.51022960572e-05
1899 -1.44122427827e-05
1900 -4.79132320574e-05
1901 -4.79043970207e-05
1902 -4.78843846407e-05
1903 -4.78500163532e-05
1904 -4.77939937688e-05
1905 -4.77104447594e-05
1906 -4.75922634115e-05
1907 -4.74285748877e-05
1908 -4.72186723586e-05
1909 -4.69507429695e-05
1910 -4.6622111858e-05
1911 -4.62266216517e-05
1912 -4.57650708466e-05
1913 -4.52362689433e-05
1914 -4.46396080392e-05
1915 -4.39820282995e-05
1916 -4.32809722128e-05
1917 -4.25408756525e-05
1918 -4.17608877975e-05
1919 -4.09300872798e-05
1920 -4.00424194805e-05
1921 -3.91030303895e-05
1922 -3.81087926432e-05
1923 -3.70571633462e-05
1924 -3.59464668977e-05
1925 -3.47822253693e-05
1926 -3.35724372865e-05
1927 -3.2339887214e-05
1928 -3.10971000525e-05
1929 -2.98481591479e-05
1930 -2.85894367671e-05
1931 -2.73452614091e-05
1932 -2.61513553954e-05
1933 -2.50413906857e-05
1934 -2.40259333861e-05
1935 -2.31074633844e-05
1936 -2.22758136148e-05
1937 -2.15097190491e-05
1938 -2.0792172427e-05
1939 -2.01066034656e-05
1940 -1.94527306141e-05
1941 -1.88416831756e-05
1942 -1.82655783625e-05
1943 -1.77066934569e-05
1944 -1.71423361253e-05
1945 -1.6551938653e-05
1946 -1.59283726464e-05
1947 -1.52697230264e-05
1948 -1.45908459704e-05
1949 -1.3920370277e-05
1950 -4.71850652203e-05
1951 -4.71569916291e-05
1952 -4.7097780597e-05
1953 -4.70074559877e-05
1954 -4.6881191473e-05
1955 -4.67176202165e-05
1956 -4.65117021697e-05
1957 -4.62565517321e-05
1958 -4.59567780107e-05
1959 -4.56011156338e-05
1960 -4.51897329087e-05
1961 -4.47184420763e-05
1962 -4.41931342536e-05
1963 -4.36224708956e-05
1964 -4.30119414293e-05
1965 -4.23605366245e-05
1966 -4.16668444775e-05
1967 -4.09215161922e-05
1968 -4.01242502617e-05
1969 -3.9276946901e-05
1970 -3.83748312677e-05
1971 -3.74144699547e-05
1972 -3.64004082645e-05
1973 -3.5336603479e-05
1974 -3.42155930211e-05
1975 -3.30595406749e-05
1976 -3.1883524592e-05
1977 -3.06971230038e-05
1978 -2.94986293898e-05
1979 -2.82931921104e-05
1980 -2.71026702523e-05
1981 -2.59688191541e-05
1982 -2.49085050343e-05
1983 -2.39349593249e-05
1984 -2.30530992012e-05
1985 -2.22501336597e-05
1986 -2.15055857747e-05
1987 -2.08067994226e-05
1988 -2.01370259509e-05
1989 -1.94971534901e-05
1990 -1.88966526041e-05
1991 -1.83296815281e-05
1992 -1.7781319546e-05
1993 -1.72307387308e-05
1994 -1.66566551239e-05
1995 -1.60497856244e-05
1996 -1.54088672828e-05
1997 -1.47431181917e-05
1998 -1.40786925704e-05
1999 -1.34387144241e-05
2000 -4.58696522881e-05
2001 -4.58325545334e-05
2002 -4.57527205528e-05
2003 -4.56320965509e-05
2004 -4.54697154574e-05
2005 -4.52639407837e-05
2006 -4.50115549592e-05
2007 -4.47089189074e-05
2008 -4.43628200001e-05
2009 -4.39673617698e-05
2010 -4.35284326045e-05
2011 -4.30462407067e-05
2012 -4.25230284865e-05
2013 -4.19597496183e-05
2014 -4.13511651771e-05
2015 -4.06907048962e-05
2016 -3.99805241635e-05
2017 -3.92202585964e-05
2018 -3.84093333226e-05
2019 -3.7543890057e-05
2020 -3.66212868181e-05
2021 -3.56478602684e-05
2022 -3.46232068008e-05
2023 -3.35577383652e-05
2024 -3.24592039103e-05
2025 -3.13437235918e-05
2026 -3.02155623074e-05
2027 -2.90723451197e-05
2028 -2.79205443622e-05
2029 -2.67940751875e-05
2030 -2.57191195414e-05
2031 -2.47181082516e-05
2032 -2.37933456691e-05
2033 -2.2951411647e-05
2034 -2.21808958608e-05
2035 -2.14629804276e-05
2036 -2.07847135082e-05
2037 -2.01333970378e-05
2038 -1.95093575348e-05
2039 -1.89226612738e-05
2040 -1.83671140083e-05
2041 -1.78292416719e-05
2042 -1.72916308977e-05
2043 -1.67325278277e-05
2044 -1.61424731798e-05
2045 -1.55178472718e-05
2046 -1.48668783741e-05
2047 -1.42112683971e-05
2048 -1.35756535546e-05
2049 -1.29679231581e-05
2050 -4.4221090861e-05
2051 -4.4180799906e-05
2052 -4.40908359365e-05
2053 -4.39576480347e-05
2054 -4.37823966941e-05
2055 -4.35632570452e-05
2056 -4.33009007219e-05
2057 -4.29939129579e-05
2058 -4.26484867734e-05
2059 -4.22586824399e-05
2060 -4.1824929947e-05
2061 -4.13441687891e-05
2062 -4.08148494488e-05
2063 -4.02387161631e-05
2064 -3.9615351842e-05
2065 -3.89429556137e-05
2066 -3.82200335649e-05
2067 -3.74403188399e-05
2068 -3.66106364528e-05
2069 -3.57329742539e-05
2070 -3.4800166821e-05
2071 -3.38214305513e-05
2072 -3.28106766321e-05
2073 -3.17790229147e-05
2074 -3.07245765627e-05
2075 -2.96542449797e-05
2076 -2.85661075212e-05
2077 -2.74782258827e-05
2078 -2.64173344313e-05
2079 -2.54124751231e-05
2080 -2.4470370362e-05
2081 -2.36014189141e-05
2082 -2.28054592653e-05
2083 -2.20700250868e-05
2084 -2.13814339784e-05
2085 -2.07274271328e-05
2086 -2.0096442002e-05
2087 -1.94910941886e-05
2088 -1.89202872674e-05
2089 -1.83790110965e-05
2090 -1.7853677746e-05
2091 -1.73281137519e-05
2092 -1.67832553263e-05
2093 -1.62090026266e-05
2094 -1.56002082653e-05
2095 -1.49634647737e-05
2096 -1.43185694146e-05
2097 -1.36888483551e-05
2098 -1.30860500238e-05
2099 -1.25049319316e-05
2100 -4.24701642553e-05
2101 -4.24309091514e-05
2102 -4.23414561337e-05
2103 -4.221119584e-05
2104 -4.20383293961e-05
2105 -4.18214723153e-05
2106 -4.15604083797e-05
2107 -4.12526889543e-05
2108 -4.09029740252e-05
2109 -4.05054994914e-05
2110 -4.00608237583e-05
2111 -3.95691779994e-05
2112 -3.90304217867e-05
2113 -3.84449937433e-05
2114 -3.78079272467e-05
2115 -3.71191226078e-05
2116 -3.63812887686e-05
2117 -3.55913256467e-05
2118 -3.47514605303e-05
2119 -3.38681813697e-05
2120 -3.29460405649e-05
2121 -3.19961243616e-05
2122 -3.10245020109e-05
2123 -3.00361123274e-05
2124 -2.90210989215e-05
2125 -2.79937347476e-05
2126 -2.69745720566e-05
2127 -2.59897881762e-05
2128 -2.50540001505e-05
2129 -2.41783383995e-05
2130 -2.33668132805e-05
2131 -2.26199770979e-05
2132 -2.19234227072e-05
2133 -2.12659197607e-05
2134 -2.06379412994e-05
2135 -2.00291983218e-05
2136 -1.9444311207e-05
2137 -1.88917470238e-05
2138 -1.83657937885e-05
2139 -1.78545440031e-05
2140 -1.73421332161e-05
2141 -1.68105800732e-05
2142 -1.6250919491e-05
2143 -1.56577169748e-05
2144 -1.50356899502e-05
2145 -1.44016656324e-05
2146 -1.37809169013e-05
2147 -1.31842831552e-05
2148 -1.26096206018e-05
2149 -1.20457528169e-05
2150 -4.06858270911e-05
2151 -4.06445980097e-05
2152 -4.05534128481e-05
2153 -4.04211031802e-05
2154 -4.02435050308e-05
2155 -4.00210003158e-05
2156 -3.97527808774e-05
2157 -3.94380337198e-05
2158 -3.90818952814e-05
2159 -3.86772424688e-05
2160 -3.82242280584e-05
2161 -3.77212251551e-05
2162 -3.71685155429e-05
2163 -3.65702254361e-05
2164 -3.592281709e-05
2165 -3.52261155921e-05
2166 -3.44802569924e-05
2167 -3.36897256246e-05
2168 -3.28620723451e-05
2169 -3.20056682421e-05
2170 -3.11187025629e-05
2171 -3.02091136699e-05
2172 -2.92754726836e-05
2173 -2.83241326182e-05
2174 -2.7363600085e-05
2175 -2.64218831929e-05
2176 -2.55136311505e-05
2177 -2.46532096135e-05
2178 -2.38450738379e-05
2179 -2.3095041215e-05
2180 -2.23975701454e-05
2181 -2.1740752467e-05
2182 -2.11166583501e-05
2183 -2.05150861467e-05
2184 -1.99307072828e-05
2185 -1.93688198497e-05
2186 -1.88364771206e-05
2187 -1.83270751585e-05
2188 -1.78302357438e-05
2189 -1.73312997819e-05
2190 -1.68121481289e-05
2191 -1.62658297861e-05
2192 -1.56881063943e-05
2193 -1.50808409846e-05
2194 -1.44600084654e-05
2195 -1.38488206007e-05
2196 -1.32610498881e-05
2197 -1.26939499965e-05
2198 -1.21389257709e-05
2199 -1.1587674776e-05
2200 -3.8820435366e-05
2201 -3.87762881018e-05
2202 -3.8684062294e-05
2203 -3.85497860433e-05
2204 -3.8367982841e-05
2205 -3.81411256119e-05
2206 -3.78666345357e-05
2207 -3.75436688703e-05
2208 -3.71787848835e-05
2209 -3.67642141685e-05
2210 -3.63027776327e-05
2211 -3.57918641192e-05
2212 -3.52319903083e-05
2213 -3.46272931719e-05
2214 -3.39751608041e-05
2215 -3.32826809451e-05
2216 -3.25529912984e-05
2217 -3.17893803541e-05
2218 -3.09965333559e-05
2219 -3.01777927828e-05
2220 -2.93272566364e-05
2221 -2.84522822811e-05
2222 -2.75656721129e-05
2223 -2.66871278427e-05
2224 -2.58266109243e-05
2225 -2.50010286598e-05
2226 -2.42148704035e-05
2227 -2.34765643419e-05
2228 -2.27880820709e-05
2229 -2.21392238232e-05
2230 -2.15231739965e-05
2231 -2.09328103006e-05
2232 -2.035916885e-05
2233 -1.97998432006e-05
2234 -1.92636436381e-05
2235 -1.87533549195e-05
2236 -1.82623376246e-05
2237 -1.77804698706e-05
2238 -1.72941440994e-05
2239 -1.67881388771e-05
2240 -1.62541848141e-05
2241 -1.56894230119e-05
2242 -1.50973841654e-05
2243 -1.44909431114e-05
2244 -1.38918627186e-05
2245 -1.3313336101e-05
2246 -1.27555649026e-05
2247 -1.22091704577e-05
2248 -1.16671163951e-05
2249 -1.11351916361e-05
2250 -3.6864277629e-05
2251 -3.68178028899e-05
2252 -3.6724166601e-05
2253 -3.65865853213e-05
2254 -3.64004355949e-05
2255 -3.61705159119e-05
2256 -3.58924845022e-05
2257 -3.55648584526e-05
2258 -3.5195686634e-05
2259 -3.47762513794e-05
2260 -3.43107292791e-05
2261 -3.37977463126e-05
2262 -3.32422299945e-05
2263 -3.26503411746e-05
2264 -3.20195090219e-05
2265 -3.13545885164e-05
2266 -3.06575292379e-05
2267 -2.99272432242e-05
2268 -2.91669169147e-05
2269 -2.83801505241e-05
2270 -2.75747664858e-05
2271 -2.67664272621e-05
2272 -2.59712072761e-05
2273 -2.52006219449e-05
2274 -2.44536759378e-05
2275 -2.37458879453e-05
2276 -2.30775823403e-05
2277 -2.24485318815e-05
2278 -2.18494541446e-05
2279 -2.12740001403e-05
2280 -2.0716962134e-05
2281 -2.0172058601e-05
2282 -1.96404603275e-05
2283 -1.91306809525e-05
2284 -1.86440453022e-05
2285 -1.81717709545e-05
2286 -1.77056472559e-05
2287 -1.72312810944e-05
2288 -1.6736274758e-05
2289 -1.62152138223e-05
2290 -1.56629968223e-05
2291 -1.5084086658e-05
2292 -1.44921843296e-05
2293 -1.39066613253e-05
2294 -1.33402696758e-05
2295 -1.27932762811e-05
2296 -1.22578487315e-05
2297 -1.17248630205e-05
2298 -1.12006207336e-05
2299 -1.06952263653e-05
2300 -3.48310583271e-05
2301 -3.47834173324e-05
2302 -3.4689618913e-05
2303 -3.45487511388e-05
2304 -3.4360135403e-05
2305 -3.41294677469e-05
2306 -3.38509196665e-05
2307 -3.35244250306e-05
2308 -3.31596306741e-05
2309 -3.27483990188e-05
2310 -3.22968372489e-05
2311 -3.18023984245e-05
2312 -3.12702200413e-05
2313 -3.07042475581e-05
2314 -3.01015916989e-05
2315 -2.94641639863e-05
2316 -2.87940423813e-05
2317 -2.80954522851e-05
2318 -2.73803557718e-05
2319 -2.66585622113e-05
2320 -2.59393689794e-05
2321 -2.52324389767e-05
2322 -2.45462420299e-05
2323 -2.38866869781e-05
2324 -2.32534912231e-05
2325 -2.26543948276e-05
2326 -2.20803644524e-05
2327 -2.15282452585e-05
2328 -2.09935128606e-05
2329 -2.04696103531e-05
2330 -1.99539401235e-05
2331 -1.94529144339e-05
2332 -1.89714848221e-05
2333 -1.85080855621e-05
2334 -1.80556703448e-05
2335 -1.76049041422e-05
2336 -1.71432449623e-05
2337 -1.66593676109e-05
2338 -1.61488048461e-05
2339 -1.56096437945e-05
2340 -1.50437323962e-05
2341 -1.44654995994e-05
2342 -1.38946920104e-05
2343 -1.33415978211e-05
2344 -1.28059458955e-05
2345 -1.22816520802e-05
2346 -1.17600319004e-05
2347 -1.12444142915e-05
2348 -1.07458934191e-05
2349 -1.02668628092e-05
2350 -3.27561226802e-05
2351 -3.27089563984e-05
2352 -3.26184878799e-05
2353 -3.24811412173e-05
2354 -3.22985031034e-05
2355 -3.20762821668e-05
2356 -3.18090914105e-05
2357 -3.14958546881e-05
2358 -3.11473471633e-05
2359 -3.07547956769e-05
2360 -3.0324124077e-05
2361 -2.98519526959e-05
2362 -2.93427016796e-05
2363 -2.87992043493e-05
2364 -2.82221201141e-05
2365 -2.76181637781e-05
2366 -2.69971658489e-05
2367 -2.63650917073e-05
2368 -2.57331963845e-05
2369 -2.51061209684e-05
2370 -2.44881312797e-05
2371 -2.38856562708e-05
2372 -2.33059627776e-05
2373 -2.2750347141e-05
2374 -2.22118557747e-05
2375 -2.16902850138e-05
2376 -2.11822805234e-05
2377 -2.06841411431e-05
2378 -2.0191922026e-05
2379 -1.97078372753e-05
2380 -1.92374938523e-05
2381 -1.87858106767e-05
2382 -1.83460905523e-05
2383 -1.79128247066e-05
2384 -1.74773340981e-05
2385 -1.70268721349e-05
2386 -1.65538867256e-05
2387 -1.60542673309e-05
2388 -1.55263287604e-05
2389 -1.49752974374e-05
2390 -1.44125376497e-05
2391 -1.38562289439e-05
2392 -1.33180612073e-05
2393 -1.27962616715e-05
2394 -1.2283526408e-05
2395 -1.17726226343e-05
2396 -1.12677372713e-05
2397 -1.07785181535e-05
2398 -1.03061608623e-05
2399 -9.85336350545e-06
2400 -3.07180038926e-05
2401 -3.06735022406e-05
2402 -3.0587131554e-05
2403 -3.04572253662e-05
2404 -3.02840504804e-05
2405 -3.00719473116e-05
2406 -2.98177141997e-05
2407 -2.95179095117e-05
2408 -2.9184446213e-05
2409 -2.88087414975e-05
2410 -2.83961992824e-05
2411 -2.79479134915e-05
2412 -2.74701444978e-05
2413 -2.69684465596e-05
2414 -2.64479020898e-05
2415 -2.59127803095e-05
2416 -2.53714110208e-05
2417 -2.48271469466e-05
2418 -2.42872127547e-05
2419 -2.37556013647e-05
2420 -2.32357491982e-05
2421 -2.27296458989e-05
2422 -2.22371506974e-05
2423 -2.17560191484e-05
2424 -2.12820802599e-05
2425 -2.08155423978e-05
2426 -2.03518643039e-05
2427 -1.98917951794e-05
2428 -1.9440478828e-05
2429 -1.90039966573e-05
2430 -1.85792980523e-05
2431 -1.81629508876e-05
2432 -1.77480030689e-05
2433 -1.73255364345e-05
2434 -1.68849909496e-05
2435 -1.64213717494e-05
2436 -1.5931058325e-05
2437 -1.54139943667e-05
2438 -1.48760027619e-05
2439 -1.43304897968e-05
2440 -1.37918406242e-05
2441 -1.3268991236e-05
2442 -1.27615579505e-05
2443 -1.22618403464e-05
2444 -1.17630059171e-05
2445 -1.12691112322e-05
2446 -1.07900697085e-05
2447 -1.03275966479e-05
2448 -9.8826212464e-06
2449 -9.46389671059e-06
2450 -2.87387243551e-05
2451 -2.8697030311e-05
2452 -2.86138606117e-05
2453 -2.8490321302e-05
2454 -2.83253505178e-05
2455 -2.81229326453e-05
2456 -2.78808936102e-05
2457 -2.75991958697e-05
2458 -2.72890266452e-05
2459 -2.69441136229e-05
2460 -2.65698596807e-05
2461 -2.61710484614e-05
2462 -2.57516841482e-05
2463 -2.53167512816e-05
2464 -2.48699410348e-05
2465 -2.4415060807e-05
2466 -2.39562929408e-05
2467 -2.34985595153e-05
2468 -2.30464474594e-05
2469 -2.26004670487e-05
2470 -2.21585788602e-05
2471 -2.17205925381e-05
2472 -2.12880655952e-05
2473 -2.0858926865e-05
2474 -2.04285041473e-05
2475 -1.99989103762e-05
2476 -1.95734545467e-05
2477 -1.91577669049e-05
2478 -1.87521203118e-05
2479 -1.8354072959e-05
2480 -1.7958725373e-05
2481 -1.75610592484e-05
2482 -1.71503779677e-05
2483 -1.67196811025e-05
2484 -1.62651996126e-05
2485 -1.57843508135e-05
2486 -1.52775815217e-05
2487 -1.47533682498e-05
2488 -1.42247464595e-05
2489 -1.3705070704e-05
2490 -1.31988979011e-05
2491 -1.27058798937e-05
2492 -1.22194294148e-05
2493 -1.1732828262e-05
2494 -1.12510272471e-05
2495 -1.07828426634e-05
2496 -1.03303655718e-05
2497 -9.89360025734e-06
2498 -9.48254379689e-06
2499 -9.10869932397e-06
