0 0.00129121001734
1 0.00127283944945
2 0.00124622167995
3 0.00120843118471
4 0.00115890859721
5 0.00110023451631
6 0.00103441025217
7 0.000960122912101
8 0.000881089673161
9 0.000798620000145
10 0.000713499748423
11 0.000627461275211
12 0.000542107459031
13 0.000458263718628
14 0.000376811811869
15 0.000298229275798
16 0.000224076813139
17 0.000154445513582
18 8.90504905414e-05
19 2.9043313362e-05
20 -2.48656194488e-05
21 -7.31581464888e-05
22 -0.000116579727956
23 -0.00015454173327
24 -0.000186805242403
25 -0.00021432660632
26 -0.000236990480881
27 -0.000255458178993
28 -0.000269656734535
29 -0.000280017560891
30 -0.000287145448539
31 -0.000291321745576
32 -0.000292900312811
33 -0.000292119818728
34 -0.000289416717513
35 -0.000284952478755
36 -0.00027899658022
37 -0.000271882271649
38 -0.000263798605841
39 -0.00025489073254
40 -0.000245312697851
41 -0.000235309323636
42 -0.000225030951333
43 -0.000214640564544
44 -0.000204223713729
45 -0.000193880282385
46 -0.000183668140521
47 -0.000173683215216
48 -0.000163959945735
49 -0.000154549536439
50 0.00129991275281
51 0.00128176838123
52 0.0012550738754
53 0.00121594858296
54 0.00116505736783
55 0.00110561602397
56 0.00103834857781
57 0.00096271549739
58 0.000882630324502
59 0.00079917477753
60 0.00071326832584
61 0.000626593665869
62 0.000540884433306
63 0.000456813561289
64 0.000375284879717
65 0.000296798491543
66 0.00022280147068
67 0.000153292757804
68 8.81962221149e-05
69 2.85219740446e-05
70 -2.51336331231e-05
71 -7.32776070426e-05
72 -0.000116417206658
73 -0.000154177242957
74 -0.000186291470059
75 -0.00021357529338
76 -0.00023609952255
77 -0.000254431310608
78 -0.000268532851956
79 -0.000278857812886
80 -0.000285939202113
81 -0.000290034642411
82 -0.000291548253788
83 -0.000290756828273
84 -0.000288046887237
85 -0.000283613068582
86 -0.000277667583278
87 -0.000270573329566
88 -0.000262524085322
89 -0.000253665790149
90 -0.000244146217852
91 -0.000234209076973
92 -0.000224009203357
93 -0.000213686055973
94 -0.000203327961106
95 -0.000193042796773
96 -0.000182893755452
97 -0.000172973024379
98 -0.000163313763527
99 -0.000153960234613
100 0.00133752214625
101 0.00131713577755
102 0.00128810373302
103 0.00124566459872
104 0.00119048568673
105 0.0011266895486
106 0.00105496512844
107 0.000974692287181
108 0.00089019757068
109 0.000802896888175
110 0.000713717233952
111 0.000624331941174
112 0.000536620378891
113 0.000451159916616
114 0.000368762645457
115 0.00028983470766
116 0.000215751604435
117 0.000146423250341
118 8.17012205323e-05
119 2.25274655949e-05
120 -3.05380732748e-05
121 -7.80458684282e-05
122 -0.000120533497505
123 -0.000157638925442
124 -0.000189116926914
125 -0.00021580213311
126 -0.000237776924887
127 -0.000255593940309
128 -0.000269223095721
129 -0.000279105053358
130 -0.000285772575865
131 -0.00028948704976
132 -0.000290661468368
133 -0.000289577033443
134 -0.000286616495512
135 -0.000281972986107
136 -0.000275848272585
137 -0.000268605750058
138 -0.000260453766996
139 -0.000251543512781
140 -0.000242012918048
141 -0.000232091744926
142 -0.000221923769158
143 -0.000211632793791
144 -0.000201309776016
145 -0.000191068831544
146 -0.000180979611156
147 -0.000171133662181
148 -0.000161553815132
149 -0.000152279257006
150 0.0014035853999
151 0.00137988766885
152 0.0013470567821
153 0.00129889538949
154 0.00123644221988
155 0.00116522836271
156 0.00108571289196
157 0.000997343447676
158 0.000905162284681
159 0.000811084015955
160 0.000716090981729
161 0.000621894184159
162 0.000530600115182
163 0.000442636905541
164 0.000358670448405
165 0.000278936933385
166 0.00020466670209
167 0.000135612274823
168 7.14882394888e-05
169 1.31290333792e-05
170 -3.89793086455e-05
171 -8.54618478987e-05
172 -0.000126901295586
173 -0.000162967666701
174 -0.000193463923539
175 -0.000219213264035
176 -0.000240308870003
177 -0.000257307152242
178 -0.000270187719363
179 -0.000279384499592
180 -0.000285416236315
181 -0.000288556412088
182 -0.000289218665684
183 -0.000287682170104
184 -0.000284326930329
185 -0.000279353484071
186 -0.000272967501959
187 -0.000265518851138
188 -0.000257217173626
189 -0.000248222922936
190 -0.000238668884277
191 -0.000228766023654
192 -0.000218640708149
193 -0.000208402904563
194 -0.000198144566889
195 -0.000187983218455
196 -0.000177989448399
197 -0.000168256571979
198 -0.000158797581533
199 -0.000149644460104
200 0.00150331544462
201 0.00147580297464
202 0.00143771498258
203 0.00138128726456
204 0.00130842272897
205 0.00122634783369
206 0.00113510574212
207 0.00103451108881
208 0.000930718251992
209 0.000826199227749
210 0.00072216350613
211 0.000620463757733
212 0.000523521715013
213 0.000431579933002
214 0.00034509726493
215 0.000264057360223
216 0.000189453754454
217 0.000120793155828
218 5.75526723616e-05
219 3.85387793636e-07
220 -5.03409040349e-05
221 -9.53618004247e-05
222 -0.000135321779904
223 -0.000169936062996
224 -0.000199060631034
225 -0.000223516750684
226 -0.000243413156812
227 -0.000259293138722
228 -0.000271164152145
229 -0.000279456422873
230 -0.000284663759227
231 -0.000287058585583
232 -0.000287052587249
233 -0.00028492612777
234 -0.00028105914952
235 -0.00027566164905
236 -0.00026894593345
237 -0.000261251336421
238 -0.000252777221951
239 -0.000243676692672
240 -0.000234088687923
241 -0.00022420484409
242 -0.000214135127577
243 -0.000203979398201
244 -0.000193824611148
245 -0.000183785923472
246 -0.000173929434267
247 -0.000164347001342
248 -0.000155048607553
249 -0.000146056506904
250 0.00163719840844
251 0.00160632543094
252 0.00156172961891
253 0.00149538822761
254 0.00140954150915
255 0.00131344455287
256 0.00120659218499
257 0.00108953599933
258 0.00096995360922
259 0.000850731134066
260 0.000733647404415
261 0.00062105367871
262 0.000515737747508
263 0.000417813764518
264 0.00032749219452
265 0.000244416825037
266 0.000169279683642
267 0.00010111111329
268 3.90997865373e-05
269 -1.6414987507e-05
270 -6.5243757494e-05
271 -0.000108271519464
272 -0.000146222485454
273 -0.000178916042802
274 -0.00020624258774
275 -0.000229011803345
276 -0.000247353400813
277 -0.000261796016297
278 -0.000272356322889
279 -0.000279494049607
280 -0.00028367706917
281 -0.000285146853543
282 -0.000284311395176
283 -0.000281452917715
284 -0.000276963125473
285 -0.000271045410054
286 -0.000263927266394
287 -0.000255926619057
288 -0.000247243018379
289 -0.000238012790478
290 -0.000228357852594
291 -0.000218474220022
292 -0.000208463894823
293 -0.000198407752547
294 -0.000188387157289
295 -0.000178504909111
296 -0.000168817245231
297 -0.000159416345178
298 -0.000150306584737
299 -0.000141508174226
300 0.00178596904017
301 0.00175262448878
302 0.00170216207571
303 0.00162581598961
304 0.00152801051841
305 0.0014173280586
306 0.00129376759254
307 0.00115848433016
308 0.00102068970106
309 0.000883571837004
310 0.000750086428718
311 0.000623413472527
312 0.000506875885921
313 0.000400688779875
314 0.000305049003962
315 0.00021912208847
316 0.000143184552182
317 7.58180979298e-05
318 1.54806069541e-05
319 -3.77331912665e-05
320 -8.39890947697e-05
321 -0.000124290334527
322 -0.000159739475505
323 -0.000189924307626
324 -0.000215003520769
325 -0.000235672542349
326 -0.000252101481551
327 -0.000264822945531
328 -0.000273874962896
329 -0.000279625141445
330 -0.000282566577393
331 -0.000282967507526
332 -0.000281169675824
333 -0.000277463097172
334 -0.000272240722823
335 -0.000265733127483
336 -0.00025814711548
337 -0.00024978634757
338 -0.000240826364447
339 -0.000231430134994
340 -0.000221699513646
341 -0.000211787616158
342 -0.000201825609065
343 -0.000191876870367
344 -0.000182005734163
345 -0.00017230114963
346 -0.000162805599749
347 -0.000153599292121
348 -0.000144693719663
349 -0.000136105958498
350 0.00189367623374
351 0.00185874025145
352 0.00180421921613
353 0.00172216150011
354 0.00161674582775
355 0.00149651876894
356 0.00136126698907
357 0.00121244491041
358 0.00106076876352
359 0.000909362994455
360 0.000761632948786
361 0.000622128428268
362 0.000494787025918
363 0.000380480154029
364 0.000279456880159
365 0.000191020828701
366 0.000114735482245
367 4.88151248747e-05
368 -9.10564123779e-06
369 -5.93025207889e-05
370 -0.000102044516196
371 -0.000139164746456
372 -0.000171512924034
373 -0.000198956716874
374 -0.000221446702155
375 -0.000239875210245
376 -0.000254331897092
377 -0.000265302393479
378 -0.000272798474036
379 -0.000277231228203
380 -0.000279027513653
381 -0.000278448001492
382 -0.00027584053919
383 -0.000271456764941
384 -0.000265669625655
385 -0.00025871441228
386 -0.000250803770072
387 -0.000242217496715
388 -0.000233136507822
389 -0.000223683938699
390 -0.000213976090842
391 -0.000204168509308
392 -0.000194346464008
393 -0.000184592974377
394 -0.000174960990366
395 -0.000165522584394
396 -0.000156299405507
397 -0.000147370755482
398 -0.000138731341429
399 -0.000130413667777
400 0.00197493029619
401 0.00193930924745
402 0.00188039765046
403 0.00179338770831
404 0.00168205349224
405 0.00155287649841
406 0.00140823803806
407 0.00124939288011
408 0.00108702845578
409 0.00092385064116
410 0.000764108172491
411 0.000613247281147
412 0.000475614970161
413 0.000353165819195
414 0.000246645832123
415 0.000155477633253
416 7.95476914643e-05
417 1.56162775245e-05
418 -3.88846633912e-05
419 -8.49820505579e-05
420 -0.000123330737438
421 -0.000156189294334
422 -0.000184618793405
423 -0.000208632855854
424 -0.000228078183174
425 -0.000243852816355
426 -0.000256031490969
427 -0.00026500370951
428 -0.000270802399798
429 -0.000273797798606
430 -0.000274351561777
431 -0.000272733465036
432 -0.000269261187776
433 -0.000264202427574
434 -0.000257846921208
435 -0.000250457959921
436 -0.000242251360213
437 -0.000233467146666
438 -0.000224273667888
439 -0.000214803426232
440 -0.000205164225257
441 -0.000195504899629
442 -0.000185878742692
443 -0.000176357667656
444 -0.000167000378172
445 -0.000157867897559
446 -0.000148962145365
447 -0.000140345797878
448 -0.000132016853729
449 -0.00012401450441
450 0.00204373128959
451 0.002005711312
452 0.00194059571378
453 0.00184647146151
454 0.00172722754787
455 0.00158784740366
456 0.00143357629403
457 0.00126550797261
458 0.00109401306315
459 0.000921186124192
460 0.000751487021276
461 0.000591145507261
462 0.000444237249346
463 0.000313905475478
464 0.000201764211362
465 0.000107828519959
466 3.24993827586e-05
467 -2.83646952487e-05
468 -7.80683416099e-05
469 -0.000118470842665
470 -0.000150766765771
471 -0.000177755652084
472 -0.000201010332667
473 -0.000220425495566
474 -0.000235986180686
475 -0.000248438674543
476 -0.00025782535918
477 -0.000264421698094
478 -0.000268206580029
479 -0.000269515980998
480 -0.000268647528573
481 -0.000265858168568
482 -0.000261418923279
483 -0.000255602103344
484 -0.000248635928125
485 -0.000240793276246
486 -0.000232258859295
487 -0.000223260012117
488 -0.000213961234728
489 -0.000204482915302
490 -0.000194938190776
491 -0.000185450746962
492 -0.000176058548057
493 -0.000166805537818
494 -0.000157764079094
495 -0.000148965641605
496 -0.000140421522824
497 -0.000132164854982
498 -0.000124193745121
499 -0.000116561154192
500 0.0021177775617
501 0.00207397022995
502 0.00199965425025
503 0.00189307968303
504 0.00175937121044
505 0.00160520799107
506 0.00143694010149
507 0.00125642946623
508 0.00107472494841
509 0.000893308417858
510 0.000716085368077
511 0.00054920302246
512 0.000395685243057
513 0.000259152217369
514 0.000142273638711
515 4.59924784373e-05
516 -2.82452243727e-05
517 -8.50437784638e-05
518 -0.000128311342926
519 -0.000161021609407
520 -0.000185066696458
521 -0.000204219280395
522 -0.000220568138773
523 -0.000234021870473
524 -0.000244627378417
525 -0.000252979115574
526 -0.000258993926675
527 -0.000262793863569
528 -0.000264294121533
529 -0.000263739133775
530 -0.000261323976784
531 -0.000257291798761
532 -0.000251850833891
533 -0.00024525704428
534 -0.000237703215731
535 -0.000229422422354
536 -0.000220596535001
537 -0.0002114297657
538 -0.000202072688553
539 -0.000192638007762
540 -0.000183233404938
541 -0.000173967508068
542 -0.000164861656984
543 -0.000155931771741
544 -0.000147251379099
545 -0.000138844109386
546 -0.000130709791053
547 -0.000122878657551
548 -0.000115330366111
549 -0.000108129769868
550 0.00222549130154
551 0.00217349066016
552 0.00208545293162
553 0.00196008631358
554 0.00180370336164
555 0.00162636789365
556 0.00143550973332
557 0.00123447316446
558 0.00103651176411
559 0.000843035558646
560 0.000657457828983
561 0.000485370072898
562 0.000327891278265
563 0.000187806692662
564 6.7907328318e-05
565 -2.99812964908e-05
566 -0.000103023225483
567 -0.000155391237891
568 -0.000191054435684
569 -0.000214183146701
570 -0.00022764986159
571 -0.000236607226382
572 -0.000243883059183
573 -0.000249625377685
574 -0.00025393238192
575 -0.000257233143969
576 -0.000259234484652
577 -0.000259825437551
578 -0.000258774194079
579 -0.000256193649776
580 -0.000252151154735
581 -0.000246828554681
582 -0.000240386184368
583 -0.00023303810161
584 -0.000224937222734
585 -0.000216273271247
586 -0.000207231234475
587 -0.000197968963936
588 -0.000188623615866
589 -0.000179312477484
590 -0.000170120347317
591 -0.000161139716543
592 -0.000152383370852
593 -0.000143841790405
594 -0.000135576593073
595 -0.000127620293915
596 -0.000119950826965
597 -0.000112609429761
598 -0.000105548718115
599 -9.88327413525e-05
600 0.0023704201668
601 0.00230858627289
602 0.00220356778127
603 0.00205420742157
604 0.00186982527224
605 0.00166251330231
606 0.00144200138269
607 0.00121325792695
608 0.000992462166084
609 0.000781398283766
610 0.00058409247928
611 0.000405905388263
612 0.00024596114288
613 0.000105013091987
614 -1.53584858689e-05
615 -0.000113489454838
616 -0.0001857505078
617 -0.000234381946502
618 -0.000262930737517
619 -0.000275820559429
620 -0.000277292894745
621 -0.00027405325625
622 -0.000270276042869
623 -0.000266571696878
624 -0.000263239523753
625 -0.000260550106799
626 -0.000257905195879
627 -0.000254910357602
628 -0.000251114649397
629 -0.000246427255974
630 -0.000240769507015
631 -0.000234205898841
632 -0.000226831804429
633 -0.000218815184217
634 -0.000210273860956
635 -0.000201340108258
636 -0.000192204621676
637 -0.000182967082754
638 -0.0001737442964
639 -0.000164664442127
640 -0.000155791438471
641 -0.000147172665043
642 -0.000138843954221
643 -0.000130765382869
644 -0.000122976876951
645 -0.00011553547588
646 -0.000108389673135
647 -0.000101590840282
648 -9.50748686718e-05
649 -8.88919103972e-05
650 0.0025430703679
651 0.00246938987021
652 0.00234386254067
653 0.00216611915534
654 0.00194922044945
655 0.00170685323511
656 0.0014520405275
657 0.00119147678237
658 0.000944501459955
659 0.000712774585915
660 0.000501616435242
661 0.000316453086413
662 0.000154964216729
663 1.59479454221e-05
664 -0.000101342705004
665 -0.000196837765409
666 -0.000267749026937
667 -0.000313925234026
668 -0.000337319934434
669 -0.000341511888809
670 -0.000331244306649
671 -0.000315132169355
672 -0.000298902967626
673 -0.000284336591239
674 -0.000272106813613
675 -0.000262513557346
676 -0.000254668609298
677 -0.000247778865311
678 -0.000241121317266
679 -0.000234324730579
680 -0.000227122390644
681 -0.000219429099822
682 -0.000211245884615
683 -0.000202690937484
684 -0.000193833707305
685 -0.000184774852075
686 -0.00017568472267
687 -0.000166615291733
688 -0.00015763456524
689 -0.000148892429289
690 -0.000140451786614
691 -0.000132283227636
692 -0.000124455693243
693 -0.000116921916888
694 -0.000109700290034
695 -0.00010284075659
696 -9.62979517498e-05
697 -9.00906029747e-05
698 -8.41687589051e-05
699 -7.85566227809e-05
700 0.00274107155303
701 0.00265295140857
702 0.002502227536
703 0.00229054547373
704 0.00203452168373
705 0.00175107541685
706 0.00145689069911
707 0.0011607904564
708 0.000885495220131
709 0.000632088267734
710 0.00040689189967
711 0.000215550320998
712 5.39346818277e-05
713 -8.01786416039e-05
714 -0.000190157058886
715 -0.000278264328727
716 -0.000344315966467
717 -0.000387530248972
718 -0.00040776536188
719 -0.000405984241782
720 -0.000386152010834
721 -0.000358020767661
722 -0.000328829038646
723 -0.000302425702343
724 -0.000280299687079
725 -0.00026301855332
726 -0.000249442892477
727 -0.000238363060658
728 -0.000228737627224
729 -0.000219831027636
730 -0.000211160211358
731 -0.000202455927638
732 -0.000193615514507
733 -0.000184654457106
734 -0.000175638638982
735 -0.000166616131736
736 -0.000157702174275
737 -0.000148928918698
738 -0.000140324842226
739 -0.000132018910798
740 -0.000124106147439
741 -0.000116499205368
742 -0.000109244842123
743 -0.00010232096671
744 -9.5742512346e-05
745 -8.95295542523e-05
746 -8.36385567431e-05
747 -7.80539252036e-05
748 -7.27749877644e-05
749 -6.77953395621e-05
750 0.00296949813234
751 0.00286288547874
752 0.0026808859366
753 0.00242661041497
754 0.00212276585161
755 0.00178996172975
756 0.0014496979881
757 0.00111348090831
758 0.000807697572726
759 0.000532247773287
760 0.000293967223307
761 9.84143009125e-05
762 -6.08295101434e-05
763 -0.00018674893647
764 -0.000284904864063
765 -0.00036023109665
766 -0.000415414146212
767 -0.000452069870496
768 -0.000468614777056
769 -0.000463276036981
770 -0.000437431606014
771 -0.000399633118206
772 -0.000358398875695
773 -0.000319975637581
774 -0.000287305831595
775 -0.000261678816527
776 -0.000241898254676
777 -0.000226365709258
778 -0.000213677656857
779 -0.000202684658698
780 -0.000192635031409
781 -0.000183048415226
782 -0.000173726225519
783 -0.000164549122224
784 -0.00015552865973
785 -0.000146682565056
786 -0.000138083155409
787 -0.000129747496372
788 -0.000121658937956
789 -0.000113909790748
790 -0.000106625464597
791 -9.96989801212e-05
792 -9.31255969621e-05
793 -8.68948208266e-05
794 -8.10372744441e-05
795 -7.55415457124e-05
796 -7.03684224386e-05
797 -6.55038339938e-05
798 -6.09083997308e-05
799 -5.65989131849e-05
800 0.00323421177222
801 0.00310459693363
802 0.00288194213049
803 0.0025740459042
804 0.00221075940016
805 0.00181773861479
806 0.00142321054629
807 0.00104193407623
808 0.000703713758417
809 0.000406656539053
810 0.000157742284073
811 -3.86871549997e-05
812 -0.000191822075082
813 -0.000305663366537
814 -0.000387772034077
815 -0.000444940939893
816 -0.000482769995664
817 -0.000506615599054
818 -0.000515874075584
819 -0.000507196483555
820 -0.000478581130469
821 -0.000434842006498
822 -0.000384124107591
823 -0.000334744201781
824 -0.00029175159057
825 -0.000257567714002
826 -0.000231371307919
827 -0.000211293871897
828 -0.000195542876229
829 -0.000182587289758
830 -0.000171349554639
831 -0.000161082209946
832 -0.000151451301597
833 -0.000142263158222
834 -0.000133408854143
835 -0.000124905109981
836 -0.000116790906866
837 -0.000109039236467
838 -0.000101595832971
839 -9.45380959365e-05
840 -8.79935417698e-05
841 -8.18459409862e-05
842 -7.60548170029e-05
843 -7.0612317668e-05
844 -6.55393794305e-05
845 -6.08298696621e-05
846 -5.64295883217e-05
847 -5.2315004959e-05
848 -4.84563897582e-05
849 -4.48560011359e-05
850 0.00354826146373
851 0.00338831830644
852 0.00311138397636
853 0.00273370436509
854 0.00229472392184
855 0.00182713867478
856 0.00136789955884
857 0.000935661675323
858 0.000563791907293
859 0.000247287974525
860 -8.02776128876e-06
861 -0.000199890130582
862 -0.000341087092177
863 -0.000437677173019
864 -0.00049900900318
865 -0.00053340840877
866 -0.000548440213033
867 -0.00055263167953
868 -0.000548365956727
869 -0.000533231494628
870 -0.000502974783599
871 -0.000457188734711
872 -0.000400989401643
873 -0.000343318748712
874 -0.000291396282085
875 -0.000249209962683
876 -0.00021684587354
877 -0.000192415648569
878 -0.000173826744021
879 -0.000159156217483
880 -0.00014695343743
881 -0.000136266286444
882 -0.000126576135137
883 -0.000117614692637
884 -0.000109127689893
885 -0.000101176153166
886 -9.37063697489e-05
887 -8.66910088464e-05
888 -8.00501460161e-05
889 -7.38275473533e-05
890 -6.81508451244e-05
891 -6.2898757886e-05
892 -5.80016971498e-05
893 -5.34455457202e-05
894 -4.92450160625e-05
895 -4.53935587724e-05
896 -4.1837957735e-05
897 -3.85325100138e-05
898 -3.54631911145e-05
899 -3.26296571549e-05
900 0.00391168200924
901 0.00371193001889
902 0.00336412234583
903 0.00289692822679
904 0.00236369168334
905 0.00180648922497
906 0.0012734297853
907 0.000787038038511
908 0.000383449559446
909 5.27625582666e-05
910 -0.000201516171954
911 -0.000380780026859
912 -0.000502434694348
913 -0.000575737154995
914 -0.000611685055155
915 -0.000620007852863
916 -0.000609375145321
917 -0.000589720532205
918 -0.000566245196157
919 -0.000539457029606
920 -0.000505622243114
921 -0.000460014974027
922 -0.000402702006127
923 -0.000340908050188
924 -0.000283011707465
925 -0.000234629769635
926 -0.00019718865181
927 -0.00016914847327
928 -0.000148316598211
929 -0.000132433861357
930 -0.000119674994086
931 -0.000108924953189
932 -9.94803193541e-05
933 -9.1007985219e-05
934 -8.31441556932e-05
935 -7.59541189749e-05
936 -6.93298412332e-05
937 -6.31954538157e-05
938 -5.74948770147e-05
939 -5.22544540895e-05
940 -4.75661401628e-05
941 -4.33095800324e-05
942 -3.94240480052e-05
943 -3.58291146674e-05
944 -3.25775570819e-05
945 -2.96402379399e-05
946 -2.69865706882e-05
947 -2.45314045671e-05
948 -2.22859866368e-05
949 -2.02459096542e-05
950 0.0043361608892
951 0.00408340581845
952 0.00364135204047
953 0.00305781388925
954 0.00240685838679
955 0.00174245879031
956 0.00112655485782
957 0.000585496218735
958 0.000155789767347
959 -0.000179707983514
960 -0.000421839102388
961 -0.000577846331419
962 -0.000670560239375
963 -0.000712979025429
964 -0.000718284240024
965 -0.000697415343371
966 -0.000660020994881
967 -0.000615619705244
968 -0.000570504820397
969 -0.000527938081357
970 -0.000486821895983
971 -0.000440838463587
972 -0.000385235216213
973 -0.000323614821801
974 -0.000263632829462
975 -0.000211903903551
976 -0.00017129877385
977 -0.000140980887463
978 -0.000118879212612
979 -0.00010251327778
980 -8.97550384395e-05
981 -7.93973862748e-05
982 -7.05382261411e-05
983 -6.28471523164e-05
984 -5.58463764511e-05
985 -4.95653836392e-05
986 -4.39564365184e-05
987 -3.88914626038e-05
988 -3.42799730373e-05
989 -3.01451649698e-05
990 -2.65681310821e-05
991 -2.33754726569e-05
992 -2.05540555964e-05
993 -1.79955530718e-05
994 -1.57356274483e-05
995 -1.37482548474e-05
996 -1.20137227468e-05
997 -1.04484240147e-05
998 -9.04957271931e-06
999 -7.82629874979e-06
1000 0.00483278456166
1001 0.00450819036513
1002 0.0039398254099
1003 0.00320526228914
1004 0.00240796625873
1005 0.00161795519314
1006 0.000912705733455
1007 0.000321269016298
1008 -0.000123162827872
1009 -0.000449064770966
1010 -0.000664108741296
1011 -0.000783737852052
1012 -0.000837027464497
1013 -0.000840906167135
1014 -0.000810514030153
1015 -0.000757755722568
1016 -0.0006932176172
1017 -0.000625115245154
1018 -0.000559162960364
1019 -0.000499726504244
1020 -0.000448665486517
1021 -0.000400202882413
1022 -0.000347025257829
1023 -0.000288758391658
1024 -0.000230645414814
1025 -0.000178994022594
1026 -0.000137827022219
1027 -0.000107089721744
1028 -8.50666606472e-05
1029 -6.92086293316e-05
1030 -5.71807262778e-05
1031 -4.77470212318e-05
1032 -3.99034616434e-05
1033 -3.32851799482e-05
1034 -2.74093494334e-05
1035 -2.23199733817e-05
1036 -1.78976237301e-05
1037 -1.40257530134e-05
1038 -1.06099252702e-05
1039 -7.66036688741e-06
1040 -5.28058111067e-06
1041 -3.23329430805e-06
1042 -1.52207674718e-06
1043 -4.69637409058e-08
1044 1.16122112173e-06
1045 2.15233334983e-06
1046 2.92249800727e-06
1047 3.57352023617e-06
1048 4.10722302243e-06
1049 4.50287697109e-06
1050 0.00542291110803
1051 0.00499744283385
1052 0.00425625460834
1053 0.00332305071603
1054 0.00234399597715
1055 0.00140898986633
1056 0.000612630699428
1057 -1.64542740098e-05
1058 -0.000456760251734
1059 -0.000752031771472
1060 -0.000920587531672
1061 -0.000988376570941
1062 -0.000990911620187
1063 -0.000948463335339
1064 -0.000878136444888
1065 -0.000792101370164
1066 -0.000701138296272
1067 -0.000611738167895
1068 -0.000528054629014
1069 -0.000453959880363
1070 -0.000393021313571
1071 -0.000340562051609
1072 -0.000289256226943
1073 -0.00023589288153
1074 -0.000182780414459
1075 -0.000134623922703
1076 -9.58646112322e-05
1077 -6.70197728873e-05
1078 -4.67882157885e-05
1079 -3.26297623721e-05
1080 -2.2236103576e-05
1081 -1.43201250082e-05
1082 -7.95673407156e-06
1083 -2.70871848097e-06
1084 1.79378327996e-06
1085 5.54774434708e-06
1086 8.63788334439e-06
1087 1.12318191791e-05
1088 1.3370579211e-05
1089 1.50465888034e-05
1090 1.61684580607e-05
1091 1.69919367174e-05
1092 1.75385386515e-05
1093 1.78761693524e-05
1094 1.79878587328e-05
1095 1.79455191474e-05
1096 1.77388511666e-05
1097 1.74550973146e-05
1098 1.71057369967e-05
1099 1.66605732402e-05
1100 0.00613267678404
1101 0.00556273495118
1102 0.00458046687366
1103 0.00338276974848
1104 0.00217952803158
1105 0.00108326280857
1106 0.000204883613164
1107 -0.000437164882215
1108 -0.000843374490894
1109 -0.00107920335722
1110 -0.00117751254729
1111 -0.00117661822185
1112 -0.00111725801084
1113 -0.00102242449431
1114 -0.000909686525872
1115 -0.000790781802555
1116 -0.000675779467797
1117 -0.000568671382799
1118 -0.000471614834258
1119 -0.000387185456175
1120 -0.000319199156077
1121 -0.000263306480794
1122 -0.000213463581744
1123 -0.000165494130133
1124 -0.000119463194507
1125 -7.77782477686e-05
1126 -4.44590203829e-05
1127 -2.00863113121e-05
1128 -3.6700850589e-06
1129 7.37045805473e-06
1130 1.51001442314e-05
1131 2.08067389329e-05
1132 2.5219688333e-05
1133 2.87433793433e-05
1134 3.1608440981e-05
1135 3.38275735553e-05
1136 3.54462068932e-05
1137 3.6575219731e-05
1138 3.73116233639e-05
1139 3.76448716524e-05
1140 3.74789423822e-05
1141 3.70381645287e-05
1142 3.64022301164e-05
1143 3.56257923522e-05
1144 3.46440768383e-05
1145 3.35519889279e-05
1146 3.23553189878e-05
1147 3.11203083059e-05
1148 2.98771071469e-05
1149 2.85925496369e-05
1150 0.00699716127488
1151 0.00621324122692
1152 0.00488594204902
1153 0.00333494271891
1154 0.00186204596947
1155 0.00060125894214
1156 -0.000330002666069
1157 -0.00094033728938
1158 -0.00126860143008
1159 -0.00140802405465
1160 -0.00140958027738
1161 -0.00132408848388
1162 -0.00119443088723
1163 -0.0010447805908
1164 -0.000890972285545
1165 -0.000742868973292
1166 -0.00060902985433
1167 -0.000489874216742
1168 -0.000385493252496
1169 -0.000296608267281
1170 -0.000226540557341
1171 -0.000170033034351
1172 -0.000122418850352
1173 -7.99600739837e-05
1174 -4.19132729585e-05
1175 -8.72515157661e-06
1176 1.64864947287e-05
1177 3.37967142639e-05
1178 4.42353407251e-05
1179 5.05417393189e-05
1180 5.44994163917e-05
1181 5.72028792404e-05
1182 5.91568060325e-05
1183 6.05809149683e-05
1184 6.16051240475e-05
1185 6.21498132557e-05
1186 6.21849763499e-05
1187 6.17949766144e-05
1188 6.10947102769e-05
1189 6.00399913662e-05
1190 5.85504738302e-05
1191 5.68193127779e-05
1192 5.49707725943e-05
1193 5.29946088592e-05
1194 5.08966939433e-05
1195 4.87517668736e-05
1196 4.65736953514e-05
1197 4.44072302061e-05
1198 4.22859615797e-05
1199 4.01778559969e-05
1200 0.00803886339031
1201 0.0069358568824
1202 0.0051152323896
1203 0.00310444328158
1204 0.0013311213025
1205 -6.51326098162e-05
1206 -0.000986103336474
1207 -0.0014952678118
1208 -0.00169046225875
1209 -0.00169406294724
1210 -0.00157654076718
1211 -0.00139765830394
1212 -0.00119704502355
1213 -0.000997304302362
1214 -0.000809604759123
1215 -0.000640785127156
1216 -0.00049658402849
1217 -0.000373282070945
1218 -0.000268915769806
1219 -0.000182458672551
1220 -0.000116282950934
1221 -6.37396706913e-05
1222 -2.05609337206e-05
1223 1.57926172882e-05
1224 4.57961847094e-05
1225 6.95425100833e-05
1226 8.49419910229e-05
1227 9.30828555525e-05
1228 9.57608164771e-05
1229 9.57739037234e-05
1230 9.48838886724e-05
1231 9.39019767243e-05
1232 9.29336677193e-05
1233 9.19858357498e-05
1234 9.09574168384e-05
1235 8.97044462396e-05
1236 8.80898756169e-05
1237 8.61579463652e-05
1238 8.40336187293e-05
1239 8.15886597409e-05
1240 7.87794213609e-05
1241 7.57798002481e-05
1242 7.26916845683e-05
1243 6.95612717074e-05
1244 6.63862512179e-05
1245 6.32198776308e-05
1246 6.00904060217e-05
1247 5.70325902158e-05
1248 5.40661570886e-05
1249 5.11767619202e-05
1250 0.00932480762976
1251 0.00771857355681
1252 0.00517438051728
1253 0.00257692272493
1254 0.000506716125946
1255 -0.000941042504226
1256 -0.00174214409127
1257 -0.00205328227989
1258 -0.00205303131145
1259 -0.00188483014963
1260 -0.0016345553831
1261 -0.00136395987348
1262 -0.0011013531801
1263 -0.000863851928727
1264 -0.000655798990138
1265 -0.000478984765008
1266 -0.00033565641812
1267 -0.000218048810258
1268 -0.000122181441348
1269 -4.53372262412e-05
1270 1.08357519155e-05
1271 5.43767275062e-05
1272 8.97608610018e-05
1273 0.000118637933019
1274 0.000140477309032
1275 0.000154637346336
1276 0.000159390302098
1277 0.000156870146934
1278 0.00015004001375
1279 0.000142492104925
1280 0.000135779172423
1281 0.000130447925733
1282 0.000126259977286
1283 0.000122659909856
1284 0.000119476182764
1285 0.000116336960086
1286 0.000113021497795
1287 0.000109518783319
1288 0.000105915653632
1289 0.000102078818477
1290 9.7977386616e-05
1291 9.37637255063e-05
1292 8.95027408592e-05
1293 8.52655560214e-05
1294 8.10494457958e-05
1295 7.69066845815e-05
1296 7.28657105947e-05
1297 6.89577862281e-05
1298 6.51863310472e-05
1299 6.15577704354e-05
1300 0.0109211630803
1301 0.00848629292504
1302 0.00487848899223
1303 0.00159164765415
1304 -0.000673123444133
1305 -0.00199357188244
1306 -0.00250825626113
1307 -0.00250969790728
1308 -0.00226159802911
1309 -0.0019054297802
1310 -0.00153008855787
1311 -0.00118750508241
1312 -0.000885954565442
1313 -0.000633142407524
1314 -0.000424461423381
1315 -0.000256650906405
1316 -0.000127985053777
1317 -2.73240479833e-05
1318 5.11445122282e-05
1319 0.000111244784461
1320 0.000151457729658
1321 0.000181096216047
1322 0.000205021389324
1323 0.000224331652714
1324 0.000237697595779
1325 0.000242781010304
1326 0.000236803691372
1327 0.000222914461719
1328 0.000205553785612
1329 0.000189313708558
1330 0.000176045611121
1331 0.000165853358268
1332 0.000158030531643
1333 0.00015166284424
1334 0.000146281748727
1335 0.000141255950716
1336 0.000136295127152
1337 0.00013130660468
1338 0.000126325048073
1339 0.000121180398157
1340 0.000115848353101
1341 0.000110488721113
1342 0.000105135485068
1343 9.98552587998e-05
1344 9.46643881991e-05
1345 8.96100226396e-05
1346 8.47179579873e-05
1347 8.00186480969e-05
1348 7.55134349307e-05
1349 7.11992716114e-05
1350 0.0128843263962
1351 0.0090308036726
1352 0.0039195751682
1353 -8.14043439562e-06
1354 -0.00217207455694
1355 -0.00307007201583
1356 -0.00310148545037
1357 -0.00270656038092
1358 -0.00220064453263
1359 -0.00168121989233
1360 -0.00122073359262
1361 -0.000848032201539
1362 -0.000544890160542
1363 -0.000307766455057
1364 -0.000123307643524
1365 1.6061458043e-05
1366 0.0001156384165
1367 0.000188558061274
1368 0.000241581942895
1369 0.000278839402573
1370 0.000298610087657
1371 0.000310919627453
1372 0.000320355879443
1373 0.000328272124592
1374 0.00033263324563
1375 0.00032920278985
1376 0.000313367764512
1377 0.000288298643814
1378 0.000260136166265
1379 0.000234834650357
1380 0.000214632724577
1381 0.000199340536617
1382 0.000187818311937
1383 0.000178658275274
1384 0.000171097516662
1385 0.000164234234306
1386 0.000157688659557
1387 0.000151278872358
1388 0.000144962023486
1389 0.000138606652192
1390 0.000132143932623
1391 0.000125730251468
1392 0.000119364056227
1393 0.000113132357016
1394 0.000107043268268
1395 0.000101162804669
1396 9.54944390542e-05
1397 9.0080493615e-05
1398 8.49070625646e-05
1399 7.99704545305e-05
1400 0.01520153238
1401 0.00884548412128
1402 0.0018502961495
1403 -0.00225309195932
1404 -0.00375051951543
1405 -0.00384848742229
1406 -0.00324531861836
1407 -0.00245673335751
1408 -0.00175685327604
1409 -0.00115538226262
1410 -0.000685544829446
1411 -0.000344626476327
1412 -8.76771474525e-05
1413 9.81648256629e-05
1414 0.000231933934598
1415 0.000323705905974
1416 0.000381368130567
1417 0.000417522591267
1418 0.000438739909656
1419 0.000448622372241
1420 0.000445167442669
1421 0.000438063456232
1422 0.000431284811089
1423 0.000426797507281
1424 0.000421793167362
1425 0.000410335760892
1426 0.000385658536557
1427 0.000350205015793
1428 0.00031160360681
1429 0.000277365387675
1430 0.000250228621749
1431 0.000229901235831
1432 0.00021470887867
1433 0.000202874274172
1434 0.00019322188622
1435 0.000184663914289
1436 0.000176684230735
1437 0.000168997380458
1438 0.000161504815604
1439 0.000154071004751
1440 0.000146602717933
1441 0.000139247564685
1442 0.000132006462979
1443 0.000124936540683
1444 0.000118060359913
1445 0.000111451920667
1446 0.000105105843481
1447 9.90587830342e-05
1448 9.32860367754e-05
1449 8.78032813101e-05
1450 0.0173460503866
1451 0.00687806601669
1452 -0.00159127490707
1453 -0.00465006063544
1454 -0.004752892592
1455 -0.00379085847664
1456 -0.0026091727201
1457 -0.00159892000693
1458 -0.000870155555979
1459 -0.000325631559649
1460 5.0631549553e-05
1461 0.00028935329902
1462 0.000451032755023
1463 0.000552375334238
1464 0.000613736351561
1465 0.000644087866924
1466 0.000650736559119
1467 0.000644512788764
1468 0.000630338910795
1469 0.00061081862877
1470 0.000583335951101
1471 0.000556322110102
1472 0.000532857726834
1473 0.000515224958237
1474 0.000501142130294
1475 0.000482528230273
1476 0.000450385248952
1477 0.000405907505595
1478 0.000357876799046
1479 0.000315377637225
1480 0.000281812838429
1481 0.000256770175569
1482 0.000238185177919
1483 0.000223905258375
1484 0.000212368724016
1485 0.000202308228067
1486 0.000193075324205
1487 0.000184275686684
1488 0.000175765442701
1489 0.000167389895977
1490 0.000159067299724
1491 0.000150897052172
1492 0.000142899310815
1493 0.000135111341995
1494 0.000127565758414
1495 0.00012033217742
1496 0.000113408018357
1497 0.000106821375549
1498 0.000100541837813
1499 9.45726596729e-05
1500 0.0178411587967
1501 0.00238676145592
1502 -0.00531192161665
1503 -0.00571753955042
1504 -0.00413470808757
1505 -0.0023680100012
1506 -0.0010302659241
1507 -0.00015457409254
1508 0.000367461926777
1509 0.000697832365823
1510 0.000883955412729
1511 0.000965174201608
1512 0.000998023539869
1513 0.000996564044447
1514 0.000975405078122
1515 0.000939604071998
1516 0.000894070764763
1517 0.000846131957476
1518 0.000797768162989
1519 0.000750386570963
1520 0.000701177222495
1521 0.000656140088626
1522 0.000617672293334
1523 0.000588209403043
1524 0.000565689850234
1525 0.000541132706941
1526 0.000503142860934
1527 0.00045153190057
1528 0.000395826741826
1529 0.000346464481076
1530 0.000307442648266
1531 0.000278451734482
1532 0.000257037533347
1533 0.000240739830198
1534 0.000227678876016
1535 0.000216434377874
1536 0.000206200626495
1537 0.000196533619441
1538 0.000187226718016
1539 0.000178118966236
1540 0.000169134043169
1541 0.000160339672177
1542 0.000151752653561
1543 0.000143401895224
1544 0.000135334749675
1545 0.00012760996557
1546 0.000120234101013
1547 0.000113219800009
1548 0.000106541492153
1549 0.000100196249373
1550 0.0134091410083
1551 -0.00349826337
1552 -0.00611030675987
1553 -0.0035062116272
1554 -0.00122262666566
1555 0.000381648122731
1556 0.00120293932609
1557 0.00156702859627
1558 0.0016934863781
1559 0.00171073598137
1560 0.00166141074448
1561 0.00156963312734
1562 0.00147122315593
1563 0.0013702783559
1564 0.00127303126473
1565 0.00117801237432
1566 0.0010874905566
1567 0.00100406693476
1568 0.000927305281678
1569 0.000857116371889
1570 0.000790490479199
1571 0.000731323030237
1572 0.00068113137276
1573 0.000642402973723
1574 0.000613486742834
1575 0.000584466822138
1576 0.000542335917227
1577 0.000485569465166
1578 0.000424229640317
1579 0.000369673940865
1580 0.000326502274099
1581 0.000294522409943
1582 0.000271009391319
1583 0.00025321678347
1584 0.000239047080719
1585 0.00022693562837
1586 0.000215989478587
1587 0.000205709699793
1588 0.000195838679325
1589 0.000186216146546
1590 0.000176767505198
1591 0.000167535947892
1592 0.000158530846717
1593 0.000149780364993
1594 0.000141343741665
1595 0.000133265146948
1596 0.000125566587277
1597 0.000118240999025
1598 0.000111269869785
1599 0.000104647614862
1600 0.00282659115586
1601 -0.00613782396922
1602 -0.00112617313707
1603 0.00186555020419
1604 0.00292221393447
1605 0.00331675853993
1606 0.00322908827188
1607 0.00297845629616
1608 0.00271214895576
1609 0.0024485495547
1610 0.00220535467889
1611 0.00198260727579
1612 0.00178728135318
1613 0.00161523386024
1614 0.00146361473981
1615 0.00132828024871
1616 0.00120828583182
1617 0.00110187203052
1618 0.00100669030105
1619 0.000921736209409
1620 0.000844643082516
1621 0.000776804719552
1622 0.000719289720155
1623 0.000674725517233
1624 0.000641823621391
1625 0.000610141321629
1626 0.000565649059557
1627 0.000505898861033
1628 0.0004412997354
1629 0.000383677917688
1630 0.000338086610774
1631 0.000304344911057
1632 0.000279607894316
1633 0.000260970558858
1634 0.000246175573196
1635 0.000233585697356
1636 0.000222252852292
1637 0.000211645730006
1638 0.000201473557952
1639 0.000191567288481
1640 0.00018187088742
1641 0.000172404042351
1642 0.000163166814895
1643 0.000154182333937
1644 0.000145531343585
1645 0.000137243240686
1646 0.000129351983763
1647 0.000121833416821
1648 0.000114677602661
1649 0.000107872492918
1650 -0.00310626342879
1651 0.000382352108564
1652 0.00438023729871
1653 0.0052426434978
1654 0.00502570584421
1655 0.0045112728379
1656 0.00395560368868
1657 0.00344983548618
1658 0.00304111946361
1659 0.00267653477272
1660 0.0023673367347
1661 0.00210567211205
1662 0.00188010033889
1663 0.00168609147316
1664 0.00151729817767
1665 0.00136948882087
1666 0.00124120368141
1667 0.00112812701339
1668 0.00102747289742
1669 0.000937909738916
1670 0.000858459794016
1671 0.000788496198309
1672 0.000728969635399
1673 0.000682848854847
1674 0.000649060569303
1675 0.000616841353564
1676 0.000571884152109
1677 0.000511424146486
1678 0.000446071946268
1679 0.000387756013499
1680 0.00034162475712
1681 0.000307508856289
1682 0.000282531709404
1683 0.000263764124534
1684 0.000248873276549
1685 0.000236224545246
1686 0.000224855395365
1687 0.000214229914293
1688 0.000204000124288
1689 0.000194047751689
1690 0.000184326821471
1691 0.00017482373728
1692 0.000165541901524
1693 0.000156506455893
1694 0.000147803843479
1695 0.00013945916435
1696 0.000131512785081
1697 0.000123930798573
1698 0.000116712452056
1699 0.000109837859525
1700 0.00214901828149
1701 -0.00343378825363
1702 -0.000574569509692
1703 0.001722853515
1704 0.00283112653307
1705 0.00299265083047
1706 0.00292279751011
1707 0.00274532683559
1708 0.0025457947612
1709 0.00231767806579
1710 0.00210104075781
1711 0.00190942098998
1712 0.00173022653694
1713 0.001569569645
1714 0.00142454531886
1715 0.00129502767565
1716 0.00118153349533
1717 0.00107953207783
1718 0.000987232378909
1719 0.000903949677719
1720 0.000830806975324
1721 0.000765613197704
1722 0.000709663163239
1723 0.0006663974637
1724 0.000634929435756
1725 0.000604354600611
1726 0.000560830278978
1727 0.000501926520355
1728 0.000438389092619
1729 0.00038176213802
1730 0.000337015979643
1731 0.000303940746472
1732 0.000279726303711
1733 0.000261553604091
1734 0.000247108843443
1735 0.000234829511578
1736 0.000223778504838
1737 0.000213416030599
1738 0.000203416667843
1739 0.000193668449581
1740 0.000184149033394
1741 0.00017482228182
1742 0.000165685463308
1743 0.000156776135812
1744 0.000148187158401
1745 0.000139938825153
1746 0.000132077745191
1747 0.000124555684507
1748 0.000117380731677
1749 0.000110543831091
1750 0.0159499405355
1751 -0.00509120936228
1752 -0.00721716831955
1753 -0.00432170532172
1754 -0.00167549109967
1755 -0.000184654676845
1756 0.000689227643156
1757 0.00116534443055
1758 0.00140024478607
1759 0.00147572884571
1760 0.00147045122865
1761 0.00143303996654
1762 0.00136388844261
1763 0.00128387011194
1764 0.00119798361677
1765 0.00111362271647
1766 0.00103540576715
1767 0.000960426960484
1768 0.000889209870159
1769 0.000822239775875
1770 0.00076329205406
1771 0.000709344151279
1772 0.000662265648937
1773 0.00062601175345
1774 0.000599866347453
1775 0.000572934421498
1776 0.000532725189333
1777 0.000477622110878
1778 0.000418434487274
1779 0.000365822413343
1780 0.000324335806722
1781 0.000293676491469
1782 0.000271235516174
1783 0.000254357115145
1784 0.000240867876887
1785 0.000229367802058
1786 0.000218982310736
1787 0.000209206718227
1788 0.00019970994767
1789 0.000190411947145
1790 0.000181326099889
1791 0.000172382435676
1792 0.000163582910203
1793 0.000154975176587
1794 0.000146660017531
1795 0.0001386548052
1796 0.000131016106206
1797 0.000123685180855
1798 0.000116683841344
1799 0.000109992350872
1800 0.0192982661716
1801 0.00351124645562
1802 -0.00525529834484
1803 -0.00619433439256
1804 -0.00462608720494
1805 -0.00289828972922
1806 -0.00154551787682
1807 -0.000592894201019
1808 2.76928099252e-05
1809 0.000413219519764
1810 0.000644510114861
1811 0.000788153498389
1812 0.00085588971646
1813 0.000879857836666
1814 0.00087334277951
1815 0.000850948272329
1816 0.000821504801861
1817 0.000784555424645
1818 0.000743575746598
1819 0.000700560794138
1820 0.000661857820501
1821 0.000624231417062
1822 0.000590147922251
1823 0.00056422194041
1824 0.000545737037373
1825 0.000524349403985
1826 0.000489258662656
1827 0.000440149953522
1828 0.000387611852616
1829 0.000341032679828
1830 0.000304407068031
1831 0.000277339590826
1832 0.000257499696782
1833 0.00024254592879
1834 0.000230505009138
1835 0.000220171362802
1836 0.000210757225595
1837 0.000201834944637
1838 0.000193082979609
1839 0.000184459786556
1840 0.000175977183945
1841 0.000167608156389
1842 0.000159323983656
1843 0.00015118708569
1844 0.00014330664847
1845 0.000135690014451
1846 0.000128405318271
1847 0.000121384698109
1848 0.000114662013245
1849 0.000108217222799
1850 0.0170931334138
1851 0.0080271809968
1852 -0.000664758408791
1853 -0.0044166621956
1854 -0.00493074886906
1855 -0.00407421024994
1856 -0.0029630499505
1857 -0.00195696201362
1858 -0.00117748636553
1859 -0.000602973596244
1860 -0.000195023208748
1861 9.87391659894e-05
1862 0.000292600364391
1863 0.000418654059517
1864 0.00049468578284
1865 0.000538856060556
1866 0.000563058444689
1867 0.000569550593108
1868 0.000563798200119
1869 0.000549279268335
1870 0.000534452226391
1871 0.000516412444647
1872 0.000498376107038
1873 0.000484909783711
1874 0.000475524230982
1875 0.000460993824668
1876 0.000432641920091
1877 0.000391486652889
1878 0.000347549795672
1879 0.000308651183525
1880 0.000278147468743
1881 0.000255591356087
1882 0.000239020618997
1883 0.000226487401253
1884 0.000216294243382
1885 0.000207453063814
1886 0.000199284782687
1887 0.000191452477024
1888 0.000183668612057
1889 0.000175928606628
1890 0.000168282831436
1891 0.000160670126158
1892 0.000153067261048
1893 0.000145551777979
1894 0.000138241708836
1895 0.000131145456713
1896 0.000124336175484
1897 0.000117738289697
1898 0.000111400713822
1899 0.000105302933119
1900 0.0143990965731
1901 0.0091866031998
1902 0.00260656709884
1903 -0.0017398274805
1904 -0.00364159620478
1905 -0.00387259123976
1906 -0.0033922557762
1907 -0.00267712124062
1908 -0.00198279529155
1909 -0.00138299520912
1910 -0.00090298955585
1911 -0.000524696387768
1912 -0.000244210397174
1913 -3.87655807218e-05
1914 0.000107258631442
1915 0.000211364466415
1916 0.000285982656126
1917 0.00033486758302
1918 0.000364665464544
1919 0.000379660745163
1920 0.00038982195271
1921 0.000392594757655
1922 0.00039170727982
1923 0.000391697372007
1924 0.000392456074443
1925 0.000385863496845
1926 0.000365833136146
1927 0.00033434390353
1928 0.000300453575723
1929 0.000270371548053
1930 0.000246791458856
1931 0.00022935004702
1932 0.000216521686137
1933 0.000206773225005
1934 0.000198719527697
1935 0.000191612462975
1936 0.000184915107649
1937 0.000178413208371
1938 0.000171796011657
1939 0.0001651157533
1940 0.000158445893021
1941 0.000151713349699
1942 0.000144935468075
1943 0.000138179433883
1944 0.000131565111479
1945 0.000125100000466
1946 0.000118875548079
1947 0.000112802939355
1948 0.000106943619102
1949 0.00010127151352
1950 0.0120961229529
1951 0.00895195787868
1952 0.00429868420773
1953 0.00043427263716
1954 -0.00195542537461
1955 -0.00294398645131
1956 -0.00309248378265
1957 -0.00279809615428
1958 -0.0023390649008
1959 -0.00184582938924
1960 -0.00139501128219
1961 -0.00100490577505
1962 -0.00068908588287
1963 -0.000439253720094
1964 -0.000246467802691
1965 -9.78438397992e-05
1966 1.65281288261e-05
1967 0.000101327622387
1968 0.000162584360656
1969 0.000204849804677
1970 0.000238384088268
1971 0.00026099847785
1972 0.000276681336627
1973 0.000289675769096
1974 0.000300303866698
1975 0.000302226436762
1976 0.000291674886975
1977 0.000271143894812
1978 0.000248239744927
1979 0.00022765209445
1980 0.000211416477855
1981 0.000199400675233
1982 0.000190480649006
1983 0.00018374038315
1984 0.000178036475216
1985 0.000172873599771
1986 0.000167865217548
1987 0.000162855294931
1988 0.000157561683822
1989 0.00015209492682
1990 0.000146575541146
1991 0.000140909815406
1992 0.000135092637955
1993 0.000129224433953
1994 0.000123430764861
1995 0.000117711363517
1996 0.000112159410983
1997 0.000106696717724
1998 0.000101401799854
1999 9.62515190418e-05
2000 0.0102260912601
2001 0.00823859867198
2002 0.00498374725072
2003 0.00186945161399
2004 -0.000468877348215
2005 -0.00181768152464
2006 -0.00241329652941
2007 -0.00250884713259
2008 -0.00232768457039
2009 -0.00201154304906
2010 -0.00165985623446
2011 -0.0013180222338
2012 -0.00101399477351
2013 -0.000755468094229
2014 -0.000542261385638
2015 -0.000368125948931
2016 -0.00022736301611
2017 -0.000116344629904
2018 -3.03711973781e-05
2019 3.45654223756e-05
2020 8.78690863137e-05
2021 0.00012775314605
2022 0.000158040187191
2023 0.000182685557791
2024 0.000202891199217
2025 0.00021420865311
2026 0.000214394264015
2027 0.000205619330966
2028 0.000193784779815
2029 0.000182572542692
2030 0.000173551600865
2031 0.000166919939744
2032 0.00016205516619
2033 0.000158373967033
2034 0.00015509076269
2035 0.000151961719093
2036 0.000148704749378
2037 0.000145269961596
2038 0.000141414360551
2039 0.000137269516158
2040 0.000132986650459
2041 0.000128457296842
2042 0.000123692680322
2043 0.000118809955654
2044 0.00011393406832
2045 0.00010905619256
2046 0.000104277159544
2047 9.95130036157e-05
2048 9.48540367471e-05
2049 9.0282150057e-05
2050 0.00872205794284
2051 0.00741258997241
2052 0.00511269307376
2053 0.0026953369591
2054 0.000636649723882
2055 -0.000788658407756
2056 -0.00162686670707
2057 -0.00200583020935
2058 -0.00207085930164
2059 -0.00194462118123
2060 -0.00172403787382
2061 -0.00146733163457
2062 -0.00121069619871
2063 -0.000973724077562
2064 -0.000764774637799
2065 -0.000584567209949
2066 -0.000432258216929
2067 -0.000306183530024
2068 -0.00020393454584
2069 -0.00012260923225
2070 -5.44215152783e-05
2071 -1.20387030806e-06
2072 4.05673356407e-05
2073 7.49602062382e-05
2074 0.000104210879693
2075 0.000125357075715
2076 0.000136816167822
2077 0.000139874274807
2078 0.000138890944312
2079 0.000136545542153
2080 0.000134343970981
2081 0.000132789043464
2082 0.000131782537601
2083 0.000131087555307
2084 0.000130212269682
2085 0.00012916216846
2086 0.000127775603023
2087 0.000126025431273
2088 0.00012369929303
2089 0.000120961696641
2090 0.000117981117266
2091 0.000114675531438
2092 0.000111049507137
2093 0.000107214060826
2094 0.000103275075888
2095 9.92912010089e-05
2096 9.53478010494e-05
2097 9.13504689398e-05
2098 8.73885825082e-05
2099 8.34538368613e-05
2100 0.0075075383749
2101 0.00661295311679
2102 0.00495912801485
2103 0.0031040255733
2104 0.00137978200486
2105 3.28574877127e-05
2106 -0.000891764335623
2107 -0.00143938841275
2108 -0.00168682403933
2109 -0.00172626841698
2110 -0.00163754785277
2111 -0.00147969985631
2112 -0.00128949339228
2113 -0.0010941474007
2114 -0.000908241943805
2115 -0.000738396281433
2116 -0.000588100213369
2117 -0.000458543685069
2118 -0.000349024430409
2119 -0.000258624355656
2120 -0.00018184209785
2121 -0.000120330650546
2122 -7.07563811863e-05
2123 -2.85135145567e-05
2124 9.43113469125e-06
2125 4.06637012208e-05
2126 6.31405096112e-05
2127 7.7128545608e-05
2128 8.5694755204e-05
2129 9.108283818e-05
2130 9.48702421112e-05
2131 9.78491030288e-05
2132 0.000100402326758
2133 0.000102537173064
2134 0.000104051497882
2135 0.00010505441217
2136 0.00010550022187
2137 0.000105419046747
2138 0.000104622243638
2139 0.000103328943486
2140 0.000101726000353
2141 9.97194848628e-05
2142 9.72897382396e-05
2143 9.45817528827e-05
2144 9.17091667702e-05
2145 8.86835208068e-05
2146 8.55984632159e-05
2147 8.2380225198e-05
2148 7.91552498573e-05
2149 7.58990515709e-05
2150 0.00651991754785
2151 0.00588822114369
2152 0.00467541469979
2153 0.00325001012737
2154 0.00183893590241
2155 0.000636993186795
2156 -0.000276006277789
2157 -0.000900218511873
2158 -0.00126376084511
2159 -0.0014293705467
2160 -0.00145468177757
2161 -0.00139195996954
2162 -0.00127432425779
2163 -0.00113116937565
2164 -0.000980259702907
2165 -0.00083260696289
2166 -0.000695139110962
2167 -0.000570906844185
2168 -0.000462258863606
2169 -0.000369967085795
2170 -0.000290795796035
2171 -0.000226065254808
2172 -0.000171980308753
2173 -0.000123192235668
2174 -7.6741850584e-05
2175 -3.57855468917e-05
2176 -3.35920538429e-06
2177 1.98932890563e-05
2178 3.63455424355e-05
2179 4.79932745305e-05
2180 5.66870903001e-05
2181 6.34574139572e-05
2182 6.90532945882e-05
2183 7.37247973922e-05
2184 7.74217429743e-05
2185 8.03793430116e-05
2186 8.26153593397e-05
2187 8.41913796103e-05
2188 8.4943519793e-05
2189 8.51038386892e-05
2190 8.48611170742e-05
2191 8.4132003646e-05
2192 8.28880932762e-05
2193 8.12424230941e-05
2194 7.93763505868e-05
2195 7.73252497631e-05
2196 7.51614864143e-05
2197 7.27955841577e-05
2198 7.03517340649e-05
2199 6.78061369357e-05
2200 0.00570762673706
2201 0.00524897251249
2202 0.00434278645458
2203 0.00324030285585
2204 0.00209586121031
2205 0.00105594823736
2206 0.000205814503555
2207 -0.000432509973054
2208 -0.000857387761574
2209 -0.00110781124748
2210 -0.00122152518937
2211 -0.00124038862032
2212 -0.00119145945988
2213 -0.00110252934513
2214 -0.000992081073296
2215 -0.000873743971185
2216 -0.000756447578443
2217 -0.000645233738664
2218 -0.000544467620762
2219 -0.00045680592514
2220 -0.00038090275889
2221 -0.00031710708454
2222 -0.000260426571882
2223 -0.000205552004945
2224 -0.000150966568618
2225 -0.000101471246714
2226 -6.12359430661e-05
2227 -3.1072680338e-05
2228 -8.80704913132e-06
2229 7.54338506706e-06
2230 2.00553160067e-05
2231 2.99241766368e-05
2232 3.81082263601e-05
2233 4.49942333099e-05
2234 5.0664234055e-05
2235 5.5416455194e-05
2236 5.9328128005e-05
2237 6.24762053216e-05
2238 6.47093934695e-05
2239 6.62601269996e-05
2240 6.7320969696e-05
2241 6.78710108664e-05
2242 6.78477129307e-05
2243 6.73881776164e-05
2244 6.66248413325e-05
2245 6.55611805523e-05
2246 6.42901611317e-05
2247 6.2735701097e-05
2248 6.10727881686e-05
2249 5.92458467231e-05
2250 0.00502865047475
2251 0.00468861753473
2252 0.0040007123794
2253 0.00314118397024
2254 0.00221608963543
2255 0.00133131492369
2256 0.000566709580586
2257 -4.78849797795e-05
2258 -0.000494309811856
2259 -0.000794890195664
2260 -0.000971124186922
2261 -0.0010542836727
2262 -0.00106472547197
2263 -0.00102653432267
2264 -0.000957275475622
2265 -0.000871192208212
2266 -0.000778457737851
2267 -0.000685448204097
2268 -0.000598158633681
2269 -0.00052066079772
2270 -0.000452477264407
2271 -0.000391977941269
2272 -0.000333205056634
2273 -0.000272306554087
2274 -0.00021077256621
2275 -0.000155048231709
2276 -0.000109511365863
2277 -7.49029119614e-05
2278 -4.89464814051e-05
2279 -2.95290388504e-05
2280 -1.43619054319e-05
2281 -2.16796631393e-06
2282 8.05673946643e-06
2283 1.67978172623e-05
2284 2.41990339799e-05
2285 3.05738418926e-05
2286 3.60298724997e-05
2287 4.06384340474e-05
2288 4.42902421996e-05
2289 4.72418758622e-05
2290 4.96374170683e-05
2291 5.14278777593e-05
2292 5.25731813049e-05
2293 5.32169985674e-05
2294 5.3487946962e-05
2295 5.33971436428e-05
2296 5.30224697406e-05
2297 5.23240284339e-05
2298 5.144298589e-05
2299 5.03422462233e-05
2300 0.00445676807039
2301 0.00420034926825
2302 0.0036701749806
2303 0.00299360432948
2304 0.00224503226225
2305 0.00149930361592
2306 0.000825963153235
2307 0.000255509877672
2308 -0.000185779282464
2309 -0.000509546195146
2310 -0.000725590260148
2311 -0.000855647723939
2312 -0.000913847280085
2313 -0.000919731739472
2314 -0.000888865530788
2315 -0.000835100036816
2316 -0.000768839158636
2317 -0.000697422739698
2318 -0.000627817423996
2319 -0.000564448129743
2320 -0.000506231190682
2321 -0.000449180601264
2322 -0.000387733125947
2323 -0.000321367416409
2324 -0.000255070288132
2325 -0.000196103518307
2326 -0.000148445796087
2327 -0.000111986046129
2328 -8.42929553693e-05
2329 -6.30786828699e-05
2330 -4.61904810936e-05
2331 -3.23461107768e-05
2332 -2.05290528616e-05
2333 -1.02617724584e-05
2334 -1.39477301684e-06
2335 6.39079373059e-06
2336 1.32136540449e-05
2337 1.91769913094e-05
2338 2.41263360165e-05
2339 2.83357485627e-05
2340 3.19518126147e-05
2341 3.49183388261e-05
2342 3.71823357472e-05
2343 3.88896062347e-05
2344 4.01571996548e-05
2345 4.10074968355e-05
2346 4.15339762937e-05
2347 4.16899275885e-05
2348 4.1565914388e-05
2349 4.1185297312e-05
2350 0.00396864774296
2351 0.00377239895046
2352 0.00335871345326
2353 0.00282232563916
2354 0.00221466485223
2355 0.00158907829631
2356 0.00100393299238
2357 0.000487084120845
2358 6.73550407657e-05
2359 -0.000260619997014
2360 -0.000498067980465
2361 -0.00065936498045
2362 -0.000753669582633
2363 -0.000795631109967
2364 -0.000798399830918
2365 -0.000774919044511
2366 -0.00073529399211
2367 -0.000687431210322
2368 -0.000638080481708
2369 -0.000590370643686
2370 -0.000541508648109
2371 -0.000486225682047
2372 -0.000421639167598
2373 -0.000351728258934
2374 -0.000283925876842
2375 -0.00022530826483
2376 -0.000178382215774
2377 -0.000142370503382
2378 -0.000114643583373
2379 -9.28899929576e-05
2380 -7.51738026197e-05
2381 -6.03020866276e-05
2382 -4.73772408561e-05
2383 -3.59519977256e-05
2384 -2.5888548349e-05
2385 -1.68843427069e-05
2386 -8.82573963457e-06
2387 -1.64493673148e-06
2388 4.51403564988e-06
2389 9.87657305563e-06
2390 1.45906453326e-05
2391 1.86249884458e-05
2392 2.1937462364e-05
2393 2.46467780017e-05
2394 2.68394246636e-05
2395 2.8588988433e-05
2396 2.99619025283e-05
2397 3.09117465249e-05
2398 3.1537944854e-05
2399 3.18647058953e-05
2400 0.00355017604606
2401 0.00339783963504
2402 0.0030710527259
2403 0.00264199922757
2404 0.00214693841441
2405 0.00162293022076
2406 0.00111841908849
2407 0.000657375739717
2408 0.000268288353354
2409 -5.07690415846e-05
2410 -0.000295734587525
2411 -0.000475642164406
2412 -0.000595149851975
2413 -0.000665084962779
2414 -0.000696322218156
2415 -0.0007001059365
2416 -0.000686358200334
2417 -0.000662198638124
2418 -0.000632972133005
2419 -0.000599025791647
2420 -0.000556396871331
2421 -0.000500967400766
2422 -0.00043438276266
2423 -0.000364445471347
2424 -0.000299246308118
2425 -0.000244281943322
2426 -0.000200589929294
2427 -0.000166741796874
2428 -0.000140185115392
2429 -0.000118833597134
2430 -0.000101044725592
2431 -8.57070335192e-05
2432 -7.20874241997e-05
2433 -5.98474746705e-05
2434 -4.88804794862e-05
2435 -3.89078301325e-05
2436 -2.98501343173e-05
2437 -2.16451675868e-05
2438 -1.4449922252e-05
2439 -8.0637118862e-06
2440 -2.31582016549e-06
2441 2.733434662e-06
2442 7.00234321596e-06
2443 1.06242440154e-05
2444 1.37160473319e-05
2445 1.6310673737e-05
2446 1.8481439169e-05
2447 2.01967431471e-05
2448 2.1549302813e-05
2449 2.25367984246e-05
2450 0.00319038525434
2451 0.00307092448165
2452 0.00280955840802
2453 0.00246317618867
2454 0.00205728914859
2455 0.00161767649881
2456 0.00118423824536
2457 0.000777079588619
2458 0.00042248692228
2459 0.000120369193129
2460 -0.000122170827293
2461 -0.000310308063136
2462 -0.000445978078347
2463 -0.000536397538576
2464 -0.000590610430773
2465 -0.00061864407512
2466 -0.000628621939159
2467 -0.000626460894288
2468 -0.000614170381793
2469 -0.000589432172325
2470 -0.000549498847235
2471 -0.000493758513866
2472 -0.000428357404306
2473 -0.000362735052789
2474 -0.000303840809754
2475 -0.000255107859762
2476 -0.000216359944103
2477 -0.000185861138035
2478 -0.000161361289297
2479 -0.00014108668233
2480 -0.000123663095181
2481 -0.000108299050113
2482 -9.43465260215e-05
2483 -8.15937062243e-05
2484 -6.99772646654e-05
2485 -5.92870460843e-05
2486 -4.94774356394e-05
2487 -4.04313883963e-05
2488 -3.23438032062e-05
2489 -2.50608064798e-05
2490 -1.84390324696e-05
2491 -1.25254991403e-05
2492 -7.4052113253e-06
2493 -2.93626255028e-06
2494 9.72231769093e-07
2495 4.34388176434e-06
2496 7.25315832257e-06
2497 9.67359510303e-06
2498 1.17005141706e-05
2499 1.3332520608e-05
