0 0.0256711361723
1 0.0180636095488
2 0.00738722808646
3 -0.000939871597168
4 -0.00549299502097
5 -0.00710569451882
6 -0.00692700203852
7 -0.00593546447602
8 -0.00474253332952
9 -0.00360051216131
10 -0.00261646366025
11 -0.00182320168931
12 -0.00119987409309
13 -0.000720454437319
14 -0.000357724958107
15 -8.57926820543e-05
16 0.000112770720056
17 0.000256760968625
18 0.000360356050663
19 0.000431867051485
20 0.000479037788358
21 0.000511260631247
22 0.000537741956531
23 0.00056233912565
24 0.000578362845673
25 0.000572924568645
26 0.000541096508541
27 0.00049405444022
28 0.000446249751215
29 0.000407167924277
30 0.000379037518768
31 0.000360062539386
32 0.000347419000682
33 0.000338494293536
34 0.000331480059828
35 0.00032511336856
36 0.000318691446505
37 0.00031193357152
38 0.000304685830914
39 0.000296884987281
40 0.000288567332032
41 0.000279847628022
42 0.00027083270224
43 0.000261719984831
44 0.000252595027535
45 0.000243536552197
46 0.000234590370361
47 0.000225782724547
48 0.000217145088062
49 0.000208677418532
50 0.0263673833962
51 0.0169860948669
52 0.00543818591443
53 -0.00216367800991
54 -0.00563154655339
55 -0.00653393851677
56 -0.00610076797513
57 -0.00513478989025
58 -0.00408080962338
59 -0.00309635467121
60 -0.00225199357453
61 -0.00156823787315
62 -0.00102684953343
63 -0.000606179650318
64 -0.000284737297805
65 -4.162659931e-05
66 0.000137550132033
67 0.000268660260038
68 0.000363429283073
69 0.000429129615119
70 0.00047257015116
71 0.000502319144918
72 0.000526609720584
73 0.000549828383298
74 0.000566018972737
75 0.000562228447596
76 0.000532592481302
77 0.000487114351115
78 0.000440136849996
79 0.0004014971134
80 0.000373632761456
81 0.000354884871775
82 0.000342475135901
83 0.000333816172782
84 0.00032706230525
85 0.000320969539695
86 0.000314804745524
87 0.000308296026515
88 0.000301285406454
89 0.000293712651456
90 0.000285607312432
91 0.000277088599523
92 0.000268279654883
93 0.000259350320908
94 0.000250394585075
95 0.000241495221098
96 0.000232693402078
97 0.000224021104411
98 0.000215510684787
99 0.000207162252434
100 0.0277596143968
101 0.013274387726
102 0.000697248350599
103 -0.00418939309248
104 -0.00513733297327
105 -0.00478009017355
106 -0.00407109929742
107 -0.0033136801732
108 -0.00262040697033
109 -0.00199722051959
110 -0.00145869567744
111 -0.00101146500305
112 -0.000644967796297
113 -0.000350579128831
114 -0.000118482669758
115 6.21776466787e-05
116 0.000198547357748
117 0.000300415756591
118 0.00037530817323
119 0.000427717893491
120 0.000462119184163
121 0.000485251951604
122 0.000504363658809
123 0.000524486985773
124 0.000541114001461
125 0.000541008600385
126 0.000515785432148
127 0.000473283582801
128 0.000427738179571
129 0.000389716179659
130 0.000362232064951
131 0.000343883186017
132 0.000331934876468
133 0.000323791920194
134 0.000317577747647
135 0.000312032693934
136 0.000306408924667
137 0.000300424941063
138 0.000293921736251
139 0.000286837383357
140 0.00027919402639
141 0.000271116332185
142 0.000262730459361
143 0.000254194068755
144 0.000245605502432
145 0.000237048168078
146 0.000228562312734
147 0.000220185843511
148 0.000211950862602
149 0.000203855468837
150 0.0273437571429
151 0.00382375044616
152 -0.00470515134724
153 -0.00377098121621
154 -0.0021541107434
155 -0.00129747570863
156 -0.000953629271535
157 -0.00081423060749
158 -0.00071960840959
159 -0.000604137653329
160 -0.000465950514205
161 -0.000318519403991
162 -0.000171552708919
163 -3.53665061099e-05
164 8.45653256066e-05
165 0.000186432962632
166 0.0002685831481
167 0.000333300328149
168 0.000382799534444
169 0.000418040444613
170 0.000440551043063
171 0.000454890722949
172 0.000467679003141
173 0.000485037604985
174 0.000503647375626
175 0.00050912772393
176 0.000489903545971
177 0.000451444174901
178 0.000408003075482
179 0.00037105952179
180 0.000344336388536
181 0.000326737155392
182 0.000315585073939
183 0.000308282857947
184 0.000302926550343
185 0.000298234764259
186 0.000293448684647
187 0.000288273933881
188 0.000282552390506
189 0.000276219520409
190 0.000269286326086
191 0.000261888310293
192 0.000254150828206
193 0.000246219676506
194 0.000238196462435
195 0.000230165451978
196 0.000222167659639
197 0.000214247374549
198 0.000206437243011
199 0.000198734304189
200 0.0124265263167
201 -0.00771088832826
202 -0.000880053392014
203 0.00308980880786
204 0.00378364175834
205 0.0032343771877
206 0.00241217878936
207 0.00165234339307
208 0.00108155387318
209 0.000693156868864
210 0.000452938233909
211 0.000321682015723
212 0.000264143915045
213 0.000251781357245
214 0.000265289900805
215 0.0002914641914
216 0.000321146286559
217 0.000349610536835
218 0.000374036948908
219 0.000391987948135
220 0.000402151319282
221 0.000407589522318
222 0.000415288318049
223 0.00043237629929
224 0.000455372450967
225 0.00046777560507
226 0.000455158510174
227 0.000421261379882
228 0.000380545562169
229 0.000345316896068
230 0.000319926490696
231 0.000303562645512
232 0.000293618641044
233 0.0002875196828
234 0.000283346428309
235 0.000279810621913
236 0.000276145970442
237 0.000272049883437
238 0.000267368720599
239 0.000262034098005
240 0.000256047214549
241 0.000249552928975
242 0.000242674759087
243 0.00023554785332
244 0.000228277030203
245 0.000220946068629
246 0.000213599011592
247 0.000206287121088
248 0.000199042865237
249 0.000191865529186
250 0.0108255305968
251 0.0145049975908
252 0.0138712970805
253 0.011038116274
254 0.00841940781924
255 0.00621106413323
256 0.00447908157908
257 0.00314870789977
258 0.00218924925355
259 0.0015073181521
260 0.00104008644711
261 0.000734891481177
262 0.000543829302404
263 0.000430712257568
264 0.000369409419669
265 0.000340917274717
266 0.000331970551158
267 0.000333322315718
268 0.000338421639812
269 0.000342489284294
270 0.000342470762698
271 0.000341686305708
272 0.000348258677651
273 0.000369208745297
274 0.000398983402935
275 0.000418644097698
276 0.000412255121411
277 0.000382967759766
278 0.000345539841001
279 0.000312817405547
280 0.000289495870519
281 0.000274944819957
282 0.000266666681561
283 0.000262134259184
284 0.000259457702317
285 0.000257346727881
286 0.000255055638545
287 0.000252268064967
288 0.000248847613633
289 0.000244726626877
290 0.000239885368606
291 0.000234481978458
292 0.000228643140061
293 0.000222491209741
294 0.000216134504319
295 0.000209655395968
296 0.000203097089066
297 0.000196522627951
298 0.000189966191662
299 0.000183428865134
300 -0.00375696711359
301 -0.00249173842168
302 0.00609880029186
303 0.00751088328988
304 0.00675940146085
305 0.0054874729545
306 0.00422819128647
307 0.0031397592646
308 0.00228804027592
309 0.00163562358225
310 0.00115812041051
311 0.00082526833918
312 0.000600142112845
313 0.000453976934277
314 0.000364210512986
315 0.000312848277314
316 0.000286688750635
317 0.000275361134024
318 0.000270588561921
319 0.000266863211525
320 0.000261789936223
321 0.000260373139437
322 0.000271703951945
323 0.000300510286204
324 0.000338311475439
325 0.00036434882321
326 0.000363111435869
327 0.000338242731269
328 0.000304737781084
329 0.000275368128485
330 0.000254876213747
331 0.000242732469109
332 0.000236522851354
333 0.000233834505778
334 0.00023286096741
335 0.000232362960507
336 0.000231607823299
337 0.00023027164276
338 0.000228204143547
339 0.000225421770897
340 0.00022187545622
341 0.00021767088221
342 0.000212968209823
343 0.000207897195329
344 0.000202555934708
345 0.000197024581555
346 0.000191349658035
347 0.000185595774906
348 0.000179804847731
349 0.000173975868104
350 0.0197597982724
351 -0.0059897801852
352 -0.00549538556533
353 -0.000801947532708
354 0.00163292888583
355 0.00239989539053
356 0.00236769100694
357 0.00202600894019
358 0.00161303120148
359 0.00121793191421
360 0.000891398957109
361 0.000644650596713
362 0.000464141753769
363 0.000340868321186
364 0.000261759180431
365 0.000215439417677
366 0.000191051996211
367 0.000179756009702
368 0.000173493064892
369 0.000168023144582
370 0.000164263340721
371 0.000168963203164
372 0.000190571458225
373 0.000229613474897
374 0.000275149026461
375 0.000306075310381
376 0.000308824670194
377 0.000288229200818
378 0.0002592420325
379 0.000233977201901
380 0.000217015754182
381 0.00020779619965
382 0.000204011404333
383 0.000203396974579
384 0.000204271483141
385 0.000205491783419
386 0.000206387496058
387 0.000206606774546
388 0.000206014415685
389 0.00020463738971
390 0.000202441342462
391 0.00019955000837
392 0.000196053217878
393 0.000192118034799
394 0.000187856859417
395 0.00018334345936
396 0.000178615142452
397 0.000173750954977
398 0.000168776996161
399 0.000163715122391
400 0.0241802937248
401 0.00466096139808
402 -0.00482204015999
403 -0.00456340266966
404 -0.00241731273883
405 -0.00079003117409
406 7.75329643958e-05
407 0.00044436837794
408 0.000526208080911
409 0.00046911808958
410 0.000367120845227
411 0.000268505361342
412 0.000182044026
413 0.000119547381629
414 7.90693977709e-05
415 5.76212314102e-05
416 4.97992462965e-05
417 4.79527150486e-05
418 4.69908370189e-05
419 4.62653968959e-05
420 5.11543084103e-05
421 6.92962006622e-05
422 0.000105321890709
423 0.000155503205017
424 0.000207401784798
425 0.0002416153475
426 0.000247553756001
427 0.000231476213234
428 0.000207780529393
429 0.000187581509538
430 0.000174839166265
431 0.000169080913331
432 0.00016808162177
433 0.000169875079055
434 0.000172784954929
435 0.000175897228272
436 0.000178584853818
437 0.000180503479301
438 0.000181545235555
439 0.000181699373746
440 0.000180967076301
441 0.000179504580062
442 0.000177347589308
443 0.0001746502508
444 0.00017155931266
445 0.000168149452061
446 0.000164464842517
447 0.000160568245119
448 0.000156495369128
449 0.00015227972923
450 0.0218021407469
451 0.0104950132172
452 0.000235656728999
453 -0.00350215583517
454 -0.00362834097758
455 -0.00266243270824
456 -0.00171518330118
457 -0.00103712330895
458 -0.000628822886188
459 -0.00040475217791
460 -0.000290939448493
461 -0.000231223507264
462 -0.000203612560425
463 -0.000185946749113
464 -0.000170529704164
465 -0.000153691928847
466 -0.000135106017983
467 -0.000119872492812
468 -0.000108325570727
469 -9.57920445433e-05
470 -7.34942799167e-05
471 -3.57291429475e-05
472 1.64620805879e-05
473 7.66935301514e-05
474 0.000132887328899
475 0.000169007642267
476 0.000177885478272
477 0.000167042371862
478 0.000149773962579
479 0.000135729799188
480 0.000127987457827
481 0.000126248677187
482 0.000128429135034
483 0.000132909404015
484 0.000138091029003
485 0.000143281489117
486 0.000147899526853
487 0.000151651646479
488 0.000154449559582
489 0.00015627991372
490 0.000157154274024
491 0.000157218772289
492 0.000156528548434
493 0.000155198601329
494 0.000153395955165
495 0.000151188430219
496 0.000148653211533
497 0.000145822772802
498 0.00014274256683
499 0.000139464677637
500 0.0185575831396
501 0.01207182584
502 0.00416347778821
503 -0.000733056128972
504 -0.00266707722148
505 -0.00291054027214
506 -0.00250272958516
507 -0.00196516482597
508 -0.00150618352623
509 -0.00116004345524
510 -0.000914843410632
511 -0.000739245470262
512 -0.000615749469511
513 -0.000523690859247
514 -0.000452118054193
515 -0.000394717809604
516 -0.000347272904998
517 -0.000310787811042
518 -0.000279668589217
519 -0.00024531648875
520 -0.000198968387539
521 -0.000139854916671
522 -7.33263802314e-05
523 -6.06231590132e-06
524 5.20486640643e-05
525 8.91152082793e-05
526 0.000101387019742
527 9.68635979657e-05
528 8.71156412761e-05
529 8.00312407318e-05
530 7.79033759772e-05
531 8.05265528243e-05
532 8.61400388529e-05
533 9.34482982632e-05
534 0.000101060119351
535 0.000108406005644
536 0.00011504354318
537 0.000120714577723
538 0.000125354084015
539 0.000128943358712
540 0.000131484703611
541 0.000133147085952
542 0.000133996772661
543 0.000134122057734
544 0.000133690303777
545 0.000132773946729
546 0.000131453591989
547 0.000129769889252
548 0.000127756579875
549 0.000125486129425
550 0.0157025256184
551 0.0117993915454
552 0.00620460680054
553 0.00169655149255
554 -0.000970339926404
555 -0.00213754479804
556 -0.00239735136472
557 -0.0022411178336
558 -0.0019469340373
559 -0.00164201230624
560 -0.00137504959291
561 -0.00115357631299
562 -0.00097760158203
563 -0.0008370368323
564 -0.000724582377215
565 -0.000635149047154
566 -0.00056265611266
567 -0.000503287125737
568 -0.000447410412584
569 -0.000386484884864
570 -0.000315540175015
571 -0.000238646082472
572 -0.000162394420679
573 -9.16803670452e-05
574 -3.34541643658e-05
575 4.40276910806e-06
576 2.10530227204e-05
577 2.39039559818e-05
578 2.2458053934e-05
579 2.27233955093e-05
580 2.64944282244e-05
581 3.35584777328e-05
582 4.26527385159e-05
583 5.27895936106e-05
584 6.28600765794e-05
585 7.23654564392e-05
586 8.1039215374e-05
587 8.86406979623e-05
588 9.51287949164e-05
589 0.000100505656384
590 0.000104750555252
591 0.000108028030433
592 0.000110442596138
593 0.000112061163699
594 0.0001130359577
595 0.000113452693469
596 0.000113369757244
597 0.000112870089562
598 0.000111965747075
599 0.000110736291095
600 0.0133998532676
601 0.0109149879866
602 0.00698302099639
603 0.00327998152298
604 0.000583293262158
605 -0.00103473222989
606 -0.00179253618604
607 -0.00202984144011
608 -0.00198611257099
609 -0.00182136734597
610 -0.0016186051731
611 -0.0014172560656
612 -0.00123702919104
613 -0.0010819320884
614 -0.000951889374625
615 -0.000844612644497
616 -0.000753895251829
617 -0.00067244964009
618 -0.000591556815792
619 -0.000506431096488
620 -0.00041691118521
621 -0.00032926790465
622 -0.000248775304021
623 -0.000177808583189
624 -0.000120389560117
625 -8.10764948481e-05
626 -5.89833349501e-05
627 -4.81275696395e-05
628 -4.11554648783e-05
629 -3.36909861772e-05
630 -2.42447425987e-05
631 -1.29346081942e-05
632 -5.46621574204e-07
633 1.22387838296e-05
634 2.46421562771e-05
635 3.62363316185e-05
636 4.68714059028e-05
637 5.63489866277e-05
638 6.46221601846e-05
639 7.1745779994e-05
640 7.76826927218e-05
641 8.2539548607e-05
642 8.64941864697e-05
643 8.95995773738e-05
644 9.19660324001e-05
645 9.37114045063e-05
646 9.48739533573e-05
647 9.55570968877e-05
648 9.57687982801e-05
649 9.55812126299e-05
650 0.0115620611753
651 0.00989929216169
652 0.00709086085859
653 0.00416265298122
654 0.00173442986508
655 5.71419776562e-06
656 -0.00102800757314
657 -0.00156119469804
658 -0.00175589644342
659 -0.00176027030856
660 -0.00166578048488
661 -0.00152797648498
662 -0.00138102788522
663 -0.00124100405613
664 -0.00111496989072
665 -0.00100326301679
666 -0.000901297726468
667 -0.000802335367594
668 -0.000702254579494
669 -0.000601359086416
670 -0.000502385494985
671 -0.000411366705367
672 -0.000331343004273
673 -0.000262352844005
674 -0.000205612576242
675 -0.000163670855221
676 -0.000135324131789
677 -0.000116392563945
678 -0.000101505031991
679 -8.74956515126e-05
680 -7.29662014474e-05
681 -5.78344658874e-05
682 -4.25060948623e-05
683 -2.73533959468e-05
684 -1.28226765439e-05
685 7.19865729508e-07
686 1.31847951345e-05
687 2.44279410306e-05
688 3.43855659596e-05
689 4.31514037092e-05
690 5.07104936353e-05
691 5.70945702535e-05
692 6.2527510468e-05
693 6.70697589718e-05
694 7.08020766116e-05
695 7.38464043245e-05
696 7.62366147219e-05
697 7.80610177444e-05
698 7.93801195911e-05
699 8.02207960469e-05
700 0.0100657860435
701 0.00891192399985
702 0.00686933788993
703 0.00458370399668
704 0.00250887271215
705 0.000854611719001
706 -0.000283987488003
707 -0.000999168842905
708 -0.00137842703354
709 -0.00153886740139
710 -0.00156328006647
711 -0.00150997762294
712 -0.00141916213316
713 -0.00131459135519
714 -0.00120817800324
715 -0.00110274267809
716 -0.000997181614703
717 -0.000889321160417
718 -0.000780393528895
719 -0.000674325389526
720 -0.000574644052155
721 -0.000486278981815
722 -0.000409976008127
723 -0.000343815905182
724 -0.000286870698636
725 -0.00024110888145
726 -0.000206126065156
727 -0.000179580494535
728 -0.000157693587812
729 -0.000138094075506
730 -0.000119268444847
731 -0.000100893584901
732 -8.29953246242e-05
733 -6.57042185241e-05
734 -4.92927326986e-05
735 -3.39906507301e-05
736 -1.9846148773e-05
737 -6.97297822499e-06
738 4.56429375989e-06
739 1.48518622957e-05
740 2.39244230811e-05
741 3.17915923483e-05
742 3.86346288644e-05
743 4.45445815026e-05
744 4.96116244173e-05
745 5.39155901647e-05
746 5.75049781983e-05
747 6.04661305414e-05
748 6.28698608477e-05
749 6.47313185919e-05
750 0.00882709272015
751 0.00800371610307
752 0.00649316648709
753 0.00471591420135
754 0.00299036525167
755 0.00149721470899
756 0.000364625493121
757 -0.000436136426965
758 -0.000937469334903
759 -0.00122215329944
760 -0.00135612576279
761 -0.00139168544687
762 -0.00136740370382
763 -0.0013096366684
764 -0.00123255268191
765 -0.00114257104093
766 -0.00104311484406
767 -0.000937489864125
768 -0.000830873671293
769 -0.000729201358437
770 -0.00063596526665
771 -0.00055464442673
772 -0.000483885109556
773 -0.000420103522696
774 -0.000361603678137
775 -0.000311166119704
776 -0.000269789356868
777 -0.000236700333756
778 -0.0002091173211
779 -0.000185041149263
780 -0.000162793527961
781 -0.00014179078848
782 -0.000121736043289
783 -0.000102638289901
784 -8.46094848236e-05
785 -6.7755409954e-05
786 -5.20979388769e-05
787 -3.7751283881e-05
788 -2.47589783212e-05
789 -1.30583432359e-05
790 -2.58022551556e-06
791 6.69726340293e-06
792 1.48927325673e-05
793 2.21065216807e-05
794 2.84373919895e-05
795 3.39576196384e-05
796 3.87175879082e-05
797 4.28025085542e-05
798 4.62597515235e-05
799 4.9122107231e-05
800 0.00779519273546
801 0.00719308250793
802 0.0060602106999
803 0.00467632271246
804 0.00326238338443
805 0.00195969442363
806 0.000897546933763
807 8.11744119331e-05
808 -0.000487088568329
809 -0.000860527888997
810 -0.00108538571828
811 -0.00120338185975
812 -0.0012463286094
813 -0.00123916690032
814 -0.00119712494315
815 -0.00113039430538
816 -0.00104676847523
817 -0.000953671265687
818 -0.000858669833319
819 -0.00076863422531
820 -0.000686872129659
821 -0.000615313515655
822 -0.000550363002122
823 -0.000487549871389
824 -0.000426282029591
825 -0.000371104045038
826 -0.000324505108482
827 -0.000286549766015
828 -0.000254959651362
829 -0.000227682841649
830 -0.000202949516717
831 -0.000180012201064
832 -0.000158344065901
833 -0.000137796460076
834 -0.000118443427567
835 -0.000100268640536
836 -8.33114558756e-05
837 -6.76662780063e-05
838 -5.337062208e-05
839 -4.0376705001e-05
840 -2.86138911278e-05
841 -1.8038088932e-05
842 -8.57861384437e-06
843 -1.31540089718e-07
844 7.38424163544e-06
845 1.40627133949e-05
846 1.99416902396e-05
847 2.50870617277e-05
848 2.95634291183e-05
849 3.33877936232e-05
850 0.00694315137346
851 0.00649372709127
852 0.0056322693572
853 0.00454852669081
854 0.00339589556524
855 0.00228050674404
856 0.00131700253056
857 0.000526568191265
858 -6.82310920297e-05
859 -0.000498919055664
860 -0.000793039594526
861 -0.000979727475542
862 -0.0010825558825
863 -0.00112330392847
864 -0.00111798820466
865 -0.00107940163732
866 -0.0010185429415
867 -0.000945088369722
868 -0.000867855773853
869 -0.000794205169479
870 -0.000727109616516
871 -0.000666055835178
872 -0.000605560769329
873 -0.000541970693523
874 -0.000477518705183
875 -0.000418741847148
876 -0.000368951203889
877 -0.000328277055894
878 -0.00029446096656
879 -0.000265376428093
880 -0.000239209891148
881 -0.000215045159368
882 -0.000192290615003
883 -0.000170685056357
884 -0.000150312514733
885 -0.000131075219725
886 -0.000113061332659
887 -9.63242161717e-05
888 -8.09031245048e-05
889 -6.67723888206e-05
890 -5.38603397026e-05
891 -4.21179132683e-05
892 -3.14872797e-05
893 -2.19036007886e-05
894 -1.32730753623e-05
895 -5.51216289729e-06
896 1.42085874434e-06
897 7.56871532213e-06
898 1.30078285659e-05
899 1.77530502333e-05
900 0.00624720579156
901 0.00590431838084
902 0.0052366000381
903 0.00437695741778
904 0.00343221991191
905 0.00248131550587
906 0.00162060708994
907 0.000876011908546
908 0.000281339980586
909 -0.000179169686316
910 -0.00051816058098
911 -0.000753779519137
912 -0.000902605035786
913 -0.000983331826204
914 -0.00101203664613
915 -0.00100261885942
916 -0.000967400387532
917 -0.000917149243933
918 -0.000861236534427
919 -0.000806883345438
920 -0.000755471663336
921 -0.000703411492759
922 -0.000644946961822
923 -0.00057956221334
924 -0.000513000027017
925 -0.0004529633944
926 -0.000402563390631
927 -0.0003614420838
928 -0.000327177264349
929 -0.000297602494864
930 -0.000270949366662
931 -0.000246245234328
932 -0.000222925903439
933 -0.000200683103321
934 -0.000179610185381
935 -0.000159623968239
936 -0.000140793185344
937 -0.000123191664505
938 -0.000106848402252
939 -9.17408904158e-05
940 -7.78255094017e-05
941 -6.50648203131e-05
942 -5.33907823574e-05
943 -4.27906087617e-05
944 -3.31529989912e-05
945 -2.44091358577e-05
946 -1.65100315358e-05
947 -9.43501896608e-06
948 -3.10659609476e-06
949 2.49337007178e-06
950 0.00565241898892
951 0.00538405977867
952 0.00485644736066
953 0.00416317922094
954 0.0033811016542
955 0.00256860788147
956 0.00180541391438
957 0.00111753157152
958 0.000543958086716
959 7.90091055197e-05
960 -0.0002801361617
961 -0.000543687316055
962 -0.000723111906346
963 -0.000834144144505
964 -0.000891944141202
965 -0.000909992324124
966 -0.000900652107628
967 -0.000874966619348
968 -0.000842137802146
969 -0.000807794923306
970 -0.0007702658618
971 -0.000723890904508
972 -0.000665308895203
973 -0.000598753514296
974 -0.000532624641309
975 -0.000474331033796
976 -0.000425937419889
977 -0.000386429909044
978 -0.000353249954037
979 -0.000324298931719
980 -0.000297974071078
981 -0.000273345842696
982 -0.000249948020126
983 -0.000227460396836
984 -0.000206028650998
985 -0.000185583887495
986 -0.00016619567384
987 -0.000147949990203
988 -0.000130882651229
989 -0.000114989661392
990 -0.00010023051972
991 -8.66245055087e-05
992 -7.40799274886e-05
993 -6.25925846189e-05
994 -5.20735622268e-05
995 -4.24621262239e-05
996 -3.37059583489e-05
997 -2.57941428656e-05
998 -1.86630318778e-05
999 -1.22800843252e-05
1000 0.0051004681702
1001 0.00488609605708
1002 0.00446244715768
1003 0.00389580745409
1004 0.00324444813835
1005 0.00255113854539
1006 0.00188140519842
1007 0.00125957112049
1008 0.000724643079521
1009 0.000276786355399
1010 -8.13784021167e-05
1011 -0.000355139625015
1012 -0.000551855161197
1013 -0.000684349292979
1014 -0.000765765116724
1015 -0.000808575413805
1016 -0.000824144079351
1017 -0.000823231965177
1018 -0.000813424453076
1019 -0.000796868461329
1020 -0.000768858384711
1021 -0.000724571278792
1022 -0.000665568273697
1023 -0.000600388845163
1024 -0.000538108743638
1025 -0.000484511040681
1026 -0.000440348344666
1027 -0.000404067448466
1028 -0.00037315434219
1029 -0.000345711324877
1030 -0.00032037093783
1031 -0.000296356741208
1032 -0.000273272417733
1033 -0.000250913232668
1034 -0.000229440056184
1035 -0.00020880342345
1036 -0.000189121708503
1037 -0.000170475953511
1038 -0.000152914741147
1039 -0.00013643932264
1040 -0.00012101694186
1041 -0.0001067275417
1042 -9.34655984449e-05
1043 -8.12205748838e-05
1044 -6.99191695102e-05
1045 -5.95511224375e-05
1046 -5.0036576001e-05
1047 -4.13864784327e-05
1048 -3.35434749881e-05
1049 -2.64578026499e-05
1050 0.00456743945576
1051 0.00439494793642
1052 0.00405248592692
1053 0.00358819252137
1054 0.00304702841669
1055 0.00246004716795
1056 0.00188097722456
1057 0.00133091357765
1058 0.00084605323742
1059 0.000429109802469
1060 8.55785266612e-05
1061 -0.000186473393614
1062 -0.000391129436157
1063 -0.000538298205544
1064 -0.000638749007158
1065 -0.000703523578145
1066 -0.000742754965314
1067 -0.000765503195461
1068 -0.000775842690413
1069 -0.000771742738345
1070 -0.000748103540464
1071 -0.000704245765302
1072 -0.000647063243289
1073 -0.000587060436866
1074 -0.000531969574021
1075 -0.000485456231159
1076 -0.000447148622951
1077 -0.000415211823604
1078 -0.00038738782339
1079 -0.000362111392797
1080 -0.000338264836304
1081 -0.000315289587457
1082 -0.000292889710289
1083 -0.000271005133855
1084 -0.000249793307622
1085 -0.000229264698109
1086 -0.000209525411123
1087 -0.000190713855044
1088 -0.00017284416204
1089 -0.000155973759532
1090 -0.000140087376865
1091 -0.000125263979009
1092 -0.000111432012007
1093 -9.85767071102e-05
1094 -8.66347766984e-05
1095 -7.56164365253e-05
1096 -6.54610364338e-05
1097 -5.61744296408e-05
1098 -4.77076920163e-05
1099 -3.99900267377e-05
1100 0.00407085434038
1101 0.00393230609631
1102 0.00365492816224
1103 0.0032758151071
1104 0.00282843669143
1105 0.00233573619719
1106 0.0018411930479
1107 0.00136208779199
1108 0.000930577169761
1109 0.000550342028639
1110 0.000228115968587
1111 -3.54867001921e-05
1112 -0.000242081550701
1113 -0.000399107463064
1114 -0.00051508840539
1115 -0.000599370771006
1116 -0.000660219976711
1117 -0.00070296258134
1118 -0.000727277383999
1119 -0.000729089397004
1120 -0.000706661685247
1121 -0.000664779217785
1122 -0.000613501042256
1123 -0.000562508998514
1124 -0.000517159322448
1125 -0.000479250966609
1126 -0.000447696430087
1127 -0.00042072769498
1128 -0.000396495658471
1129 -0.000373817508082
1130 -0.000351844811366
1131 -0.000330244877389
1132 -0.000308870038039
1133 -0.000287751659739
1134 -0.000267073343239
1135 -0.000246887898649
1136 -0.000227324828444
1137 -0.000208523810871
1138 -0.000190547813752
1139 -0.00017347390395
1140 -0.000157316827131
1141 -0.000142129249773
1142 -0.000127887739768
1143 -0.000114583903686
1144 -0.000102146104974
1145 -9.06104853491e-05
1146 -7.99362186909e-05
1147 -7.01103475294e-05
1148 -6.10994754311e-05
1149 -5.28293435585e-05
1150 0.00363696397168
1151 0.00352540857074
1152 0.00330008837867
1153 0.00299041889383
1154 0.00262079620459
1155 0.00220840296733
1156 0.00178787568342
1157 0.00137316170952
1158 0.000992078850127
1159 0.000648562256077
1160 0.000349718367658
1161 9.77941022262e-05
1162 -0.000107158489432
1163 -0.000270561653778
1164 -0.000399114709424
1165 -0.00049998649024
1166 -0.000577958945347
1167 -0.00063374771662
1168 -0.000664419627508
1169 -0.000667696707494
1170 -0.000647142799467
1171 -0.000611237205221
1172 -0.000570036340583
1173 -0.00053075306991
1174 -0.000496505384123
1175 -0.000467726717154
1176 -0.000443171959607
1177 -0.000421376337059
1178 -0.000400959778703
1179 -0.000381102786707
1180 -0.000361253310936
1181 -0.000341300649383
1182 -0.000321217416105
1183 -0.000301109137542
1184 -0.000281206187985
1185 -0.000261593473163
1186 -0.000242423826043
1187 -0.000223848755302
1188 -0.00020597461212
1189 -0.000188904234707
1190 -0.000172645802909
1191 -0.000157247053921
1192 -0.000142742207362
1193 -0.000129090798573
1194 -0.000116297382446
1195 -0.000104374033798
1196 -9.32978636596e-05
1197 -8.30428046771e-05
1198 -7.35794879037e-05
1199 -6.48503015276e-05
1200 0.00327304835691
1201 0.00318248957266
1202 0.00299837219778
1203 0.00274388825597
1204 0.00243702830038
1205 0.0020907091655
1206 0.00173248298272
1207 0.00137350235115
1208 0.00103743997297
1209 0.000728006334873
1210 0.000452500182582
1211 0.000213599103634
1212 1.24601723903e-05
1213 -0.000154724706496
1214 -0.000292765814542
1215 -0.000405446943562
1216 -0.000493352459791
1217 -0.000554291796255
1218 -0.000586151106122
1219 -0.000590872685299
1220 -0.000575839933778
1221 -0.000550212042342
1222 -0.000521802991018
1223 -0.000495314151142
1224 -0.000472217041407
1225 -0.000452294831063
1226 -0.000434500922316
1227 -0.000417781190915
1228 -0.000401186235872
1229 -0.000384237952301
1230 -0.000366688155585
1231 -0.000348587821149
1232 -0.000330004835292
1233 -0.000311122022135
1234 -0.000292192661942
1235 -0.000273350509205
1236 -0.000254767364921
1237 -0.00023661145354
1238 -0.000219048335633
1239 -0.000202137925899
1240 -0.000185929033679
1241 -0.000170488153978
1242 -0.000155846408573
1243 -0.000142019475808
1244 -0.000129013749717
1245 -0.000116834005875
1246 -0.000105470854369
1247 -9.4892505895e-05
1248 -8.50766172419e-05
1249 -7.5986023554e-05
1250 0.00297074265452
1251 0.00289655330726
1252 0.00274493435558
1253 0.00253412934069
1254 0.00227768374969
1255 0.0019852648333
1256 0.00167890084976
1257 0.00136741524253
1258 0.00107098072125
1259 0.000792728248663
1260 0.000539452604128
1261 0.000314021289307
1262 0.00011799291544
1263 -5.06153438991e-05
1264 -0.000193948327528
1265 -0.000311993820738
1266 -0.000402526360646
1267 -0.00046357676796
1268 -0.000496168920524
1269 -0.000505591351723
1270 -0.000500185231362
1271 -0.000487456903244
1272 -0.000472642181376
1273 -0.000458574859916
1274 -0.000445806652253
1275 -0.000433997164831
1276 -0.000422455542468
1277 -0.000410512946698
1278 -0.00039761436875
1279 -0.00038361712565
1280 -0.000368474418726
1281 -0.000352362215074
1282 -0.00033545556978
1283 -0.000317964065434
1284 -0.000300183527201
1285 -0.000282278291501
1286 -0.000264450832496
1287 -0.000246888990976
1288 -0.00022977779865
1289 -0.00021318868298
1290 -0.00019719208914
1291 -0.000181870837939
1292 -0.000167263652639
1293 -0.000153408081484
1294 -0.000140319686029
1295 -0.000128009025837
1296 -0.000116464543115
1297 -0.000105662491667
1298 -9.55897990342e-05
1299 -8.62288009449e-05
1300 0.00271927267083
1301 0.00265806706426
1302 0.00253211436878
1303 0.00235606053551
1304 0.00214045240198
1305 0.00189222977137
1306 0.00162919170962
1307 0.00135839139994
1308 0.00109675693347
1309 0.000846636790018
1310 0.00061405598169
1311 0.000401644366298
1312 0.00021166121681
1313 4.43937166485e-05
1314 -9.93001865169e-05
1315 -0.000216728048649
1316 -0.000305693535249
1317 -0.000366360971497
1318 -0.000402373550418
1319 -0.00042005374684
1320 -0.000426566466742
1321 -0.000427151281912
1322 -0.000425089440571
1323 -0.000422040822203
1324 -0.000418293969552
1325 -0.000413593657903
1326 -0.000407622960124
1327 -0.000400049300901
1328 -0.000390674405267
1329 -0.000379583312551
1330 -0.000366875100669
1331 -0.000352838480605
1332 -0.000337704791664
1333 -0.0003217331617
1334 -0.00030524025322
1335 -0.000288426258851
1336 -0.000271508282234
1337 -0.000254716414386
1338 -0.000238216630438
1339 -0.00022210452606
1340 -0.00020646664204
1341 -0.000191411603911
1342 -0.000176986536628
1343 -0.000163238855868
1344 -0.000150196206969
1345 -0.000137867025208
1346 -0.000126241664795
1347 -0.000115315968018
1348 -0.000105090528232
1349 -9.5550320323e-05
1350 0.00251119225641
1351 0.00246028194457
1352 0.00235509244727
1353 0.0022072670588
1354 0.00202528816204
1355 0.00181390451353
1356 0.00158757930405
1357 0.00135169972268
1358 0.00112020184934
1359 0.000894520009976
1360 0.000679801440964
1361 0.000478828731495
1362 0.000295374377646
1363 0.000132134405868
1364 -7.92732893566e-06
1365 -0.000121890903501
1366 -0.000208860214814
1367 -0.000271117193513
1368 -0.000313196553448
1369 -0.000340691797723
1370 -0.000359013325711
1371 -0.000371542141919
1372 -0.000380335466858
1373 -0.000386434254065
1374 -0.000390226558937
1375 -0.000391592387666
1376 -0.000390471291255
1377 -0.000386852994161
1378 -0.000380788556181
1379 -0.000372503092635
1380 -0.000362225204746
1381 -0.000350305725855
1382 -0.000337021487177
1383 -0.000322659784484
1384 -0.000307570507311
1385 -0.000291974514333
1386 -0.0002761090857
1387 -0.000260210113172
1388 -0.000244446596061
1389 -0.000228949552499
1390 -0.000213815641222
1391 -0.000199165195417
1392 -0.000185050243507
1393 -0.000171536011428
1394 -0.000158650363765
1395 -0.000146405226857
1396 -0.000134796876468
1397 -0.000123843050688
1398 -0.000113555414994
1399 -0.000103924545131
1400 0.00234534037742
1401 0.00230264850182
1402 0.00221454083852
1403 0.00209011193775
1404 0.0019358113517
1405 0.00175503413935
1406 0.00155906162893
1407 0.00135155012293
1408 0.001143893059
1409 0.000936865361563
1410 0.000735613045674
1411 0.00054401084847
1412 0.000367514536333
1413 0.000210497532932
1414 7.6182378259e-05
1415 -3.36497862108e-05
1416 -0.000119605019438
1417 -0.000184959591856
1418 -0.000233823968635
1419 -0.000270515647442
1420 -0.000298905741218
1421 -0.000321109267747
1422 -0.000338547085595
1423 -0.000351959695246
1424 -0.000361843746718
1425 -0.000368267231897
1426 -0.000371343693906
1427 -0.000371277052942
1428 -0.000368287438454
1429 -0.000362687961843
1430 -0.000354797401169
1431 -0.000345002393134
1432 -0.000333603727988
1433 -0.000320922776201
1434 -0.000307330459986
1435 -0.000293058125119
1436 -0.000278353628667
1437 -0.000263462956928
1438 -0.000248567385117
1439 -0.000233819131234
1440 -0.000219308643089
1441 -0.000205182276366
1442 -0.000191502254117
1443 -0.000178337921164
1444 -0.000165710336032
1445 -0.000153642618966
1446 -0.000142150051432
1447 -0.000131263178145
1448 -0.00012099176702
1449 -0.000111351014921
1450 0.00222326654603
1451 0.0021869648402
1452 0.00211206312885
1453 0.00200559679054
1454 0.00187206472902
1455 0.00171379726041
1456 0.00153931429903
1457 0.00135101135963
1458 0.00115908391044
1459 0.000964508519075
1460 0.000773270893082
1461 0.000590725826871
1462 0.000423055683339
1463 0.000274600541384
1464 0.000147485537231
1465 4.20775447777e-05
1466 -4.31664738925e-05
1467 -0.000111471748818
1468 -0.000166063929282
1469 -0.000210011188887
1470 -0.000246064579663
1471 -0.00027556417603
1472 -0.000299567464136
1473 -0.000318676259705
1474 -0.000333429537616
1475 -0.000344010590274
1476 -0.000350679975469
1477 -0.000353775164043
1478 -0.000353610892966
1479 -0.000350548948435
1480 -0.000344960938225
1481 -0.000337249789251
1482 -0.000327752938061
1483 -0.000316801190151
1484 -0.000304768358457
1485 -0.000291888320035
1486 -0.00027843223367
1487 -0.000264646044974
1488 -0.000250723461482
1489 -0.000236819993169
1490 -0.000223051167295
1491 -0.000209551111169
1492 -0.000196407307265
1493 -0.00018368198518
1494 -0.000171395185413
1495 -0.000159592096584
1496 -0.000148303092017
1497 -0.000137568540017
1498 -0.000127403318536
1499 -0.000117817632828
1500 0.00212851633754
1501 0.00209644641135
1502 0.00202985033472
1503 0.00193451558753
1504 0.00181363828959
1505 0.00166863268347
1506 0.00150672930669
1507 0.00133021053638
1508 0.00114920950174
1509 0.000965328000998
1510 0.000785405002058
1511 0.000615080619366
1512 0.000459610311697
1513 0.000322177477043
1514 0.000203556097274
1515 0.000103145821336
1516 1.92625919271e-05
1517 -5.07580570079e-05
1518 -0.000109225321226
1519 -0.000158165571968
1520 -0.000199528484739
1521 -0.000234218361033
1522 -0.000263030520904
1523 -0.000286445504486
1524 -0.000305032145256
1525 -0.000319014742397
1526 -0.000328765116424
1527 -0.000334659947563
1528 -0.000337080267853
1529 -0.000336411700739
1530 -0.000333028194868
1531 -0.000327351401712
1532 -0.000319740309675
1533 -0.000310527833979
1534 -0.000300072126043
1535 -0.000288633724288
1536 -0.000276486151162
1537 -0.000263885358095
1538 -0.000251018351183
1539 -0.000238056552292
1540 -0.000225112965815
1541 -0.000212331641016
1542 -0.00019980838072
1543 -0.000187595622039
1544 -0.000175730752542
1545 -0.000164275451278
1546 -0.000153273264044
1547 -0.000142772961234
1548 -0.000132792066089
1549 -0.000123344314337
1550 0.00202001144355
1551 0.00199050009536
1552 0.00192850942448
1553 0.00183968697345
1554 0.00172682350851
1555 0.00159093317144
1556 0.00143923930142
1557 0.00127451653877
1558 0.00110687302416
1559 0.000937990123584
1560 0.000774354273135
1561 0.000620545670708
1562 0.000480291194475
1563 0.000355535452358
1564 0.000246156817416
1565 0.000151308144792
1566 6.97125377229e-05
1567 -6.2790944387e-07
1568 -6.11650050575e-05
1569 -0.000113147730838
1570 -0.000157985225445
1571 -0.000196221338904
1572 -0.000228424547824
1573 -0.000255048755311
1574 -0.000276633578477
1575 -0.000293430286871
1576 -0.000305819604103
1577 -0.000314208143214
1578 -0.0003189877866
1579 -0.000320545363781
1580 -0.000319278415922
1581 -0.000315584385088
1582 -0.00030983488622
1583 -0.000302343153041
1584 -0.000293487524296
1585 -0.000283522654821
1586 -0.000272738495909
1587 -0.000261378143344
1588 -0.000249638023062
1589 -0.000237684038661
1590 -0.000225637374798
1591 -0.000213647796065
1592 -0.000201807997582
1593 -0.000190176391382
1594 -0.000178808373042
1595 -0.000167777120526
1596 -0.000157143019885
1597 -0.000146952826838
1598 -0.000137225791987
1599 -0.000127977013225
1600 0.00186814504391
1601 0.00184114200267
1602 0.00178382526763
1603 0.00170213238768
1604 0.00159897256342
1605 0.00147525908405
1606 0.00133818209208
1607 0.00119081398487
1608 0.00104221301823
1609 0.000893516939035
1610 0.000750017306831
1611 0.000614935360133
1612 0.000490779488831
1613 0.000378775897465
1614 0.000278499609369
1615 0.000189434984568
1616 0.000110788342378
1617 4.12650189793e-05
1618 -1.99197380493e-05
1619 -7.34643594154e-05
1620 -0.000120359196798
1621 -0.000160879160958
1622 -0.000195463915016
1623 -0.000224475239978
1624 -0.000248426441048
1625 -0.000267530968464
1626 -0.000282185271646
1627 -0.000292779906718
1628 -0.000299685617543
1629 -0.000303306170331
1630 -0.000304031980109
1631 -0.000302245274794
1632 -0.000298284545213
1633 -0.000292496124187
1634 -0.000285242494109
1635 -0.000276780288852
1636 -0.000267390547151
1637 -0.000257305838516
1638 -0.000246737795057
1639 -0.000235838764541
1640 -0.000224742281507
1641 -0.000213602976229
1642 -0.000202500731371
1643 -0.00019150857015
1644 -0.000180704725362
1645 -0.000170168584848
1646 -0.000159969674957
1647 -0.000150149720934
1648 -0.000140733991703
1649 -0.000131725317677
1650 0.00168537984574
1651 0.00166187659778
1652 0.00161160342667
1653 0.00154021725495
1654 0.00145081544814
1655 0.00134386872946
1656 0.00122608398889
1657 0.00110007663713
1658 0.000973221343959
1659 0.000846167170531
1660 0.000722889885588
1661 0.000605652351937
1662 0.000496285476962
1663 0.000395788101932
1664 0.000303838428752
1665 0.000220287012613
1666 0.000144911521979
1667 7.69502120653e-05
1668 1.60847334524e-05
1669 -3.79751916072e-05
1670 -8.59142503223e-05
1671 -0.000127836599473
1672 -0.000164041306344
1673 -0.000194788650089
1674 -0.00022058317781
1675 -0.0002415750069
1676 -0.0002581581049
1677 -0.000270682932654
1678 -0.00027950620069
1679 -0.000285035243712
1680 -0.00028762238014
1681 -0.00028762327213
1682 -0.000285386978966
1683 -0.000281270756411
1684 -0.000275594532218
1685 -0.000268626911402
1686 -0.000260638702526
1687 -0.000251863276808
1688 -0.000242478737934
1689 -0.000232665737517
1690 -0.000222562180927
1691 -0.000212297409527
1692 -0.000201968868458
1693 -0.000191669932436
1694 -0.000181485767151
1695 -0.0001715024331
1696 -0.000161791903417
1697 -0.000152393584322
1698 -0.000143330955905
1699 -0.000134610688612
1700 0.00150653552383
1701 0.00148695731184
1702 0.00144502566314
1703 0.00138551917629
1704 0.00131123864269
1705 0.00122222008598
1706 0.00112418030514
1707 0.00101896692921
1708 0.000912395695926
1709 0.000804779347839
1710 0.000699059063659
1711 0.00059696501043
1712 0.000500008203369
1713 0.000409156182744
1714 0.000324405463018
1715 0.000245920332743
1716 0.000173842572285
1717 0.000107836145383
1718 4.79253517051e-05
1719 -5.9485060548e-06
1720 -5.42342055986e-05
1721 -9.68966670767e-05
1722 -0.000134118246868
1723 -0.000166095639847
1724 -0.00019330338012
1725 -0.000215801944035
1726 -0.000234002405122
1727 -0.000248198340973
1728 -0.00025874528606
1729 -0.000266004623995
1730 -0.00027030166948
1731 -0.000271975155303
1732 -0.000271399503661
1733 -0.000268890740782
1734 -0.000264753551878
1735 -0.000259266323475
1736 -0.000252682265036
1737 -0.000245198268141
1738 -0.000237016523012
1739 -0.000228304414791
1740 -0.000219203210247
1741 -0.00020983674485
1742 -0.000200315941605
1743 -0.000190751086488
1744 -0.000181231567515
1745 -0.000171847834757
1746 -0.000162670171789
1747 -0.000153737651281
1748 -0.000145064949053
1749 -0.000136674775288
1750 0.00135575059011
1751 0.00133964662832
1752 0.0013054876185
1753 0.00125697267093
1754 0.00119604420685
1755 0.00112282957305
1756 0.00104169651353
1757 0.000953843692096
1758 0.000863937432825
1759 0.000771922741613
1760 0.000680209053732
1761 0.000590172316758
1762 0.000503196026968
1763 0.000420292308338
1764 0.000341680960855
1765 0.000267738871502
1766 0.000198859540631
1767 0.000135008018381
1768 7.64209784763e-05
1769 2.32109872646e-05
1770 -2.49301604963e-05
1771 -6.78518761757e-05
1772 -0.000105644682353
1773 -0.000138461952572
1774 -0.000166715274088
1775 -0.000190430763405
1776 -0.000209976601017
1777 -0.000225619871114
1778 -0.000237703094048
1779 -0.000246500324202
1780 -0.000252377786127
1781 -0.000255639407798
1782 -0.000256641716888
1783 -0.000255678127483
1784 -0.000253031124621
1785 -0.000248980210442
1786 -0.000243750733441
1787 -0.000237536347656
1788 -0.000230535237476
1789 -0.000222920092551
1790 -0.000214810749575
1791 -0.000206353427033
1792 -0.000197671027125
1793 -0.000188870281953
1794 -0.000180049217411
1795 -0.000171299108158
1796 -0.000162686124724
1797 -0.000154242139043
1798 -0.000145991076742
1799 -0.000137970337747
1800 0.00123989132585
1801 0.00122657420325
1802 0.0011985798108
1803 0.00115870347298
1804 0.00110810914559
1805 0.00104711351866
1806 0.000978914776705
1807 0.000904257047447
1808 0.000826973036557
1809 0.000746816599495
1810 0.000665830073855
1811 0.000585154191703
1812 0.000506075261609
1813 0.000429661591065
1814 0.000356256245408
1815 0.000286386697176
1816 0.000220575140949
1817 0.000158968353089
1818 0.000101949320297
1819 4.9726314984e-05
1820 2.09889442507e-06
1821 -4.07247739467e-05
1822 -7.87420310251e-05
1823 -0.00011206264516
1824 -0.000141033347082
1825 -0.000165696370308
1826 -0.000186342626206
1827 -0.000203212117567
1828 -0.000216620599515
1829 -0.000226792289594
1830 -0.00023412040434
1831 -0.000238862595406
1832 -0.000241347050427
1833 -0.000241851167905
1834 -0.000240634374974
1835 -0.000237954524569
1836 -0.000234017187557
1837 -0.000229028433721
1838 -0.000223184837722
1839 -0.000216642757444
1840 -0.000209517627947
1841 -0.000201975313797
1842 -0.000194141002534
1843 -0.000186123074107
1844 -0.000178026703222
1845 -0.000169926581192
1846 -0.000161894796775
1847 -0.000153959937874
1848 -0.000146162310332
1849 -0.000138550720721
1850 0.00115291180049
1851 0.00114167556658
1852 0.00111822579951
1853 0.0010846513414
1854 0.00104167256019
1855 0.000989700840153
1856 0.000931048829511
1857 0.000866171459024
1858 0.000798311792313
1859 0.00072713245029
1860 0.000654394775212
1861 0.000581077492403
1862 0.000508387968086
1863 0.00043738877619
1864 0.000368507473866
1865 0.000302321837014
1866 0.000239461444687
1867 0.0001801526433
1868 0.000124835748044
1869 7.38100014464e-05
1870 2.6962743384e-05
1871 -1.54738662819e-05
1872 -5.34436232291e-05
1873 -8.69880973466e-05
1874 -0.000116451338821
1875 -0.000141830422952
1876 -0.000163360491432
1877 -0.000181240388802
1878 -0.000195784756069
1879 -0.000207193309393
1880 -0.00021582316568
1881 -0.00022191392439
1882 -0.000225759551471
1883 -0.000227623007418
1884 -0.000227746435687
1885 -0.000226350015288
1886 -0.000223631833411
1887 -0.000219821865093
1888 -0.000215092701419
1889 -0.000209588880036
1890 -0.000203444709588
1891 -0.000196811495845
1892 -0.000189829498173
1893 -0.000182606177046
1894 -0.000175237529451
1895 -0.000167801956484
1896 -0.000160361015253
1897 -0.000152956655734
1898 -0.000145640388427
1899 -0.000138467101949
1900 0.00108644891328
1901 0.00107677082148
1902 0.00105658489077
1903 0.0010275500437
1904 0.000990162687466
1905 0.000944811853862
1906 0.000893196233213
1907 0.000835643557096
1908 0.00077495003878
1909 0.000710687126903
1910 0.000644437014234
1911 0.000577078224226
1912 0.000509711041457
1913 0.000443372248112
1914 0.000378509997878
1915 0.000315764161328
1916 0.000255749818586
1917 0.000198741204175
1918 0.000145253625464
1919 9.56045542509e-05
1920 4.97437584267e-05
1921 7.92545999559e-06
1922 -2.97748517838e-05
1923 -6.33390933706e-05
1924 -9.30930593865e-05
1925 -0.000118961697023
1926 -0.000141148174886
1927 -0.000159853008157
1928 -0.000175362726976
1929 -0.00018785856364
1930 -0.000197645097096
1931 -0.000204955260293
1932 -0.000210030204321
1933 -0.00021314342639
1934 -0.000214493807827
1935 -0.000214295619503
1936 -0.00021274898282
1937 -0.000210064925117
1938 -0.000206395748604
1939 -0.000201897154138
1940 -0.000196709068162
1941 -0.00019097721035
1942 -0.000184845776961
1943 -0.000178415556304
1944 -0.000171777700892
1945 -0.00016500120916
1946 -0.000158157396065
1947 -0.000151301350791
1948 -0.000144492013751
1949 -0.000137782604935
1950 0.00103345451651
1951 0.0010249299698
1952 0.0010071471086
1953 0.000981429640971
1954 0.000948216457773
1955 0.000907817932153
1956 0.000861512277316
1957 0.000809606972175
1958 0.000754505770008
1959 0.000695778184619
1960 0.000634836135728
1961 0.000572467565815
1962 0.000509682444894
1963 0.000447486070864
1964 0.000386308086284
1965 0.000326772454553
1966 0.000269532776706
1967 0.000214861757146
1968 0.000163294952774
1969 0.000115155156127
1970 7.04462166237e-05
1971 2.94287526728e-05
1972 -7.79197460253e-06
1973 -4.11685527683e-05
1974 -7.09756770887e-05
1975 -9.71052340032e-05
1976 -0.000119780326824
1977 -0.000139143562106
1978 -0.000155447581107
1979 -0.000168877823754
1980 -0.000179678789616
1981 -0.000188076637416
1982 -0.000194269798323
1983 -0.000198516539349
1984 -0.000200993049631
1985 -0.00020192205043
1986 -0.000201479584307
1987 -0.000199853749773
1988 -0.000197197998256
1989 -0.000193670340454
1990 -0.000189411899885
1991 -0.00018456979889
1992 -0.000179275298698
1993 -0.000173627147085
1994 -0.000167708277882
1995 -0.000161588345017
1996 -0.00015535426807
1997 -0.000149063143903
1998 -0.000142777897386
1999 -0.00013654370885
2000 0.00098848606998
2001 0.000980852884764
2002 0.000964898583017
2003 0.000941735403401
2004 0.00091178704497
2005 0.000875244517738
2006 0.000833171597391
2007 0.000785825518061
2008 0.000735314871194
2009 0.000681213273317
2010 0.00062481231656
2011 0.000566798953638
2012 0.000508090817456
2013 0.000449687950108
2014 0.00039196169969
2015 0.000335517074324
2016 0.000281005012366
2017 0.000228687636155
2018 0.00017910661497
2019 0.000132577702679
2020 8.9147785338e-05
2021 4.90839685743e-05
2022 1.25094016142e-05
2023 -2.04919729833e-05
2024 -5.01850531073e-05
2025 -7.6435928592e-05
2026 -9.94478568064e-05
2027 -0.000119320311289
2028 -0.00013626599528
2029 -0.000150484717031
2030 -0.000162153258442
2031 -0.000171490588727
2032 -0.000178680987429
2033 -0.000183934278539
2034 -0.00018743821575
2035 -0.000189397326125
2036 -0.000189965305071
2037 -0.000189323508738
2038 -0.000187628784555
2039 -0.000185026809693
2040 -0.000181665374811
2041 -0.000177680124652
2042 -0.00017319914415
2043 -0.000168310461226
2044 -0.000163095122519
2045 -0.000157636635547
2046 -0.000152018790723
2047 -0.00014630482931
2048 -0.000140550506688
2049 -0.000134801045771
2050 0.000948204394345
2051 0.000941297604639
2052 0.000926789685998
2053 0.000905717277396
2054 0.000878432560903
2055 0.000845049935231
2056 0.000806503092366
2057 0.000762989069425
2058 0.000716400401922
2059 0.000666329183548
2060 0.000613937261948
2061 0.000559850702621
2062 0.000504916108761
2063 0.000450021153499
2064 0.000395568008697
2065 0.00034210798142
2066 0.000290254221094
2067 0.000240277393579
2068 0.000192730459961
2069 0.000147885810311
2070 0.000105842238953
2071 6.68541029802e-05
2072 3.10756388909e-05
2073 -1.40718228121e-06
2074 -3.08293847288e-05
2075 -5.70520465392e-05
2076 -8.02276135905e-05
2077 -0.000100454079047
2078 -0.000117905325333
2079 -0.00013275321241
2080 -0.00014515062884
2081 -0.000155282748996
2082 -0.000163339462734
2083 -0.000169497389179
2084 -0.000173928575155
2085 -0.000176821670121
2086 -0.000178327153189
2087 -0.000178606328499
2088 -0.000177812497207
2089 -0.000176092938363
2090 -0.000173592559043
2091 -0.000170431656476
2092 -0.00016673094519
2093 -0.000162576122762
2094 -0.000158046810546
2095 -0.000153241069548
2096 -0.000148238349242
2097 -0.000143093826568
2098 -0.00013787004403
2099 -0.000132608111377
2100 0.000910676706298
2101 0.00090437081477
2102 0.000891080307594
2103 0.000871799822643
2104 0.000846763751565
2105 0.000816085246394
2106 0.000780581929814
2107 0.000740416002715
2108 0.000697314502822
2109 0.000650852154714
2110 0.000602088564729
2111 0.000551602133212
2112 0.000500128674838
2113 0.000448544218779
2114 0.000397194455329
2115 0.000346586662654
2116 0.000297333548301
2117 0.000249697634262
2118 0.000204188927532
2119 0.000161087119186
2120 0.000120514515725
2121 8.27087176637e-05
2122 4.7846291003e-05
2123 1.60130868473e-05
2124 -1.30003653806e-05
2125 -3.90442326416e-05
2126 -6.22381484912e-05
2127 -8.26738679862e-05
2128 -0.000100478522357
2129 -0.000115808520383
2130 -0.000128804559029
2131 -0.000139606458225
2132 -0.000148416232597
2133 -0.000155375981418
2134 -0.000160629301157
2135 -0.000164358454434
2136 -0.000166707746169
2137 -0.000167828942988
2138 -0.000167878301729
2139 -0.000166992344
2140 -0.000165305887835
2141 -0.000162932122404
2142 -0.000159973125247
2143 -0.000156515587401
2144 -0.000152659745542
2145 -0.000148490422504
2146 -0.000144090280608
2147 -0.000139510848702
2148 -0.000134808453179
2149 -0.000130026609894
2150 0.000874868022584
2151 0.00086905993409
2152 0.000856851056832
2153 0.000839142979578
2154 0.000816079103751
2155 0.000787786387943
2156 0.000754984693044
2157 0.00071781305479
2158 0.000677856710986
2159 0.00063466396089
2160 0.00058922088377
2161 0.000542052212282
2162 0.000493815364567
2163 0.000445348466006
2164 0.000396958039927
2165 0.000349125433731
2166 0.000302427132688
2167 0.000257081138217
2168 0.000213623210001
2169 0.000172317678072
2170 0.000133273717812
2171 9.67360159552e-05
2172 6.28849718137e-05
2173 3.18083521652e-05
2174 3.31762824255e-06
2175 -2.24222791961e-05
2176 -4.55113830018e-05
2177 -6.60092191334e-05
2178 -8.40529664622e-05
2179 -9.97292569448e-05
2180 -0.000113191681676
2181 -0.000124547666282
2182 -0.000133985713831
2183 -0.000141621668297
2184 -0.000147595280095
2185 -0.000152068296849
2186 -0.000155183177738
2187 -0.000157080615724
2188 -0.000157914228106
2189 -0.000157802776298
2190 -0.000156870250879
2191 -0.000155228459376
2192 -0.00015297427984
2193 -0.0001501956572
2194 -0.000146991852112
2195 -0.000143447942642
2196 -0.000139636676305
2197 -0.000135605446979
2198 -0.000131416792476
2199 -0.000127098752368
2200 0.000840098940236
2201 0.000834717906554
2202 0.000823477403674
2203 0.000807163274126
2204 0.000785862281984
2205 0.000759730662345
2206 0.000729370953221
2207 0.000694917641998
2208 0.000657833257708
2209 0.000617650809205
2210 0.000575301629752
2211 0.000531242865448
2212 0.000486073343914
2213 0.000440585125225
2214 0.000395039996828
2215 0.000349898788897
2216 0.000305688834261
2217 0.0002626279197
2218 0.000221240797989
2219 0.000181755968471
2220 0.000144293132212
2221 0.000109083402226
2222 7.63095768787e-05
2223 4.60747873441e-05
2224 1.82074232831e-05
2225 -7.12765710289e-06
2226 -2.99808958382e-05
2227 -5.04396258469e-05
2228 -6.85887771741e-05
2229 -8.44924837568e-05
2230 -9.82978728617e-05
2231 -0.000110096816809
2232 -0.000120048919059
2233 -0.000128259050048
2234 -0.000134857797549
2235 -0.000139992932915
2236 -0.000143803473924
2237 -0.000146413709786
2238 -0.000147963813284
2239 -0.00014856720723
2240 -0.000148337951411
2241 -0.000147383686752
2242 -0.00014580236879
2243 -0.000143682110155
2244 -0.000141111358581
2245 -0.000138167446452
2246 -0.000134918010419
2247 -0.000131416751119
2248 -0.000127720499342
2249 -0.000123851184711
2250 0.000805909855508
2251 0.000800930014523
2252 0.000790572128412
2253 0.000775511954523
2254 0.000755829861401
2255 0.000731682822145
2256 0.000703591898905
2257 0.000671656192415
2258 0.000637244955559
2259 0.000599887082734
2260 0.000560444337225
2261 0.000519326955051
2262 0.0004770740694
2263 0.000434428187249
2264 0.000391623450367
2265 0.000349094993849
2266 0.000307349793813
2267 0.000266558405889
2268 0.000227231444971
2269 0.000189570804758
2270 0.000153715640377
2271 0.000119872897182
2272 8.82299799026e-05
2273 5.88982705619e-05
2274 3.17477092639e-05
2275 6.92111959532e-06
2276 -1.56298008859e-05
2277 -3.59364468204e-05
2278 -5.40861605932e-05
2279 -7.01115480565e-05
2280 -8.41634619321e-05
2281 -9.63031001417e-05
2282 -0.000106666284431
2283 -0.000115357033902
2284 -0.00012249324774
2285 -0.000128211756547
2286 -0.000132642484667
2287 -0.000135887542668
2288 -0.000138086527226
2289 -0.000139349831337
2290 -0.000139778236366
2291 -0.000139470644104
2292 -0.000138522750816
2293 -0.000137023283084
2294 -0.000135053976429
2295 -0.000132686931758
2296 -0.000129983372248
2297 -0.000126993285128
2298 -0.000123763776148
2299 -0.000120329921723
2300 0.000772285216672
2301 0.000767687119264
2302 0.000758145173737
2303 0.000744216451775
2304 0.000726031971588
2305 0.000703727394439
2306 0.000677736852576
2307 0.000648149115223
2308 0.000616227548164
2309 0.000581513465753
2310 0.000544800754208
2311 0.000506468194589
2312 0.000467003461574
2313 0.000427088348017
2314 0.000386950385429
2315 0.000346964562686
2316 0.000307618377244
2317 0.000269057530509
2318 0.000231767147943
2319 0.000195931040033
2320 0.000161688159687
2321 0.000129235195248
2322 9.87658868514e-05
2323 7.03918105373e-05
2324 4.40082180388e-05
2325 1.97512775783e-05
2326 -2.39847989603e-06
2327 -2.2467422815e-05
2328 -4.05205739858e-05
2329 -5.65954768525e-05
2330 -7.07865661193e-05
2331 -8.31711038787e-05
2332 -9.38595523259e-05
2333 -0.000102947515313
2334 -0.000110543690399
2335 -0.000116773376179
2336 -0.000121750598205
2337 -0.00012557576938
2338 -0.000128370604727
2339 -0.000130236780839
2340 -0.000131267465391
2341 -0.000131555522727
2342 -0.000131202463983
2343 -0.000130287544346
2344 -0.00012887830021
2345 -0.000127055105421
2346 -0.000124869893587
2347 -0.000122361519459
2348 -0.000119575390088
2349 -0.000116570359744
2350 0.000739249137663
2351 0.000735003305083
2352 0.000726212570588
2353 0.000713357307578
2354 0.000696563483645
2355 0.000675959732765
2356 0.000651930457639
2357 0.000624534057719
2358 0.000594960546224
2359 0.000562741336395
2360 0.000528626153846
2361 0.000492951407761
2362 0.000456154777212
2363 0.00041886692582
2364 0.000381264177186
2365 0.000343749870986
2366 0.000306710251935
2367 0.00027031062716
2368 0.000235002058697
2369 0.00020094999352
2370 0.000168304055004
2371 0.000137249132067
2372 0.000107970484812
2373 8.05939629317e-05
2374 5.50043888349e-05
2375 3.13849562201e-05
2376 9.70172489498e-06
2377 -1.00427703017e-05
2378 -2.78991472899e-05
2379 -4.39192306293e-05
2380 -5.81598175193e-05
2381 -7.06979621028e-05
2382 -8.16330404946e-05
2383 -9.10452294277e-05
2384 -9.90305035315e-05
2385 -0.000105703907066
2386 -0.00011116875499
2387 -0.000115518287903
2388 -0.000118852314727
2389 -0.00012126258645
2390 -0.000122847001332
2391 -0.000123692012187
2392 -0.000123895533897
2393 -0.000123527106119
2394 -0.000122648486189
2395 -0.000121332494188
2396 -0.000119626783826
2397 -0.000117574642716
2398 -0.000115220897673
2399 -0.000112632562052
2400 0.000706945617277
2401 0.000703045329707
2402 0.00069494063317
2403 0.000683105418653
2404 0.000667632138145
2405 0.000648618814953
2406 0.000626435915866
2407 0.000601103470248
2408 0.00057374051844
2409 0.000543884975835
2410 0.000512216048258
2411 0.0004790561542
2412 0.000444775263165
2413 0.000409964342292
2414 0.000374801684637
2415 0.000339596002763
2416 0.000304765300346
2417 0.000270434629883
2418 0.00023703890581
2419 0.000204724177493
2420 0.000173645089539
2421 0.000143974866468
2422 0.000115900955207
2423 8.95473182534e-05
2424 6.48098541936e-05
2425 4.18772708267e-05
2426 2.07255830823e-05
2427 1.36458761724e-06
2428 -1.62482447839e-05
2429 -3.2142865389e-05
2430 -4.63593832715e-05
2431 -5.89821653698e-05
2432 -7.00944238919e-05
2433 -7.97554652653e-05
2434 -8.80482031086e-05
2435 -9.50907946292e-05
2436 -0.000100962469176
2437 -0.000105755544548
2438 -0.000109562300646
2439 -0.00011246146183
2440 -0.000114556795928
2441 -0.000115923390639
2442 -0.000116639604581
2443 -0.000116775085351
2444 -0.000116391498774
2445 -0.000115546324952
2446 -0.000114289369219
2447 -0.00011267166327
2448 -0.00011074726914
2449 -0.000108563168244
2450 0.000675802852279
2451 0.000672230943289
2452 0.000664757228233
2453 0.000653866003995
2454 0.000639605612372
2455 0.000622059795579
2456 0.000601558075006
2457 0.000578147918555
2458 0.000552834959051
2459 0.00052517201242
2460 0.000495773837096
2461 0.000464966778652
2462 0.000433037388685
2463 0.00040055816967
2464 0.000367666766084
2465 0.000334679461111
2466 0.000301942247874
2467 0.000269589947557
2468 0.000238029889581
2469 0.000207397975314
2470 0.00017785016849
2471 0.000149550293884
2472 0.000122681041551
2473 9.73618725307e-05
2474 7.34985413112e-05
2475 5.12807089344e-05
2476 3.06909498045e-05
2477 1.1752835352e-05
2478 -5.55025176383e-06
2479 -2.12495373982e-05
2480 -3.53893395626e-05
2481 -4.8034303718e-05
2482 -5.92578163656e-05
2483 -6.9102647902e-05
2484 -7.76487549798e-05
2485 -8.49924557842e-05
2486 -9.12047466279e-05
2487 -9.63845536156e-05
2488 -0.000100606605659
2489 -0.000103944163756
2490 -0.00010649560231
2491 -0.00010832805568
2492 -0.000109508331064
2493 -0.000110101885292
2494 -0.000110165186353
2495 -0.000109751498109
2496 -0.000108915727153
2497 -0.000107704613489
2498 -0.000106184398949
2499 -0.000104393765304
