0 -0.00227521027193
1 0.00485682416551
2 0.0083664408789
3 0.00751233827292
4 0.00631370616188
5 0.00526699863367
6 0.00442547858728
7 0.00374941343345
8 0.0032164293636
9 0.00278176361647
10 0.00242352473467
11 0.00212662624601
12 0.00187823742556
13 0.00166831861371
14 0.0014895030865
15 0.00133549582747
16 0.00120263700582
17 0.00108698991413
18 0.000985240493848
19 0.000896037507803
20 0.000817122126132
21 0.000747736880733
22 0.000688339304826
23 0.000641134113009
24 0.000607422965367
25 0.000581096565887
26 0.000547934445436
27 0.000498913241211
28 0.000439074937583
29 0.000380901105557
30 0.000332753636738
31 0.0002968470211
32 0.000271355501054
33 0.000253283319476
34 0.000240055098652
35 0.000229715148752
36 0.000220958637156
37 0.000213044936889
38 0.000205540155431
39 0.000198222660222
40 0.000190980865864
41 0.000183778811335
42 0.00017662036999
43 0.000169517448636
44 0.000162527225398
45 0.000155725160665
46 0.000149125060391
47 0.000142768243453
48 0.000136634739814
49 0.000130712237046
50 0.00972637225751
51 -0.0135383791538
52 -0.00696874407096
53 -0.00116367699276
54 0.00137329745
55 0.00234932882305
56 0.00259836066589
57 0.0025573940596
58 0.00240527554466
59 0.0022120555448
60 0.00201302328529
61 0.00182420653958
62 0.00165068328198
63 0.00149411555329
64 0.00135407598379
65 0.00122872086252
66 0.00111745831758
67 0.00101834377541
68 0.0009294412147
69 0.000850230060662
70 0.000779188238742
71 0.000716214577679
72 0.000661935024493
73 0.000618861247393
74 0.000588286682544
75 0.000564129001454
76 0.000532629499391
77 0.000485386762986
78 0.000427631532216
79 0.000371570463703
80 0.000325225988639
81 0.000290709156238
82 0.000266214836286
83 0.000248861827079
84 0.000236162401795
85 0.000226227236507
86 0.000217796103245
87 0.000210160462124
88 0.000202897231116
89 0.000195797816023
90 0.000188751493906
91 0.000181729097908
92 0.000174737882501
93 0.00016778875401
94 0.000160940903752
95 0.00015426881375
96 0.000147788877202
97 0.00014154093832
98 0.000135507288093
99 0.000129675782328
100 0.020940658841
101 -0.000662985484499
102 -0.00924821030678
103 -0.00740422203359
104 -0.00421564665584
105 -0.00182883222678
106 -0.000393573569392
107 0.000428432019685
108 0.000866911515197
109 0.00108524047803
110 0.00117544411856
111 0.00119157307141
112 0.00116538216193
113 0.00111693189481
114 0.00105724996983
115 0.000992527175075
116 0.000927425071501
117 0.000864093471785
118 0.000803252057399
119 0.000746120003901
120 0.000692656426077
121 0.000643904795555
122 0.000601177843208
123 0.000567448005968
124 0.000543952430957
125 0.000524667686948
126 0.00049688770268
127 0.000453690376826
128 0.000400756392637
129 0.000349608602222
130 0.00030749481396
131 0.000276222603935
132 0.00025408018518
133 0.000238422842671
134 0.000226965140807
135 0.000217981065525
136 0.000210313997882
137 0.000203323187008
138 0.000196625081024
139 0.00019003122515
140 0.000183440706009
141 0.000176837260141
142 0.000170235616227
143 0.000163644640485
144 0.00015712960079
145 0.000150763103261
146 0.000144563868523
147 0.000138572902541
148 0.000132774573569
149 0.000127158912465
150 0.0190996895346
151 0.00721204362719
152 -0.00320549747342
153 -0.00647242594864
154 -0.00592420514579
155 -0.00429023551081
156 -0.0027464175955
157 -0.00155778044658
158 -0.000737100062776
159 -0.000185027673276
160 0.000175580501683
161 0.000402731821324
162 0.000539694577669
163 0.000617521849241
164 0.000655719099683
165 0.000667435461406
166 0.000662065522033
167 0.00064603669851
168 0.000623035332235
169 0.000596148949621
170 0.000567069535883
171 0.000538234756443
172 0.000511840433151
173 0.000491330515924
174 0.000477805337901
175 0.000465451421921
176 0.000443218706893
177 0.000406261024545
178 0.000360665243369
179 0.00031682997664
180 0.000280942637493
181 0.000254424160831
182 0.000235730259039
183 0.000222565616049
184 0.000212945437983
185 0.000205377441516
186 0.000198856924554
187 0.000192838493124
188 0.000186996683854
189 0.000181170859025
190 0.000175275643876
191 0.000169311778013
192 0.000163303936484
193 0.000157260901298
194 0.000151255468958
195 0.000145356898018
196 0.000139588029344
197 0.000133991214147
198 0.000128554125976
199 0.000123270412413
200 0.0159108818571
201 0.00940824399139
202 0.00154106220177
203 -0.00317289982349
204 -0.00476701683595
205 -0.00460452581973
206 -0.00374712360608
207 -0.00276984760746
208 -0.00192431337452
209 -0.00125029771372
210 -0.000740111759034
211 -0.000368136002685
212 -0.000102720474195
213 8.43864450303e-05
214 0.000213484267563
215 0.000300183579914
216 0.00035594891139
217 0.000390036774168
218 0.000408301298646
219 0.000415194038317
220 0.000413882074515
221 0.000408070570346
222 0.000400770774617
223 0.000395718476119
224 0.000393783853037
225 0.000389683342271
226 0.000374588814631
227 0.000345918725537
228 0.0003098364532
229 0.00027522591255
230 0.000247063422476
231 0.000226404377964
232 0.000211967785598
233 0.00020190083223
234 0.000194585759161
235 0.000188812191562
236 0.000183758768601
237 0.000178994277917
238 0.000174263437614
239 0.000169438567106
240 0.000164452804865
241 0.000159327730755
242 0.000154098645096
243 0.000148776887856
244 0.000143442529383
245 0.000138160868906
246 0.000132959908919
247 0.000127883595006
248 0.000122923939132
249 0.000118079360035
250 0.0131575971751
251 0.00938153026166
252 0.0039777606943
253 -0.000336495693972
254 -0.00276637877109
255 -0.00367849294416
256 -0.0036295456403
257 -0.00313756703898
258 -0.00252387929781
259 -0.00192810529911
260 -0.00141033975386
261 -0.000988759491072
262 -0.000657296456022
263 -0.00040129130272
264 -0.000206775413312
265 -6.08089698831e-05
266 4.64867258819e-05
267 0.00012527029096
268 0.000181766175408
269 0.000221125643936
270 0.000247227520852
271 0.000264609739023
272 0.000276729584371
273 0.000287426361791
274 0.000297304829157
275 0.000302046633615
276 0.000295387762823
277 0.000276714430202
278 0.00025170199085
279 0.000227499633095
280 0.000207902215994
281 0.000193693073129
282 0.00018396414978
283 0.000177351158841
284 0.000172644082075
285 0.00016892345615
286 0.000165573965572
287 0.000162275801229
288 0.000158854720575
289 0.000155219190738
290 0.00015131587418
291 0.000147191394097
292 0.00014289396475
293 0.000138438655351
294 0.000133911200056
295 0.000129373249016
296 0.000124855090306
297 0.00012040602348
298 0.000116023302027
299 0.000111710406836
300 0.0110384646927
301 0.00867787759406
302 0.00494995820958
303 0.0014573961258
304 -0.00102430991338
305 -0.00243115002603
306 -0.00295125138358
307 -0.00292555336728
308 -0.00262178936416
309 -0.00220888814382
310 -0.00178234762201
311 -0.00139176164681
312 -0.00105640296783
313 -0.000777452783335
314 -0.000551100767038
315 -0.000369410390046
316 -0.000227587353756
317 -0.000116005720081
318 -2.98406913393e-05
319 3.60388140889e-05
320 8.56323553946e-05
321 0.000123103987697
322 0.000152331924005
323 0.000176755447269
324 0.000197323127716
325 0.000210757695002
326 0.000213281657182
327 0.000205455621924
328 0.000191957509648
329 0.000178180241461
330 0.000167016343116
331 0.000159143485352
332 0.000154051430848
333 0.00015087168747
334 0.000148803780863
335 0.000147204490493
336 0.000145646181359
337 0.000143897651769
338 0.00014184819026
339 0.000139493849253
340 0.000136777786946
341 0.000133733114126
342 0.00013044263237
343 0.000126934769289
344 0.000123291561559
345 0.000119571630455
346 0.000115804731881
347 0.000112042585416
348 0.000108295222024
349 0.000104566175244
350 0.00942619589944
351 0.00785780225974
352 0.00520598339885
353 0.00245843387755
354 0.000224223443163
355 -0.00130961716752
356 -0.00213602421959
357 -0.00244527756775
358 -0.00241716809843
359 -0.00220526631906
360 -0.00191123715795
361 -0.00159740945193
362 -0.00129991822622
363 -0.00103347541424
364 -0.000803902169937
365 -0.000609453416396
366 -0.000449747301238
367 -0.00031883575616
368 -0.000212868943068
369 -0.000128178719323
370 -6.07223247487e-05
371 -7.61010477023e-06
372 3.50822102549e-05
373 7.01765296628e-05
374 9.9805899763e-05
375 0.000121702568321
376 0.00013383849643
377 0.000136996899972
378 0.000134552819464
379 0.000130368517692
380 0.000126851387279
381 0.000124740872385
382 0.000123898523678
383 0.000123903518378
384 0.000124316824531
385 0.000124762790679
386 0.000124978772799
387 0.000124792877965
388 0.000124139230366
389 0.000123075206858
390 0.000121565903344
391 0.000119658934129
392 0.000117399946223
393 0.000114863980122
394 0.000112135044794
395 0.000109267636475
396 0.000106284857152
397 0.000103247971491
398 0.000100160811431
399 9.7043186268e-05
400 0.00811014947536
401 0.00703050438245
402 0.00512179005527
403 0.00300175165165
404 0.00110283947727
405 -0.000374877841641
406 -0.00133286371342
407 -0.00185660050658
408 -0.0020459810827
409 -0.00202052912711
410 -0.00186932728152
411 -0.00165565043057
412 -0.0014219284665
413 -0.00119257576495
414 -0.000981033782715
415 -0.000792210333017
416 -0.000628888991016
417 -0.000489799914687
418 -0.00037280070799
419 -0.000275967989763
420 -0.000196232282525
421 -0.000131642709339
422 -7.91116790298e-05
423 -3.55604585556e-05
424 2.04079615168e-06
425 3.27509952917e-05
426 5.51286184049e-05
427 6.93613901673e-05
428 7.74683350789e-05
429 8.22518226127e-05
430 8.57443211593e-05
431 8.89730507823e-05
432 9.21262638353e-05
433 9.52547655761e-05
434 9.81018005707e-05
435 0.000100606823547
436 0.000102631335004
437 0.000104069743667
438 0.000104920771273
439 0.000105218435836
440 0.000104974659988
441 0.000104286232122
442 0.000103153490496
443 0.000101654961369
444 9.98997817551e-05
445 9.79411944689e-05
446 9.58066062461e-05
447 9.35474620575e-05
448 9.1176982604e-05
449 8.87259342662e-05
450 0.00700189872476
451 0.00624209523687
452 0.00485967639067
453 0.00323970601523
454 0.00168225366995
455 0.000354398652019
456 -0.000616529458591
457 -0.00125215241577
458 -0.00159197358755
459 -0.00171956491383
460 -0.00170139272052
461 -0.00159344181925
462 -0.0014373841319
463 -0.00126180532496
464 -0.00108462914403
465 -0.000916006614751
466 -0.000762191172663
467 -0.000625425767907
468 -0.000506028052011
469 -0.000404017183934
470 -0.000318132064374
471 -0.000247186604384
472 -0.000188866018575
473 -0.000139023351049
474 -9.39328942414e-05
475 -5.38392321322e-05
476 -2.09515450013e-05
477 3.84286573264e-06
478 2.15116135873e-05
479 3.42589640089e-05
480 4.39172325163e-05
481 5.19150419838e-05
482 5.87350287199e-05
483 6.48087643052e-05
484 7.00387011273e-05
485 7.46035070366e-05
486 7.84476395443e-05
487 8.15507335117e-05
488 8.39498485909e-05
489 8.56886347798e-05
490 8.67994922925e-05
491 8.73825780731e-05
492 8.7458793773e-05
493 8.70850912214e-05
494 8.63806051666e-05
495 8.53933990912e-05
496 8.41770299725e-05
497 8.2760434131e-05
498 8.11680899534e-05
499 7.94447818898e-05
500 0.00607429258918
501 0.00552837867847
502 0.00451502485796
503 0.00327732064333
504 0.00202227281179
505 0.000877048054654
506 -3.53359720586e-05
507 -0.00070450168424
508 -0.0011300319093
509 -0.00136609060868
510 -0.00145592577971
511 -0.00144364833487
512 -0.00136589867466
513 -0.00125057973124
514 -0.00111722198263
515 -0.000979008589367
516 -0.000844955660129
517 -0.000719752610379
518 -0.000606087607522
519 -0.000506316221155
520 -0.000420811182551
521 -0.000349235932558
522 -0.000288942492998
523 -0.000234376094626
524 -0.000181800091581
525 -0.000132315638154
526 -8.96942774999e-05
527 -5.59518005699e-05
528 -3.05414912134e-05
529 -1.14825321225e-05
530 3.15188612124e-06
531 1.50528899105e-05
532 2.50054994894e-05
533 3.36680038255e-05
534 4.11134018536e-05
535 4.76067018591e-05
536 5.32112382275e-05
537 5.79532708906e-05
538 6.189548532e-05
539 6.50859797136e-05
540 6.75560870383e-05
541 6.94300417351e-05
542 7.0742191567e-05
543 7.15334805124e-05
544 7.19181487352e-05
545 7.19469652888e-05
546 7.16790070076e-05
547 7.11482565011e-05
548 7.03739585659e-05
549 6.94164889079e-05
550 0.00530660911316
551 0.00490496243013
552 0.00414889654142
553 0.00319613465536
554 0.00218903575578
555 0.00122179660099
556 0.00040084953858
557 -0.000250911234954
558 -0.000711272429893
559 -0.00101261315766
560 -0.00117982761478
561 -0.00124429950388
562 -0.00123559984068
563 -0.00117814238705
564 -0.00109098022696
565 -0.000987992946189
566 -0.000879775378412
567 -0.000772740978087
568 -0.000671656710063
569 -0.00058070929665
570 -0.000501762383636
571 -0.000434447819068
572 -0.000374512743203
573 -0.000315514779978
574 -0.000255369545259
575 -0.000197633195525
576 -0.000147448063837
577 -0.000107348298855
578 -7.66345900057e-05
579 -5.32452346091e-05
580 -3.50162275492e-05
581 -2.02067513209e-05
582 -7.78314683566e-06
583 3.0184923062e-06
584 1.24024590993e-05
585 2.06232560843e-05
586 2.78569175162e-05
587 3.41369076324e-05
588 3.95417866129e-05
589 4.4139719837e-05
590 4.79420699673e-05
591 5.10742301092e-05
592 5.36008214823e-05
593 5.55472783028e-05
594 5.70132038715e-05
595 5.80586248108e-05
596 5.8729956965e-05
597 5.90886901185e-05
598 5.91426383557e-05
599 5.89574954156e-05
600 0.00467372361426
601 0.0043720983369
602 0.00379612400099
603 0.00305310008135
604 0.00224140486272
605 0.00143120646857
606 0.000709678518605
607 0.000102563143489
608 -0.000358817722217
609 -0.000691482556606
610 -0.000907917226782
611 -0.00102820095393
612 -0.00107460750257
613 -0.00106720987964
614 -0.00102314547534
615 -0.000955558236073
616 -0.000875333743752
617 -0.000790221042312
618 -0.000706476135322
619 -0.000629563736526
620 -0.000561790382107
621 -0.000501189610079
622 -0.000441576740652
623 -0.000377665537211
624 -0.000310769237788
625 -0.000247232547502
626 -0.000192721459627
627 -0.000149334815507
628 -0.000115851300124
629 -9.00418163778e-05
630 -6.95917788415e-05
631 -5.28154791998e-05
632 -3.85948472152e-05
633 -2.61521510312e-05
634 -1.51840085423e-05
635 -5.4712615905e-06
636 3.19900897086e-06
637 1.08662145723e-05
638 1.76017441486e-05
639 2.35071528336e-05
640 2.85728862628e-05
641 3.28866376829e-05
642 3.65622414806e-05
643 3.96143015987e-05
644 4.21111039078e-05
645 4.41352017678e-05
646 4.57195994117e-05
647 4.69391547626e-05
648 4.78020930271e-05
649 4.83687187595e-05
650 0.00414773171337
651 0.00391674559536
652 0.00346978116015
653 0.00288189219363
654 0.00222378340603
655 0.00154605341833
656 0.000919459242304
657 0.000368048181716
658 -7.41760299938e-05
659 -0.000414773960096
660 -0.000658187023587
661 -0.000815855085152
662 -0.000903276994208
663 -0.00093639760036
664 -0.000929567789941
665 -0.000894829432808
666 -0.000842305092693
667 -0.000780894366424
668 -0.000717541627898
669 -0.000658010570323
670 -0.000603184565166
671 -0.000548527199376
672 -0.00048761174596
673 -0.000418867397782
674 -0.000347550874318
675 -0.000281758896
676 -0.000226401901339
677 -0.000182570770869
678 -0.000148512084374
679 -0.000121875432464
680 -0.000100358450156
681 -8.24263311059e-05
682 -6.70090109352e-05
683 -5.33782064927e-05
684 -4.1165407867e-05
685 -3.02099999867e-05
686 -2.03177719013e-05
687 -1.1441515415e-05
688 -3.52270441698e-06
689 3.54737984203e-06
690 9.76818634479e-06
691 1.51764871434e-05
692 1.99082122344e-05
693 2.39848622943e-05
694 2.74540235969e-05
695 3.04011732812e-05
696 3.28543768794e-05
697 3.48785304512e-05
698 3.65205084741e-05
699 3.7808474042e-05
700 0.00370128873452
701 0.00352184290445
702 0.00316984623059
703 0.00270003844263
704 0.0021637393839
705 0.00159681027801
706 0.00105662285598
707 0.000563952534341
708 0.000151719629102
709 -0.000181761210377
710 -0.000435939079307
711 -0.00061641798995
712 -0.000732809842232
713 -0.000797307188246
714 -0.000821453371371
715 -0.000815910215618
716 -0.000790045088525
717 -0.000752989870637
718 -0.00071174836154
719 -0.0006704164038
720 -0.000626864400697
721 -0.000575134482054
722 -0.000511566427518
723 -0.000439723482549
724 -0.000367717619319
725 -0.000303490182103
726 -0.00025042852626
727 -0.000208499856163
728 -0.00017554719124
729 -0.000149301096608
730 -0.000127646635843
731 -0.00010922919529
732 -9.30858467074e-05
733 -7.85971196784e-05
734 -6.54599489687e-05
735 -5.3515479155e-05
736 -4.26120356168e-05
737 -3.27031801098e-05
738 -2.37448538691e-05
739 -1.56575721426e-05
740 -8.41401160906e-06
741 -1.99374612146e-06
742 3.69761838961e-06
743 8.70615971383e-06
744 1.30867049562e-05
745 1.6893140973e-05
746 2.01628283753e-05
747 2.296154991e-05
748 2.5341661305e-05
749 2.73255199316e-05
750 0.00331607565362
751 0.00317502244519
752 0.00289458809963
753 0.00251657489791
754 0.00207752192252
755 0.00160342320466
756 0.00114002022103
757 0.000704761967293
758 0.000327882210026
759 1.08311039319e-05
760 -0.000242869602128
761 -0.000434786531977
762 -0.000570079161402
763 -0.000657870303987
764 -0.000707052171924
765 -0.000726964395717
766 -0.000726270099542
767 -0.000713379555296
768 -0.000693702502687
769 -0.000667772746302
770 -0.000631064479975
771 -0.000579171557043
772 -0.0005136750581
773 -0.000442341258919
774 -0.00037403432756
775 -0.000314905025751
776 -0.000266650475014
777 -0.000228339454496
778 -0.000197704762184
779 -0.000172735539166
780 -0.000151618230463
781 -0.000133226777562
782 -0.000116758524988
783 -0.000101763907089
784 -8.79884765339e-05
785 -7.52992544078e-05
786 -6.35893857186e-05
787 -5.28298593989e-05
788 -4.29902614811e-05
789 -3.40228322514e-05
790 -2.58878859971e-05
791 -1.85644658155e-05
792 -1.20053402999e-05
793 -6.15448384053e-06
794 -9.52439704557e-07
795 3.64530842759e-06
796 7.67922102735e-06
797 1.12141440896e-05
798 1.42872953962e-05
799 1.69343734332e-05
800 0.00298055014484
801 0.00286804410764
802 0.00264284975691
803 0.00233660657485
804 0.00197572034777
805 0.00157893478223
806 0.00118273713719
807 0.000801533922059
808 0.000461778975263
809 0.000166454455027
810 -7.89633558839e-05
811 -0.000273694602834
812 -0.000419889948325
813 -0.000524008230303
814 -0.000593068146372
815 -0.000634999669713
816 -0.000657476246225
817 -0.000666623300702
818 -0.000664360022513
819 -0.000647882250975
820 -0.000613170560752
821 -0.00056052522568
822 -0.00049652711049
823 -0.000430484235203
824 -0.000369837532944
825 -0.000318451321907
826 -0.000276638191436
827 -0.000242991552473
828 -0.000215460048942
829 -0.000192369982267
830 -0.000172264573476
831 -0.000154320563611
832 -0.000137913931835
833 -0.000122712542818
834 -0.000108570120743
835 -9.53774885109e-05
836 -8.3076936599e-05
837 -7.16538264777e-05
838 -6.11021183545e-05
839 -5.13953243273e-05
840 -4.25077275031e-05
841 -3.44169090434e-05
842 -2.71018034169e-05
843 -2.05022626698e-05
844 -1.45748027805e-05
845 -9.26374162591e-06
846 -4.53347793263e-06
847 -3.34526915052e-07
848 3.38402465344e-06
849 6.64806609258e-06
850 0.00268728542676
851 0.00259651151042
852 0.00241422119433
853 0.0021643505168
854 0.00186615193016
855 0.00153349241728
856 0.00119516189562
857 0.00086286469182
858 0.000559645951333
859 0.000288724606499
860 5.63755731161e-05
861 -0.00013499405633
862 -0.000285952585958
863 -0.000400882292991
864 -0.000485408036172
865 -0.000545975381521
866 -0.000587864263211
867 -0.000613509481477
868 -0.000621287686888
869 -0.000608085672312
870 -0.00057356045871
871 -0.00052312192806
872 -0.000465508544646
873 -0.000409024886353
874 -0.000358669543647
875 -0.000316413813613
876 -0.000281728374046
877 -0.000253183112008
878 -0.00022911418064
879 -0.000208251557334
880 -0.000189516453877
881 -0.000172337110092
882 -0.000156301023625
883 -0.000141167913371
884 -0.000126913042731
885 -0.000113449475879
886 -0.000100772465728
887 -8.88884086301e-05
888 -7.78064831681e-05
889 -6.75245341396e-05
890 -5.80375838038e-05
891 -4.93271517341e-05
892 -4.13701918894e-05
893 -3.4133770964e-05
894 -2.75733030199e-05
895 -2.16377835213e-05
896 -1.62894099924e-05
897 -1.14954839276e-05
898 -7.19339919232e-06
899 -3.36161269057e-06
900 0.00243176720753
901 0.00235785480997
902 0.00220889103134
903 0.00200333494924
904 0.00175525545911
905 0.00147521990902
906 0.00118611897115
907 0.000897091291519
908 0.00062798246558
909 0.000381909232701
910 0.000165314735264
911 -1.8789190431e-05
912 -0.000170137979017
913 -0.000291690397647
914 -0.000387768758617
915 -0.00046235183774
916 -0.000517158452762
917 -0.000551309298801
918 -0.000562248485622
919 -0.000549738508577
920 -0.000517765828112
921 -0.00047430748986
922 -0.000427276742815
923 -0.000382813712324
924 -0.000343718058712
925 -0.000310745775366
926 -0.000283086776962
927 -0.00025958593593
928 -0.000239029234058
929 -0.000220523726333
930 -0.000203351915305
931 -0.000187168791028
932 -0.000171739761966
933 -0.000156927294883
934 -0.000142790981137
935 -0.000129285284682
936 -0.000116433468485
937 -0.000104281895672
938 -9.28488128863e-05
939 -8.21508708209e-05
940 -7.22165831918e-05
941 -6.30324023697e-05
942 -5.45637638527e-05
943 -4.68117324277e-05
944 -3.97282406848e-05
945 -3.32659277457e-05
946 -2.73887541916e-05
947 -2.20729317983e-05
948 -1.72554965361e-05
949 -1.2917700594e-05
950 0.00220796236131
951 0.00214710517525
952 0.00202452816988
953 0.00185409989955
954 0.0016467037703
955 0.00141017585994
956 0.00116286127071
957 0.000911912446618
958 0.000674279468269
959 0.000452633760576
960 0.000252929764029
961 7.82575084202e-05
962 -7.06760418172e-05
963 -0.000195612947365
964 -0.00029894043559
965 -0.000381415647353
966 -0.000441620260474
967 -0.000477818707177
968 -0.000489324413854
969 -0.000479368979612
970 -0.000454334630456
971 -0.000421710899363
972 -0.000387402443558
973 -0.000355414231016
974 -0.00032713324244
975 -0.000302741921892
976 -0.000281538392068
977 -0.000262744949061
978 -0.000245542326113
979 -0.000229394209515
980 -0.000213888731681
981 -0.000198865075401
982 -0.000184235832209
983 -0.000169960519059
984 -0.000156144023823
985 -0.000142781307276
986 -0.000129950871999
987 -0.000117713066085
988 -0.000106097900002
989 -9.51600037859e-05
990 -8.49303292446e-05
991 -7.5421852624e-05
992 -6.65895085851e-05
993 -5.84454649745e-05
994 -5.09504535744e-05
995 -4.40638890699e-05
996 -3.77523779163e-05
997 -3.19929764026e-05
998 -2.67334980274e-05
999 -2.19541469804e-05
1000 0.00201217747438
1001 0.00196182194027
1002 0.00186045566322
1003 0.00171831009684
1004 0.00154450801759
1005 0.00134443581156
1006 0.00113290209621
1007 0.000915557289299
1008 0.000706618985568
1009 0.000508181508442
1010 0.00032535833834
1011 0.000160858207675
1012 1.59203061481e-05
1013 -0.000109577552895
1014 -0.000215371397452
1015 -0.000299779308086
1016 -0.000360175011092
1017 -0.000396276205181
1018 -0.000409877320273
1019 -0.000406057340923
1020 -0.00039121323035
1021 -0.000370946825571
1022 -0.000349331182876
1023 -0.000328793641228
1024 -0.00031004147795
1025 -0.000293125053166
1026 -0.000277600451289
1027 -0.000263025732256
1028 -0.000248939421808
1029 -0.000235088491932
1030 -0.000221300604911
1031 -0.000207557389268
1032 -0.00019387966357
1033 -0.000180315329781
1034 -0.000166991323206
1035 -0.000153959546433
1036 -0.000141336728284
1037 -0.000129188137629
1038 -0.000117574866199
1039 -0.000106567993869
1040 -9.61949554388e-05
1041 -8.64972010005e-05
1042 -7.74322445839e-05
1043 -6.90073917071e-05
1044 -6.11902085135e-05
1045 -5.39767791463e-05
1046 -4.73149466053e-05
1047 -4.11904295338e-05
1048 -3.55628777491e-05
1049 -3.04110845942e-05
1050 0.00184458815423
1051 0.00180297871668
1052 0.00171895998101
1053 0.0016003842929
1054 0.00145478571353
1055 0.00128573393977
1056 0.00110522868733
1057 0.000917506522465
1058 0.000734177587427
1059 0.000556460941291
1060 0.000388579582986
1061 0.000233173607191
1062 9.26309742539e-05
1063 -3.106476037e-05
1064 -0.00013550043696
1065 -0.000218150138182
1066 -0.000277245931566
1067 -0.00031431391124
1068 -0.000332664760928
1069 -0.000337318931022
1070 -0.00033346114294
1071 -0.000324969363662
1072 -0.000314551270804
1073 -0.000303669311072
1074 -0.000292862325903
1075 -0.000282221449477
1076 -0.000271563420483
1077 -0.000260707771089
1078 -0.000249477773945
1079 -0.000237845064399
1080 -0.000225786732712
1081 -0.00021341527654
1082 -0.000200819257046
1083 -0.000188104196811
1084 -0.000175434704889
1085 -0.000162911048479
1086 -0.00015064779695
1087 -0.000138747117455
1088 -0.000127286864473
1089 -0.000116358517853
1090 -0.000105993960839
1091 -9.6230428316e-05
1092 -8.70552992667e-05
1093 -7.84679290259e-05
1094 -7.0442749108e-05
1095 -6.29896581898e-05
1096 -5.60636525335e-05
1097 -4.96521691082e-05
1098 -4.37291945555e-05
1099 -3.82680840555e-05
1100 0.00171121562314
1101 0.00167692011031
1102 0.00160718017846
1103 0.00150845478703
1104 0.00138634650424
1105 0.00124324087766
1106 0.00108849259947
1107 0.000924775460303
1108 0.000761509401077
1109 0.000599308448176
1110 0.000442117914027
1111 0.000293535029195
1112 0.000157569365558
1113 3.77653760726e-05
1114 -6.27864825329e-05
1115 -0.000142187410481
1116 -0.000200301027068
1117 -0.000239696566097
1118 -0.000263969156643
1119 -0.000277162761555
1120 -0.000283148872705
1121 -0.000284549436527
1122 -0.00028318521112
1123 -0.000280045848888
1124 -0.000275646995113
1125 -0.000270156027423
1126 -0.000263598847268
1127 -0.000255993792217
1128 -0.000247380864818
1129 -0.000237859482051
1130 -0.000227535915121
1131 -0.000216596242967
1132 -0.000205176781352
1133 -0.000193429809544
1134 -0.000181556274276
1135 -0.00016967693415
1136 -0.000157913394352
1137 -0.000146407059694
1138 -0.000135254940602
1139 -0.000124542423833
1140 -0.000114320316756
1141 -0.000104622085357
1142 -9.54515846033e-05
1143 -8.68101359107e-05
1144 -7.86822785704e-05
1145 -7.10841027667e-05
1146 -6.39807174626e-05
1147 -5.73572633656e-05
1148 -5.1205813348e-05
1149 -4.55022131146e-05
1150 0.00161741710833
1151 0.00158861970096
1152 0.00152969354686
1153 0.00144582335834
1154 0.00134082887441
1155 0.00121609673801
1156 0.00107874051973
1157 0.000930411238845
1158 0.000779370800872
1159 0.000626578289643
1160 0.000476677236068
1161 0.000334506377101
1162 0.00020499877986
1163 9.18476301138e-05
1164 -2.70113898927e-06
1165 -7.80517658124e-05
1166 -0.000135239152615
1167 -0.000177002711145
1168 -0.000206508555125
1169 -0.000226727319849
1170 -0.000240414316653
1171 -0.000249374614008
1172 -0.000254898994935
1173 -0.000257730153973
1174 -0.000258371665304
1175 -0.000257029738484
1176 -0.000253898869145
1177 -0.000249134066593
1178 -0.000242893485368
1179 -0.000235372330446
1180 -0.000226761019698
1181 -0.000217276405605
1182 -0.000207098226193
1183 -0.000196413960668
1184 -0.000185446514865
1185 -0.000174319249316
1186 -0.000163190454358
1187 -0.000152221171745
1188 -0.000141506961833
1189 -0.000131143607183
1190 -0.000121181810475
1191 -0.000111655831648
1192 -0.000102587437633
1193 -9.39748637419e-05
1194 -8.5842604549e-05
1195 -7.81832442259e-05
1196 -7.09806889869e-05
1197 -6.42251374109e-05
1198 -5.79164936041e-05
1199 -5.20435656111e-05
1200 0.00154432222141
1201 0.00151876740418
1202 0.00146618858908
1203 0.0013907811476
1204 0.00129528797991
1205 0.00118052823425
1206 0.00105256860376
1207 0.000912998151501
1208 0.000770072593258
1209 0.000625453260702
1210 0.000484548608268
1211 0.000352282534373
1212 0.000233115228679
1213 0.000129726407891
1214 4.2968471297e-05
1215 -2.75051591726e-05
1216 -8.31386997893e-05
1217 -0.000126350537289
1218 -0.000159554395619
1219 -0.000184791389252
1220 -0.000203981074998
1221 -0.000218414740032
1222 -0.000229001818414
1223 -0.000236340457055
1224 -0.000240887958502
1225 -0.000242897312255
1226 -0.000242653620008
1227 -0.000240378928471
1228 -0.000236297151831
1229 -0.000230671334444
1230 -0.000223726700726
1231 -0.000215700183987
1232 -0.000206807153869
1233 -0.000197259382223
1234 -0.000187275448719
1235 -0.000176998808894
1236 -0.000166624881492
1237 -0.000156301569778
1238 -0.000146140267993
1239 -0.000136217701105
1240 -0.000126611948701
1241 -0.000117355521391
1242 -0.000108472065408
1243 -9.99947664016e-05
1244 -9.19397716542e-05
1245 -8.42971539266e-05
1246 -7.70708363327e-05
1247 -7.02576935501e-05
1248 -6.38654055303e-05
1249 -5.78926108051e-05
1250 0.00144914771121
1251 0.00142533356217
1252 0.00137619538366
1253 0.00130559670753
1254 0.00121595898159
1255 0.00110835134915
1256 0.000988637091911
1257 0.000858854075006
1258 0.000727278277428
1259 0.000595679085783
1260 0.000469112285777
1261 0.000351570490077
1262 0.000246215865136
1263 0.000154537783396
1264 7.65068398916e-05
1265 1.14233286329e-05
1266 -4.19490807513e-05
1267 -8.54819509844e-05
1268 -0.000120828173356
1269 -0.000149308661736
1270 -0.000172228780645
1271 -0.000190501025745
1272 -0.000204751546552
1273 -0.000215466339383
1274 -0.000223064512767
1275 -0.000227805863343
1276 -0.000230014176325
1277 -0.000229939194492
1278 -0.000227845602942
1279 -0.000224011304334
1280 -0.000218679555409
1281 -0.000212107685402
1282 -0.000204524994881
1283 -0.000196157418368
1284 -0.000187210736774
1285 -0.000177877358456
1286 -0.000168345349223
1287 -0.000158757748808
1288 -0.000149225730602
1289 -0.000139840512404
1290 -0.000130675434966
1291 -0.00012177255311
1292 -0.000113171574263
1293 -0.000104910677349
1294 -9.70021516908e-05
1295 -8.94495815946e-05
1296 -8.2270686231e-05
1297 -7.54699624291e-05
1298 -6.90627711446e-05
1299 -6.30533120123e-05
1300 0.00130785741634
1301 0.00128615311811
1302 0.0012412200977
1303 0.00117689338855
1304 0.00109578384367
1305 0.000999141396738
1306 0.00089262367079
1307 0.000778489161387
1308 0.000664081067159
1309 0.000550682091084
1310 0.000442320957652
1311 0.00034181220919
1312 0.000251180243796
1313 0.000171237243448
1314 0.000101659343313
1315 4.19497544461e-05
1316 -8.799852921e-06
1317 -5.18222362976e-05
1318 -8.81387653148e-05
1319 -0.000118536081455
1320 -0.000143887042055
1321 -0.000164788129847
1322 -0.000181671443279
1323 -0.000194922219405
1324 -0.000204932859
1325 -0.000211919867043
1326 -0.000216220992727
1327 -0.000218100821748
1328 -0.000217823930587
1329 -0.000215672916948
1330 -0.000211892006456
1331 -0.000206757082849
1332 -0.000200491709077
1333 -0.000193316777863
1334 -0.00018546670371
1335 -0.000177141102782
1336 -0.000168510092797
1337 -0.000159727290989
1338 -0.000150894164489
1339 -0.000142114219419
1340 -0.000133454345401
1341 -0.000124977898399
1342 -0.000116734614981
1343 -0.000108754574676
1344 -0.000101056375001
1345 -9.36608645405e-05
1346 -8.65948331662e-05
1347 -7.9873851121e-05
1348 -7.35183853995e-05
1349 -6.75317809002e-05
1350 0.00114021136248
1351 0.00112169554301
1352 0.00108331409774
1353 0.00102847941271
1354 0.000959941720204
1355 0.000878606651299
1356 0.000789491951062
1357 0.000694606815811
1358 0.000599740128852
1359 0.000505727406683
1360 0.000415501545546
1361 0.000331023529545
1362 0.000253687458967
1363 0.000184045915168
1364 0.000121885879057
1365 6.69398169474e-05
1366 1.88151753531e-05
1367 -2.32384622899e-05
1368 -5.97653182326e-05
1369 -9.11857765859e-05
1370 -0.000118047186741
1371 -0.000140717706103
1372 -0.000159495556159
1373 -0.000174651123593
1374 -0.000186579233567
1375 -0.000195440969714
1376 -0.000201552939203
1377 -0.000205166023742
1378 -0.000206540562134
1379 -0.000205953370645
1380 -0.00020365367764
1381 -0.000199910549761
1382 -0.000194929312819
1383 -0.000188965210007
1384 -0.000182245343264
1385 -0.000174961130944
1386 -0.000167279406872
1387 -0.000159342673211
1388 -0.000151262845972
1389 -0.000143132619193
1390 -0.000135038915124
1391 -0.000127053746173
1392 -0.000119223511964
1393 -0.00011157591497
1394 -0.000104146416654
1395 -9.69692409498e-05
1396 -9.00783457491e-05
1397 -8.34967978396e-05
1398 -7.72493633826e-05
1399 -7.13404732056e-05
1400 0.00098265990127
1401 0.000967681167004
1402 0.00093675526837
1403 0.0008925894443
1404 0.000837416840759
1405 0.000771964900851
1406 0.000700172798804
1407 0.000623558272327
1408 0.000546480433446
1409 0.000469435963236
1410 0.000394579259182
1411 0.000323307413909
1412 0.000256717857913
1413 0.000195375862291
1414 0.000139254888033
1415 8.83626338429e-05
1416 4.26702308685e-05
1417 1.78421704411e-06
1418 -3.45025444072e-05
1419 -6.63499516979e-05
1420 -9.40929585802e-05
1421 -0.00011792915226
1422 -0.000138064572362
1423 -0.00015467600061
1424 -0.000168111940994
1425 -0.00017854553845
1426 -0.000186211258761
1427 -0.00019135453214
1428 -0.000194231883738
1429 -0.000195098968253
1430 -0.000194200939938
1431 -0.000191782850398
1432 -0.000188076796031
1433 -0.000183326849303
1434 -0.000177745460077
1435 -0.000171522506945
1436 -0.000164805214656
1437 -0.000157746468536
1438 -0.00015044578633
1439 -0.00014300824951
1440 -0.00013552453535
1441 -0.000128074778271
1442 -0.000120695496512
1443 -0.000113427513978
1444 -0.000106320580713
1445 -9.94151232614e-05
1446 -9.27574661277e-05
1447 -8.63722527975e-05
1448 -8.0279157683e-05
1449 -7.44901786395e-05
1450 0.000857470593915
1451 0.000845674176258
1452 0.000821266916862
1453 0.000786434277934
1454 0.000742611885826
1455 0.00069049417975
1456 0.00063291826834
1457 0.000570901522962
1458 0.000507819975128
1459 0.000443874937231
1460 0.000380712417986
1461 0.000319451531102
1462 0.000261052084522
1463 0.000206111108794
1464 0.000154767314089
1465 0.000107239270524
1466 6.37288927445e-05
1467 2.40765276688e-05
1468 -1.16957945899e-05
1469 -4.35743076062e-05
1470 -7.17653916023e-05
1471 -9.63351765754e-05
1472 -0.000117426467719
1473 -0.000135146200101
1474 -0.000149807830928
1475 -0.000161524739849
1476 -0.000170508947859
1477 -0.000176993377282
1478 -0.000181224420139
1479 -0.000183417585811
1480 -0.000183803027183
1481 -0.000182651885328
1482 -0.000180190957878
1483 -0.000176622720256
1484 -0.000172169738926
1485 -0.000166993511448
1486 -0.000161243726525
1487 -0.000155064680525
1488 -0.000148557007066
1489 -0.000141835663203
1490 -0.000134998321238
1491 -0.000128108191829
1492 -0.00012121100277
1493 -0.000114362630865
1494 -0.000107622078339
1495 -0.000101039073647
1496 -9.46646762952e-05
1497 -8.85212705101e-05
1498 -8.26304036815e-05
1499 -7.70003438309e-05
1500 0.000767300677307
1501 0.000757903437181
1502 0.000738423965488
1503 0.000710567204743
1504 0.000675241306222
1505 0.000632985303264
1506 0.000585860008013
1507 0.00053450215568
1508 0.000481608956484
1509 0.000427169068049
1510 0.000372544209911
1511 0.000318677587972
1512 0.000266407728207
1513 0.000216369490661
1514 0.000168822674334
1515 0.000124100288607
1516 8.25406378924e-05
1517 4.41371116804e-05
1518 9.04761630033e-06
1519 -2.26057977615e-05
1520 -5.09177061436e-05
1521 -7.58989268216e-05
1522 -9.76386536504e-05
1523 -0.000116187763791
1524 -0.000131800924476
1525 -0.000144561988055
1526 -0.000154669399456
1527 -0.000162331491119
1528 -0.000167764844065
1529 -0.000171161003003
1530 -0.000172763671011
1531 -0.000172819322413
1532 -0.000171535233004
1533 -0.000169107465465
1534 -0.000165737934052
1535 -0.000161576783456
1536 -0.000156771142213
1537 -0.000151459800774
1538 -0.000145750212533
1539 -0.000139760877045
1540 -0.00013357435698
1541 -0.000127254859323
1542 -0.000120864707108
1543 -0.000114468171663
1544 -0.000108133257184
1545 -0.000101913856225
1546 -9.58606089296e-05
1547 -8.99968647324e-05
1548 -8.4341848728e-05
1549 -7.89110747165e-05
1550 0.000704324580255
1551 0.000696583437284
1552 0.000680590696071
1553 0.000657624324368
1554 0.000628342725535
1555 0.000593070342679
1556 0.000553355651879
1557 0.000509586603212
1558 0.000463977703135
1559 0.000416427057437
1560 0.000368068872494
1561 0.000319702585597
1562 0.00027210027259
1563 0.000225929363953
1564 0.000181482381354
1565 0.000139162187934
1566 9.94025171554e-05
1567 6.22577215534e-05
1568 2.79721217427e-05
1569 -3.25440405286e-06
1570 -3.14631600187e-05
1571 -5.66128257703e-05
1572 -7.87272785841e-05
1573 -9.78504705958e-05
1574 -0.00011418632721
1575 -0.00012779440298
1576 -0.000138848350138
1577 -0.000147522599021
1578 -0.00015400930831
1579 -0.000158511272758
1580 -0.000161258115777
1581 -0.000162440308349
1582 -0.000162269480627
1583 -0.000160925207301
1584 -0.000158592412378
1585 -0.000155404741848
1586 -0.000151513516286
1587 -0.000147055208886
1588 -0.000142142044784
1589 -0.000136876345848
1590 -0.000131336413722
1591 -0.000125599678188
1592 -0.000119738715912
1593 -0.000113824183802
1594 -0.000107929749027
1595 -0.000102107663054
1596 -9.64109505676e-05
1597 -9.0857457149e-05
1598 -8.5467405819e-05
1599 -8.02668816849e-05
1600 0.000659841642103
1601 0.000653275069362
1602 0.000639718638739
1603 0.00062015361882
1604 0.000595112605319
1605 0.000564753146279
1606 0.000530271506829
1607 0.000491942617754
1608 0.000451609299783
1609 0.000409120382076
1610 0.000365457476947
1611 0.000321316768336
1612 0.000277414860369
1613 0.000234417500669
1614 0.000192611267721
1615 0.00015245623591
1616 0.000114390374025
1617 7.85284378221e-05
1618 4.51618337137e-05
1619 1.45167208593e-05
1620 -1.33981730884e-05
1621 -3.84999810769e-05
1622 -6.07979036589e-05
1623 -8.02938317468e-05
1624 -9.71626530193e-05
1625 -0.000111437817949
1626 -0.000123263317612
1627 -0.000132796580002
1628 -0.000140215118099
1629 -0.000145713280791
1630 -0.00014948293719
1631 -0.000151703999233
1632 -0.00015256313387
1633 -0.000152233363624
1634 -0.00015087160787
1635 -0.000148611890774
1636 -0.000145601487928
1637 -0.000141970802593
1638 -0.000137829234653
1639 -0.000133264893016
1640 -0.00012836752968
1641 -0.000123223993219
1642 -0.000117908221546
1643 -0.000112501164866
1644 -0.000107072904206
1645 -0.000101675668848
1646 -9.63583425124e-05
1647 -9.11360420746e-05
1648 -8.60406821752e-05
1649 -8.10985360283e-05
1650 0.000626953055983
1651 0.000621234734909
1652 0.000609400168256
1653 0.000592238527334
1654 0.000570224871038
1655 0.000543372056587
1656 0.000512692042373
1657 0.000478368206369
1658 0.000441979547716
1659 0.000403361320315
1660 0.000363374271154
1661 0.000322636498359
1662 0.00028181375672
1663 0.000241545562999
1664 0.000202101880473
1665 0.000163939497469
1666 0.000127526666034
1667 9.29880205464e-05
1668 6.06286769127e-05
1669 3.06994189934e-05
1670 3.24029700292e-06
1671 -2.16552368724e-05
1672 -4.39590926663e-05
1673 -6.36436495184e-05
1674 -8.08753200801e-05
1675 -9.56405302577e-05
1676 -0.000108085904587
1677 -0.000118351055154
1678 -0.000126581739957
1679 -0.000132956983879
1680 -0.000137640101197
1681 -0.00014079759336
1682 -0.000142598052582
1683 -0.000143196752659
1684 -0.000142730906402
1685 -0.000141340488399
1686 -0.000139170274852
1687 -0.000136333675097
1688 -0.000132922943211
1689 -0.000129039661129
1690 -0.000124780602131
1691 -0.000120229779679
1692 -0.000115472633418
1693 -0.000110588248538
1694 -0.000105641053353
1695 -0.000100682817498
1696 -9.57555216618e-05
1697 -9.08821940292e-05
1698 -8.61032092601e-05
1699 -8.14468007931e-05
1700 0.000600570292813
1701 0.000595472957056
1702 0.000584906363034
1703 0.00056954438091
1704 0.000549799610902
1705 0.000525599796705
1706 0.000497846828032
1707 0.00046664764763
1708 0.000433398530753
1709 0.000397928970674
1710 0.000360991667202
1711 0.000323149479526
1712 0.000285004929951
1713 0.000247160768358
1714 0.000209895028517
1715 0.000173639872814
1716 0.000138841364616
1717 0.000105649794609
1718 7.43796277235e-05
1719 4.52702419112e-05
1720 1.8391814463e-05
1721 -6.14662654186e-06
1722 -2.82952750744e-05
1723 -4.8009207154e-05
1724 -6.54400368261e-05
1725 -8.05387147583e-05
1726 -9.346900662e-05
1727 -0.000104325808004
1728 -0.000113243350696
1729 -0.000120370993503
1730 -0.000125858271605
1731 -0.000129842785803
1732 -0.000132484489553
1733 -0.000133918438955
1734 -0.000134277190902
1735 -0.000133706576276
1736 -0.000132327674313
1737 -0.000130232901007
1738 -0.000127525940073
1739 -0.000124307037306
1740 -0.0001206770889
1741 -0.000116722552697
1742 -0.000112527801565
1743 -0.00010816972766
1744 -0.000103710527739
1745 -9.91937224112e-05
1746 -9.46659475813e-05
1747 -9.0157946272e-05
1748 -8.57100077011e-05
1749 -8.13578242409e-05
1750 0.000577583444151
1751 0.000572960611444
1752 0.000563392056734
1753 0.000549479546996
1754 0.000531526566842
1755 0.000509472174623
1756 0.000484103206147
1757 0.000455479954355
1758 0.000424877405331
1759 0.000392080175531
1760 0.000357796487301
1761 0.000322521238073
1762 0.000286804950876
1763 0.000251215353633
1764 0.000216010582039
1765 0.000181594746607
1766 0.000148396631411
1767 0.000116580958922
1768 8.64599683878e-05
1769 5.82669865081e-05
1770 3.2080761592e-05
1771 8.02400808391e-06
1772 -1.38317339483e-05
1773 -3.34389425042e-05
1774 -5.09281191841e-05
1775 -6.6247202884e-05
1776 -7.9526665074e-05
1777 -9.08494373906e-05
1778 -0.000100336661786
1779 -0.000108093250866
1780 -0.000114277817369
1781 -0.000118984684099
1782 -0.00012237184774
1783 -0.000124565044215
1784 -0.000125680531559
1785 -0.000125858554914
1786 -0.000125196694678
1787 -0.000123791964324
1788 -0.000121749323346
1789 -0.000119168211566
1790 -0.000116146772479
1791 -0.000112780804115
1792 -0.000109145812578
1793 -0.000105311498391
1794 -0.000101332667821
1795 -9.72556587014e-05
1796 -9.31354626725e-05
1797 -8.90047149198e-05
1798 -8.49071183521e-05
1799 -8.08712552556e-05
1800 0.000556351303301
1801 0.000552124035742
1802 0.00054338326586
1803 0.000530681196223
1804 0.000514221420808
1805 0.000493979563411
1806 0.000470647060333
1807 0.000444248896013
1808 0.000415958136105
1809 0.000385531697698
1810 0.00035363156521
1811 0.000320694457674
1812 0.000287212716182
1813 0.000253733053854
1814 0.000220490753284
1815 0.000187871144418
1816 0.000156271008786
1817 0.000125855108366
1818 9.69352778775e-05
1819 6.97293959216e-05
1820 4.43269077631e-05
1821 2.0852904855e-05
1822 -6.02032824268e-07
1823 -1.99867044173e-05
1824 -3.74081870436e-05
1825 -5.28266116985e-05
1826 -6.63358087146e-05
1827 -7.80035065933e-05
1828 -8.79428361351e-05
1829 -9.62164728729e-05
1830 -0.000102980656318
1831 -0.000108315962972
1832 -0.000112364360274
1833 -0.000115241543645
1834 -0.000117043942886
1835 -0.000117892618084
1836 -0.000117883353599
1837 -0.000117120643383
1838 -0.000115705310376
1839 -0.000113737951581
1840 -0.000111308148753
1841 -0.000108512351697
1842 -0.00010542212179
1843 -0.000102095072831
1844 -9.85878361729e-05
1845 -9.49489703097e-05
1846 -9.12386778753e-05
1847 -8.74911298605e-05
1848 -8.37473542994e-05
1849 -8.00339444077e-05
1850 0.000535876670271
1851 0.000531999774429
1852 0.000523980230254
1853 0.000512325703554
1854 0.000497172796248
1855 0.000478535554281
1856 0.000457010616862
1857 0.000432596294402
1858 0.000406382191348
1859 0.000378110336157
1860 0.000348397627113
1861 0.00031763002787
1862 0.00028626037606
1863 0.000254794545623
1864 0.000223456156458
1865 0.00019259183297
1866 0.000162585372794
1867 0.00013358705139
1868 0.000105890710019
1869 7.97213543245e-05
1870 5.5180753718e-05
1871 3.23803692224e-05
1872 1.14148662949e-05
1873 -7.64887320167e-06
1874 -2.4920238311e-05
1875 -4.03378397612e-05
1876 -5.39721261888e-05
1877 -6.58776727493e-05
1878 -7.61510802281e-05
1879 -8.48353459729e-05
1880 -9.20739187883e-05
1881 -9.79413725048e-05
1882 -0.000102558795478
1883 -0.000106024838071
1884 -0.000108428538864
1885 -0.000109876078466
1886 -0.000110458735196
1887 -0.000110289005998
1888 -0.000109466710938
1889 -0.000108086224984
1890 -0.000106232569795
1891 -0.000103985466738
1892 -0.000101416570808
1893 -9.85769055824e-05
1894 -9.55288864977e-05
1895 -9.23255823332e-05
1896 -8.90258864542e-05
1897 -8.56635907921e-05
1898 -8.22742390582e-05
1899 -7.88847891202e-05
1900 0.000515682631542
1901 0.000512132455503
1902 0.000504749165353
1903 0.000494021625269
1904 0.000480049968191
1905 0.000462862126679
1906 0.000442967863884
1907 0.000420366506161
1908 0.000396069746013
1909 0.00036979318443
1910 0.000342123281134
1911 0.000313408605879
1912 0.000284053228199
1913 0.000254523956268
1914 0.000225017986463
1915 0.00019587490686
1916 0.000167440924794
1917 0.000139859653872
1918 0.000113429118343
1919 8.83488936191e-05
1920 6.47253180657e-05
1921 4.26627748561e-05
1922 2.22525382856e-05
1923 3.57995484727e-06
1924 -1.34572933345e-05
1925 -2.87744841643e-05
1926 -4.24283069102e-05
1927 -5.44670575293e-05
1928 -6.4966145236e-05
1929 -7.39697901037e-05
1930 -8.15921363989e-05
1931 -8.79045626188e-05
1932 -9.29910022632e-05
1933 -9.69588682797e-05
1934 -9.98863333848e-05
1935 -0.000101872164263
1936 -0.000103002023613
1937 -0.000103391314814
1938 -0.000103128525976
1939 -0.000102301122982
1940 -0.000100989396046
1941 -9.92612564742e-05
1942 -9.71847750602e-05
1943 -9.48165653616e-05
1944 -9.22178484252e-05
1945 -8.94419849103e-05
1946 -8.65474622644e-05
1947 -8.35628108733e-05
1948 -8.05242459533e-05
1949 -7.7453473735e-05
1950 0.000495610471232
1951 0.000492358854986
1952 0.000485559318588
1953 0.000475664677091
1954 0.000462780281526
1955 0.000446927066066
1956 0.000428530767587
1957 0.00040761998292
1958 0.000385101973977
1959 0.000360700728529
1960 0.000334953415964
1961 0.000308173186637
1962 0.000280720713038
1963 0.000253042442688
1964 0.000225316407778
1965 0.000197851263358
1966 0.000170980941471
1967 0.000144830392432
1968 0.000119678210503
1969 9.5708505242e-05
1970 7.30374112931e-05
1971 5.1760789208e-05
1972 3.19740028196e-05
1973 1.37655440144e-05
1974 -2.94885992462e-06
1975 -1.80717822659e-05
1976 -3.16654334205e-05
1977 -4.37468993841e-05
1978 -5.43810634265e-05
1979 -6.36165980221e-05
1980 -7.15349584419e-05
1981 -7.82013462648e-05
1982 -8.368105479e-05
1983 -8.80821160611e-05
1984 -9.14685857581e-05
1985 -9.39394249345e-05
1986 -9.55764410301e-05
1987 -9.64836574185e-05
1988 -9.67419609639e-05
1989 -9.64317304535e-05
1990 -9.56251421049e-05
1991 -9.43848893477e-05
1992 -9.27781740183e-05
1993 -9.08652375086e-05
1994 -8.87048572142e-05
1995 -8.63481401333e-05
1996 -8.3848477308e-05
1997 -8.12328333309e-05
1998 -7.85354051633e-05
1999 -7.57740109306e-05
2000 0.000475621486321
2001 0.000472645610228
2002 0.000466382281298
2003 0.000457253234685
2004 0.000445383113676
2005 0.000430754579435
2006 0.000413753076296
2007 0.000394413722291
2008 0.000373546700844
2009 0.000350894157191
2010 0.000326958997315
2011 0.000302019021898
2012 0.000276394218788
2013 0.000250517927789
2014 0.000224529621417
2015 0.000198711525819
2016 0.000173377038469
2017 0.00014863865752
2018 0.000124763331924
2019 0.000101917301378
2020 8.0219098673e-05
2021 5.97636126162e-05
2022 4.06453266815e-05
2023 2.2958870813e-05
2024 6.62510353758e-06
2025 -8.24399090788e-06
2026 -2.17059151708e-05
2027 -3.37630497174e-05
2028 -4.44588801967e-05
2029 -5.38488471024e-05
2030 -6.19776030133e-05
2031 -6.89139386345e-05
2032 -7.47246348831e-05
2033 -7.94868659035e-05
2034 -8.32714511491e-05
2035 -8.61730171143e-05
2036 -8.82659697869e-05
2037 -8.96430477465e-05
2038 -9.03802242946e-05
2039 -9.05412044318e-05
2040 -9.01962809256e-05
2041 -8.94081097696e-05
2042 -8.82472124902e-05
2043 -8.67694645587e-05
2044 -8.50308957344e-05
2045 -8.30803819602e-05
2046 -8.09622211014e-05
2047 -7.87039077129e-05
2048 -7.63326625806e-05
2049 -7.38677718175e-05
2050 0.000455772656465
2051 0.000453051312021
2052 0.000447271370598
2053 0.000438858888762
2054 0.000427926533264
2055 0.00041442979307
2056 0.000398733137529
2057 0.000380864632687
2058 0.000361557110829
2059 0.000340574968302
2060 0.000318367818685
2061 0.000295189186694
2062 0.000271324628317
2063 0.000247154774691
2064 0.000222830579272
2065 0.000198604719735
2066 0.00017475777916
2067 0.000151397623676
2068 0.000128783124751
2069 0.00010705248171
2070 8.63366829174e-05
2071 6.67168121941e-05
2072 4.82971048171e-05
2073 3.11700114735e-05
2074 1.52713189692e-05
2075 7.09061156939e-07
2076 -1.25509002558e-05
2077 -2.45130835578e-05
2078 -3.5202494886e-05
2079 -4.46624121326e-05
2080 -5.2932314475e-05
2081 -6.00696566172e-05
2082 -6.61417555039e-05
2083 -7.12082033613e-05
2084 -7.5338903458e-05
2085 -7.86235309423e-05
2086 -8.11305613733e-05
2087 -8.29326761424e-05
2088 -8.40972174597e-05
2089 -8.46846661681e-05
2090 -8.476808986e-05
2091 -8.44066031915e-05
2092 -8.36669637183e-05
2093 -8.26031092926e-05
2094 -8.12615100612e-05
2095 -7.96923271531e-05
2096 -7.7934805004e-05
2097 -7.60089722828e-05
2098 -7.39452944984e-05
2099 -7.176521985e-05
2100 0.000436255888824
2101 0.000433763339423
2102 0.000428439118257
2103 0.000420711957491
2104 0.000410649535428
2105 0.000398216085773
2106 0.000383742041892
2107 0.000367250682338
2108 0.000349411553543
2109 0.000329993320064
2110 0.000309403978312
2111 0.000287881702776
2112 0.000265670540297
2113 0.000243136489022
2114 0.000220398505905
2115 0.00019768349751
2116 0.000175264220823
2117 0.000153235060004
2118 0.000131833434916
2119 0.0001111929079
2120 9.14455916006e-05
2121 7.26656088816e-05
2122 5.49638457822e-05
2123 3.84290159852e-05
2124 2.30051724342e-05
2125 8.80134184922e-06
2126 -4.20310161902e-06
2127 -1.60122009832e-05
2128 -2.66291066287e-05
2129 -3.60971503205e-05
2130 -4.44533733888e-05
2131 -5.17319615569e-05
2132 -5.80082545192e-05
2133 -6.33308658161e-05
2134 -6.77582588447e-05
2135 -7.13738811911e-05
2136 -7.42350213344e-05
2137 -7.64030518919e-05
2138 -7.79462968844e-05
2139 -7.89224135644e-05
2140 -7.940165403e-05
2141 -7.94401659101e-05
2142 -7.90940604502e-05
2143 -7.84120460155e-05
2144 -7.74437590105e-05
2145 -7.62296691707e-05
2146 -7.48056655203e-05
2147 -7.31903222627e-05
2148 -7.14154598467e-05
2149 -6.95101134109e-05
2150 0.000417306767728
2151 0.000415007923986
2152 0.000410115150174
2153 0.000403021823707
2154 0.000393757516671
2155 0.000382305454699
2156 0.00036895991669
2157 0.000353744229572
2158 0.00033727314007
2159 0.000319311377577
2160 0.000300235904971
2161 0.000280259269346
2162 0.00025959596311
2163 0.000238592326687
2164 0.000217346462391
2165 0.000196068916565
2166 0.000175007068697
2167 0.000154242751832
2168 0.000134010611814
2169 0.000114437358628
2170 9.56403604461e-05
2171 7.77012462849e-05
2172 6.07278843636e-05
2173 4.48037555239e-05
2174 2.98803563804e-05
2175 1.60712702127e-05
2176 3.36376561197e-06
2177 -8.23280641866e-06
2178 -1.87363616541e-05
2179 -2.81582249212e-05
2180 -3.65432974253e-05
2181 -4.39128780206e-05
2182 -5.03391439347e-05
2183 -5.58622736081e-05
2184 -6.05381400658e-05
2185 -6.44303283621e-05
2186 -6.75928227565e-05
2187 -7.008098697e-05
2188 -7.19641931396e-05
2189 -7.32923661055e-05
2190 -7.41295323411e-05
2191 -7.4532198317e-05
2192 -7.45491485146e-05
2193 -7.42218519598e-05
2194 -7.35974061614e-05
2195 -7.27129195277e-05
2196 -7.15976908314e-05
2197 -7.02718454433e-05
2198 -6.87761385557e-05
2199 -6.71377588779e-05
2200 0.000398975505688
2201 0.000396846011444
2202 0.000392354983458
2203 0.000385840812781
2204 0.000377311715322
2205 0.000366774269378
2206 0.00035447411868
2207 0.000340436637793
2208 0.000325229237784
2209 0.000308614200326
2210 0.000290947849515
2211 0.000272409139516
2212 0.000253191505805
2213 0.000233617847704
2214 0.00021376693655
2215 0.000193842515499
2216 0.000174065437812
2217 0.000154513581319
2218 0.000135414913367
2219 0.000116877992762
2220 9.90201652801e-05
2221 8.19130509834e-05
2222 6.56629992952e-05
2223 5.03570768317e-05
2224 3.59562873183e-05
2225 2.25708205876e-05
2226 1.02051603691e-05
2227 -1.15150557181e-06
2228 -1.1490517393e-05
2229 -2.08186971852e-05
2230 -2.91785516156e-05
2231 -3.6592721913e-05
2232 -4.312193142e-05
2233 -4.87987052082e-05
2234 -5.36691509395e-05
2235 -5.7788104347e-05
2236 -6.12083891767e-05
2237 -6.39772429353e-05
2238 -6.61601530076e-05
2239 -6.78039646679e-05
2240 -6.89665221292e-05
2241 -6.97010228725e-05
2242 -7.00505002832e-05
2243 -7.00535185536e-05
2244 -6.97467993047e-05
2245 -6.91605612436e-05
2246 -6.83259432007e-05
2247 -6.72718176963e-05
2248 -6.60441831909e-05
2249 -6.46650037231e-05
2250 0.000381266599498
2251 0.000379300196575
2252 0.000375178904594
2253 0.000369188295522
2254 0.000361337997362
2255 0.000351644376644
2256 0.000340315798679
2257 0.000327363769189
2258 0.000313320089471
2259 0.000297949366226
2260 0.000281580331046
2261 0.000264371679676
2262 0.000246498634302
2263 0.000228260861844
2264 0.000209726134977
2265 0.000191080063415
2266 0.000172535036508
2267 0.000154148712686
2268 0.000136140503811
2269 0.000118600679778
2270 0.000101652289652
2271 8.53574350298e-05
2272 6.98257280485e-05
2273 5.5144637738e-05
2274 4.12901485074e-05
2275 2.83580748136e-05
2276 1.63495109715e-05
2277 5.27616452984e-06
2278 -4.86047218102e-06
2279 -1.40560046972e-05
2280 -2.23599928321e-05
2281 -2.97822201369e-05
2282 -3.63693614818e-05
2283 -4.21507641999e-05
2284 -4.71676675571e-05
2285 -5.14693232819e-05
2286 -5.51044448794e-05
2287 -5.81112968666e-05
2288 -6.05549611839e-05
2289 -6.24813945691e-05
2290 -6.39401565126e-05
2291 -6.49731405438e-05
2292 -6.56195123347e-05
2293 -6.59150563201e-05
2294 -6.58905089956e-05
2295 -6.55780768456e-05
2296 -6.50102361271e-05
2297 -6.42219648786e-05
2298 -6.32499463094e-05
2299 -6.21158154621e-05
2300 0.000364207833021
2301 0.000362396240424
2302 0.000358612176559
2303 0.000353084946005
2304 0.00034585292809
2305 0.00033692926703
2306 0.000326484024838
2307 0.000314528090368
2308 0.000301551172599
2309 0.000287327795225
2310 0.000272160713254
2311 0.000256192574375
2312 0.000239580917452
2313 0.000222596227161
2314 0.000205306079225
2315 0.000187869498356
2316 0.000170486317904
2317 0.000153204357901
2318 0.000136231670708
2319 0.000119651292228
2320 0.000103585240246
2321 8.80922170204e-05
2322 7.32811309043e-05
2323 5.92329211408e-05
2324 4.592957274e-05
2325 3.34649701202e-05
2326 2.18435812668e-05
2327 1.10797050458e-05
2328 1.17871763098e-06
2329 -7.86285353584e-06
2330 -1.60687779858e-05
2331 -2.34575469154e-05
2332 -3.00609433756e-05
2333 -3.59061649431e-05
2334 -4.10304985365e-05
2335 -4.54776304564e-05
2336 -4.92901842919e-05
2337 -5.25055095569e-05
2338 -5.5181239009e-05
2339 -5.73570930728e-05
2340 -5.9073162432e-05
2341 -6.03648354176e-05
2342 -6.12729253203e-05
2343 -6.18258946688e-05
2344 -6.20511531597e-05
2345 -6.19910461415e-05
2346 -6.16784207459e-05
2347 -6.11412328488e-05
2348 -6.04050968501e-05
2349 -5.94995036566e-05
2350 0.000347735979694
2351 0.000346065653419
2352 0.000342589610363
2353 0.000337500594726
2354 0.000330839420529
2355 0.000322620311131
2356 0.00031299326598
2357 0.000301956834781
2358 0.000289972852467
2359 0.000276815030953
2360 0.000262767215001
2361 0.000247954166718
2362 0.000232517487852
2363 0.000216703203233
2364 0.000200559918688
2365 0.000184257374094
2366 0.000167955493856
2367 0.000151716477587
2368 0.000135732533167
2369 0.000120077243832
2370 0.000104871358417
2371 9.01685092734e-05
2372 7.60704193523e-05
2373 6.26604195623e-05
2374 4.99121207626e-05
2375 3.79298180888e-05
2376 2.67139076163e-05
2377 1.62836029056e-05
2378 6.64893609232e-06
2379 -2.20219348561e-06
2380 -1.02761416834e-05
2381 -1.75914284977e-05
2382 -2.41773892785e-05
2383 -3.00524943012e-05
2384 -3.5250022353e-05
2385 -3.9810025655e-05
2386 -4.37698589429e-05
2387 -4.71652404867e-05
2388 -5.0041286414e-05
2389 -5.24283225844e-05
2390 -5.436601451e-05
2391 -5.58845880523e-05
2392 -5.7020894404e-05
2393 -5.78035757813e-05
2394 -5.82612279617e-05
2395 -5.84370709471e-05
2396 -5.83599855802e-05
2397 -5.80532874838e-05
2398 -5.75373073945e-05
2399 -5.68441139607e-05
2400 0.000331886651154
2401 0.000330354534701
2402 0.000327154173586
2403 0.000322476706897
2404 0.000316348620213
2405 0.000308773931534
2406 0.000299899207705
2407 0.000289706372677
2408 0.000278631139657
2409 0.000266453682467
2410 0.000253428612312
2411 0.000239679077347
2412 0.000225320126142
2413 0.000210583538679
2414 0.000195525120993
2415 0.000180271696539
2416 0.000165001674722
2417 0.0001497548551
2418 0.000134717222818
2419 0.000119954461411
2420 0.000105583745575
2421 9.16536281054e-05
2422 7.82619728706e-05
2423 6.54843977049e-05
2424 5.32974464618e-05
2425 4.18052570843e-05
2426 3.10077464268e-05
2427 2.09232111224e-05
2428 1.15619780139e-05
2429 2.92353242112e-06
2430 -4.99341756905e-06
2431 -1.22102878117e-05
2432 -1.87492109855e-05
2433 -2.4621709952e-05
2434 -2.98558800292e-05
2435 -3.44934261148e-05
2436 -3.85611884148e-05
2437 -4.20945754385e-05
2438 -4.51318402221e-05
2439 -4.76936599365e-05
2440 -4.98203474642e-05
2441 -5.15357900944e-05
2442 -5.28724773242e-05
2443 -5.38627425959e-05
2444 -5.45383627157e-05
2445 -5.4932505643e-05
2446 -5.50699013963e-05
2447 -5.49734350317e-05
2448 -5.46674836981e-05
2449 -5.41730755444e-05
2450 0.000316709511557
2451 0.000315306302949
2452 0.000312351471507
2453 0.00030804391498
2454 0.000302391792457
2455 0.000295394954618
2456 0.000287185506697
2457 0.000277760574257
2458 0.000267510844546
2459 0.000256226320252
2460 0.000244136306954
2461 0.000231371291816
2462 0.000218014652994
2463 0.000204289999878
2464 0.000190238361758
2465 0.000175993086864
2466 0.000161694502253
2467 0.000147395986446
2468 0.000133267113783
2469 0.000119367217448
2470 0.000105806602399
2471 9.26285254881e-05
2472 7.99263269137e-05
2473 6.77708886292e-05
2474 5.61399840794e-05
2475 4.51325376899e-05
2476 3.474906204e-05
2477 2.50128217044e-05
2478 1.59451833778e-05
2479 7.54310370991e-06
2480 -1.96816188005e-07
2481 -7.29161510474e-06
2482 -1.37579471179e-05
2483 -1.96013042233e-05
2484 -2.48498304058e-05
2485 -2.95359185798e-05
2486 -3.36823493658e-05
2487 -3.73231924362e-05
2488 -4.04865627718e-05
2489 -4.31892802304e-05
2490 -4.54694240276e-05
2491 -4.7351388456e-05
2492 -4.8865270929e-05
2493 -5.00431315482e-05
2494 -5.09130460957e-05
2495 -5.15007816362e-05
2496 -5.18304663906e-05
2497 -5.19220727097e-05
2498 -5.18065455789e-05
2499 -5.14983223118e-05
