0 0.156977398404
1 0.111829988084
2 0.0709219595056
3 0.0458411774577
4 0.030715301014
5 0.0211239919319
6 0.0149914607337
7 0.0108464560737
8 0.00803489289528
9 0.00604302452837
10 0.00459920079799
11 0.00353712207091
12 0.00274659577398
13 0.00214856586256
14 0.00169048546934
15 0.0013341364919
16 0.00105472118501
17 0.000831492468564
18 0.000650169611109
19 0.000501878137415
20 0.000381811643351
21 0.000298887162474
22 0.000278724690595
23 0.000349233005876
24 0.000486069192796
25 0.000592982166451
26 0.000590258857395
27 0.000486342163702
28 0.000340635952726
29 0.000203346289775
30 9.57317299607e-05
31 1.96789412075e-05
32 -3.05424800551e-05
33 -6.19789632208e-05
34 -8.05238485098e-05
35 -9.053945025e-05
36 -9.50052110741e-05
37 -9.58602448277e-05
38 -9.44797176178e-05
39 -9.18379265382e-05
40 -8.84877392384e-05
41 -8.49112030931e-05
42 -8.12447797694e-05
43 -7.74096737769e-05
44 -7.33891245465e-05
45 -6.92167213081e-05
46 -6.49796139083e-05
47 -6.08433045397e-05
48 -5.68104392944e-05
49 -5.29933997419e-05
50 0.259248789715
51 0.128658941536
52 0.0713176729703
53 0.0445803033107
54 0.0296872738074
55 0.0204598412113
56 0.014564428545
57 0.0105733292511
58 0.00785705475721
59 0.00592387789907
60 0.00451786208706
61 0.00348065456706
62 0.00270712266582
63 0.00212030555891
64 0.00166988786678
65 0.00131883478662
66 0.00104322695995
67 0.000822631594928
68 0.0006433088606
69 0.000496493892063
70 0.000377870117294
71 0.000297126671126
72 0.000280147299422
73 0.00035369577366
74 0.000490652552205
75 0.000594327927168
76 0.000587838519843
77 0.000482038670768
78 0.000336295175746
79 0.000199899554721
80 9.32888370726e-05
81 1.80795220633e-05
82 -3.15421094782e-05
83 -6.25696891877e-05
84 -8.0848449279e-05
85 -9.0694620177e-05
86 -9.50553457675e-05
87 -9.58446162254e-05
88 -9.44280190319e-05
89 -9.17676145455e-05
90 -8.84085541731e-05
91 -8.483226133e-05
92 -8.11640271294e-05
93 -7.7327119962e-05
94 -7.33043373962e-05
95 -6.91305512198e-05
96 -6.48959595626e-05
97 -6.07628329577e-05
98 -5.6733449864e-05
99 -5.2924884783e-05
100 0.262309279314
101 0.121339011564
102 0.0650913115163
103 0.0405365624746
104 0.0271864560181
105 0.0189310228394
106 0.0136087174881
107 0.00996573180728
108 0.00745956943838
109 0.00565787934703
110 0.00433670385052
111 0.00335480786555
112 0.00261811194619
113 0.00205641873517
114 0.00162329851357
115 0.00128439107369
116 0.00101727534845
117 0.000802728381266
118 0.000627786168572
119 0.000484402050172
120 0.000369304976561
121 0.000293579968752
122 0.000283930043421
123 0.000363972682716
124 0.000500613815829
125 0.000596757020313
126 0.000582069468866
127 0.000472388874093
128 0.000326791713335
129 0.000192406216679
130 8.80332636678e-05
131 1.46469112405e-05
132 -3.36597716772e-05
133 -6.3808629542e-05
134 -8.15252104968e-05
135 -9.10135172503e-05
136 -9.51526035612e-05
137 -9.58059904737e-05
138 -9.43159917021e-05
139 -9.16177990621e-05
140 -8.82431735729e-05
141 -8.46691551372e-05
142 -8.09970789932e-05
143 -7.71567578726e-05
144 -7.31305623418e-05
145 -6.89554068278e-05
146 -6.47269422748e-05
147 -6.06019015408e-05
148 -5.65807325419e-05
149 -5.2789641206e-05
150 0.112478271488
151 0.0789617818669
152 0.0505071066467
153 0.0336661627323
154 0.0234160769156
155 0.0167187198531
156 0.0122414229357
157 0.00909530905197
158 0.00688613613485
159 0.00527165332262
160 0.00407169268896
161 0.00316949210011
162 0.00248625568839
163 0.00196122698451
164 0.00155355855827
165 0.00123261866544
166 0.000978071042343
167 0.00077254769099
168 0.000604191893881
169 0.000466090747194
170 0.000356695315414
171 0.00028922419828
172 0.000291153195911
173 0.000380449700928
174 0.000515272622548
175 0.000599203049539
176 0.000572256793244
177 0.00045717209407
178 0.000312147953201
179 0.000180970890211
180 8.00540287964e-05
181 9.45280922369e-06
182 -3.68552517137e-05
183 -6.56737959209e-05
184 -8.2537817959e-05
185 -9.1485072327e-05
186 -9.52879043264e-05
187 -9.57364054245e-05
188 -9.41360927373e-05
189 -9.13809540174e-05
190 -8.7984628761e-05
191 -8.44137028694e-05
192 -8.07355612951e-05
193 -7.68896636121e-05
194 -7.28584312738e-05
195 -6.86815350568e-05
196 -6.4463090318e-05
197 -6.03505192116e-05
198 -5.63427795327e-05
199 -5.25797390986e-05
200 0.0575008170168
201 0.0478335796681
202 0.0357094639602
203 0.0260440862656
204 0.0191181267177
205 0.0141578761717
206 0.0106369714975
207 0.00805883075631
208 0.006194114191
209 0.00479994736866
210 0.00374417955048
211 0.00293825886243
212 0.00232037771622
213 0.00184053805644
214 0.00146452211603
215 0.0011660575778
216 0.000927350720398
217 0.000733296096268
218 0.000573427011882
219 0.000442425495936
220 0.000341192488365
221 0.000285732067314
222 0.00030337480371
223 0.000403275280639
224 0.000533180238634
225 0.000599980444386
226 0.000557522507456
227 0.000436316865194
228 0.000292670195133
229 0.000165970937501
230 6.96572075901e-05
231 2.71527984928e-06
232 -4.09879481684e-05
233 -6.80758971339e-05
234 -8.38301573864e-05
235 -9.20753961278e-05
236 -9.54404380026e-05
237 -9.56243798444e-05
238 -9.38822163334e-05
239 -9.10537271311e-05
240 -8.76328953396e-05
241 -8.40652131321e-05
242 -8.03788671e-05
243 -7.65249038112e-05
244 -7.24872680483e-05
245 -6.83091103535e-05
246 -6.4104943045e-05
247 -6.00090250974e-05
248 -5.60207291712e-05
249 -5.22971131036e-05
250 0.0338948340632
251 0.0302628489639
252 0.0247861072685
253 0.0194807015409
254 0.0150868430476
255 0.0116272418996
256 0.00899452486339
257 0.00696947558407
258 0.00545218507319
259 0.00428507799873
260 0.00338125384673
261 0.0026788227815
262 0.00213224030959
263 0.00170232018391
264 0.00136170442145
265 0.00108849891251
266 0.000867812966773
267 0.000686913541488
268 0.000537010104817
269 0.00041498668391
270 0.000324733213539
271 0.000285440759087
272 0.000322088502493
273 0.000431669075286
274 0.000551918670122
275 0.000597065828023
276 0.000537260897469
277 0.000410254719403
278 0.000269133959081
279 0.000148140618814
280 5.74061200712e-05
281 -5.18460902043e-06
282 -4.58086868897e-05
283 -7.08637994055e-05
284 -8.53102856977e-05
285 -9.2732190079e-05
286 -9.5582180528e-05
287 -9.5458822328e-05
288 -9.35528467348e-05
289 -9.06400052936e-05
290 -8.71957952291e-05
291 -8.36304776476e-05
292 -7.9934318117e-05
293 -7.60701173659e-05
294 -7.2025275994e-05
295 -6.78479552775e-05
296 -6.36619056926e-05
297 -5.95865173858e-05
298 -5.56245297671e-05
299 -5.19512496791e-05
300 0.0220548836369
301 0.0204013317983
302 0.0176228560375
303 0.0145995229572
304 0.0118130923452
305 0.00943476233807
306 0.00750735010389
307 0.00595150865183
308 0.00474122353205
309 0.00377999848327
310 0.00301923593208
311 0.00241665804987
312 0.00193969816326
313 0.00155918576252
314 0.00125404558827
315 0.0010066910513
316 0.000804306423831
317 0.000637149990835
318 0.000498038954231
319 0.000386585842735
320 0.000310307647636
321 0.000290622330462
322 0.000347265829736
323 0.000462904150429
324 0.000568196438441
325 0.000588977359488
326 0.000512103150949
327 0.000380652202618
328 0.000243409755846
329 0.000128984774362
330 4.43547620709e-05
331 -1.35259118727e-05
332 -5.08836011742e-05
333 -7.37728171153e-05
334 -8.68308685689e-05
335 -9.33806731254e-05
336 -9.56834366191e-05
337 -9.52386912236e-05
338 -9.31617061589e-05
339 -9.0161524472e-05
340 -8.67019945504e-05
341 -8.3134855287e-05
342 -7.94284501034e-05
343 -7.5552989162e-05
344 -7.15013647868e-05
345 -6.73277932185e-05
346 -6.31656621671e-05
347 -5.91118205099e-05
348 -5.51836104368e-05
349 -5.15678238072e-05
350 0.0154043317711
351 0.0145507674079
352 0.0129701969748
353 0.0111314968417
354 0.00932564955498
355 0.00766324556409
356 0.00624823388719
357 0.00505737960277
358 0.00409763436026
359 0.00331299243334
360 0.00267838469708
361 0.00216598610676
362 0.00175260438171
363 0.0014185889937
364 0.00114676960368
365 0.000924036051856
366 0.000739763671863
367 0.000586150318263
368 0.000458483448372
369 0.000359441638449
370 0.000300443391109
371 0.000303180111081
372 0.000378323452568
373 0.000494474238858
374 0.000579541476577
375 0.000574652895846
376 0.000482165709939
377 0.000348179927134
378 0.000216152414149
379 0.000108915032269
380 3.08402911989e-05
381 -2.21158068506e-05
382 -5.6062075074e-05
383 -7.67390769687e-05
384 -8.83520704933e-05
385 -9.39915452292e-05
386 -9.57272828289e-05
387 -9.49521851977e-05
388 -9.27008530779e-05
389 -8.96121641305e-05
390 -8.61390406086e-05
391 -8.25710804735e-05
392 -7.88509510771e-05
393 -7.49604033457e-05
394 -7.09006066234e-05
395 -6.6734131332e-05
396 -6.25970848715e-05
397 -5.85695555315e-05
398 -5.46818823014e-05
399 -5.11349569638e-05
400 0.0110774386038
401 0.0105950120051
402 0.00965388748315
403 0.0085107195174
404 0.00733050511056
405 0.00617534770182
406 0.00514857163549
407 0.00424905418833
408 0.00349901321672
409 0.00286961800628
410 0.00234783300747
411 0.0019181390411
412 0.00156530769587
413 0.0012758039959
414 0.00103653540785
415 0.000837919769726
416 0.000672061133833
417 0.000532544386783
418 0.000418091483571
419 0.000334798873634
420 0.000297625766153
421 0.000325388990888
422 0.000415707080106
423 0.000524865603566
424 0.000584008051052
425 0.000552391211105
426 0.000446207391569
427 0.000312003135369
428 0.000186683251124
429 8.77214728818e-05
430 1.66420288752e-05
431 -3.10780012984e-05
432 -6.14476273564e-05
433 -7.97480925973e-05
434 -8.98611158114e-05
435 -9.45515696715e-05
436 -9.56913000524e-05
437 -9.4577058784e-05
438 -9.21458437002e-05
439 -8.89737032738e-05
440 -8.54932004168e-05
441 -8.19181747873e-05
442 -7.81842734888e-05
443 -7.42781607617e-05
444 -7.02082487569e-05
445 -6.60542970227e-05
446 -6.19483468712e-05
447 -5.79489975002e-05
448 -5.4114921115e-05
449 -5.06469790141e-05
450 0.00808310326175
451 0.00779016443767
452 0.00721959860835
453 0.00649595899305
454 0.00572029113122
455 0.00492501894469
456 0.00419002397545
457 0.00352163416411
458 0.00294568913726
459 0.00245021270324
460 0.00202861044029
461 0.00167419233818
462 0.00137828024851
463 0.0011309936934
464 0.000923527795846
465 0.000748507619984
466 0.000601008703709
467 0.000476980340119
468 0.00037870072428
469 0.00031612053113
470 0.000305921944162
471 0.000358818611063
472 0.000457651248962
473 0.000550465015426
474 0.000578560171526
475 0.000520638802965
476 0.000403689557255
477 0.000271961284003
478 0.000155189646058
479 6.54840837809e-05
480 1.91505658561e-06
481 -4.02934814729e-05
482 -6.69263761533e-05
483 -8.27741133345e-05
484 -9.13222050106e-05
485 -9.50190407455e-05
486 -9.55484782515e-05
487 -9.40895761481e-05
488 -9.14772784435e-05
489 -8.82312058321e-05
490 -8.4745915983e-05
491 -8.11599476649e-05
492 -7.74103157264e-05
493 -7.34877794002e-05
494 -6.94118647059e-05
495 -6.52762300933e-05
496 -6.12062018638e-05
497 -5.72431900739e-05
498 -5.3475449737e-05
499 -5.01000917062e-05
500 0.00598423208087
501 0.00579883387691
502 0.00544303387793
503 0.00497531149819
504 0.00445822446055
505 0.00390971065017
506 0.00338419930892
507 0.00289170655752
508 0.00245404227716
509 0.00206854758075
510 0.00173235579482
511 0.00144371746083
512 0.00119820455421
513 0.00098931907967
514 0.000811355658199
515 0.000658756028357
516 0.000529694526603
517 0.00042306851717
518 0.000345110680975
519 0.000309162050024
520 0.000328678880478
521 0.000401933976639
522 0.000498797969994
523 0.000566214675962
524 0.000560573210313
525 0.0004792345871
526 0.000355818540511
527 0.000229687312108
528 0.000122969416239
529 4.30719810112e-05
530 -1.27399070334e-05
531 -4.93904607535e-05
532 -7.22773128506e-05
533 -8.56680467495e-05
534 -9.26394256612e-05
535 -9.53465830861e-05
536 -9.52727585717e-05
537 -9.34792300447e-05
538 -9.06915260646e-05
539 -8.73877194439e-05
540 -8.38981628076e-05
541 -8.02976053495e-05
542 -7.65284743974e-05
543 -7.25897713251e-05
544 -6.85112247365e-05
545 -6.44033033943e-05
546 -6.03721067185e-05
547 -5.64553280024e-05
548 -5.27711909191e-05
549 -4.95018639866e-05
550 0.00450290303607
551 0.00438193735826
552 0.00415204154172
553 0.00384213348607
554 0.00348914488905
555 0.00310658375087
556 0.00272853745938
557 0.00236485536402
558 0.00203295299679
559 0.0017342802068
560 0.00146758078764
561 0.00123360049789
562 0.00103107666856
563 0.000855767624038
564 0.000703984774873
565 0.000572598095941
566 0.000462446554764
567 0.000376250792284
568 0.000323997071415
569 0.000318825333125
570 0.000365627629901
571 0.000449236625318
572 0.000532248605861
573 0.000567699614451
574 0.000529287736311
575 0.000429672650988
576 0.000304772621198
577 0.000186925929017
578 9.13904798026e-05
579 2.14400115376e-05
580 -2.66963542802e-05
581 -5.79632057232e-05
582 -7.72401812019e-05
583 -8.82768111275e-05
584 -9.37330412062e-05
585 -9.54918005238e-05
586 -9.48501241742e-05
587 -9.27461330991e-05
588 -8.98021913136e-05
589 -8.64590861587e-05
590 -8.29627323775e-05
591 -7.93446367833e-05
592 -7.55545044775e-05
593 -7.15998505483e-05
594 -6.75270755312e-05
595 -6.34552863337e-05
596 -5.94647427169e-05
597 -5.56068532204e-05
598 -5.2021954298e-05
599 -4.88681938936e-05
600 0.00344606032029
601 0.0033656502651
602 0.00321121880107
603 0.00300016442307
604 0.00275267134463
605 0.0024808740914
606 0.00220531581775
607 0.00193431848296
608 0.00168158404069
609 0.00144903161411
610 0.0012370408799
611 0.00104742578231
612 0.000880501066132
613 0.000733410900055
614 0.0006047120283
615 0.000493956771185
616 0.000404383817317
617 0.000343097740923
618 0.000321370246085
619 0.000346316185961
620 0.00041168836665
621 0.000492859169841
622 0.000551893682626
623 0.000552714533126
624 0.000485919109845
625 0.00037462309343
626 0.000253038361227
627 0.000145574686008
628 6.16057179468e-05
629 1.37072498506e-06
630 -3.94931017852e-05
631 -6.57268413524e-05
632 -8.16479349477e-05
633 -9.05028735057e-05
634 -9.45506815107e-05
635 -9.54336130804e-05
636 -9.42762458021e-05
637 -9.18927516384e-05
638 -8.88242513127e-05
639 -8.54533773821e-05
640 -8.1951078784e-05
641 -7.83094736013e-05
642 -7.44997885718e-05
643 -7.05314750569e-05
644 -6.6473155585e-05
645 -6.24445899334e-05
646 -5.84994957229e-05
647 -5.47142549169e-05
648 -5.12428178735e-05
649 -4.82121080891e-05
650 0.00267561703569
651 0.00262100031921
652 0.002514083125
653 0.00236604416117
654 0.00218912052715
655 0.00199184238249
656 0.00178806011518
657 0.00158387429145
658 0.0013898309248
659 0.0012072486649
660 0.00103820224754
661 0.000884200694615
662 0.00074629860889
663 0.000623283886805
664 0.000515989411983
665 0.000426704611959
666 0.000361540032718
667 0.000330044349149
668 0.000339597472779
669 0.000387580650715
670 0.00045879847172
671 0.000525502525385
672 0.000553887223628
673 0.000521275574364
674 0.000432694440468
675 0.000316744672765
676 0.000202449448377
677 0.000106729431181
678 3.42594246468e-05
679 -1.67834258389e-05
680 -5.09350019167e-05
681 -7.25703038114e-05
682 -8.54334674204e-05
683 -9.22923134635e-05
684 -9.50676557734e-05
685 -9.51628797777e-05
686 -9.35514160344e-05
687 -9.09247547537e-05
688 -8.77659360525e-05
689 -8.43730962384e-05
690 -8.0862161311e-05
691 -7.71937770173e-05
692 -7.33637529904e-05
693 -6.93891922036e-05
694 -6.53544750185e-05
695 -6.13719357158e-05
696 -5.7480832331e-05
697 -5.37836524453e-05
698 -5.04374471059e-05
699 -4.75371979761e-05
700 0.00209606134789
701 0.00205832075777
702 0.00198209067153
703 0.00187620181579
704 0.00174814391225
705 0.0016027223648
706 0.00145010426921
707 0.00129470445084
708 0.00114463260993
709 0.0010006845173
710 0.000865356957478
711 0.00074025336975
712 0.00062665623007
713 0.000525860837525
714 0.000440603042087
715 0.000376143155852
716 0.000340536348583
717 0.000340684010471
718 0.000375651294451
719 0.00043463779943
720 0.00049882488715
721 0.000541634643348
722 0.000536514587999
723 0.000474784646608
724 0.000372312871806
725 0.000257991609433
726 0.000154015663934
727 7.08310153242e-05
728 9.51373958886e-06
729 -3.30088703671e-05
730 -6.10237246413e-05
731 -7.84843571793e-05
732 -8.8586881068e-05
733 -9.36454450798e-05
734 -9.52766744022e-05
735 -9.46752331705e-05
736 -9.26694947261e-05
737 -8.98431597676e-05
738 -8.66207264343e-05
739 -8.32109647787e-05
740 -7.96851847712e-05
741 -7.59912085882e-05
742 -7.2138817436e-05
743 -6.81671078021e-05
744 -6.41679453112e-05
745 -6.02352999826e-05
746 -5.64118442938e-05
747 -5.28214009583e-05
748 -4.96134045827e-05
749 -4.68491984357e-05
750 0.00164939372912
751 0.00162296498199
752 0.0015673332914
753 0.00149055310558
754 0.00139649619357
755 0.00128820791763
756 0.00117292034085
757 0.00105361828983
758 0.000936829204637
759 0.000823023351268
760 0.000714633824257
761 0.000613592318318
762 0.000522503019201
763 0.000444557108762
764 0.000384768613524
765 0.000350078203654
766 0.000346256879014
767 0.000372605812584
768 0.000421036504357
769 0.000477875393688
770 0.000524533746524
771 0.000537311075564
772 0.000499592184454
773 0.000415695066083
774 0.000307614552696
775 0.000200253432808
776 0.000108719657848
777 3.82363388652e-05
778 -1.25733224001e-05
779 -4.72565064209e-05
780 -6.97382488773e-05
781 -8.34668265511e-05
782 -9.11085938208e-05
783 -9.45500891288e-05
784 -9.51760355434e-05
785 -9.39674045704e-05
786 -9.16232599727e-05
787 -8.86531119081e-05
788 -8.53801815423e-05
789 -8.19596928663e-05
790 -7.84076251365e-05
791 -7.46923720616e-05
792 -7.08207679471e-05
793 -6.68637061249e-05
794 -6.29093018691e-05
795 -5.90321121779e-05
796 -5.52922441711e-05
797 -5.18291608935e-05
798 -4.87697618975e-05
799 -4.61428414921e-05
800 0.00129959352672
801 0.00128025655164
802 0.00123931199526
803 0.0011827803738
804 0.00111281582081
805 0.00103138401259
806 0.000943563831714
807 0.000851392502207
808 0.000760227995378
809 0.000670455371512
810 0.000584745985659
811 0.000506241684278
812 0.000438674464955
813 0.000387237923806
814 0.000357694166511
815 0.000354323521404
816 0.000376072979615
817 0.000416059673127
818 0.000464472040957
819 0.000508517593228
820 0.000530128014318
821 0.000510495855882
822 0.000445028050378
823 0.000347989546046
824 0.000242020388894
825 0.000145598413623
826 6.7566377085e-05
827 9.33527329753e-06
828 -3.18484686331e-05
829 -5.94786143964e-05
830 -7.70675609615e-05
831 -8.75158028114e-05
832 -9.29753667734e-05
833 -9.50096877812e-05
834 -9.47629861646e-05
835 -9.30386252302e-05
836 -9.04206039819e-05
837 -8.73511165292e-05
838 -8.40377309786e-05
839 -8.06090076419e-05
840 -7.70242760877e-05
841 -7.32868482478e-05
842 -6.94073075441e-05
843 -6.54766255935e-05
844 -6.15733785263e-05
845 -5.77637133339e-05
846 -5.41276653861e-05
847 -5.08090212177e-05
848 -4.79092096672e-05
849 -4.54192181599e-05
850 0.00102319292325
851 0.00100867038459
852 0.000978188272789
853 0.000935937397319
854 0.00088312396029
855 0.000821332002062
856 0.000754170056006
857 0.000682942783156
858 0.000612384313421
859 0.000543649093512
860 0.000479893609337
861 0.000425393052536
862 0.000385135635793
863 0.000363863572892
864 0.000364138787018
865 0.000384078770207
866 0.000417609110513
867 0.000457681043898
868 0.000496259482875
869 0.000520082063196
870 0.00051204305077
871 0.000462154817716
872 0.000377432088626
873 0.000276916006413
874 0.00017911269722
875 9.59937603064e-05
876 3.14487451298e-05
877 -1.55218533152e-05
878 -4.81446759849e-05
879 -6.96225803913e-05
880 -8.29913673209e-05
881 -9.06130998066e-05
882 -9.41915988413e-05
883 -9.50336740913e-05
884 -9.40488098905e-05
885 -9.19012833833e-05
886 -8.90883320573e-05
887 -8.59386290208e-05
888 -8.26028913642e-05
889 -7.91559500381e-05
890 -7.55405748533e-05
891 -7.17796365718e-05
892 -6.79101617355e-05
893 -6.4017564527e-05
894 -6.01724197041e-05
895 -5.64475883373e-05
896 -5.29364833672e-05
897 -4.9779298154e-05
898 -4.70433119204e-05
899 -4.46862985677e-05
900 0.000804361048594
901 0.000793375258212
902 0.000770494877281
903 0.000738666859286
904 0.000698600774787
905 0.00065172433718
906 0.000600996838696
907 0.000547747351297
908 0.000496364728454
909 0.0004489240354
910 0.000409331863861
911 0.000382168844251
912 0.000370734050861
913 0.000376022433876
914 0.000395263020585
915 0.000423513256482
916 0.000455875636826
917 0.000487680875067
918 0.000509901959034
919 0.000507962476927
920 0.000469668667861
921 0.000396651781006
922 0.000303187338537
923 0.000207396283213
924 0.000121728548025
925 5.26991034046e-05
926 7.4973956141e-07
927 -3.62572210762e-05
928 -6.14855627884e-05
929 -7.77384033197e-05
930 -8.75618977002e-05
931 -9.27788585894e-05
932 -9.4793898065e-05
933 -9.46441428364e-05
934 -9.30567667192e-05
935 -9.05812320996e-05
936 -8.76401046523e-05
937 -8.44249478336e-05
938 -8.10837929194e-05
939 -7.76030662154e-05
940 -7.39644511871e-05
941 -7.01853490021e-05
942 -6.63417024114e-05
943 -6.24977635449e-05
944 -5.87223024629e-05
945 -5.51011864393e-05
946 -5.17370724885e-05
947 -4.87542328842e-05
948 -4.61788216667e-05
949 -4.394963163e-05
950 0.000631614186864
951 0.000623341763352
952 0.000606539513888
953 0.000583122881045
954 0.00055397940855
955 0.00052045012753
956 0.000485332912746
957 0.000450461295796
958 0.000419870891205
959 0.000396141930485
960 0.000382408258418
961 0.000380767442977
962 0.000390540061201
963 0.000408805179174
964 0.000431831453635
965 0.000457098899886
966 0.00048215596095
967 0.000500651632122
968 0.000500558164209
969 0.000469985423207
970 0.000406580591301
971 0.000320974566816
972 0.000228719087433
973 0.000143304959922
974 7.16183756565e-05
975 1.61512559355e-05
976 -2.45964974208e-05
977 -5.30609903816e-05
978 -7.20633068193e-05
979 -8.39892768998e-05
980 -9.08661444727e-05
981 -9.40941595824e-05
982 -9.48347496788e-05
983 -9.38782701367e-05
984 -9.1816194358e-05
985 -8.91194306725e-05
986 -8.60779497785e-05
987 -8.28265948184e-05
988 -7.94726304661e-05
989 -7.5958025558e-05
990 -7.22960409886e-05
991 -6.85205972209e-05
992 -6.47101553535e-05
993 -6.09251648647e-05
994 -5.72365528959e-05
995 -5.37387117447e-05
996 -5.05416845316e-05
997 -4.77412587533e-05
998 -4.53201626907e-05
999 -4.32096402051e-05
1000 0.000503207986332
1001 0.000497713099126
1002 0.0004867859294
1003 0.000471717269066
1004 0.000453922010857
1005 0.000434548946112
1006 0.000416286317485
1007 0.00040122692861
1008 0.000392049390974
1009 0.000389907880616
1010 0.000395405590025
1011 0.000407384573625
1012 0.000423102811545
1013 0.000440651694095
1014 0.000459348744431
1015 0.000478281582556
1016 0.000492384120166
1017 0.000491490214922
1018 0.000464620202205
1019 0.000408507012704
1020 0.000330087513905
1021 0.000242841988202
1022 0.000159125848773
1023 8.7104574496e-05
1024 2.9481696824e-05
1025 -1.38283530997e-05
1026 -4.49779121269e-05
1027 -6.62857749868e-05
1028 -8.01771076429e-05
1029 -8.85788740058e-05
1030 -9.30235800082e-05
1031 -9.46603209552e-05
1032 -9.43736587779e-05
1033 -9.27784489966e-05
1034 -9.03699304003e-05
1035 -8.75317932939e-05
1036 -8.44059347016e-05
1037 -8.11438151175e-05
1038 -7.7756456645e-05
1039 -7.4216011777e-05
1040 -7.05355185492e-05
1041 -6.67837163246e-05
1042 -6.30183547794e-05
1043 -5.93059828225e-05
1044 -5.57278600605e-05
1045 -5.23775546966e-05
1046 -4.93640030385e-05
1047 -4.6743811941e-05
1048 -4.44697790305e-05
1049 -4.24655618915e-05
1050 0.00042762065481
1051 0.000425274836357
1052 0.000420424748114
1053 0.000414300563764
1054 0.000408183212375
1055 0.000402833797408
1056 0.000400029320085
1057 0.000400850452693
1058 0.000405733925638
1059 0.000413939855608
1060 0.000424384576752
1061 0.000435868975168
1062 0.0004478878434
1063 0.000461011735721
1064 0.000474695865687
1065 0.000484352446342
1066 0.000480853724734
1067 0.000454934034756
1068 0.0004030786292
1069 0.000330821689092
1070 0.000248966415122
1071 0.000168666691688
1072 9.77216763791e-05
1073 3.9831507882e-05
1074 -4.94091425708e-06
1075 -3.78018113531e-05
1076 -6.09341073045e-05
1077 -7.63919867188e-05
1078 -8.61531370643e-05
1079 -9.169589996e-05
1080 -9.41943309437e-05
1081 -9.45690470062e-05
1082 -9.34686993696e-05
1083 -9.13883056439e-05
1084 -8.8761435008e-05
1085 -8.58070049403e-05
1086 -8.26360147334e-05
1087 -7.93628762524e-05
1088 -7.59381543988e-05
1089 -7.23722236322e-05
1090 -6.86961277834e-05
1091 -6.49783754869e-05
1092 -6.12704510376e-05
1093 -5.76480758395e-05
1094 -5.42040683887e-05
1095 -5.10231618396e-05
1096 -4.82073278758e-05
1097 -4.57611245552e-05
1098 -4.36267712484e-05
1099 -4.17156517155e-05
1100 0.000410280540149
1101 0.000410480537213
1102 0.00041037963697
1103 0.000410935693207
1104 0.000412570849936
1105 0.000415301795425
1106 0.000419541540823
1107 0.000425144826788
1108 0.000431400378586
1109 0.000437771301639
1110 0.000444389433222
1111 0.000451897634876
1112 0.000461002226111
1113 0.000470470885238
1114 0.000475542637072
1115 0.000468176979384
1116 0.000440806045607
1117 0.000391111856544
1118 0.000323417111389
1119 0.000247035278145
1120 0.000171197169351
1121 0.000102978718587
1122 4.61771874119e-05
1123 1.49744028738e-06
1124 -3.21844477396e-05
1125 -5.63842522431e-05
1126 -7.2997541955e-05
1127 -8.37954800324e-05
1128 -9.02712081433e-05
1129 -9.35327154019e-05
1130 -9.45221644403e-05
1131 -9.39052716357e-05
1132 -9.21819413614e-05
1133 -8.97776431793e-05
1134 -8.70040288866e-05
1135 -8.39535481905e-05
1136 -8.07751971976e-05
1137 -7.74679087402e-05
1138 -7.40176377834e-05
1139 -7.04335712883e-05
1140 -6.67813472432e-05
1141 -6.31102926342e-05
1142 -5.94727246236e-05
1143 -5.59735189073e-05
1144 -5.26804346728e-05
1145 -4.9692892914e-05
1146 -4.70749435245e-05
1147 -4.4794084429e-05
1148 -4.27843287346e-05
1149 -4.09613005741e-05
1150 0.000428396455972
1151 0.000429230402174
1152 0.000430343245361
1153 0.000432083367737
1154 0.000434297240128
1155 0.000436581398179
1156 0.000438915186027
1157 0.000441289357645
1158 0.000443839024016
1159 0.000447319144484
1160 0.00045244920246
1161 0.000458965745206
1162 0.000464777272493
1163 0.000464795889689
1164 0.000452345717964
1165 0.000421989452952
1166 0.000372890779317
1167 0.000308931882402
1168 0.000237625131611
1169 0.000167017918488
1170 0.000102751677022
1171 4.8377940176e-05
1172 4.86233103652e-06
1173 -2.84389894348e-05
1174 -5.29930113554e-05
1175 -7.02148144358e-05
1176 -8.17265815506e-05
1177 -8.88850846423e-05
1178 -9.27832188186e-05
1179 -9.43051142324e-05
1180 -9.41330140709e-05
1181 -9.27583745855e-05
1182 -9.06025140014e-05
1183 -8.80011594985e-05
1184 -8.51001704258e-05
1185 -8.20108717107e-05
1186 -7.88153430592e-05
1187 -7.54735568459e-05
1188 -7.19946337291e-05
1189 -6.84211516711e-05
1190 -6.48043223573e-05
1191 -6.11919682609e-05
1192 -5.76604989937e-05
1193 -5.43029755804e-05
1194 -5.11849609071e-05
1195 -4.84066047933e-05
1196 -4.59758012232e-05
1197 -4.38502914875e-05
1198 -4.1947611879e-05
1199 -4.02102912728e-05
1200 0.000441414076972
1201 0.000441482178619
1202 0.00044146813434
1203 0.000441423325074
1204 0.00044132138411
1205 0.000441376804339
1206 0.000441887202267
1207 0.000443344999743
1208 0.000446100891883
1209 0.000450375026992
1210 0.000454785652764
1211 0.000456126806459
1212 0.000450019148039
1213 0.000431498304695
1214 0.000397398418896
1215 0.000348001073111
1216 0.000287452282033
1217 0.000221466951714
1218 0.000156382571456
1219 9.71705111355e-05
1220 4.6367507478e-05
1221 5.11044153578e-06
1222 -2.70098257854e-05
1223 -5.10297640795e-05
1224 -6.83068100433e-05
1225 -8.01221259335e-05
1226 -8.77003502333e-05
1227 -9.2044679247e-05
1228 -9.39919231194e-05
1229 -9.41992793522e-05
1230 -9.31457727283e-05
1231 -9.12306252149e-05
1232 -8.88114176888e-05
1233 -8.60581750326e-05
1234 -8.307484113e-05
1235 -7.99779919958e-05
1236 -7.67443280623e-05
1237 -7.33756180598e-05
1238 -6.98893185058e-05
1239 -6.63452775803e-05
1240 -6.27735697188e-05
1241 -5.92442812089e-05
1242 -5.58491767e-05
1243 -5.26523227115e-05
1244 -4.97345210987e-05
1245 -4.71652457533e-05
1246 -4.49105218204e-05
1247 -4.29227765398e-05
1248 -4.11172400751e-05
1249 -3.94629317729e-05
1250 0.000436768760268
1251 0.000436503417895
1252 0.000436492397395
1253 0.000436569582713
1254 0.000436944371669
1255 0.000438328999202
1256 0.000440575694288
1257 0.000443473743351
1258 0.000445975054092
1259 0.000446462680984
1260 0.000441789196009
1261 0.000428243291823
1262 0.00040317531962
1263 0.000365441572457
1264 0.000316169930821
1265 0.000258959943006
1266 0.00019875420738
1267 0.000139930920487
1268 8.63058933837e-05
1269 4.01946843301e-05
1270 2.11744233245e-06
1271 -2.79277417244e-05
1272 -5.08076178017e-05
1273 -6.74728436016e-05
1274 -7.91666269175e-05
1275 -8.68516460184e-05
1276 -9.14328645863e-05
1277 -9.36560540771e-05
1278 -9.41531349177e-05
1279 -9.33724423094e-05
1280 -9.16804958895e-05
1281 -8.9436046639e-05
1282 -8.68380678497e-05
1283 -8.3964179398e-05
1284 -8.09613602181e-05
1285 -7.78373513813e-05
1286 -7.45721601789e-05
1287 -7.11848350206e-05
1288 -6.77163215976e-05
1289 -6.42115565217e-05
1290 -6.070477886e-05
1291 -5.72938617594e-05
1292 -5.40527856516e-05
1293 -5.10390787358e-05
1294 -4.83393938953e-05
1295 -4.59665625305e-05
1296 -4.3877375753e-05
1297 -4.20069007753e-05
1298 -4.02957179009e-05
1299 -3.87181615329e-05
1300 0.000432352674751
1301 0.000432354621051
1302 0.000433186305999
1303 0.000434208618972
1304 0.000435319794047
1305 0.000436687506191
1306 0.000437102707255
1307 0.00043516668531
1308 0.000429076763651
1309 0.000416707954251
1310 0.000395853492592
1311 0.000365173570445
1312 0.000324998797858
1313 0.000277145968536
1314 0.000224375126717
1315 0.000170265454362
1316 0.000118370679111
1317 7.11243811088e-05
1318 3.01562747914e-05
1319 -3.83453213227e-06
1320 -3.11381734711e-05
1321 -5.21931482908e-05
1322 -6.78274489795e-05
1323 -7.8932426657e-05
1324 -8.64195545937e-05
1325 -9.10154005891e-05
1326 -9.3365107918e-05
1327 -9.40450584467e-05
1328 -9.34680670221e-05
1329 -9.19707978616e-05
1330 -8.98833380667e-05
1331 -8.74318857285e-05
1332 -8.46851099507e-05
1333 -8.17657461322e-05
1334 -7.87457249647e-05
1335 -7.55873647911e-05
1336 -7.22992851937e-05
1337 -6.89179424859e-05
1338 -6.54846341349e-05
1339 -6.20292757166e-05
1340 -5.8621568673e-05
1341 -5.53607908463e-05
1342 -5.2288801679e-05
1343 -4.94862416312e-05
1344 -4.70028790547e-05
1345 -4.48134566217e-05
1346 -4.28707523339e-05
1347 -4.1104551662e-05
1348 -3.94830732746e-05
1349 -3.7975572429e-05
1350 0.000427515642997
1351 0.000426995837036
1352 0.000426468528071
1353 0.000425016568126
1354 0.000422113235428
1355 0.000417168544729
1356 0.000408724731001
1357 0.000395290875811
1358 0.000376018548853
1359 0.000349730180443
1360 0.000316206401585
1361 0.000276237175546
1362 0.000231600802227
1363 0.000184657969817
1364 0.00013765592142
1365 9.29478934808e-05
1366 5.25075938766e-05
1367 1.72710680581e-05
1368 -1.23551917611e-05
1369 -3.63176177138e-05
1370 -5.51019687522e-05
1371 -6.92344293532e-05
1372 -7.94630390504e-05
1373 -8.64441086963e-05
1374 -9.08338099035e-05
1375 -9.31572799408e-05
1376 -9.3911973291e-05
1377 -9.34673316328e-05
1378 -9.21169776661e-05
1379 -9.01746612617e-05
1380 -8.7848881542e-05
1381 -8.52295258718e-05
1382 -8.24032196368e-05
1383 -7.9472651697e-05
1384 -7.64180151939e-05
1385 -7.32318143126e-05
1386 -6.99400989706e-05
1387 -6.65886358768e-05
1388 -6.31968889443e-05
1389 -5.98195134948e-05
1390 -5.65538865686e-05
1391 -5.34573911638e-05
1392 -5.05808597546e-05
1393 -4.80044338588e-05
1394 -4.57221585625e-05
1395 -4.37034557515e-05
1396 -4.18840572349e-05
1397 -4.02188242034e-05
1398 -3.8678584345e-05
1399 -3.72365335772e-05
1400 0.00039416455191
1401 0.000392179076106
1402 0.000388195548167
1403 0.000381593254546
1404 0.00037196908
1405 0.00035854446081
1406 0.000340662424535
1407 0.000317642950902
1408 0.000289881507803
1409 0.000257262807183
1410 0.000220678243907
1411 0.000181495260381
1412 0.000141396157339
1413 0.00010218914934
1414 6.51859769063e-05
1415 3.16123999111e-05
1416 2.24128156834e-06
1417 -2.26510428678e-05
1418 -4.31017707301e-05
1419 -5.92504164064e-05
1420 -7.16017235745e-05
1421 -8.06497404598e-05
1422 -8.69171511841e-05
1423 -9.09054362287e-05
1424 -9.30577488498e-05
1425 -9.37781750745e-05
1426 -9.33840943893e-05
1427 -9.21349158795e-05
1428 -9.03044365397e-05
1429 -8.80981720248e-05
1430 -8.55874476499e-05
1431 -8.28620910615e-05
1432 -8.00215598236e-05
1433 -7.70622881962e-05
1434 -7.39749393922e-05
1435 -7.07814259179e-05
1436 -6.7511207245e-05
1437 -6.41976807564e-05
1438 -6.08686169477e-05
1439 -5.76196226202e-05
1440 -5.45186655981e-05
1441 -5.16033643989e-05
1442 -4.89505825104e-05
1443 -4.65914237521e-05
1444 -4.44977851865e-05
1445 -4.26260164511e-05
1446 -4.09176921306e-05
1447 -3.93484545823e-05
1448 -3.7880419869e-05
1449 -3.65003805851e-05
1450 0.000319480464595
1451 0.000316347676389
1452 0.000309679281691
1453 0.00029951589646
1454 0.000285717859321
1455 0.000267935805833
1456 0.000246319614053
1457 0.000220909162064
1458 0.000192751516506
1459 0.000162066984368
1460 0.000129960661956
1461 9.75931449276e-05
1462 6.61741899683e-05
1463 3.67292125884e-05
1464 9.89201596174e-06
1465 -1.38158670288e-05
1466 -3.40412820824e-05
1467 -5.08105082269e-05
1468 -6.4276526567e-05
1469 -7.46577326308e-05
1470 -8.23590367357e-05
1471 -8.77453998257e-05
1472 -9.11929490787e-05
1473 -9.30512684458e-05
1474 -9.36511541057e-05
1475 -9.32403794871e-05
1476 -9.20394802304e-05
1477 -9.02990782042e-05
1478 -8.81889375721e-05
1479 -8.57840200908e-05
1480 -8.31475432574e-05
1481 -8.03957577127e-05
1482 -7.75362393764e-05
1483 -7.45398834363e-05
1484 -7.14423679931e-05
1485 -6.82638516899e-05
1486 -6.50306926664e-05
1487 -6.17649398678e-05
1488 -5.8546856553e-05
1489 -5.54629266265e-05
1490 -5.25374172245e-05
1491 -4.98355510903e-05
1492 -4.74120119198e-05
1493 -4.52530840515e-05
1494 -4.33298987894e-05
1495 -4.15819144306e-05
1496 -3.99810257729e-05
1497 -3.84930560524e-05
1498 -3.70920627251e-05
1499 -3.57594698068e-05
1500 0.00022186845524
1501 0.000218553299114
1502 0.0002114174294
1503 0.000200963121442
1504 0.00018718784469
1505 0.000170174829919
1506 0.000150428337205
1507 0.000128259439944
1508 0.000104864744759
1509 8.03629726702e-05
1510 5.57561140062e-05
1511 3.18131747121e-05
1512 9.2600875546e-06
1513 -1.1366226268e-05
1514 -2.97760013557e-05
1515 -4.56621125483e-05
1516 -5.89292042057e-05
1517 -6.96881806486e-05
1518 -7.8113977354e-05
1519 -8.43887708127e-05
1520 -8.88095277653e-05
1521 -9.16266958193e-05
1522 -9.31120635663e-05
1523 -9.35144087539e-05
1524 -9.3026417953e-05
1525 -9.1836089831e-05
1526 -9.01542931803e-05
1527 -8.81281112444e-05
1528 -8.58135564917e-05
1529 -8.32769919433e-05
1530 -8.06049325246e-05
1531 -7.78379804485e-05
1532 -7.4942421181e-05
1533 -7.19297527997e-05
1534 -6.88438265886e-05
1535 -6.56993487246e-05
1536 -6.25041904484e-05
1537 -5.93340732852e-05
1538 -5.62752415228e-05
1539 -5.3365406901e-05
1540 -5.06381248251e-05
1541 -4.81690122607e-05
1542 -4.59600723271e-05
1543 -4.39874637964e-05
1544 -4.22072865267e-05
1545 -4.05747229016e-05
1546 -3.90690272898e-05
1547 -3.76513064192e-05
1548 -3.63089560238e-05
1549 -3.50036404298e-05
1550 0.000126759800251
1551 0.000123901547366
1552 0.000117850685307
1553 0.000109168391192
1554 9.79610260417e-05
1555 8.44393122894e-05
1556 6.91456307387e-05
1557 5.23994036422e-05
1558 3.52216561671e-05
1559 1.76415123846e-05
1560 3.87215538019e-07
1561 -1.60664037927e-05
1562 -3.12759992972e-05
1563 -4.49074998955e-05
1564 -5.68474580077e-05
1565 -6.693309033e-05
1566 -7.51745305962e-05
1567 -8.16731590911e-05
1568 -8.65556059681e-05
1569 -8.99780182535e-05
1570 -9.2123329746e-05
1571 -9.31838684981e-05
1572 -9.33369135936e-05
1573 -9.27291581336e-05
1574 -9.15115116496e-05
1575 -8.98699015346e-05
1576 -8.79029993595e-05
1577 -8.56697091025e-05
1578 -8.32167513958e-05
1579 -8.06385185393e-05
1580 -7.79576610678e-05
1581 -7.51580217008e-05
1582 -7.22439559688e-05
1583 -6.92427417515e-05
1584 -6.61914001174e-05
1585 -6.30791714203e-05
1586 -5.99660522126e-05
1587 -5.69476931366e-05
1588 -5.40662464129e-05
1589 -5.13433562809e-05
1590 -4.88453826495e-05
1591 -4.65995293383e-05
1592 -4.45870498742e-05
1593 -4.27772440042e-05
1594 -4.11210122084e-05
1595 -3.9596791128e-05
1596 -3.8169063781e-05
1597 -3.68177482855e-05
1598 -3.55170163753e-05
1599 -3.42242236279e-05
1600 4.9271854052e-05
1601 4.71499706355e-05
1602 4.27095861727e-05
1603 3.63723124418e-05
1604 2.8349240613e-05
1605 1.87698576041e-05
1606 8.07805129472e-06
1607 -3.45125071437e-06
1608 -1.51059605171e-05
1609 -2.68391207828e-05
1610 -3.81722764131e-05
1611 -4.881515672e-05
1612 -5.84950747436e-05
1613 -6.70048699517e-05
1614 -7.42933683756e-05
1615 -8.03085988323e-05
1616 -8.50604844722e-05
1617 -8.86298773459e-05
1618 -9.11006436975e-05
1619 -9.25793783718e-05
1620 -9.31999350866e-05
1621 -9.30764869771e-05
1622 -9.23173773414e-05
1623 -9.10646131229e-05
1624 -8.94406936941e-05
1625 -8.75230455097e-05
1626 -8.53525022489e-05
1627 -8.29867899652e-05
1628 -8.0489676607e-05
1629 -7.79008388751e-05
1630 -7.51882878119e-05
1631 -7.23690409685e-05
1632 -6.94653810429e-05
1633 -6.6496572319e-05
1634 -6.34784878809e-05
1635 -6.04373360408e-05
1636 -5.74694654907e-05
1637 -5.46279449087e-05
1638 -5.1927845002e-05
1639 -4.94252411985e-05
1640 -4.71579185753e-05
1641 -4.51192662119e-05
1642 -4.32850324005e-05
1643 -4.16117892449e-05
1644 -4.00733878664e-05
1645 -3.86389710817e-05
1646 -3.7280559359e-05
1647 -3.59836715175e-05
1648 -3.4707121387e-05
1649 -3.34142718806e-05
1650 -6.80570560614e-06
1651 -8.21708045131e-06
1652 -1.11957911517e-05
1653 -1.54623616171e-05
1654 -2.07548684435e-05
1655 -2.70763107514e-05
1656 -3.40472215247e-05
1657 -4.14750328732e-05
1658 -4.89185276306e-05
1659 -5.62976617201e-05
1660 -6.33285186595e-05
1661 -6.98203905495e-05
1662 -7.56297046993e-05
1663 -8.06051679668e-05
1664 -8.47355435004e-05
1665 -8.80011722892e-05
1666 -9.04152883181e-05
1667 -9.20193969965e-05
1668 -9.28849933339e-05
1669 -9.3085653307e-05
1670 -9.26842014184e-05
1671 -9.17738239061e-05
1672 -9.04709413397e-05
1673 -8.88615053932e-05
1674 -8.69779862771e-05
1675 -8.48677806368e-05
1676 -8.25754621977e-05
1677 -8.01702268408e-05
1678 -7.76638471995e-05
1679 -7.50452618402e-05
1680 -7.23144937348e-05
1681 -6.95082897127e-05
1682 -6.66338318948e-05
1683 -6.36996335427e-05
1684 -6.07420354672e-05
1685 -5.78386368524e-05
1686 -5.50511974679e-05
1687 -5.23918750317e-05
1688 -4.99017499478e-05
1689 -4.76330606489e-05
1690 -4.55813871782e-05
1691 -4.37313415396e-05
1692 -4.20469896058e-05
1693 -4.04992418236e-05
1694 -3.90623980935e-05
1695 -3.77009739575e-05
1696 -3.64046094779e-05
1697 -3.51408825313e-05
1698 -3.38728424761e-05
1699 -3.25667317508e-05
1700 -4.44385530084e-05
1701 -4.53203682658e-05
1702 -4.71956660283e-05
1703 -4.9875958958e-05
1704 -5.31512840713e-05
1705 -5.70750951547e-05
1706 -6.13455249053e-05
1707 -6.58486603701e-05
1708 -7.0309124568e-05
1709 -7.46591354422e-05
1710 -7.87395453358e-05
1711 -8.24140381374e-05
1712 -8.56095302784e-05
1713 -8.82371892961e-05
1714 -9.02875983495e-05
1715 -9.17388356612e-05
1716 -9.26125652317e-05
1717 -9.29429550245e-05
1718 -9.2759907301e-05
1719 -9.21152284027e-05
1720 -9.10774573664e-05
1721 -8.97282858027e-05
1722 -8.81131486474e-05
1723 -8.62664862229e-05
1724 -8.42090051442e-05
1725 -8.19908884297e-05
1726 -7.96665351869e-05
1727 -7.72531180782e-05
1728 -7.47156190208e-05
1729 -7.20837744153e-05
1730 -6.93683786183e-05
1731 -6.65893927859e-05
1732 -6.37463836836e-05
1733 -6.08695827574e-05
1734 -5.80444560154e-05
1735 -5.53236791227e-05
1736 -5.27201393062e-05
1737 -5.02647173996e-05
1738 -4.80105908527e-05
1739 -4.59627661186e-05
1740 -4.41085430694e-05
1741 -4.24211246784e-05
1742 -4.0868620451e-05
1743 -3.94331160823e-05
1744 -3.80752170833e-05
1745 -3.67797734331e-05
1746 -3.55276267621e-05
1747 -3.42809840889e-05
1748 -3.30069888795e-05
1749 -3.1681197248e-05
1750 -6.81168513748e-05
1751 -6.86413478729e-05
1752 -6.97458914331e-05
1753 -7.13009556668e-05
1754 -7.32046749223e-05
1755 -7.54723584668e-05
1756 -7.79071213034e-05
1757 -8.04411091958e-05
1758 -8.28990643028e-05
1759 -8.52451988205e-05
1760 -8.73807388969e-05
1761 -8.92204346837e-05
1762 -9.07103077841e-05
1763 -9.1805972246e-05
1764 -9.25027577615e-05
1765 -9.27920379566e-05
1766 -9.26755595688e-05
1767 -9.21744315385e-05
1768 -9.13311216931e-05
1769 -9.0201835519e-05
1770 -8.88133817341e-05
1771 -8.71932932612e-05
1772 -8.53709582283e-05
1773 -8.33761508331e-05
1774 -8.12328655517e-05
1775 -7.89949159468e-05
1776 -7.66611710313e-05
1777 -7.42148383083e-05
1778 -7.16753658331e-05
1779 -6.90594568768e-05
1780 -6.6374837223e-05
1781 -6.3626985995e-05
1782 -6.08446031446e-05
1783 -5.81022432096e-05
1784 -5.54578935601e-05
1785 -5.29187588254e-05
1786 -5.05135265822e-05
1787 -4.82890195098e-05
1788 -4.62578039754e-05
1789 -4.44116532023e-05
1790 -4.27272638453e-05
1791 -4.1178840068e-05
1792 -3.97479142546e-05
1793 -3.83989058784e-05
1794 -3.71086000717e-05
1795 -3.58653814566e-05
1796 -3.46375661112e-05
1797 -3.33931103243e-05
1798 -3.21026662857e-05
1799 -3.07638458976e-05
1800 -8.18708910786e-05
1801 -8.21542804799e-05
1802 -8.2751244261e-05
1803 -8.35753704686e-05
1804 -8.45889977171e-05
1805 -8.57794652958e-05
1806 -8.70307819568e-05
1807 -8.83014155466e-05
1808 -8.94831746939e-05
1809 -9.0552190531e-05
1810 -9.14421594299e-05
1811 -9.21070478175e-05
1812 -9.25186985346e-05
1813 -9.26499444751e-05
1814 -9.24880520224e-05
1815 -9.20323621974e-05
1816 -9.13036199901e-05
1817 -9.03242482523e-05
1818 -8.91198120629e-05
1819 -8.77053490686e-05
1820 -8.6089607813e-05
1821 -8.42995535207e-05
1822 -8.23551641474e-05
1823 -8.03019054727e-05
1824 -7.81487762845e-05
1825 -7.58962211977e-05
1826 -7.3534062797e-05
1827 -7.10930854696e-05
1828 -6.85745405889e-05
1829 -6.59871344801e-05
1830 -6.33337575423e-05
1831 -6.06512429862e-05
1832 -5.80086288712e-05
1833 -5.54499401033e-05
1834 -5.298917442e-05
1835 -5.06450113365e-05
1836 -4.84639913443e-05
1837 -4.64631675137e-05
1838 -4.46362024211e-05
1839 -4.29681160098e-05
1840 -4.14287529779e-05
1841 -4.00066246187e-05
1842 -3.86702944571e-05
1843 -3.73906800398e-05
1844 -3.61585985964e-05
1845 -3.49464794076e-05
1846 -3.37273563488e-05
1847 -3.24704928267e-05
1848 -3.11639006334e-05
1849 -2.98259567069e-05
1850 -8.90475224825e-05
1851 -8.91757269113e-05
1852 -8.94528042406e-05
1853 -8.98241486551e-05
1854 -9.02715753588e-05
1855 -9.07786812126e-05
1856 -9.12798793061e-05
1857 -9.17465224727e-05
1858 -9.21217133649e-05
1859 -9.23865678056e-05
1860 -9.24998166512e-05
1861 -9.242928966e-05
1862 -9.21613908211e-05
1863 -9.16886178986e-05
1864 -9.10120634488e-05
1865 -9.01355414824e-05
1866 -8.90707397103e-05
1867 -8.78135015489e-05
1868 -8.63819399407e-05
1869 -8.47889372903e-05
1870 -8.30385932042e-05
1871 -8.11617868754e-05
1872 -7.91912039584e-05
1873 -7.71364702722e-05
1874 -7.49610413293e-05
1875 -7.26930193429e-05
1876 -7.0346543143e-05
1877 -6.79255111648e-05
1878 -6.54375548807e-05
1879 -6.28804143098e-05
1880 -6.02998766113e-05
1881 -5.77630084289e-05
1882 -5.5301382022e-05
1883 -5.29229561105e-05
1884 -5.06546129392e-05
1885 -4.85317684627e-05
1886 -4.65707519942e-05
1887 -4.47749470941e-05
1888 -4.31290944766e-05
1889 -4.16126150022e-05
1890 -4.02058948805e-05
1891 -3.88846583994e-05
1892 -3.76203282312e-05
1893 -3.64010261795e-05
1894 -3.52065377253e-05
1895 -3.40088925926e-05
1896 -3.27830632792e-05
1897 -3.15094880313e-05
1898 -3.01993317041e-05
1899 -2.88745430785e-05
1900 -9.19320489685e-05
1901 -9.19626071801e-05
1902 -9.20405989951e-05
1903 -9.21327054457e-05
1904 -9.22252811065e-05
1905 -9.23098392784e-05
1906 -9.23492653071e-05
1907 -9.23183833348e-05
1908 -9.21947796735e-05
1909 -9.1959781835e-05
1910 -9.15959685315e-05
1911 -9.10864955126e-05
1912 -9.04307077014e-05
1913 -8.96246734254e-05
1914 -8.86622341713e-05
1915 -8.75383919503e-05
1916 -8.62636723112e-05
1917 -8.48388415366e-05
1918 -8.32749484758e-05
1919 -8.15834400072e-05
1920 -7.97884119716e-05
1921 -7.79081542889e-05
1922 -7.59288549061e-05
1923 -7.38515687775e-05
1924 -7.16801486639e-05
1925 -6.94327356711e-05
1926 -6.71089390978e-05
1927 -6.47163828832e-05
1928 -6.22607748064e-05
1929 -5.97924156609e-05
1930 -5.73641819489e-05
1931 -5.50098189651e-05
1932 -5.27233618337e-05
1933 -5.05357652681e-05
1934 -4.84848611974e-05
1935 -4.65819689241e-05
1936 -4.48269099245e-05
1937 -4.32134462403e-05
1938 -4.17233098497e-05
1939 -4.03413927252e-05
1940 -3.90417747247e-05
1941 -3.77950932684e-05
1942 -3.65923811591e-05
1943 -3.54163404787e-05
1944 -3.42411261643e-05
1945 -3.30415459149e-05
1946 -3.17992754956e-05
1947 -3.05180831102e-05
1948 -2.92178817238e-05
1949 -2.79153999387e-05
1950 -9.20511075375e-05
1951 -9.20251476986e-05
1952 -9.19815047526e-05
1953 -9.19037018594e-05
1954 -9.17807126669e-05
1955 -9.16119483949e-05
1956 -9.13750920646e-05
1957 -9.10538101829e-05
1958 -9.06460523143e-05
1959 -9.01327686847e-05
1960 -8.95072790508e-05
1961 -8.87551590991e-05
1962 -8.78759025762e-05
1963 -8.68694361047e-05
1964 -8.57344459242e-05
1965 -8.44660723249e-05
1966 -8.30707453988e-05
1967 -8.15528827835e-05
1968 -7.99387723789e-05
1969 -7.82404994356e-05
1970 -7.64423479704e-05
1971 -7.45415447395e-05
1972 -7.25530053818e-05
1973 -7.04910849924e-05
1974 -6.83400267339e-05
1975 -6.61157124519e-05
1976 -6.38190487606e-05
1977 -6.14698710036e-05
1978 -5.91176160838e-05
1979 -5.68123667579e-05
1980 -5.45646395619e-05
1981 -5.23868899369e-05
1982 -5.02908603473e-05
1983 -4.83180912984e-05
1984 -4.64842606568e-05
1985 -4.47851680513e-05
1986 -4.32132205317e-05
1987 -4.17596248557e-05
1988 -4.04071982986e-05
1989 -3.91354599271e-05
1990 -3.79126718474e-05
1991 -3.67284690093e-05
1992 -3.55721209267e-05
1993 -3.44197207085e-05
1994 -3.32475045808e-05
1995 -3.20340071692e-05
1996 -3.07825548344e-05
1997 -2.95082855973e-05
1998 -2.82272223025e-05
1999 -2.69557161289e-05
2000 -9.04618378838e-05
2001 -9.04072404752e-05
2002 -9.02955356031e-05
2003 -9.01218013143e-05
2004 -8.98815483818e-05
2005 -8.95734662115e-05
2006 -8.91837609402e-05
2007 -8.8701742558e-05
2008 -8.81313174414e-05
2009 -8.74553347834e-05
2010 -8.66739098618e-05
2011 -8.57787225272e-05
2012 -8.47696068152e-05
2013 -8.36489808077e-05
2014 -8.24149346918e-05
2015 -8.10702840824e-05
2016 -7.96349801236e-05
2017 -7.81115322521e-05
2018 -7.64955108939e-05
2019 -7.47828315017e-05
2020 -7.29723897279e-05
2021 -7.10819511473e-05
2022 -6.9114752599e-05
2023 -6.70733202392e-05
2024 -6.49471127862e-05
2025 -6.27534427203e-05
2026 -6.05235636435e-05
2027 -5.83039509456e-05
2028 -5.61211278633e-05
2029 -5.39942590293e-05
2030 -5.1918737028e-05
2031 -4.99300802545e-05
2032 -4.80462960171e-05
2033 -4.6286539677e-05
2034 -4.46510864528e-05
2035 -4.3132405354e-05
2036 -4.1720744751e-05
2037 -4.04055249092e-05
2038 -3.91647733736e-05
2039 -3.79704277688e-05
2040 -3.68089071873e-05
2041 -3.56721919e-05
2042 -3.45424604476e-05
2043 -3.33958614511e-05
2044 -3.22124604189e-05
2045 -3.0989019428e-05
2046 -2.97427542099e-05
2047 -2.84859191576e-05
2048 -2.72322994909e-05
2049 -2.60000576261e-05
2050 -8.78597959292e-05
2051 -8.77903367983e-05
2052 -8.76376754915e-05
2053 -8.74081468293e-05
2054 -8.7100599738e-05
2055 -8.67105617155e-05
2056 -8.62322860904e-05
2057 -8.56584219925e-05
2058 -8.49960058272e-05
2059 -8.42309322773e-05
2060 -8.33624475052e-05
2061 -8.23869326022e-05
2062 -8.13088350955e-05
2063 -8.01407257682e-05
2064 -7.88866897716e-05
2065 -7.75420967387e-05
2066 -7.61041625481e-05
2067 -7.45645928007e-05
2068 -7.29393803296e-05
2069 -7.12363738704e-05
2070 -6.94463651365e-05
2071 -6.75753138008e-05
2072 -6.56284945358e-05
2073 -6.36133738627e-05
2074 -6.15309996285e-05
2075 -5.94332502901e-05
2076 -5.7350110532e-05
2077 -5.53026814939e-05
2078 -5.32919285618e-05
2079 -5.1336294482e-05
2080 -4.94514076992e-05
2081 -4.76681735081e-05
2082 -4.59937044463e-05
2083 -4.44279159846e-05
2084 -4.29695937618e-05
2085 -4.16098986083e-05
2086 -4.03375810895e-05
2087 -3.91331216332e-05
2088 -3.79695928363e-05
2089 -3.68358096206e-05
2090 -3.57229144856e-05
2091 -3.46150395583e-05
2092 -3.34936850643e-05
2093 -3.2339268087e-05
2094 -3.1144108217e-05
2095 -2.99245299931e-05
2096 -2.8693534664e-05
2097 -2.745979045e-05
2098 -2.6242169146e-05
2099 -2.5053750773e-05
2100 -8.46300219164e-05
2101 -8.45525859145e-05
2102 -8.43770079521e-05
2103 -8.41193680251e-05
2104 -8.37747476364e-05
2105 -8.3339824524e-05
2106 -8.28120777979e-05
2107 -8.2186654795e-05
2108 -8.14743452836e-05
2109 -8.06665339811e-05
2110 -7.97672711419e-05
2111 -7.87785352493e-05
2112 -7.77004102602e-05
2113 -7.65345340516e-05
2114 -7.5273862147e-05
2115 -7.39204180591e-05
2116 -7.24807432394e-05
2117 -7.09535653976e-05
2118 -6.93461433458e-05
2119 -6.76601328139e-05
2120 -6.58877388423e-05
2121 -6.40394927135e-05
2122 -6.21264260253e-05
2123 -6.01825872515e-05
2124 -5.82239040579e-05
2125 -5.62837907894e-05
2126 -5.43693966092e-05
2127 -5.24868012829e-05
2128 -5.06465521137e-05
2129 -4.88781938612e-05
2130 -4.71969914511e-05
2131 -4.56146395875e-05
2132 -4.41275361238e-05
2133 -4.2735197495e-05
2134 -4.14335080574e-05
2135 -4.0209426607e-05
2136 -3.90440083522e-05
2137 -3.79143892585e-05
2138 -3.68096914573e-05
2139 -3.57237246695e-05
2140 -3.46409582912e-05
2141 -3.35441877974e-05
2142 -3.24172253156e-05
2143 -3.1251070023e-05
2144 -3.00594191829e-05
2145 -2.88531016688e-05
2146 -2.76439436473e-05
2147 -2.64434208783e-05
2148 -2.52674460921e-05
2149 -2.41289162913e-05
2150 -8.10186802897e-05
2151 -8.09344913234e-05
2152 -8.07494095042e-05
2153 -8.04810068209e-05
2154 -8.01210517118e-05
2155 -7.96718368848e-05
2156 -7.91317701208e-05
2157 -7.8499905785e-05
2158 -7.77869951304e-05
2159 -7.69800505156e-05
2160 -7.60808410278e-05
2161 -7.50878741878e-05
2162 -7.40033203441e-05
2163 -7.28359381498e-05
2164 -7.15816022338e-05
2165 -7.02442542007e-05
2166 -6.88224347016e-05
2167 -6.73141884756e-05
2168 -6.57225829251e-05
2169 -6.40573672072e-05
2170 -6.23146718531e-05
2171 -6.05264298194e-05
2172 -5.87189177955e-05
2173 -5.69161308628e-05
2174 -5.51167848176e-05
2175 -5.33377521804e-05
2176 -5.15788800962e-05
2177 -4.98650038972e-05
2178 -4.82137207477e-05
2179 -4.66423690953e-05
2180 -4.51543702661e-05
2181 -4.37496293581e-05
2182 -4.24305144487e-05
2183 -4.11902518804e-05
2184 -4.00193465261e-05
2185 -3.88967557253e-05
2186 -3.78032345486e-05
2187 -3.6729365171e-05
2188 -3.56709654241e-05
2189 -3.46148881152e-05
2190 -3.35422547575e-05
2191 -3.24413430356e-05
2192 -3.13053407982e-05
2193 -3.01424749327e-05
2194 -2.89643249252e-05
2195 -2.77792429533e-05
2196 -2.66006923069e-05
2197 -2.54402427528e-05
2198 -2.43145066228e-05
2199 -2.32276756872e-05
2200 -7.72489349147e-05
2201 -7.71604792117e-05
2202 -7.69770276035e-05
2203 -7.67099450042e-05
2204 -7.63487800653e-05
2205 -7.5900154169e-05
2206 -7.53587614573e-05
2207 -7.4724097965e-05
2208 -7.40095425076e-05
2209 -7.32008702544e-05
2210 -7.23048011658e-05
2211 -7.13187700179e-05
2212 -7.02465724233e-05
2213 -6.90953765807e-05
2214 -6.7854506584e-05
2215 -6.65296315129e-05
2216 -6.51217501387e-05
2217 -6.3633937426e-05
2218 -6.20767829813e-05
2219 -6.04706581085e-05
2220 -5.8826822092e-05
2221 -5.71690367187e-05
2222 -5.55100523086e-05
2223 -5.3860230861e-05
2224 -5.22117291107e-05
2225 -5.05860495774e-05
2226 -4.89966820882e-05
2227 -4.74661402029e-05
2228 -4.60063985439e-05
2229 -4.46144074148e-05
2230 -4.32970418185e-05
2231 -4.20551307535e-05
2232 -4.08816399317e-05
2233 -3.97648255009e-05
2234 -3.86883985767e-05
2235 -3.76330669908e-05
2236 -3.65930013896e-05
2237 -3.55635734011e-05
2238 -3.45334824784e-05
2239 -3.34880524491e-05
2240 -3.2412465521e-05
2241 -3.13031224327e-05
2242 -3.01710456417e-05
2243 -2.9022758242e-05
2244 -2.78650162995e-05
2245 -2.67080160174e-05
2246 -2.55669333074e-05
2247 -2.44551174806e-05
2248 -2.33832379838e-05
2249 -2.23398679056e-05
2250 -7.33826612199e-05
2251 -7.32919064435e-05
2252 -7.31099157091e-05
2253 -7.28426893588e-05
2254 -7.24816130457e-05
2255 -7.20371850749e-05
2256 -7.15015058768e-05
2257 -7.08731110587e-05
2258 -7.01683874142e-05
2259 -6.93709450779e-05
2260 -6.84871559964e-05
2261 -6.75111003423e-05
2262 -6.64481991518e-05
2263 -6.5307875246e-05
2264 -6.40831077574e-05
2265 -6.27826040419e-05
2266 -6.14147354645e-05
2267 -5.99904069592e-05
2268 -5.85302762909e-05
2269 -5.70454104837e-05
2270 -5.55419319275e-05
2271 -5.40284291004e-05
2272 -5.25131004398e-05
2273 -5.10059880046e-05
2274 -4.95064459317e-05
2275 -4.80502167231e-05
2276 -4.66424725589e-05
2277 -4.52942177409e-05
2278 -4.40051795392e-05
2279 -4.27784966536e-05
2280 -4.16166704645e-05
2281 -4.05124875832e-05
2282 -3.94525778101e-05
2283 -3.84213178796e-05
2284 -3.74063194673e-05
2285 -3.64004748684e-05
2286 -3.54021546463e-05
2287 -3.43980590547e-05
2288 -3.33769688363e-05
2289 -3.23292005719e-05
2290 -3.12472294596e-05
2291 -3.0143069942e-05
2292 -2.90245095397e-05
2293 -2.78950071115e-05
2294 -2.67638172492e-05
2295 -2.56447461311e-05
2296 -2.45529567119e-05
2297 -2.34963852129e-05
2298 -2.24697288308e-05
2299 -2.14654239847e-05
2300 -6.94670967921e-05
2301 -6.93767259317e-05
2302 -6.9198894084e-05
2303 -6.89319494518e-05
2304 -6.85744542603e-05
2305 -6.81367228864e-05
2306 -6.76071868635e-05
2307 -6.69844129965e-05
2308 -6.62857441851e-05
2309 -6.54944186874e-05
2310 -6.46209433377e-05
2311 -6.36593712921e-05
2312 -6.26192497274e-05
2313 -6.15108565899e-05
2314 -6.03355912876e-05
2315 -5.91071047097e-05
2316 -5.78355025293e-05
2317 -5.65272590011e-05
2318 -5.51953000436e-05
2319 -5.38429396088e-05
2320 -5.2472972233e-05
2321 -5.10926125322e-05
2322 -4.97178316668e-05
2323 -4.83645621621e-05
2324 -4.70355764959e-05
2325 -4.57540124238e-05
2326 -4.45153165704e-05
2327 -4.33285520655e-05
2328 -4.21978045009e-05
2329 -4.11187498343e-05
2330 -4.00833216906e-05
2331 -3.90816801191e-05
2332 -3.80968781292e-05
2333 -3.71208683831e-05
2334 -3.61518430936e-05
2335 -3.51848982698e-05
2336 -3.42100019592e-05
2337 -3.32149881571e-05
2338 -3.21916776336e-05
2339 -3.11396582366e-05
2340 -3.00641393715e-05
2341 -2.89731938806e-05
2342 -2.78724291999e-05
2343 -2.67676533069e-05
2344 -2.56712315986e-05
2345 -2.46009035231e-05
2346 -2.35654039781e-05
2347 -2.25565591312e-05
2348 -2.1567825991e-05
2349 -2.06165516565e-05
2350 -6.5506127076e-05
2351 -6.54154942935e-05
2352 -6.52409118746e-05
2353 -6.49757689354e-05
2354 -6.46227110046e-05
2355 -6.41916447062e-05
2356 -6.36721991698e-05
2357 -6.30616559166e-05
2358 -6.23810916576e-05
2359 -6.16138662057e-05
2360 -6.07741783087e-05
2361 -5.98602423178e-05
2362 -5.88849703635e-05
2363 -5.78569840886e-05
2364 -5.67770955013e-05
2365 -5.56538499148e-05
2366 -5.44975478323e-05
2367 -5.33082741233e-05
2368 -5.20965139735e-05
2369 -5.08649010674e-05
2370 -4.96232309017e-05
2371 -4.83850260994e-05
2372 -4.71672410747e-05
2373 -4.59780313294e-05
2374 -4.481382125e-05
2375 -4.36872511182e-05
2376 -4.26034201045e-05
2377 -4.15646218858e-05
2378 -4.05655422183e-05
2379 -3.95984051653e-05
2380 -3.86497674534e-05
2381 -3.77125134515e-05
2382 -3.67767258272e-05
2383 -3.58441070362e-05
2384 -3.49102381088e-05
2385 -3.39633564651e-05
2386 -3.29955675987e-05
2387 -3.19993027416e-05
2388 -3.09753371296e-05
2389 -2.9932766211e-05
2390 -2.88720065745e-05
2391 -2.77977661668e-05
2392 -2.67209936151e-05
2393 -2.56517724748e-05
2394 -2.46046976003e-05
2395 -2.35901552478e-05
2396 -2.26029605687e-05
2397 -2.16340823603e-05
2398 -2.0695747241e-05
2399 -1.98141318458e-05
2400 -6.15460827768e-05
2401 -6.14600672281e-05
2402 -6.12916252661e-05
2403 -6.10390858506e-05
2404 -6.07034708473e-05
2405 -6.0292421704e-05
2406 -5.98023723597e-05
2407 -5.92281720109e-05
2408 -5.85946688321e-05
2409 -5.78864873068e-05
2410 -5.71147883989e-05
2411 -5.62815549749e-05
2412 -5.53952510245e-05
2413 -5.44621870517e-05
2414 -5.34852654986e-05
2415 -5.24657206963e-05
2416 -5.1413646078e-05
2417 -5.03325434374e-05
2418 -4.92367771907e-05
2419 -4.81354820225e-05
2420 -4.70380951942e-05
2421 -4.59514896963e-05
2422 -4.48838268765e-05
2423 -4.38409440441e-05
2424 -4.28245074425e-05
2425 -4.18442523227e-05
2426 -4.08948575845e-05
2427 -3.99717290858e-05
2428 -3.90672173987e-05
2429 -3.81733134262e-05
2430 -3.72782025679e-05
2431 -3.63836729258e-05
2432 -3.54876873582e-05
2433 -3.45846221153e-05
2434 -3.36649373115e-05
2435 -3.27227245095e-05
2436 -3.17520740132e-05
2437 -3.07569941886e-05
2438 -2.97440870466e-05
2439 -2.87155075686e-05
2440 -2.76718103891e-05
2441 -2.66222176551e-05
2442 -2.55808333487e-05
2443 -2.45610263709e-05
2444 -2.35714418841e-05
2445 -2.26061811026e-05
2446 -2.165829577e-05
2447 -2.07398369125e-05
2448 -1.98733314263e-05
2449 -1.90625954016e-05
2450 -5.77664775589e-05
2451 -5.76896088436e-05
2452 -5.75337751809e-05
2453 -5.73035384239e-05
2454 -5.69975162139e-05
2455 -5.66208492112e-05
2456 -5.61719836702e-05
2457 -5.56501318876e-05
2458 -5.50757055414e-05
2459 -5.44345885375e-05
2460 -5.37344690835e-05
2461 -5.29814181962e-05
2462 -5.21779297591e-05
2463 -5.13301110302e-05
2464 -5.04424898347e-05
2465 -4.95221498304e-05
2466 -4.85772986179e-05
2467 -4.76174899408e-05
2468 -4.66529872767e-05
2469 -4.56886330308e-05
2470 -4.47278808305e-05
2471 -4.37768845048e-05
2472 -4.28473665576e-05
2473 -4.1942802861e-05
2474 -4.10575213464e-05
2475 -4.01922365095e-05
2476 -3.93405759036e-05
2477 -3.84959718868e-05
2478 -3.76488206849e-05
2479 -3.67973772412e-05
2480 -3.59419267443e-05
2481 -3.50833976941e-05
2482 -3.42114656478e-05
2483 -3.3320354338e-05
2484 -3.2404621783e-05
2485 -3.14615515405e-05
2486 -3.04950415195e-05
2487 -2.95123652058e-05
2488 -2.85135148623e-05
2489 -2.75010422278e-05
2490 -2.64800866751e-05
2491 -2.5466654078e-05
2492 -2.44757252206e-05
2493 -2.35124947441e-05
2494 -2.25712538737e-05
2495 -2.16450781445e-05
2496 -2.07471654107e-05
2497 -1.98972418727e-05
2498 -1.91025944114e-05
2499 -1.83521057009e-05
