0 0.254678296511
1 0.106813735624
2 0.0512087414576
3 0.0291998341229
4 0.018322643519
5 0.0121152768686
6 0.00838759313694
7 0.00596916670075
8 0.00437254741875
9 0.00326219018054
10 0.00246837905436
11 0.00189053196969
12 0.00146368975733
13 0.00114259504867
14 0.000897829687261
15 0.000708207733769
16 0.000560108640179
17 0.000442401851153
18 0.0003470793683
19 0.000269310998917
20 0.000205639310751
21 0.000158427201533
22 0.000137942246814
23 0.000159711187923
24 0.000222058025882
25 0.000285270140823
26 0.000302044487886
27 0.000263177143523
28 0.000193956193825
29 0.000122622446442
30 6.38894921461e-05
31 2.11090160269e-05
32 -7.81391119371e-06
33 -2.6313570866e-05
34 -3.75018949621e-05
35 -4.38184789375e-05
36 -4.69204795954e-05
37 -4.79346209467e-05
38 -4.76083057812e-05
39 -4.65017671646e-05
40 -4.49560103768e-05
41 -4.32004214021e-05
42 -4.14099804875e-05
43 -3.95427618329e-05
44 -3.75897035968e-05
45 -3.55520483925e-05
46 -3.34519457974e-05
47 -3.13748184661e-05
48 -2.93518175922e-05
49 -2.73904062906e-05
50 0.115436461532
51 0.0736296573059
52 0.0425409208814
53 0.0260759392296
54 0.0169544795279
55 0.0114525136988
56 0.00802933775799
57 0.00576388729507
58 0.00424810276313
59 0.00318324010706
60 0.00241657517419
61 0.00185564966451
62 0.00143982771216
63 0.00112583048829
64 0.000885815992325
65 0.00069941803801
66 0.000553607544271
67 0.000437448773842
68 0.000343294485184
69 0.000266342989408
70 0.000203355238446
71 0.000157054030721
72 0.000137912282083
73 0.000161341718822
74 0.000224489880208
75 0.000286732783906
76 0.000301592497227
77 0.000261360887206
78 0.000191781334176
79 0.000120747338588
80 6.25013500474e-05
81 2.0175717944e-05
82 -8.41033100148e-06
83 -2.66739961742e-05
84 -3.77066082945e-05
85 -4.3924244011e-05
86 -4.69645994493e-05
87 -4.79395803982e-05
88 -4.75906035634e-05
89 -4.64722497169e-05
90 -4.49200753346e-05
91 -4.31634692931e-05
92 -4.13729917824e-05
93 -3.95049792171e-05
94 -3.75508808501e-05
95 -3.55125326384e-05
96 -3.34128338735e-05
97 -3.13372101448e-05
98 -2.93157617166e-05
99 -2.73570162658e-05
100 0.0542481910342
101 0.0432625167068
102 0.0302810453873
103 0.0207126918347
104 0.0143587489417
105 0.0101045664673
106 0.00727653372642
107 0.00532159461114
108 0.00397469484056
109 0.00300805406332
110 0.00230100607505
111 0.00177745031036
112 0.00138559580283
113 0.00108753144593
114 0.000858284879795
115 0.000679297151299
116 0.000538658609624
117 0.000426093396435
118 0.000334536595234
119 0.000259488918077
120 0.000198177048175
121 0.000153990740242
122 0.000138075853846
123 0.000165345194425
124 0.000230152121753
125 0.000289918972879
126 0.000300319121746
127 0.000257044436184
128 0.000186762362113
129 0.000116456280265
130 5.93547498126e-05
131 1.80573751493e-05
132 -9.75325736262e-06
133 -2.74806452559e-05
134 -3.81648674849e-05
135 -4.41591306477e-05
136 -4.70604341401e-05
137 -4.79483318909e-05
138 -4.75490593445e-05
139 -4.64044229834e-05
140 -4.48386055542e-05
141 -4.30806150353e-05
142 -4.12898370747e-05
143 -3.94200016101e-05
144 -3.74637190062e-05
145 -3.54242022814e-05
146 -3.33254714333e-05
147 -3.12538076227e-05
148 -2.92359857504e-05
149 -2.72832628735e-05
150 0.0300670249429
151 0.0262404242711
152 0.0206497188172
153 0.0155021264695
154 0.0114797399299
155 0.00847470473653
156 0.0063121891899
157 0.00473150119227
158 0.00359920409968
159 0.00276222125855
160 0.00213616425184
161 0.00166437633473
162 0.00130639003644
163 0.00103112641145
164 0.000817443460897
165 0.000649281106158
166 0.000516220811305
167 0.000408962952958
168 0.000321263800285
169 0.000249092747116
170 0.000190413253404
171 0.000149674743837
172 0.000139004683889
173 0.000172137064599
174 0.000238908126479
175 0.000294258661278
176 0.000297732990905
177 0.000250055612279
178 0.000178947825884
179 0.000109879989583
180 5.45701422971e-05
181 1.48504077204e-05
182 -1.17793420613e-05
183 -2.86951648055e-05
184 -3.88522931393e-05
185 -4.45084064659e-05
186 -4.71992418696e-05
187 -4.79553780979e-05
188 -4.74805963346e-05
189 -4.62965366585e-05
190 -4.47104185009e-05
191 -4.29511092718e-05
192 -4.1159418845e-05
193 -3.92868283271e-05
194 -3.73271202148e-05
195 -3.52857932857e-05
196 -3.31889554507e-05
197 -3.11235620049e-05
198 -2.91113726968e-05
199 -2.71685345258e-05
200 0.0183895657775
201 0.0167668448988
202 0.0141409647553
203 0.0113552867567
204 0.00889483905641
205 0.00687289999602
206 0.00530046737273
207 0.00408264336519
208 0.00317119455557
209 0.00247402510646
210 0.00193884663701
211 0.00152663070301
212 0.00120858881323
213 0.000960692242853
214 0.000765934397234
215 0.000611125299487
216 0.000487443581587
217 0.000386856511446
218 0.000304014624064
219 0.000235584313285
220 0.000180543366229
221 0.000144793608914
222 0.000141602787861
223 0.000182308493012
224 0.000250454407637
225 0.000298855828804
226 0.000293103715021
227 0.00024014740206
228 0.000168413603618
229 0.00010121246198
230 4.83305532681e-05
231 1.06941527177e-05
232 -1.43932536026e-05
233 -3.02559544656e-05
234 -3.97307741604e-05
235 -4.49483596857e-05
236 -4.73666429371e-05
237 -4.79521239138e-05
238 -4.73806975837e-05
239 -4.61462992108e-05
240 -4.45346039994e-05
241 -4.27751259148e-05
242 -4.09813908239e-05
243 -3.91052074749e-05
244 -3.7140824939e-05
245 -3.5097131179e-05
246 -3.30035896871e-05
247 -3.09468789156e-05
248 -2.89422078953e-05
249 -2.70137309771e-05
250 0.0120245662241
251 0.0112357320146
252 0.00988750145116
253 0.00832487603452
254 0.00681266866043
255 0.00547406488436
256 0.00436016890628
257 0.00344920537589
258 0.00273691395885
259 0.00217277582381
260 0.00172735696928
261 0.00137605504227
262 0.00109996369528
263 0.000881363798794
264 0.000707241118276
265 0.000567218587945
266 0.000453941141194
267 0.000360937101996
268 0.000283622824168
269 0.000219677784579
270 0.000169370000493
271 0.000140433668983
272 0.000147036264974
273 0.000196241106613
274 0.000263949004758
275 0.000302427977364
276 0.000285676171408
277 0.000227256359012
278 0.000155449841718
279 9.08236573043e-05
280 4.09477863279e-05
281 5.80894674356e-06
282 -1.74451011774e-05
283 -3.20695818972e-05
284 -4.07428875677e-05
285 -4.54452291546e-05
286 -4.75430666903e-05
287 -4.79285675926e-05
288 -4.72455418159e-05
289 -4.59532329504e-05
290 -4.43129199558e-05
291 -4.25552413919e-05
292 -4.0757834591e-05
293 -3.88774232943e-05
294 -3.69073863316e-05
295 -3.48610118142e-05
296 -3.27724538499e-05
297 -3.07269139129e-05
298 -2.8731628527e-05
299 -2.68224242633e-05
300 0.00833923363605
301 0.007916266563
302 0.00715476985887
303 0.00622300050913
304 0.00526095234459
305 0.00435942350721
306 0.00356919534679
307 0.00289182273605
308 0.00234077102185
309 0.0018891258745
310 0.00152296048316
311 0.00122780369562
312 0.000991214893788
313 0.000800645966296
314 0.000646694594748
315 0.000521491237644
316 0.000418533387115
317 0.00033331702746
318 0.000261767044699
319 0.00020275021876
320 0.000158319687658
321 0.000138038127165
322 0.000156187148214
323 0.000213338849595
324 0.000277612968237
325 0.000303531674259
326 0.000275208342312
327 0.000212010822443
328 0.000141002495871
329 7.95585020986e-05
330 3.30428390757e-05
331 6.29649137685e-07
332 -2.06662886768e-05
333 -3.3968411338e-05
334 -4.17907289982e-05
335 -4.59471958392e-05
336 -4.77033052923e-05
337 -4.78772160267e-05
338 -4.70777327037e-05
339 -4.57249450946e-05
340 -4.40582650588e-05
341 -4.23029994859e-05
342 -4.05004064865e-05
343 -3.86153435649e-05
344 -3.66396063668e-05
345 -3.45903732774e-05
346 -3.25099555737e-05
347 -3.0476365096e-05
348 -2.84925148882e-05
349 -2.66066342234e-05
350 0.00606503580551
351 0.00582347398745
352 0.00535388396003
353 0.00476173057039
354 0.00412998941231
355 0.00350301886833
356 0.00293194036229
357 0.00242392580244
358 0.00199676231373
359 0.00163588547487
360 0.0013363099465
361 0.00108982655088
362 0.000887994453099
363 0.000722972310363
364 0.000587606036724
365 0.000476060945272
366 0.000383136298785
367 0.000305300042191
368 0.000239537654449
369 0.000185915350533
370 0.000148605888536
371 0.000138938349767
372 0.000169541725084
373 0.000232604789886
374 0.000289694552272
375 0.000301119794807
376 0.000261665127328
377 0.000194938162612
378 0.00012569118163
379 6.78772895173e-05
380 2.49792081758e-05
381 -4.61011665799e-06
382 -2.38915509924e-05
383 -3.58681862752e-05
384 -4.28223599049e-05
385 -4.64231910351e-05
386 -4.78322109017e-05
387 -4.77926344576e-05
388 -4.68774827503e-05
389 -4.54638565995e-05
390 -4.37732709898e-05
391 -4.20233214135e-05
392 -4.02130820711e-05
393 -3.83218001961e-05
394 -3.63402961355e-05
395 -3.42885421015e-05
396 -3.22176366258e-05
397 -3.01986117683e-05
398 -2.82274498153e-05
399 -2.63704452727e-05
400 0.00449394975766
401 0.00434578243655
402 0.00404719393198
403 0.00366365227636
404 0.00324288390435
405 0.00280524251372
406 0.00239344305581
407 0.0020148871343
408 0.00168663602696
409 0.00140187818238
410 0.00115970878479
411 0.000956376371892
412 0.000786553140843
413 0.000645428569299
414 0.000527835815644
415 0.000429252567103
416 0.000346397974337
417 0.000275871783184
418 0.000216267055385
419 0.000169192875207
420 0.000141033454154
421 0.00014478274645
422 0.00018837837795
423 0.000253852662677
424 0.000299112645441
425 0.000294041182695
426 0.000244199857553
427 0.000175415485592
428 0.000108979123961
429 5.55121525835e-05
430 1.65179480175e-05
431 -1.005991952e-05
432 -2.72353515473e-05
433 -3.77974418953e-05
434 -4.38505381497e-05
435 -4.68789746713e-05
436 -4.79220500441e-05
437 -4.76634109598e-05
438 -4.66305597981e-05
439 -4.51553691505e-05
440 -4.34469913123e-05
441 -4.1700527303e-05
442 -3.98824586084e-05
443 -3.79835844899e-05
444 -3.59955742162e-05
445 -3.39422999613e-05
446 -3.18847305725e-05
447 -2.98806545907e-05
448 -2.7926456672e-05
449 -2.61041775512e-05
450 0.0033579324222
451 0.00326127981838
452 0.0030702515922
453 0.00281771001991
454 0.00253457297062
455 0.00223008474423
456 0.00193565938232
457 0.00165652362998
458 0.00140700790659
459 0.00118583712892
460 0.000993025669747
461 0.000827592873426
462 0.000687033615112
463 0.000568175653721
464 0.000467303322602
465 0.000381225620748
466 0.000308015018413
467 0.000245054899877
468 0.000192340593235
469 0.000153629175199
470 0.000137901562867
471 0.000157909543587
472 0.000213268869045
473 0.00027530347475
474 0.000303516350279
475 0.000280870307738
476 0.00022227987339
477 0.000153262265159
478 9.09395105634e-05
479 4.24878160242e-05
480 7.72808878487e-06
481 -1.56594838297e-05
482 -3.06372867353e-05
483 -3.97483123913e-05
484 -4.48589983278e-05
485 -4.72911308683e-05
486 -4.79561693917e-05
487 -4.74755074492e-05
488 -4.63248180616e-05
489 -4.47874162687e-05
490 -4.30695533306e-05
491 -4.1323305627e-05
492 -3.94972810887e-05
493 -3.75885994184e-05
494 -3.55952909465e-05
495 -3.35423722975e-05
496 -3.15018083084e-05
497 -2.95149258962e-05
498 -2.75822607993e-05
499 -2.580295886e-05
500 0.00253260737803
501 0.00246775740416
502 0.00234320784682
503 0.00217417599734
504 0.00198107177008
505 0.00176865873758
506 0.00155731690147
507 0.0013520332048
508 0.00116367659759
509 0.000993429695686
510 0.000841373278349
511 0.0007081210086
512 0.000593015521336
513 0.000493780658088
514 0.000407945235531
515 0.000333525243401
516 0.000269369161889
517 0.000214103246734
518 0.000169553981842
519 0.0001419607023
520 0.000142538035857
521 0.000180020530879
522 0.00024230649813
523 0.000293121756612
524 0.000300175656989
525 0.000260952088652
526 0.000196478063766
527 0.000129472334706
528 7.24014924705e-05
529 2.93679296752e-05
530 -9.97742517978e-07
531 -2.11631865709e-05
532 -3.39470864942e-05
533 -4.16171733422e-05
534 -4.57850550086e-05
535 -4.76263810389e-05
536 -4.79150564574e-05
537 -4.72206274553e-05
538 -4.59567667356e-05
539 -4.43613839847e-05
540 -4.2643810389e-05
541 -4.08924369763e-05
542 -3.90581538639e-05
543 -3.71382731942e-05
544 -3.51388636166e-05
545 -3.30916504681e-05
546 -3.10711017277e-05
547 -2.91027736375e-05
548 -2.71997642923e-05
549 -2.54719374737e-05
550 0.00193339322896
551 0.00188925049941
552 0.00180589019283
553 0.00169064742075
554 0.00155591410454
555 0.00140576373728
556 0.0012526778055
557 0.00110102781361
558 0.000958823760952
559 0.000827761831744
560 0.000708064982251
561 0.000601162669533
562 0.000507207973745
563 0.000424464671467
564 0.000351807695156
565 0.000287752417982
566 0.000232081737146
567 0.000184984286929
568 0.000150665987824
569 0.00013796397885
570 0.000157977971259
571 0.000210432900169
572 0.000270965854126
573 0.000302797811134
574 0.000287398486242
575 0.000234904158649
576 0.000168109613849
577 0.000105165577853
578 5.42104390054e-05
579 1.67386785229e-05
580 -9.26864638899e-06
581 -2.63275905888e-05
582 -3.70121463366e-05
583 -4.33035921882e-05
584 -4.6578432331e-05
585 -4.78528497297e-05
586 -4.77866214782e-05
587 -4.68959707823e-05
588 -4.55279864329e-05
589 -4.38871298944e-05
590 -4.21755060135e-05
591 -4.04140792667e-05
592 -3.85710739318e-05
593 -3.66400524457e-05
594 -3.46349074403e-05
595 -3.25996615774e-05
596 -3.06014149515e-05
597 -2.86532137559e-05
598 -2.67892450469e-05
599 -2.51192937558e-05
600 0.00149623461009
601 0.00146593207039
602 0.00140828457097
603 0.00132790175708
604 0.0012315633984
605 0.00112355733621
606 0.00101130108133
607 0.000898097737271
608 0.000789923299257
609 0.000688251342143
610 0.000593802283686
611 0.000507833269779
612 0.000430733211469
613 0.000361647318384
614 0.000300073190256
615 0.000245208091901
616 0.000197743024911
617 0.000160262984942
618 0.000139359685126
619 0.000145564104876
620 0.000185061528103
621 0.000244894861676
622 0.0002931113048
623 0.000300982009964
624 0.000265418117659
625 0.000204490119113
626 0.000138893832263
627 8.16307734792e-05
628 3.71137977895e-05
629 5.09113189591e-06
630 -1.67818986686e-05
631 -3.09657826186e-05
632 -3.97290121041e-05
633 -4.47456459813e-05
634 -4.72033374581e-05
635 -4.79520519019e-05
636 -4.7567435754e-05
637 -4.65034112705e-05
638 -4.50425938479e-05
639 -4.33752556552e-05
640 -4.16698301868e-05
641 -3.98951396022e-05
642 -3.80417486722e-05
643 -3.61013719262e-05
644 -3.40919414928e-05
645 -3.20750122282e-05
646 -3.01007468978e-05
647 -2.8175351383e-05
648 -2.63605908457e-05
649 -2.47533103765e-05
650 0.00117174053058
651 0.00115063699656
652 0.00110978815167
653 0.00105231969931
654 0.000982434443338
655 0.00090321449811
656 0.000819593609599
657 0.000734012980528
658 0.000650967889878
659 0.00057144440195
660 0.000496427375568
661 0.000426709580559
662 0.000363129751329
663 0.000305265630895
664 0.00025300518761
665 0.000206670010767
666 0.000168319626207
667 0.000143133016706
668 0.000139960863185
669 0.000167258901127
670 0.000220939636229
671 0.000276668978787
672 0.000303299643508
673 0.000286573318136
674 0.000235913049747
675 0.000171721016828
676 0.000110218149634
677 5.9621079319e-05
678 2.1535081204e-05
679 -5.35182969695e-06
680 -2.34339604877e-05
681 -3.50163007641e-05
682 -4.20500613204e-05
683 -4.59182729346e-05
684 -4.76435823631e-05
685 -4.79180258536e-05
686 -4.72582203613e-05
687 -4.6045708959e-05
688 -4.45053831298e-05
689 -4.28317920186e-05
690 -4.11252045017e-05
691 -3.93383482881e-05
692 -3.74710953475e-05
693 -3.55234582549e-05
694 -3.35149098115e-05
695 -3.15206292768e-05
696 -2.95710954255e-05
697 -2.76744506004e-05
698 -2.59182200539e-05
699 -2.43779477623e-05
700 0.000924355174931
701 0.000909501603295
702 0.000879801035784
703 0.000838021413648
704 0.000786746816136
705 0.000727747939104
706 0.000664704203183
707 0.000599392775247
708 0.00053516983192
709 0.000472419668447
710 0.000412234452016
711 0.000355506030225
712 0.000302833813306
713 0.000254324820783
714 0.000210573825462
715 0.000173300207838
716 0.000146649346063
717 0.000138152271849
718 0.000156498299222
719 0.000202325984866
720 0.000259150814162
721 0.00029818653357
722 0.000298318926021
723 0.0002605489212
724 0.000201160201958
725 0.000138210214928
726 8.28914820288e-05
727 3.94317642117e-05
728 7.56023407823e-06
729 -1.45804866404e-05
730 -2.92425375348e-05
731 -3.84995507095e-05
732 -4.39738316557e-05
733 -4.68291266501e-05
734 -4.78938980426e-05
735 -4.77521407113e-05
736 -4.68581434472e-05
737 -4.55188611108e-05
738 -4.39198792608e-05
739 -4.22527242392e-05
740 -4.05359548761e-05
741 -3.87390407961e-05
742 -3.68563540044e-05
743 -3.49008921042e-05
744 -3.29024483267e-05
745 -3.09352171031e-05
746 -2.90105530139e-05
747 -2.71530611877e-05
748 -2.5464988197e-05
749 -2.39962269933e-05
750 0.000731622702093
751 0.000721061705545
752 0.000699013023027
753 0.00066829966287
754 0.000630208587276
755 0.000585913583364
756 0.000538009685929
757 0.000487589478475
758 0.000437306747017
759 0.000387369395538
760 0.000338856222713
761 0.000292439998067
762 0.000248803150183
763 0.000208778762052
764 0.000174057248546
765 0.000148293820289
766 0.000137894223343
767 0.000150853060942
768 0.000190219614295
769 0.000244726460822
770 0.000290047175453
771 0.000302964005575
772 0.000277522196662
773 0.000225376137086
774 0.000163553972019
775 0.000105446928032
776 5.75812090769e-05
777 2.1279314685e-05
778 -4.78758920562e-06
779 -2.25894474462e-05
780 -3.42103209842e-05
781 -4.14211945203e-05
782 -4.55150007732e-05
783 -4.74725794979e-05
784 -4.79527157054e-05
785 -4.74561439828e-05
786 -4.63653551996e-05
787 -4.49193430289e-05
788 -4.32909907122e-05
789 -4.16297341732e-05
790 -3.98974414602e-05
791 -3.80890641559e-05
792 -3.61940421575e-05
793 -3.42319446103e-05
794 -3.22527016185e-05
795 -3.03153889454e-05
796 -2.84168173017e-05
797 -2.66133224988e-05
798 -2.50004268024e-05
799 -2.36068223967e-05
800 0.00057944410789
801 0.000571603676774
802 0.000555150701767
803 0.000532255901603
804 0.00050358268808
805 0.000469888430326
806 0.000432968851838
807 0.00039354927334
808 0.00035383758653
809 0.000313877829803
810 0.00027449115463
811 0.000236587480967
812 0.000201232736491
813 0.000170406889849
814 0.000147397544132
815 0.000137900317262
816 0.000149007183721
817 0.000184130408079
818 0.000235537899299
819 0.000282635475346
820 0.000303483745059
821 0.000288027574534
822 0.000243330167051
823 0.00018470111349
824 0.000125755828622
825 7.48789734064e-05
826 3.48835201386e-05
827 5.37990781111e-06
828 -1.54141751149e-05
829 -2.93810286354e-05
830 -3.8355648838e-05
831 -4.37726772996e-05
832 -4.66743314166e-05
833 -4.7847207048e-05
834 -4.78220631758e-05
835 -4.70322705784e-05
836 -4.57805632205e-05
837 -4.42497395327e-05
838 -4.26202068201e-05
839 -4.09540818059e-05
840 -3.92080228255e-05
841 -3.73830101293e-05
842 -3.54784580431e-05
843 -3.35169189182e-05
844 -3.15641524047e-05
845 -2.96573538392e-05
846 -2.77920628835e-05
847 -2.60564182774e-05
848 -2.45254239841e-05
849 -2.32109303231e-05
850 0.000458176106669
851 0.000452174028253
852 0.000439694530889
853 0.000422265772468
854 0.000400223683733
855 0.000374191368489
856 0.00034543931469
857 0.000314310605621
858 0.000282598245355
859 0.000250466811931
860 0.000218770114417
861 0.000188869934431
862 0.00016295098124
863 0.0001442821207
864 0.000138005690598
865 0.000150210939879
866 0.000183586535202
867 0.000231986032455
868 0.00027838568042
869 0.000302565740598
870 0.00029382340299
871 0.000255547759678
872 0.000200728416973
873 0.000142698288738
874 9.02677396744e-05
875 4.76548571828e-05
876 1.52687521062e-05
877 -8.09455422259e-06
878 -2.42602746663e-05
879 -3.49475240179e-05
880 -4.16798323471e-05
881 -4.55611241829e-05
882 -4.74541368752e-05
883 -4.79552333371e-05
884 -4.75138163485e-05
885 -4.64890255476e-05
886 -4.51071830391e-05
887 -4.3526451058e-05
888 -4.19064554741e-05
889 -4.02249859825e-05
890 -3.84658634127e-05
891 -3.66242006302e-05
892 -3.4711015428e-05
893 -3.27624901656e-05
894 -3.08423653367e-05
895 -2.89647117934e-05
896 -2.71466662159e-05
897 -2.54920720509e-05
898 -2.40473569491e-05
899 -2.2812704878e-05
900 0.000360663481947
901 0.000356004822862
902 0.000346394960621
903 0.000332907789799
904 0.000315672833683
905 0.000295201368242
906 0.000272471122519
907 0.000247714633099
908 0.000222486149663
909 0.000197257435411
910 0.000173464988183
911 0.000153365165522
912 0.000140369973796
913 0.000139150630969
914 0.000154564377679
915 0.000188283678272
916 0.000234140778339
917 0.000277788377684
918 0.000301982284652
919 0.000296448600305
920 0.000262789684121
921 0.000211737353979
922 0.000155370991973
923 0.000102910335212
924 5.87871250133e-05
925 2.43884723022e-05
926 -1.10176078187e-06
927 -1.91229203379e-05
928 -3.13921250965e-05
929 -3.93500859839e-05
930 -4.42053044997e-05
931 -4.68195019197e-05
932 -4.78682646955e-05
933 -4.78144500815e-05
934 -4.70461914286e-05
935 -4.58384025564e-05
936 -4.43559713874e-05
937 -4.27671636488e-05
938 -4.11470161605e-05
939 -3.94488865474e-05
940 -3.76730250717e-05
941 -3.58183061267e-05
942 -3.39014276198e-05
943 -3.19778045676e-05
944 -3.00934091866e-05
945 -2.82465541705e-05
946 -2.6494472093e-05
947 -2.49293903459e-05
948 -2.35737940338e-05
949 -2.24155817967e-05
950 0.000281046947302
951 0.000277317763072
952 0.000269825852005
953 0.000259211261805
954 0.000245649395441
955 0.000229552890995
956 0.000211788581848
957 0.000192761159113
958 0.00017413015969
959 0.000157091665706
960 0.000143891514414
961 0.000137928013312
962 0.000143313007857
963 0.000163450107631
964 0.000198367983229
965 0.000241855338501
966 0.00028121311298
967 0.000302318474336
968 0.000296736324558
969 0.00026568809899
970 0.000217702152592
971 0.000163673135099
972 0.000111946200284
973 6.76209553685e-05
974 3.2068590345e-05
975 5.18146651763e-06
976 -1.43390127522e-05
977 -2.7889457152e-05
978 -3.69585304929e-05
979 -4.26939990673e-05
980 -4.60090215568e-05
981 -4.75931441272e-05
982 -4.79463968685e-05
983 -4.74575183651e-05
984 -4.64391771736e-05
985 -4.50905086539e-05
986 -4.35515634007e-05
987 -4.19738694505e-05
988 -4.03384440021e-05
989 -3.8627023214e-05
990 -3.68324162719e-05
991 -3.49672457017e-05
992 -3.30583430828e-05
993 -3.11688189719e-05
994 -2.93174940186e-05
995 -2.75124585132e-05
996 -2.5843707149e-05
997 -2.43733809822e-05
998 -2.31085606665e-05
999 -2.20196148217e-05
1000 0.00021575422341
1001 0.000212843220846
1002 0.00020716069029
1003 0.000199018596865
1004 0.000188882166796
1005 0.000177149995423
1006 0.000164855506216
1007 0.000152919031016
1008 0.000143292060146
1009 0.000138124535898
1010 0.000140433129762
1011 0.000153373664001
1012 0.000178609625865
1013 0.000214549709078
1014 0.000254525629975
1015 0.000287783106091
1016 0.000303283640921
1017 0.000295006389968
1018 0.000264308898063
1019 0.000218715770333
1020 0.000167148576734
1021 0.000117172142926
1022 7.34082872433e-05
1023 3.78260249121e-05
1024 1.02107663095e-05
1025 -1.02047594724e-05
1026 -2.47393274179e-05
1027 -3.46653969054e-05
1028 -4.11658395046e-05
1029 -4.50964372258e-05
1030 -4.71828397334e-05
1031 -4.79309574859e-05
1032 -4.77326841235e-05
1033 -4.69157882054e-05
1034 -4.57105732282e-05
1035 -4.42590353127e-05
1036 -4.27135708451e-05
1037 -4.11340030321e-05
1038 -3.94803949752e-05
1039 -3.7751422565e-05
1040 -3.59431007622e-05
1041 -3.40707348878e-05
1042 -3.2185733387e-05
1043 -3.03356559681e-05
1044 -2.85168835442e-05
1045 -2.67753881676e-05
1046 -2.52018667443e-05
1047 -2.3828877607e-05
1048 -2.26523035372e-05
1049 -2.1625177216e-05
1050 0.000165553147412
1051 0.000163662047336
1052 0.000160051228899
1053 0.000155050843099
1054 0.000149366791731
1055 0.000143668485494
1056 0.000139320635552
1057 0.000137950478103
1058 0.000141671855794
1059 0.000152671424911
1060 0.000172717898668
1061 0.000201840567587
1062 0.0002367679742
1063 0.000270994547944
1064 0.000295823934351
1065 0.000303440671186
1066 0.000290354321853
1067 0.000258673467621
1068 0.000214538707939
1069 0.000165607965551
1070 0.000118033221574
1071 7.58995448415e-05
1072 4.10289028501e-05
1073 1.36104976967e-05
1074 -7.15169255401e-06
1075 -2.21854342952e-05
1076 -3.27085519664e-05
1077 -3.97498555373e-05
1078 -4.41946422452e-05
1079 -4.67000396352e-05
1080 -4.78059072908e-05
1081 -4.78882171471e-05
1082 -4.72753996808e-05
1083 -4.62152177487e-05
1084 -4.48710534911e-05
1085 -4.33712307829e-05
1086 -4.18368485987e-05
1087 -4.02403793579e-05
1088 -3.85715637713e-05
1089 -3.68213425697e-05
1090 -3.50025894778e-05
1091 -3.31372543389e-05
1092 -3.12875052355e-05
1093 -2.94732038106e-05
1094 -2.76979666792e-05
1095 -2.60414219605e-05
1096 -2.45709815209e-05
1097 -2.32986139225e-05
1098 -2.2203196683e-05
1099 -2.12311888293e-05
1100 0.000138998081644
1101 0.000138610896784
1102 0.000138071887851
1103 0.000137927989889
1104 0.000138941993434
1105 0.000142262687735
1106 0.000149171490073
1107 0.000161239546314
1108 0.000179284547153
1109 0.000203678026776
1110 0.000232822593897
1111 0.000263006471882
1112 0.000288264231841
1113 0.000302273253637
1114 0.000300419492526
1115 0.000281401671205
1116 0.00024789612817
1117 0.000205124379694
1118 0.000158907588407
1119 0.000114394595256
1120 7.47393059687e-05
1121 4.15057439105e-05
1122 1.49725219061e-05
1123 -5.38821314951e-06
1124 -2.04883350137e-05
1125 -3.12385386682e-05
1126 -3.86077313606e-05
1127 -4.33908991934e-05
1128 -4.62226603087e-05
1129 -4.76182841639e-05
1130 -4.79503280881e-05
1131 -4.75293468734e-05
1132 -4.66156302358e-05
1133 -4.53799326547e-05
1134 -4.39446443661e-05
1135 -4.24473031983e-05
1136 -4.09071733691e-05
1137 -3.92927120415e-05
1138 -3.76050562215e-05
1139 -3.58398340561e-05
1140 -3.40124509676e-05
1141 -3.21744109663e-05
1142 -3.03639465354e-05
1143 -2.85856081734e-05
1144 -2.68743938141e-05
1145 -2.53201460103e-05
1146 -2.39558288233e-05
1147 -2.27827022284e-05
1148 -2.17580661132e-05
1149 -2.08356413503e-05
1150 0.000151611414719
1151 0.000153156107547
1152 0.000156646867756
1153 0.000162435569665
1154 0.000171053696951
1155 0.000183437025316
1156 0.000199743336485
1157 0.000220216200771
1158 0.000243209866132
1159 0.000266885629999
1160 0.000287546790252
1161 0.00030084810763
1162 0.000302831544412
1163 0.000291371209646
1164 0.000266731015994
1165 0.000231669337484
1166 0.000190582542133
1167 0.000147630449035
1168 0.000106611169991
1169 7.01670334717e-05
1170 3.93050559008e-05
1171 1.43274472892e-05
1172 -5.12017256879e-06
1173 -1.97293043823e-05
1174 -3.03764724173e-05
1175 -3.7815060434e-05
1176 -4.2772003907e-05
1177 -4.58067641663e-05
1178 -4.74166513161e-05
1179 -4.79505932934e-05
1180 -4.76990681188e-05
1181 -4.69194395843e-05
1182 -4.57935417481e-05
1183 -4.44332677516e-05
1184 -4.29744695191e-05
1185 -4.14839021189e-05
1186 -3.99232927966e-05
1187 -3.82933112847e-05
1188 -3.65821218095e-05
1189 -3.48062979219e-05
1190 -3.29888509535e-05
1191 -3.11893965753e-05
1192 -2.94200606852e-05
1193 -2.76866956516e-05
1194 -2.60657498863e-05
1195 -2.46219859799e-05
1196 -2.33655485617e-05
1197 -2.22826335976e-05
1198 -2.13197230922e-05
1199 -2.04387735974e-05
1200 0.000207107065084
1201 0.000209918972103
1202 0.000215855428767
1203 0.000224648498908
1204 0.000236215780656
1205 0.000250324901539
1206 0.000265823667404
1207 0.000281402428788
1208 0.00029434362767
1209 0.000302340499359
1210 0.000302628257029
1211 0.000293260289256
1212 0.000273694640132
1213 0.0002451281938
1214 0.000209869815753
1215 0.000171093413643
1216 0.000132100691553
1217 9.52538297552e-05
1218 6.24536128535e-05
1219 3.46170815703e-05
1220 1.1759418115e-05
1221 -6.28025412203e-06
1222 -2.00408623348e-05
1223 -3.01965298547e-05
1224 -3.74582420506e-05
1225 -4.23993820792e-05
1226 -4.55132869596e-05
1227 -4.72422328132e-05
1228 -4.791939762e-05
1229 -4.7804532821e-05
1230 -4.7140995613e-05
1231 -4.61120630608e-05
1232 -4.48358963312e-05
1233 -4.34178361489e-05
1234 -4.19717890594e-05
1235 -4.04654302609e-05
1236 -3.88872172523e-05
1237 -3.72345326423e-05
1238 -3.55108643081e-05
1239 -3.37295864581e-05
1240 -3.19434081797e-05
1241 -3.0188154164e-05
1242 -2.8457304336e-05
1243 -2.67952160179e-05
1244 -2.52827785724e-05
1245 -2.39519619283e-05
1246 -2.28014409134e-05
1247 -2.17951968273e-05
1248 -2.08863563898e-05
1249 -2.004061672e-05
1250 0.000274088305407
1251 0.000276206160192
1252 0.000280406556411
1253 0.000286034187429
1254 0.000292386718319
1255 0.00029839714535
1256 0.000302600809545
1257 0.000303364377489
1258 0.000299085665431
1259 0.000288421416871
1260 0.000270730246717
1261 0.000246196633371
1262 0.000216168501374
1263 0.000182549606496
1264 0.000147389832137
1265 0.000112844875931
1266 8.07508019803e-05
1267 5.21249103325e-05
1268 2.76211484525e-05
1269 7.41131011279e-06
1270 -8.82325760422e-06
1271 -2.13633235279e-05
1272 -3.07799082515e-05
1273 -3.75866379008e-05
1274 -4.23292468485e-05
1275 -4.53838015212e-05
1276 -4.71370518966e-05
1277 -4.78843126821e-05
1278 -4.78623115548e-05
1279 -4.72913112699e-05
1280 -4.63457003916e-05
1281 -4.5146942877e-05
1282 -4.37825751371e-05
1283 -4.23711243519e-05
1284 -4.09188586167e-05
1285 -3.9391914634e-05
1286 -3.77947365433e-05
1287 -3.61233877622e-05
1288 -3.43879336157e-05
1289 -3.26262523567e-05
1290 -3.08833102465e-05
1291 -2.91681592914e-05
1292 -2.74891994732e-05
1293 -2.59259873273e-05
1294 -2.45302933608e-05
1295 -2.33138862701e-05
1296 -2.2258626827e-05
1297 -2.13182894968e-05
1298 -2.04541853492e-05
1299 -1.96438057771e-05
1300 0.000303611199523
1301 0.000303588392634
1302 0.00030326534329
1303 0.000302141020927
1304 0.000299492946822
1305 0.000294416783455
1306 0.000286070050566
1307 0.000273499375895
1308 0.000256691999806
1309 0.000235250154753
1310 0.000209761018833
1311 0.000181169674068
1312 0.000150922105185
1313 0.000120502267142
1314 9.11339281236e-05
1315 6.39602341622e-05
1316 3.98023020354e-05
1317 1.89571774089e-05
1318 1.5456392382e-06
1319 -1.25192157938e-05
1320 -2.35902994229e-05
1321 -3.20093803374e-05
1322 -3.82055216122e-05
1323 -4.25630201173e-05
1324 -4.54323862712e-05
1325 -4.71172031294e-05
1326 -4.78667272438e-05
1327 -4.78890505161e-05
1328 -4.73795714923e-05
1329 -4.65025140299e-05
1330 -4.53685734838e-05
1331 -4.40615693844e-05
1332 -4.26891415612e-05
1333 -4.12823385097e-05
1334 -3.9806939718e-05
1335 -3.82637748491e-05
1336 -3.66434089098e-05
1337 -3.49603005527e-05
1338 -3.32289540487e-05
1339 -3.15062155291e-05
1340 -2.98085762611e-05
1341 -2.81343961036e-05
1342 -2.65378775581e-05
1343 -2.50915152606e-05
1344 -2.38149808759e-05
1345 -2.27089034404e-05
1346 -2.17335610745e-05
1347 -2.08494025981e-05
1348 -2.00222390767e-05
1349 -1.92528329007e-05
1350 0.000276390598546
1351 0.000274567814488
1352 0.000270572224971
1353 0.000264274084462
1354 0.000255501071087
1355 0.000243706009305
1356 0.000228873080182
1357 0.000210800182892
1358 0.000190206466204
1359 0.000167163720225
1360 0.000142479873676
1361 0.00011709390965
1362 9.20252037885e-05
1363 6.8174517737e-05
1364 4.61089102707e-05
1365 2.63306261034e-05
1366 9.202475397e-06
1367 -5.25528926957e-06
1368 -1.71082258833e-05
1369 -2.65122476444e-05
1370 -3.37914563401e-05
1371 -3.92156400709e-05
1372 -4.30870332244e-05
1373 -4.56545095715e-05
1374 -4.71852197384e-05
1375 -4.7873460254e-05
1376 -4.78935297227e-05
1377 -4.7416911717e-05
1378 -4.6586755969e-05
1379 -4.55101508566e-05
1380 -4.42536829818e-05
1381 -4.29234706394e-05
1382 -4.15609473638e-05
1383 -4.01330315076e-05
1384 -3.86398984147e-05
1385 -3.70725424764e-05
1386 -3.54387373122e-05
1387 -3.37491543278e-05
1388 -3.20504483239e-05
1389 -3.03738641194e-05
1390 -2.87167219462e-05
1391 -2.71071207073e-05
1392 -2.56216088988e-05
1393 -2.42979383225e-05
1394 -2.31410804551e-05
1395 -2.21309941221e-05
1396 -2.12233272164e-05
1397 -2.03843615178e-05
1398 -1.95952169063e-05
1399 -1.88699819165e-05
1400 0.000211936336206
1401 0.00020944568594
1402 0.000204235721508
1403 0.000196400903687
1404 0.00018614430312
1405 0.000173263417413
1406 0.000158141964169
1407 0.000140965637128
1408 0.000122535690811
1409 0.000103098748536
1410 8.3316010542e-05
1411 6.38283609099e-05
1412 4.52525177485e-05
1413 2.80890318981e-05
1414 1.25964084987e-05
1415 -9.94156450971e-07
1416 -1.25740958919e-05
1417 -2.2167351204e-05
1418 -2.99198728596e-05
1419 -3.59608768277e-05
1420 -4.0538173077e-05
1421 -4.38262801057e-05
1422 -4.60242503827e-05
1423 -4.73312860989e-05
1424 -4.79026028793e-05
1425 -4.78774869042e-05
1426 -4.74024017463e-05
1427 -4.66022250907e-05
1428 -4.5566388229e-05
1429 -4.43598783024e-05
1430 -4.30684984871e-05
1431 -4.1750930286e-05
1432 -4.03710629021e-05
1433 -3.89237080874e-05
1434 -3.74074676228e-05
1435 -3.58240852228e-05
1436 -3.41789362212e-05
1437 -3.25118339412e-05
1438 -3.08593941489e-05
1439 -2.92273437652e-05
1440 -2.76209808931e-05
1441 -2.61112985381e-05
1442 -2.47504854112e-05
1443 -2.35507750425e-05
1444 -2.25056578944e-05
1445 -2.15740610982e-05
1446 -2.07226064809e-05
1447 -1.99224998302e-05
1448 -1.9177827084e-05
1449 -1.84938349003e-05
1450 0.00013976622162
1451 0.000137499671056
1452 0.00013278725641
1453 0.000125892135868
1454 0.000116992134662
1455 0.000106210113651
1456 9.39290537934e-05
1457 8.04232369934e-05
1458 6.63770533463e-05
1459 5.19730802284e-05
1460 3.76864846836e-05
1461 2.39234374157e-05
1462 1.10801430876e-05
1463 -5.81353025536e-07
1464 -1.0934151772e-05
1465 -1.98714299006e-05
1466 -2.73644544938e-05
1467 -3.34842547312e-05
1468 -3.83392998568e-05
1469 -4.20300456959e-05
1470 -4.46989106636e-05
1471 -4.64840737475e-05
1472 -4.75249520317e-05
1473 -4.79379550803e-05
1474 -4.78365005758e-05
1475 -4.73408119175e-05
1476 -4.65516543707e-05
1477 -4.55481758532e-05
1478 -4.4381601463e-05
1479 -4.31340822279e-05
1480 -4.18551842853e-05
1481 -4.05218191348e-05
1482 -3.91224910699e-05
1483 -3.76525165273e-05
1484 -3.61173638238e-05
1485 -3.45217522704e-05
1486 -3.28890565646e-05
1487 -3.12652966315e-05
1488 -2.96603881718e-05
1489 -2.8072831747e-05
1490 -2.65534835644e-05
1491 -2.51679097813e-05
1492 -2.39344809599e-05
1493 -2.2855984124e-05
1494 -2.19029892832e-05
1495 -2.10371095195e-05
1496 -2.02300093357e-05
1497 -1.94708885596e-05
1498 -1.87725671204e-05
1499 -1.81214075375e-05
1500 7.78912175796e-05
1501 7.61613814358e-05
1502 7.25787125216e-05
1503 6.74197815399e-05
1504 6.07847055426e-05
1505 5.29053383008e-05
1506 4.4062982868e-05
1507 3.44768829066e-05
1508 2.46924836385e-05
1509 1.47829123622e-05
1510 5.11448783229e-06
1511 -4.06950769103e-06
1512 -1.2511710839e-05
1513 -2.00705307957e-05
1514 -2.67014548182e-05
1515 -3.23383142943e-05
1516 -3.69850255454e-05
1517 -4.07071285136e-05
1518 -4.35592789055e-05
1519 -4.56090008744e-05
1520 -4.69703133644e-05
1521 -4.77245286184e-05
1522 -4.795660474e-05
1523 -4.77579164336e-05
1524 -4.72233414146e-05
1525 -4.64344695729e-05
1526 -4.54511713764e-05
1527 -4.43216311507e-05
1528 -4.31169749139e-05
1529 -4.18838685598e-05
1530 -4.05910873995e-05
1531 -3.92369135689e-05
1532 -3.78165914504e-05
1533 -3.63240907664e-05
1534 -3.47767831125e-05
1535 -3.31852116366e-05
1536 -3.15920199915e-05
1537 -3.00178458374e-05
1538 -2.84552460884e-05
1539 -2.69411042523e-05
1540 -2.55403606271e-05
1541 -2.42847722424e-05
1542 -2.31790677615e-05
1543 -2.22060391548e-05
1544 -2.13278632558e-05
1545 -2.05145469177e-05
1546 -1.97471106574e-05
1547 -1.90350334505e-05
1548 -1.8376169776e-05
1549 -1.77481758398e-05
1550 3.13833067571e-05
1551 3.0158794474e-05
1552 2.76800774688e-05
1553 2.41388214659e-05
1554 1.96176778122e-05
1555 1.43041694694e-05
1556 8.39255073865e-06
1557 2.03268342602e-06
1558 -4.37991974095e-06
1559 -1.08120891266e-05
1560 -1.70080701193e-05
1561 -2.28279828066e-05
1562 -2.81234805179e-05
1563 -3.28036298708e-05
1564 -3.68461791736e-05
1565 -4.02210801835e-05
1566 -4.29280367496e-05
1567 -4.49957591537e-05
1568 -4.64757375475e-05
1569 -4.74192866545e-05
1570 -4.78846519755e-05
1571 -4.79275658227e-05
1572 -4.76206924754e-05
1573 -4.70398053283e-05
1574 -4.62391794129e-05
1575 -4.52711105179e-05
1576 -4.41714778307e-05
1577 -4.3012277707e-05
1578 -4.18201560255e-05
1579 -4.05732761873e-05
1580 -3.92611896059e-05
1581 -3.78873708589e-05
1582 -3.6443515089e-05
1583 -3.49391237074e-05
1584 -3.33926943954e-05
1585 -3.1836278091e-05
1586 -3.02934661424e-05
1587 -2.87624055577e-05
1588 -2.72632513098e-05
1589 -2.58607627297e-05
1590 -2.45918656984e-05
1591 -2.34662392056e-05
1592 -2.24768265647e-05
1593 -2.15880207403e-05
1594 -2.07707654375e-05
1595 -1.99992680759e-05
1596 -1.92771630643e-05
1597 -1.86113672824e-05
1598 -1.79825442243e-05
1599 -1.73659952052e-05
1600 -8.76504952421e-07
1601 -1.68067624707e-06
1602 -3.2830845771e-06
1603 -5.57446737347e-06
1604 -8.46257754969e-06
1605 -1.18400052302e-05
1606 -1.55754149396e-05
1607 -1.95600564413e-05
1608 -2.35479648484e-05
1609 -2.75103944887e-05
1610 -3.1293013372e-05
1611 -3.48067618505e-05
1612 -3.79626750744e-05
1613 -4.07018743132e-05
1614 -4.30011328508e-05
1615 -4.4841924152e-05
1616 -4.62350684399e-05
1617 -4.72019085403e-05
1618 -4.77653362511e-05
1619 -4.79561408039e-05
1620 -4.78185980116e-05
1621 -4.74073624417e-05
1622 -4.67737135949e-05
1623 -4.59637343418e-05
1624 -4.50039102348e-05
1625 -4.39366741427e-05
1626 -4.2820907155e-05
1627 -4.1673688037e-05
1628 -4.04652838823e-05
1629 -3.91976891262e-05
1630 -3.78655541902e-05
1631 -3.64676882424e-05
1632 -3.50109037519e-05
1633 -3.35050786855e-05
1634 -3.1992302389e-05
1635 -3.04863445311e-05
1636 -2.8988567269e-05
1637 -2.75125432887e-05
1638 -2.61180525994e-05
1639 -2.48473136124e-05
1640 -2.37109827827e-05
1641 -2.27104722802e-05
1642 -2.18148096366e-05
1643 -2.09947144271e-05
1644 -2.02240547697e-05
1645 -1.94958448042e-05
1646 -1.88233601763e-05
1647 -1.81943173139e-05
1648 -1.75857018746e-05
1649 -1.69673510997e-05
1650 -2.1834893838e-05
1651 -2.23241389711e-05
1652 -2.33012291051e-05
1653 -2.47110589554e-05
1654 -2.64576669188e-05
1655 -2.85066323245e-05
1656 -3.07553013068e-05
1657 -3.31341101396e-05
1658 -3.5501185424e-05
1659 -3.78208165713e-05
1660 -4.0009402062e-05
1661 -4.20043193343e-05
1662 -4.37473101343e-05
1663 -4.51932813116e-05
1664 -4.63406878018e-05
1665 -4.71798802247e-05
1666 -4.77113643188e-05
1667 -4.79431632656e-05
1668 -4.78951330178e-05
1669 -4.76017853603e-05
1670 -4.70984275271e-05
1671 -4.64188261702e-05
1672 -4.55943488674e-05
1673 -4.4648005513e-05
1674 -4.36151323647e-05
1675 -4.25468669597e-05
1676 -4.14390856869e-05
1677 -4.02729754819e-05
1678 -3.90447989742e-05
1679 -3.7757104751e-05
1680 -3.64011720389e-05
1681 -3.4990848997e-05
1682 -3.35313659126e-05
1683 -3.20589184437e-05
1684 -3.05947808197e-05
1685 -2.91341486441e-05
1686 -2.76887106907e-05
1687 -2.63125417465e-05
1688 -2.50483866145e-05
1689 -2.3912347198e-05
1690 -2.29065827495e-05
1691 -2.20086356362e-05
1692 -2.11878633013e-05
1693 -2.04205896989e-05
1694 -1.96917890601e-05
1695 -1.90137554375e-05
1696 -1.83838495972e-05
1697 -1.77803686563e-05
1698 -1.7177005902e-05
1699 -1.65481797759e-05
1700 -3.47740103775e-05
1701 -3.50579678527e-05
1702 -3.5625732767e-05
1703 -3.64452283648e-05
1704 -3.74461732995e-05
1705 -3.8623749666e-05
1706 -3.98999824393e-05
1707 -4.12356333787e-05
1708 -4.25437229216e-05
1709 -4.37914163757e-05
1710 -4.49325278057e-05
1711 -4.59279882284e-05
1712 -4.67476861624e-05
1713 -4.73625959673e-05
1714 -4.7764167007e-05
1715 -4.79452663851e-05
1716 -4.79095642363e-05
1717 -4.76720972676e-05
1718 -4.72543814529e-05
1719 -4.66793469185e-05
1720 -4.5965714753e-05
1721 -4.51313896551e-05
1722 -4.41983731467e-05
1723 -4.32113456326e-05
1724 -4.218867094e-05
1725 -4.11192807665e-05
1726 -3.99894208339e-05
1727 -3.88052932517e-05
1728 -3.75550177841e-05
1729 -3.62451795146e-05
1730 -3.48768737725e-05
1731 -3.34645228142e-05
1732 -3.2037533576e-05
1733 -3.06139176323e-05
1734 -2.9194452787e-05
1735 -2.77851857216e-05
1736 -2.64361989915e-05
1737 -2.51901846374e-05
1738 -2.40636397091e-05
1739 -2.30610557533e-05
1740 -2.21661055136e-05
1741 -2.13485966066e-05
1742 -2.05861061448e-05
1743 -1.98612120009e-05
1744 -1.91813740125e-05
1745 -1.85507450137e-05
1746 -1.79518760449e-05
1747 -1.73610024766e-05
1748 -1.67499890613e-05
1749 -1.61060131743e-05
1750 -4.23050697939e-05
1751 -4.24604794031e-05
1752 -4.27653195705e-05
1753 -4.31975946871e-05
1754 -4.37247907363e-05
1755 -4.43351448645e-05
1756 -4.49812862129e-05
1757 -4.56402714152e-05
1758 -4.62614789755e-05
1759 -4.68249888802e-05
1760 -4.72999862923e-05
1761 -4.76596964181e-05
1762 -4.78831403524e-05
1763 -4.79567256295e-05
1764 -4.78761572436e-05
1765 -4.76444709379e-05
1766 -4.72708808281e-05
1767 -4.67637659406e-05
1768 -4.61362560567e-05
1769 -4.54020048935e-05
1770 -4.45678319495e-05
1771 -4.36634644211e-05
1772 -4.27221768299e-05
1773 -4.17469023797e-05
1774 -4.07132269388e-05
1775 -3.96213793571e-05
1776 -3.84748687413e-05
1777 -3.72658509417e-05
1778 -3.59978424605e-05
1779 -3.4674933887e-05
1780 -3.33097864107e-05
1781 -3.19321512449e-05
1782 -3.0555652544e-05
1783 -2.91775366086e-05
1784 -2.78080495617e-05
1785 -2.64918530972e-05
1786 -2.52722308308e-05
1787 -2.41635540431e-05
1788 -2.31715188514e-05
1789 -2.22848187275e-05
1790 -2.14736966823e-05
1791 -2.07191917838e-05
1792 -2.00013493066e-05
1793 -1.93236166737e-05
1794 -1.86941271084e-05
1795 -1.80990233802e-05
1796 -1.75185946865e-05
1797 -1.69246904075e-05
1798 -1.63003953559e-05
1799 -1.56388681707e-05
1800 -4.62130174574e-05
1801 -4.62849801086e-05
1802 -4.64228903241e-05
1803 -4.6613169478e-05
1804 -4.68437263216e-05
1805 -4.7098645211e-05
1806 -4.73525875566e-05
1807 -4.75888686857e-05
1808 -4.77788973297e-05
1809 -4.79079476333e-05
1810 -4.79569705991e-05
1811 -4.79116716323e-05
1812 -4.77636884447e-05
1813 -4.75107402565e-05
1814 -4.71510251436e-05
1815 -4.66867610813e-05
1816 -4.6125618763e-05
1817 -4.54680153645e-05
1818 -4.47227791854e-05
1819 -4.39087416682e-05
1820 -4.30490465611e-05
1821 -4.21554079706e-05
1822 -4.12149735388e-05
1823 -4.02204340094e-05
1824 -3.91660132385e-05
1825 -3.80569844408e-05
1826 -3.68852785029e-05
1827 -3.56607410853e-05
1828 -3.43819501723e-05
1829 -3.30667056795e-05
1830 -3.17397999309e-05
1831 -3.04128326343e-05
1832 -2.90819319223e-05
1833 -2.77560868102e-05
1834 -2.64811431116e-05
1835 -2.52943107232e-05
1836 -2.42107927614e-05
1837 -2.32371824087e-05
1838 -2.23641039988e-05
1839 -2.15655244919e-05
1840 -2.08203627261e-05
1841 -2.01119912146e-05
1842 -1.94399090887e-05
1843 -1.88140646831e-05
1844 -1.82244694856e-05
1845 -1.76521874389e-05
1846 -1.70735982797e-05
1847 -1.64674908104e-05
1848 -1.58259245454e-05
1849 -1.51500447898e-05
1850 -4.77843630008e-05
1851 -4.780296362e-05
1852 -4.78365587704e-05
1853 -4.78778862417e-05
1854 -4.79195389442e-05
1855 -4.79492978272e-05
1856 -4.79552138697e-05
1857 -4.79240537448e-05
1858 -4.78454494763e-05
1859 -4.77080603156e-05
1860 -4.75042356932e-05
1861 -4.72257615222e-05
1862 -4.68705038647e-05
1863 -4.64377988279e-05
1864 -4.59259051888e-05
1865 -4.53341759246e-05
1866 -4.46690828342e-05
1867 -4.39376501203e-05
1868 -4.31639494826e-05
1869 -4.23557442801e-05
1870 -4.15031076198e-05
1871 -4.05973607165e-05
1872 -3.96367989079e-05
1873 -3.86267994364e-05
1874 -3.75517098111e-05
1875 -3.64212264034e-05
1876 -3.52373357347e-05
1877 -3.40034174953e-05
1878 -3.27415506741e-05
1879 -3.14673031212e-05
1880 -3.01899558603e-05
1881 -2.89070551404e-05
1882 -2.76294044234e-05
1883 -2.63993924857e-05
1884 -2.5254201406e-05
1885 -2.42039548412e-05
1886 -2.32542383725e-05
1887 -2.24007593513e-05
1888 -2.1617601996e-05
1889 -2.08876358568e-05
1890 -2.01914125596e-05
1891 -1.9527506032e-05
1892 -1.89080026947e-05
1893 -1.83249949341e-05
1894 -1.77617824522e-05
1895 -1.71961224539e-05
1896 -1.66070909109e-05
1897 -1.5984665276e-05
1898 -1.53265876938e-05
1899 -1.46465617773e-05
1900 -4.78282108349e-05
1901 -4.78146233698e-05
1902 -4.77849358841e-05
1903 -4.77371947289e-05
1904 -4.7664857864e-05
1905 -4.75627531234e-05
1906 -4.74254556074e-05
1907 -4.72426046933e-05
1908 -4.7015455755e-05
1909 -4.67323485891e-05
1910 -4.63917402065e-05
1911 -4.59878631134e-05
1912 -4.55209385082e-05
1913 -4.49904560453e-05
1914 -4.43975427281e-05
1915 -4.3750718765e-05
1916 -4.30653129172e-05
1917 -4.23411351256e-05
1918 -4.15752882269e-05
1919 -4.07580287583e-05
1920 -3.98865652405e-05
1921 -3.89646465955e-05
1922 -3.79879149439e-05
1923 -3.69554722986e-05
1924 -3.58661299875e-05
1925 -3.47243714352e-05
1926 -3.35387562695e-05
1927 -3.23305802428e-05
1928 -3.11120776011e-05
1929 -2.98868593221e-05
1930 -2.86513278205e-05
1931 -2.74273371312e-05
1932 -2.62487436053e-05
1933 -2.51493694265e-05
1934 -2.41401839996e-05
1935 -2.32243287487e-05
1936 -2.23950520395e-05
1937 -2.1631982671e-05
1938 -2.09183292119e-05
1939 -2.02377656957e-05
1940 -1.95859602676e-05
1941 -1.89746497064e-05
1942 -1.84004537664e-05
1943 -1.78468309224e-05
1944 -1.72941546764e-05
1945 -1.67197487326e-05
1946 -1.61148347404e-05
1947 -1.54744422567e-05
1948 -1.48080248379e-05
1949 -1.41402596022e-05
1950 -4.6943848108e-05
1951 -4.6914109915e-05
1952 -4.68504984082e-05
1953 -4.67544056239e-05
1954 -4.66214634971e-05
1955 -4.64501631806e-05
1956 -4.62366957711e-05
1957 -4.59745647639e-05
1958 -4.56691003966e-05
1959 -4.53088432135e-05
1960 -4.4895267262e-05
1961 -4.44261412124e-05
1962 -4.39082387552e-05
1963 -4.33497255309e-05
1964 -4.27532639598e-05
1965 -4.21152261044e-05
1966 -4.14335889057e-05
1967 -4.07001833447e-05
1968 -3.99165179818e-05
1969 -3.90840428582e-05
1970 -3.81977220457e-05
1971 -3.72543045479e-05
1972 -3.62592115903e-05
1973 -3.52150914362e-05
1974 -3.41162005082e-05
1975 -3.29843477327e-05
1976 -3.18329146952e-05
1977 -3.06705648269e-05
1978 -2.94959178248e-05
1979 -2.83137303811e-05
1980 -2.71445010717e-05
1981 -2.6028203509e-05
1982 -2.49814126979e-05
1983 -2.40176558077e-05
1984 -2.31419432198e-05
1985 -2.23443710641e-05
1986 -2.16050240682e-05
1987 -2.09119662911e-05
1988 -2.02483640268e-05
1989 -1.96120012946e-05
1990 -1.9012876659e-05
1991 -1.84487896875e-05
1992 -1.79058131904e-05
1993 -1.73658022305e-05
1994 -1.68066372232e-05
1995 -1.62171157638e-05
1996 -1.55941845997e-05
1997 -1.49422509373e-05
1998 -1.42831364018e-05
1999 -1.36425472245e-05
2000 -4.55329875823e-05
2001 -4.54958335514e-05
2002 -4.54143206639e-05
2003 -4.52918787181e-05
2004 -4.51279743169e-05
2005 -4.49201558468e-05
2006 -4.46669326068e-05
2007 -4.43655054173e-05
2008 -4.40237298561e-05
2009 -4.36355976073e-05
2010 -4.32067418795e-05
2011 -4.2736361391e-05
2012 -4.22244019877e-05
2013 -4.16711790688e-05
2014 -4.10718446534e-05
2015 -4.04215622456e-05
2016 -3.97236218628e-05
2017 -3.89766706768e-05
2018 -3.81787685317e-05
2019 -3.73272609723e-05
2020 -3.64220289366e-05
2021 -3.54667031155e-05
2022 -3.4461473936e-05
2023 -3.34183523192e-05
2024 -3.23441227321e-05
2025 -3.12533391548e-05
2026 -3.01493374947e-05
2027 -2.90295058208e-05
2028 -2.79013301851e-05
2029 -2.67973603935e-05
2030 -2.57421490471e-05
2031 -2.47574205784e-05
2032 -2.38453136339e-05
2033 -2.30128917952e-05
2034 -2.22504080262e-05
2035 -2.15397250127e-05
2036 -2.08686785603e-05
2037 -2.0224789125e-05
2038 -1.9605605733e-05
2039 -1.90216278998e-05
2040 -1.84699907438e-05
2041 -1.79379643557e-05
2042 -1.74103262669e-05
2043 -1.68651194191e-05
2044 -1.62913129651e-05
2045 -1.56839344433e-05
2046 -1.50475279167e-05
2047 -1.43991681842e-05
2048 -1.37645825203e-05
2049 -1.31567335545e-05
2050 -4.38313342988e-05
2051 -4.37925445359e-05
2052 -4.37040368761e-05
2053 -4.35737878791e-05
2054 -4.34030771554e-05
2055 -4.31888680332e-05
2056 -4.29328312497e-05
2057 -4.26331890661e-05
2058 -4.22954427218e-05
2059 -4.19129289092e-05
2060 -4.14860224919e-05
2061 -4.10124901266e-05
2062 -4.04909487928e-05
2063 -3.99241679385e-05
2064 -3.93113624062e-05
2065 -3.86499018916e-05
2066 -3.79380263607e-05
2067 -3.71710431699e-05
2068 -3.63562434172e-05
2069 -3.54939463603e-05
2070 -3.45789378482e-05
2071 -3.36212446709e-05
2072 -3.26336073474e-05
2073 -3.16257985083e-05
2074 -3.05957065898e-05
2075 -2.95489851134e-05
2076 -2.84846774795e-05
2077 -2.74212136715e-05
2078 -2.63843635477e-05
2079 -2.54011863658e-05
2080 -2.44776827105e-05
2081 -2.36239499633e-05
2082 -2.28402251427e-05
2083 -2.21152451928e-05
2084 -2.14356511705e-05
2085 -2.07903100653e-05
2086 -2.01676691169e-05
2087 -1.9568546499e-05
2088 -1.90019475877e-05
2089 -1.84654618934e-05
2090 -1.79465034015e-05
2091 -1.74307032458e-05
2092 -1.68989648837e-05
2093 -1.63398072365e-05
2094 -1.57473817783e-05
2095 -1.51251657571e-05
2096 -1.44890673721e-05
2097 -1.38619130064e-05
2098 -1.32598977035e-05
2099 -1.26814099858e-05
2100 -4.20671211633e-05
2101 -4.20293804509e-05
2102 -4.19411560293e-05
2103 -4.18132199965e-05
2104 -4.16436787753e-05
2105 -4.142949283e-05
2106 -4.11717933296e-05
2107 -4.08681488732e-05
2108 -4.05234438452e-05
2109 -4.01319195398e-05
2110 -3.96944307031e-05
2111 -3.92113587741e-05
2112 -3.86811720298e-05
2113 -3.81042326108e-05
2114 -3.74764565364e-05
2115 -3.67992207803e-05
2116 -3.607478815e-05
2117 -3.52985586446e-05
2118 -3.44741736452e-05
2119 -3.36097261641e-05
2120 -3.27100429446e-05
2121 -3.17836129783e-05
2122 -3.08357175725e-05
2123 -2.98702299885e-05
2124 -2.88784305078e-05
2125 -2.78759726348e-05
2126 -2.68829823265e-05
2127 -2.592353363e-05
2128 -2.50110251474e-05
2129 -2.41557965672e-05
2130 -2.33616811664e-05
2131 -2.26292208395e-05
2132 -2.19449004932e-05
2133 -2.12980915323e-05
2134 -2.06799467944e-05
2135 -2.00803293898e-05
2136 -1.95026651992e-05
2137 -1.89558489357e-05
2138 -1.84357123973e-05
2139 -1.79312461785e-05
2140 -1.74284691758e-05
2141 -1.69094502925e-05
2142 -1.63639987988e-05
2143 -1.57862697413e-05
2144 -1.51785780635e-05
2145 -1.45541767284e-05
2146 -1.39374511857e-05
2147 -1.33425160594e-05
2148 -1.27707509889e-05
2149 -1.22128892212e-05
2150 -4.02535685964e-05
2151 -4.02137576725e-05
2152 -4.01235663258e-05
2153 -3.99934814425e-05
2154 -3.98193069778e-05
2155 -3.95999168194e-05
2156 -3.93358494893e-05
2157 -3.90260803498e-05
2158 -3.86754100268e-05
2159 -3.82762809385e-05
2160 -3.78292383257e-05
2161 -3.73339297389e-05
2162 -3.6790497144e-05
2163 -3.62029027547e-05
2164 -3.55664725044e-05
2165 -3.4881818479e-05
2166 -3.41508997923e-05
2167 -3.33788773978e-05
2168 -3.25717716725e-05
2169 -3.17370000618e-05
2170 -3.08733691165e-05
2171 -2.99864327766e-05
2172 -2.90749136603e-05
2173 -2.81473767911e-05
2174 -2.7213640456e-05
2175 -2.62997879249e-05
2176 -2.54183697373e-05
2177 -2.45822491208e-05
2178 -2.37960360635e-05
2179 -2.30649429249e-05
2180 -2.23833000281e-05
2181 -2.17399351819e-05
2182 -2.11276832585e-05
2183 -2.05369574836e-05
2184 -1.99623427094e-05
2185 -1.94086387923e-05
2186 -1.88832712465e-05
2187 -1.83808321764e-05
2188 -1.78913580123e-05
2189 -1.74018580988e-05
2190 -1.68946227485e-05
2191 -1.63617966651e-05
2192 -1.5798614187e-05
2193 -1.52050257332e-05
2194 -1.45942318376e-05
2195 -1.39881422266e-05
2196 -1.34032733526e-05
2197 -1.28395366799e-05
2198 -1.22905736051e-05
2199 -1.17455953178e-05
2200 -3.8359289426e-05
2201 -3.83164914676e-05
2202 -3.82250423509e-05
2203 -3.80926260419e-05
2204 -3.79137371146e-05
2205 -3.76892902652e-05
2206 -3.74183368555e-05
2207 -3.71002320169e-05
2208 -3.67415848358e-05
2209 -3.63342051778e-05
2210 -3.5880628184e-05
2211 -3.537854039e-05
2212 -3.48284200507e-05
2213 -3.42357456305e-05
2214 -3.35985435504e-05
2215 -3.29237321609e-05
2216 -3.22135749063e-05
2217 -3.14707674827e-05
2218 -3.06992135943e-05
2219 -2.99010392872e-05
2220 -2.90720571828e-05
2221 -2.82205591031e-05
2222 -2.73603941807e-05
2223 -2.65102713506e-05
2224 -2.56787562021e-05
2225 -2.48806606646e-05
2226 -2.41197932102e-05
2227 -2.3404247257e-05
2228 -2.27354603275e-05
2229 -2.21031321236e-05
2230 -2.15014403855e-05
2231 -2.0923639986e-05
2232 -2.03614208718e-05
2233 -1.98125805975e-05
2234 -1.92854376987e-05
2235 -1.87831862509e-05
2236 -1.82998938274e-05
2237 -1.78260756709e-05
2238 -1.73491648122e-05
2239 -1.68542791742e-05
2240 -1.63329674195e-05
2241 -1.57820131206e-05
2242 -1.520314707e-05
2243 -1.46068977525e-05
2244 -1.40138697129e-05
2245 -1.34391627551e-05
2246 -1.28854919005e-05
2247 -1.23451983192e-05
2248 -1.18100371495e-05
2249 -1.12813851843e-05
2250 -3.63717226285e-05
2251 -3.63268404091e-05
2252 -3.62344313595e-05
2253 -3.60994154879e-05
2254 -3.59170473055e-05
2255 -3.56903452334e-05
2256 -3.54165520124e-05
2257 -3.50942386482e-05
2258 -3.47317355843e-05
2259 -3.4320478116e-05
2260 -3.38653423019e-05
2261 -3.33656715965e-05
2262 -3.2825194825e-05
2263 -3.22498880635e-05
2264 -3.163686577e-05
2265 -3.09909521877e-05
2266 -3.03133281573e-05
2267 -2.96022123697e-05
2268 -2.88616437939e-05
2269 -2.80971034275e-05
2270 -2.73184691376e-05
2271 -2.65393299963e-05
2272 -2.57739514849e-05
2273 -2.5032186297e-05
2274 -2.43128582647e-05
2275 -2.36309025445e-05
2276 -2.29856995524e-05
2277 -2.23759891498e-05
2278 -2.17936308679e-05
2279 -2.12328067068e-05
2280 -2.06886552139e-05
2281 -2.01554996839e-05
2282 -1.96349609791e-05
2283 -1.91351907768e-05
2284 -1.86574121374e-05
2285 -1.81934665847e-05
2286 -1.77357449247e-05
2287 -1.72708811011e-05
2288 -1.67864550387e-05
2289 -1.62771684059e-05
2290 -1.57378664242e-05
2291 -1.51716032385e-05
2292 -1.458986038e-05
2293 -1.40109974194e-05
2294 -1.34493888835e-05
2295 -1.2907156427e-05
2296 -1.23782215481e-05
2297 -1.18524713465e-05
2298 -1.13325732102e-05
2299 -1.08290096833e-05
2300 -3.43115082384e-05
2301 -3.42657039595e-05
2302 -3.41735694315e-05
2303 -3.4036044281e-05
2304 -3.38525634785e-05
2305 -3.36271666495e-05
2306 -3.33558113637e-05
2307 -3.30382684777e-05
2308 -3.26840420943e-05
2309 -3.22847751172e-05
2310 -3.1846588424e-05
2311 -3.13673265124e-05
2312 -3.08512323597e-05
2313 -3.03017171865e-05
2314 -2.97154165458e-05
2315 -2.909517896e-05
2316 -2.84444527271e-05
2317 -2.77686824887e-05
2318 -2.70797391347e-05
2319 -2.63864682248e-05
2320 -2.56976899729e-05
2321 -2.50206402905e-05
2322 -2.43629515903e-05
2323 -2.37305472903e-05
2324 -2.31227262761e-05
2325 -2.25455986119e-05
2326 -2.19902731247e-05
2327 -2.14545517692e-05
2328 -2.09342953294e-05
2329 -2.04232038167e-05
2330 -1.99197124324e-05
2331 -1.94303441274e-05
2332 -1.89595898388e-05
2333 -1.85057198565e-05
2334 -1.80620170009e-05
2335 -1.76198408648e-05
2336 -1.71674125588e-05
2337 -1.66937213395e-05
2338 -1.61941812675e-05
2339 -1.56668896403e-05
2340 -1.511289445e-05
2341 -1.45448170391e-05
2342 -1.39812636454e-05
2343 -1.34337582104e-05
2344 -1.29036480444e-05
2345 -1.23861660499e-05
2346 -1.18721934125e-05
2347 -1.13616944035e-05
2348 -1.08659069297e-05
2349 -1.03891864717e-05
2350 -3.22302763901e-05
2351 -3.21853962964e-05
2352 -3.20973904389e-05
2353 -3.19644752231e-05
2354 -3.17882293225e-05
2355 -3.15724557641e-05
2356 -3.13134899442e-05
2357 -3.10100652164e-05
2358 -3.06726330552e-05
2359 -3.02918869503e-05
2360 -2.98735797622e-05
2361 -2.94149618997e-05
2362 -2.89203657354e-05
2363 -2.83936257505e-05
2364 -2.78362202774e-05
2365 -2.7255523086e-05
2366 -2.66608948477e-05
2367 -2.60573174354e-05
2368 -2.54546251915e-05
2369 -2.48562824964e-05
2370 -2.42672975783e-05
2371 -2.36929207256e-05
2372 -2.31394642718e-05
2373 -2.26068725857e-05
2374 -2.20884664974e-05
2375 -2.15847862474e-05
2376 -2.10925927492e-05
2377 -2.06081329569e-05
2378 -2.01287010409e-05
2379 -1.96572707764e-05
2380 -1.91992028584e-05
2381 -1.87584817863e-05
2382 -1.8328526387e-05
2383 -1.79042443946e-05
2384 -1.74772821946e-05
2385 -1.70356711792e-05
2386 -1.65722662622e-05
2387 -1.60831654845e-05
2388 -1.55662849349e-05
2389 -1.50262888615e-05
2390 -1.44733994159e-05
2391 -1.39249766194e-05
2392 -1.33932489703e-05
2393 -1.28776690799e-05
2394 -1.23721425927e-05
2395 -1.18690291943e-05
2396 -1.13699399937e-05
2397 -1.08842779747e-05
2398 -1.04150408977e-05
2399 -9.96374181318e-06
2400 -3.01957476718e-05
2401 -3.01534255672e-05
2402 -3.00693264324e-05
2403 -2.99434733239e-05
2404 -2.97761077475e-05
2405 -2.95696870593e-05
2406 -2.93226899575e-05
2407 -2.90316998685e-05
2408 -2.87087124147e-05
2409 -2.83454069803e-05
2410 -2.79476730246e-05
2411 -2.7517490956e-05
2412 -2.7060557378e-05
2413 -2.65823010458e-05
2414 -2.60871644233e-05
2415 -2.55789839573e-05
2416 -2.50652935657e-05
2417 -2.4548795743e-05
2418 -2.40364303205e-05
2419 -2.35319242462e-05
2420 -2.30382853056e-05
2421 -2.25554720526e-05
2422 -2.20832818787e-05
2423 -2.16203504886e-05
2424 -2.11629705229e-05
2425 -2.07109795341e-05
2426 -2.02605251695e-05
2427 -1.98134725399e-05
2428 -1.93753994271e-05
2429 -1.89512964778e-05
2430 -1.85374996446e-05
2431 -1.81308472568e-05
2432 -1.77247361606e-05
2433 -1.73105367508e-05
2434 -1.68783240125e-05
2435 -1.64236651721e-05
2436 -1.59431265161e-05
2437 -1.54365851339e-05
2438 -1.49090269872e-05
2439 -1.4373056052e-05
2440 -1.38427133692e-05
2441 -1.33272199275e-05
2442 -1.28267458787e-05
2443 -1.23346214519e-05
2444 -1.18437278386e-05
2445 -1.13560117461e-05
2446 -1.0881381251e-05
2447 -1.0422754842e-05
2448 -9.98024972539e-06
2449 -9.56026786232e-06
2450 -2.8219211755e-05
2451 -2.81799350236e-05
2452 -2.80995665629e-05
2453 -2.79810067095e-05
2454 -2.78233883564e-05
2455 -2.76289406384e-05
2456 -2.73974106772e-05
2457 -2.71287327054e-05
2458 -2.68339198254e-05
2459 -2.65066521437e-05
2460 -2.61521680411e-05
2461 -2.57754032039e-05
2462 -2.53793889036e-05
2463 -2.49686773132e-05
2464 -2.45466451642e-05
2465 -2.41172716587e-05
2466 -2.36845172389e-05
2467 -2.32525309532e-05
2468 -2.28243745608e-05
2469 -2.2399827166e-05
2470 -2.19777906684e-05
2471 -2.15580433437e-05
2472 -2.11419239151e-05
2473 -2.07272104844e-05
2474 -2.03101304865e-05
2475 -1.98938765174e-05
2476 -1.94821779575e-05
2477 -1.90797918408e-05
2478 -1.86861399727e-05
2479 -1.82986039501e-05
2480 -1.79126663969e-05
2481 -1.75232415915e-05
2482 -1.71202345001e-05
2483 -1.66974289912e-05
2484 -1.62512651584e-05
2485 -1.57794650312e-05
2486 -1.52824924295e-05
2487 -1.47684966303e-05
2488 -1.42494228168e-05
2489 -1.37383355107e-05
2490 -1.32401300189e-05
2491 -1.2754864737e-05
2492 -1.22764267806e-05
2493 -1.17978518454e-05
2494 -1.13226060725e-05
2495 -1.0859479966e-05
2496 -1.04116279784e-05
2497 -9.97815112492e-06
2498 -9.56719060281e-06
2499 -9.19007789286e-06
