0 -0.0868211982248
1 -0.0325529638203
2 -0.00137876840848
3 0.00840384260311
4 0.0105202975889
5 0.0101692837848
6 0.00909838470838
7 0.00790143449126
8 0.00681094202182
9 0.00585996305801
10 0.00504859836089
11 0.00436272056906
12 0.00378801355685
13 0.00330407620807
14 0.00289496955295
15 0.00254694682742
16 0.00225071720903
17 0.00199778703311
18 0.00178085240104
19 0.00159519491355
20 0.00143271338692
21 0.00128378418474
22 0.00113250486154
23 0.000963949093295
24 0.000789143082131
25 0.000652138140596
26 0.000583899633969
27 0.000572295092132
28 0.000583111479557
29 0.000590856475082
30 0.000585746035686
31 0.000568043095455
32 0.000541415784807
33 0.000509598382791
34 0.000475723868183
35 0.000441746581762
36 0.000408787266744
37 0.000377578565905
38 0.000348472112737
39 0.000321583914058
40 0.000296880834365
41 0.000274353984874
42 0.000253782714588
43 0.000234939356082
44 0.000217598317381
45 0.000201630624699
46 0.000186907482041
47 0.000173416116203
48 0.000161014124518
49 0.000149643148258
50 -0.0432938273187
51 -0.00179114096237
52 0.00689142253693
53 0.00951845908524
54 0.00992104668683
55 0.00933720781385
56 0.00838008847688
57 0.00734818479234
58 0.00639814940336
59 0.00555280392464
60 0.00481913549852
61 0.0041902883781
62 0.00365700346194
63 0.00320326340053
64 0.00281652873974
65 0.00248515910945
66 0.0022016945608
67 0.00195851945978
68 0.0017492042932
69 0.00156934118743
70 0.00141123010928
71 0.00126564392773
72 0.00111651963493
73 0.000949923374408
74 0.000777995431318
75 0.000644547821068
76 0.000579175791312
77 0.000568932275841
78 0.000580020991992
79 0.000587630496958
80 0.00058239291146
81 0.000564698601352
82 0.000538199222255
83 0.000506599552743
84 0.000472986015026
85 0.00043927849239
86 0.00040657467632
87 0.000375614736936
88 0.000346726141583
89 0.000320038997656
90 0.000295508320127
91 0.000273134918387
92 0.000252702304221
93 0.00023397765856
94 0.000216739199481
95 0.000200861393444
96 0.00018621960462
97 0.000172798778699
98 0.000160460231597
99 0.000149148500041
100 -0.0190548523397
101 0.00531104647365
102 0.00689443600032
103 0.00724797021647
104 0.00740208231764
105 0.00721038433863
106 0.00673424486156
107 0.00611979231245
108 0.00548583859272
109 0.0048739296511
110 0.00431073341259
111 0.00380603279167
112 0.00336310207176
113 0.00297612999444
114 0.00263919607977
115 0.00234536488876
116 0.00209045687648
117 0.00186929075939
118 0.00167704709724
119 0.00151038388618
120 0.00136234480987
121 0.00122408511235
122 0.00108001932305
123 0.000918166726755
124 0.000752985780198
125 0.000627594886214
126 0.000568455119364
127 0.000561079650244
128 0.000572709869299
129 0.000580037350014
130 0.000574575369801
131 0.000556963656265
132 0.000530820087969
133 0.000499758421339
134 0.000466761653975
135 0.00043368307854
136 0.000401582955256
137 0.000371182031354
138 0.00034280317592
139 0.00031657090366
140 0.000292441258469
141 0.000270422700465
142 0.000250297463608
143 0.000231839372698
144 0.000214834135237
145 0.000199161046402
146 0.000184702462453
147 0.000171443397593
148 0.000159247727937
149 0.000148066236559
150 -0.0639371147959
151 -0.0261291546203
152 -0.00680079805576
153 -3.96861424875e-05
154 0.00272481792008
155 0.00395498260572
156 0.00438048566188
157 0.00439781820876
158 0.00420766035295
159 0.0039169699651
160 0.0035880273988
161 0.00325470323101
162 0.00293785646265
163 0.00264496763673
164 0.00237886957394
165 0.00213895371782
166 0.00192534096209
167 0.0017361835583
168 0.0015689513113
169 0.00142170989909
170 0.00128848681159
171 0.00116097403654
172 0.00102449403507
173 0.000870149811727
174 0.000715572739031
175 0.000602382950203
176 0.000552321697634
177 0.000548975816333
178 0.000561290292823
179 0.000568176460473
180 0.000562409371549
181 0.000544966225267
182 0.000519401459796
183 0.00048918420804
184 0.000457147257624
185 0.000425041030702
186 0.000393873248165
187 0.000364334120007
188 0.000336740774362
189 0.000311209057313
190 0.000287698181551
191 0.000266226198695
192 0.000246574036382
193 0.000228527098303
194 0.000211882017739
195 0.000196525159342
196 0.000182350071894
197 0.000169340981266
198 0.000157366737849
199 0.00014638758985
200 -0.0495624967308
201 -0.0328012973709
202 -0.016513286402
203 -0.00719414042622
204 -0.00228041266228
205 0.000390466872349
206 0.00177140444204
207 0.00246077833244
208 0.00274558755431
209 0.00280386614136
210 0.00273396404055
211 0.0025935741882
212 0.00242134632048
213 0.00223814948315
214 0.00205586279795
215 0.00188063191301
216 0.00171710919505
217 0.00156717510883
218 0.00143084179492
219 0.00130774458935
220 0.00119294736892
221 0.00107878223977
222 0.000952089543545
223 0.000808132303305
224 0.000667964676468
225 0.000570455849044
226 0.000531498411059
227 0.000532829549649
228 0.000545802005119
229 0.000552100331177
230 0.000546004991452
231 0.000528860629621
232 0.000504117603326
233 0.000475054133716
234 0.000444308293683
235 0.000413503449836
236 0.000383577522899
237 0.000355185726711
238 0.000328637087253
239 0.00030403763924
240 0.00028135230996
241 0.000260607115759
242 0.00024158467041
243 0.000224085236099
244 0.000207920889742
245 0.000192986953108
246 0.000179190901079
247 0.000166515984858
248 0.000154838408724
249 0.000144131333246
250 -0.0370613421564
251 -0.0292716445318
252 -0.0190983333988
253 -0.0111722602273
254 -0.00593928151864
255 -0.00260044392253
256 -0.000591293136977
257 0.000616490232571
258 0.0013015538619
259 0.00167165048072
260 0.00184369643853
261 0.00189021659505
262 0.0018622338134
263 0.0017910057148
264 0.00169618136444
265 0.00158982472225
266 0.00148028758486
267 0.00137337258584
268 0.00127115208573
269 0.00117498774716
270 0.00108071753188
271 0.000981533037409
272 0.000866454318182
273 0.000735805381828
274 0.000613401655102
275 0.000533920126958
276 0.000506956291798
277 0.000513001553364
278 0.000526445997161
279 0.000532065996703
280 0.000525708967037
281 0.000509042290859
282 0.000485384633825
283 0.000457769344211
284 0.000428621448968
285 0.000399411005307
286 0.000371003889853
287 0.000344007306218
288 0.000318730076278
289 0.000295267934068
290 0.000273585940941
291 0.000253723628081
292 0.000235467539422
293 0.000218635979002
294 0.000203058806575
295 0.000188643544566
296 0.00017530873875
297 0.00016304257616
298 0.000151728875036
299 0.000141355256797
300 -0.028664316745
301 -0.0245557514759
302 -0.0182968935722
303 -0.0124405575423
304 -0.00788631792999
305 -0.00458806408953
306 -0.00236767117631
307 -0.000882870379713
308 6.25243603127e-05
309 0.000659197260977
310 0.00102180907426
311 0.0012245213455
312 0.00132136850271
313 0.00135039739717
314 0.00133596620812
315 0.00129514076497
316 0.00123725895735
317 0.0011725152605
318 0.00110403289581
319 0.00103465064774
320 0.000961181149218
321 0.000877216448247
322 0.000774882365629
323 0.000659670617952
324 0.000556971740138
325 0.000495968973849
326 0.000480456612985
327 0.000490637855796
328 0.000504288723198
329 0.000509241811871
330 0.000502776761674
331 0.000486806897119
332 0.000464445378764
333 0.00043849359888
334 0.000411140373101
335 0.000383708933166
336 0.000356999183945
337 0.000331552846092
338 0.000307665663253
339 0.000285464331655
340 0.000264919882924
341 0.000246023240234
342 0.000228616430364
343 0.000212530034404
344 0.000197609639171
345 0.000183774365557
346 0.000170961693231
347 0.000159147865009
348 0.000148244254915
349 0.000138240564789
350 -0.0229730243235
351 -0.0205673568867
352 -0.0165214903282
353 -0.0122891681798
354 -0.00862136503936
355 -0.00568687169576
356 -0.00353226095734
357 -0.00197281162989
358 -0.000902560258249
359 -0.000171442308903
360 0.00031999391815
361 0.000639060272533
362 0.000833297698891
363 0.000944506737829
364 0.0009978897363
365 0.00101377493484
366 0.00100272360457
367 0.000975942672461
368 0.000938670010393
369 0.000894122699965
370 0.000840344672871
371 0.000770952969701
372 0.00068248854578
373 0.000584021539368
374 0.000501728571772
375 0.000458391535763
376 0.000453068432853
377 0.000466555460837
378 0.000480135839758
379 0.000484449649934
380 0.000478026907499
381 0.00046293700277
382 0.000442054555305
383 0.000417870700224
384 0.000392425780264
385 0.000366899865511
386 0.000341976446044
387 0.000318180017081
388 0.000295783895121
389 0.000274907744499
390 0.000255548597788
391 0.000237713736413
392 0.000221201238769
393 0.000205900503736
394 0.00019168140007
395 0.000178471360168
396 0.00016621436509
397 0.000154897189703
398 0.000144432988075
399 0.000134835094321
400 -0.0187122673285
401 -0.0172130421661
402 -0.0145361335561
403 -0.011518306699
404 -0.00867652713284
405 -0.00620857177053
406 -0.00426105522905
407 -0.00275667474626
408 -0.00165816544306
409 -0.000859493244053
410 -0.000288412605515
411 0.000112305362952
412 0.000382102554252
413 0.00056067765723
414 0.000672157885495
415 0.000737306053762
416 0.000769249213128
417 0.000777665329797
418 0.000769823589957
419 0.000749118777687
420 0.000714030655892
421 0.000659984817998
422 0.000586877184681
423 0.000507304993458
424 0.000446068053629
425 0.000419705344388
426 0.000423350575168
427 0.000439345447418
428 0.000452618735763
429 0.000456410575984
430 0.000450248551075
431 0.000436305577964
432 0.000417141007667
433 0.000395064808709
434 0.00037172772549
435 0.000348268906399
436 0.000325337226208
437 0.00030336488163
438 0.000282614480313
439 0.000263203889406
440 0.000245147632908
441 0.000228465363717
442 0.000212954409331
443 0.000198520694547
444 0.000185066660217
445 0.00017254628566
446 0.000160910031364
447 0.000150135327221
448 0.000140165434827
449 0.00013101571194
450 -0.0153767444094
451 -0.0144012565517
452 -0.0126066090328
453 -0.0104621301242
454 -0.00831252190167
455 -0.00631750513554
456 -0.0046430404453
457 -0.00327346013752
458 -0.00221765572529
459 -0.00140861836011
460 -0.000800438991714
461 -0.000350906256405
462 -2.76634532268e-05
463 0.000202300239661
464 0.000361348730364
465 0.000468637724471
466 0.000538125813675
467 0.000578841017769
468 0.000598469236608
469 0.000600289484757
470 0.000583336260374
471 0.000545394108055
472 0.000489293472034
473 0.000430409235597
474 0.000390182400001
475 0.000379434568357
476 0.000390572331005
477 0.000408272308151
478 0.000421080560748
479 0.000424588598239
480 0.000418988628572
481 0.000406532708042
482 0.000389416644299
483 0.000369706885018
484 0.000348746325132
485 0.000327627795981
486 0.00030685930061
487 0.000286883030184
488 0.000267948338239
489 0.000250155731545
490 0.000233538427876
491 0.000218114747057
492 0.000203715387557
493 0.000190246698688
494 0.000177651555054
495 0.0001658923288
496 0.000154947136542
497 0.000144781475491
498 0.000135360213228
499 0.000126712586157
500 -0.0127601099108
501 -0.0121026335367
502 -0.0108734792774
503 -0.00933815528121
504 -0.00772415433928
505 -0.00614704205394
506 -0.00475214978749
507 -0.00355342652542
508 -0.00258569355895
509 -0.00181004577797
510 -0.00120155669332
511 -0.000732633973689
512 -0.000379035516999
513 -0.000114838155568
514 7.92035713239e-05
515 0.000219558438817
516 0.000319611472555
517 0.000387887453371
518 0.000431832250879
519 0.000454018944958
520 0.000454373827869
521 0.00043270464603
522 0.000394574992333
523 0.000356455474289
524 0.000335754898853
525 0.000338234507309
526 0.000355055467472
527 0.000373708865924
528 0.000386082041807
529 0.000389624218784
530 0.000384979613132
531 0.000374318732352
532 0.000359533443839
533 0.000342398174698
534 0.000324047912322
535 0.000305396260167
536 0.000286946917667
537 0.000269103781903
538 0.000252097134234
539 0.000236031390091
540 0.000220942359833
541 0.000206856589495
542 0.000193641658436
543 0.000181215883786
544 0.000169544072544
545 0.000158615816395
546 0.000148411906498
547 0.000138910290573
548 0.000130090220383
549 0.000121989847459
550 -0.0107107209245
551 -0.0102528280404
552 -0.00938812317969
553 -0.00827290763576
554 -0.00705451159596
555 -0.00581645437252
556 -0.00467329727892
557 -0.00364983488616
558 -0.00279027518674
559 -0.00207461971021
560 -0.00149182425024
561 -0.00102675657212
562 -0.000662797018843
563 -0.000380527361872
564 -0.000164272938439
565 -4.25912015346e-07
566 0.000122647039856
567 0.000213072732261
568 0.000277334711042
569 0.000317377067716
570 0.000333577167017
571 0.000327482499408
572 0.000306862310875
573 0.000288001758122
574 0.000284021258981
575 0.000296698000393
576 0.000317370367649
577 0.000336441120961
578 0.000348563208259
579 0.000352516026283
580 0.000349244494164
581 0.000340648392883
582 0.000328398129639
583 0.000313976278148
584 0.000298350603227
585 0.000282245812434
586 0.000266195267515
587 0.000250544224892
588 0.000235516216604
589 0.000221240475307
590 0.00020772538208
591 0.000195017793798
592 0.000183026013156
593 0.000171686028469
594 0.000160980033427
595 0.000150922873676
596 0.000141486668006
597 0.000132683746822
598 0.000124498387071
599 0.000116969729968
600 -0.00910218339617
601 -0.00877501987389
602 -0.00814823127783
603 -0.00732156526203
604 -0.0063891880546
605 -0.00541417024379
606 -0.00448270962974
607 -0.00362000041436
608 -0.00287050261215
609 -0.00222607184225
610 -0.00168453899449
611 -0.00123911676751
612 -0.000879742425933
613 -0.00059249320812
614 -0.000365079585665
615 -0.000186387723759
616 -4.71472603328e-05
617 6.04311189556e-05
618 0.000141156440766
619 0.000196117043799
620 0.000225843874727
621 0.000233442185583
622 0.000228546827583
623 0.000226191016044
624 0.000235408476075
625 0.00025527421951
626 0.000278261513441
627 0.000297462054073
628 0.000309640783245
629 0.000314409238907
630 0.000312849908976
631 0.000306544877953
632 0.0002969206371
633 0.000285230895075
634 0.000272337187849
635 0.000258797761329
636 0.000245141818044
637 0.000231680915381
638 0.000218628348937
639 0.000206141500641
640 0.000194220515067
641 0.000182885910872
642 0.000172125901582
643 0.000161885661177
644 0.000152157910106
645 0.000142987045431
646 0.000134336018304
647 0.000126245465815
648 0.000118711802518
649 0.000111764361434
650 -0.00782102630406
651 -0.00758140354165
652 -0.00711536993638
653 -0.00648945914827
654 -0.0057675948125
655 -0.00499381419333
656 -0.00423414124241
657 -0.00351069039853
658 -0.002864429183
659 -0.00229313723713
660 -0.00180002588115
661 -0.00138341651649
662 -0.00103862607745
663 -0.000755710161543
664 -0.000525299762106
665 -0.000338412645201
666 -0.000188088904067
667 -6.74807292634e-05
668 2.6042449359e-05
669 9.23605604116e-05
670 0.00013245491926
671 0.000151169248027
672 0.000159595951227
673 0.000170428466638
674 0.00018933814164
675 0.000213863132537
676 0.000238137310361
677 0.00025747044989
678 0.000270082629496
679 0.000276042182289
680 0.000276449183596
681 0.000272582678736
682 0.0002656250382
683 0.000256648191941
684 0.000246419300827
685 0.00023541631977
686 0.000224112560722
687 0.000212800164402
688 0.000201685636837
689 0.000190943806288
690 0.000180590922991
691 0.000170620089573
692 0.000161074412628
693 0.000151929819265
694 0.000143184259671
695 0.000134897122335
696 0.000127038889713
697 0.000119659756859
698 0.000112784096225
699 0.000106423648686
700 -0.00677440473792
701 -0.00659583747978
702 -0.0062420163698
703 -0.00576119209376
704 -0.00519716659011
705 -0.0045791421973
706 -0.0039587706829
707 -0.00335413245321
708 -0.00280096909325
709 -0.00230016037194
710 -0.00185770747389
711 -0.00147485002178
712 -0.00115041076305
713 -0.000877583376348
714 -0.000649466286167
715 -0.000458780107426
716 -0.000300603947186
717 -0.000170619866018
718 -6.85579962966e-05
719 4.72823247284e-06
720 5.16643586997e-05
721 7.90276079493e-05
722 9.82551839556e-05
723 0.000119041533493
724 0.000144572791762
725 0.000171938739387
726 0.000196979520106
727 0.000216651888712
728 0.000230119682562
729 0.00023759919008
730 0.000240151441337
731 0.000238803585121
732 0.0002345780216
733 0.000228287596756
734 0.000220679840126
735 0.000212162001149
736 0.000203145445425
737 0.000193926775414
738 0.000184718548517
739 0.000175673961697
740 0.000166846255637
741 0.000158236209314
742 0.000149887333962
743 0.000141823011892
744 0.000134067152128
745 0.000126663349512
746 0.000119603839162
747 0.000112948702042
748 0.000106737003279
749 0.000100971103703
750 -0.0059030807914
751 -0.00576815374442
752 -0.00549512756709
753 -0.00512213449766
754 -0.00467776159173
755 -0.00418225358887
756 -0.00367521352715
757 -0.00317083016803
758 -0.00270000698993
759 -0.00226464098142
760 -0.00187172082633
761 -0.00152423026845
762 -0.00122278471079
763 -0.000962822056095
764 -0.000739431720588
765 -0.000547431429331
766 -0.000384637912064
767 -0.000249986915066
768 -0.000144797261595
769 -6.925976555e-05
770 -1.87070128433e-05
771 1.51352171428e-05
772 4.25726936109e-05
773 7.03854653449e-05
774 0.000100143565521
775 0.000129235582306
776 0.000154920895022
777 0.000175275880503
778 0.00018998131601
779 0.000199288878765
780 0.000204157248507
781 0.000205384055679
782 0.000203864779272
783 0.000200242262243
784 0.000195179447967
785 0.000189055930195
786 0.000182262864168
787 0.000175092352603
788 0.000167738936357
789 0.000160351829404
790 0.000153003631956
791 0.00014573734156
792 0.000138578736399
793 0.000131586959886
794 0.000124808594621
795 0.000118285658302
796 0.000112027851621
797 0.000106109725326
798 0.0001005610816
799 9.53895008611e-05
800 -0.00516994399228
801 -0.00506555830136
802 -0.00485295635811
803 -0.00456073442335
804 -0.00420818717049
805 -0.00380935651968
806 -0.00339448767223
807 -0.00297437503572
808 -0.00257487227253
809 -0.00219835721998
810 -0.00185166938676
811 -0.00153803679291
812 -0.00125925630223
813 -0.00101247387179
814 -0.000794652948034
815 -0.000603995791002
816 -0.000441646854505
817 -0.000308797097427
818 -0.000206309111505
819 -0.000132303662487
820 -8.03024766296e-05
821 -4.19803744446e-05
822 -8.93333784402e-06
823 2.34248049897e-05
824 5.57948206099e-05
825 8.6097503081e-05
826 0.000112564700196
827 0.0001339720928
828 0.000150206344855
829 0.000161560089324
830 0.000168830847878
831 0.000172624330484
832 0.000173710251009
833 0.000172674689472
834 0.000170047448776
835 0.000166228236929
836 0.00016157829624
837 0.000156379803598
838 0.000150813770582
839 0.000145038070535
840 0.000139129654257
841 0.000133164729168
842 0.000127176104467
843 0.000121248733775
844 0.00011543030061
845 0.000109782691416
846 0.000104325524018
847 9.91359759174e-05
848 9.42530400667e-05
849 8.96724626906e-05
850 -0.00455116658404
851 -0.00446913067647
852 -0.00430205256021
853 -0.00407088578602
854 -0.00378871134532
855 -0.00346581201667
856 -0.00312507607383
857 -0.00277442531116
858 -0.00243536814598
859 -0.00210958361038
860 -0.00180296457447
861 -0.00151911316667
862 -0.00126020958624
863 -0.001025615713
864 -0.000815500160554
865 -0.000631585307196
866 -0.000477016644466
867 -0.000352513982854
868 -0.000256851274639
869 -0.000186483807229
870 -0.000134649416527
871 -9.37902639897e-05
872 -5.73544807702e-05
873 -2.21875833115e-05
874 1.19418496978e-05
875 4.33622620657e-05
876 7.08636429679e-05
877 9.36236672774e-05
878 0.000111607082302
879 0.00012508349586
880 0.000134691946096
881 0.000140958597375
882 0.000144518407261
883 0.000145928223319
884 0.000145599081996
885 0.000143966795338
886 0.000141341575631
887 0.000137998252213
888 0.000134133879747
889 0.000129891702941
890 0.000125363060637
891 0.000120650329909
892 0.00011580669424
893 0.000110916838412
894 0.000106042299733
895 0.000101253496869
896 9.65864448811e-05
897 9.2117694011e-05
898 8.788949839e-05
899 8.38898521958e-05
900 -0.0040295245054
901 -0.00396424961218
902 -0.00383125136256
903 -0.00364608736911
904 -0.00341761293441
905 -0.00315359336465
906 -0.00287144444971
907 -0.00257632540768
908 -0.00228565443423
909 -0.0020006914566
910 -0.0017265299626
911 -0.00146684384213
912 -0.0012256172746
913 -0.00100511332165
914 -0.000808686662015
915 -0.000639296227891
916 -0.000498919830369
917 -0.000386373824543
918 -0.000299314969971
919 -0.000233843579059
920 -0.000183576829604
921 -0.00014174656246
922 -0.00010331639299
923 -6.62316920754e-05
924 -3.06320816337e-05
925 2.03278608967e-06
926 3.08088473913e-05
927 5.51030746136e-05
928 7.49119095546e-05
929 9.04762857373e-05
930 0.000102299962464
931 0.00011087752448
932 0.000116721411724
933 0.000120379417994
934 0.000122178506731
935 0.000122556362866
936 0.000121814484682
937 0.000120202245855
938 0.000117932672392
939 0.000115133255481
940 0.000111914301867
941 0.000108384538924
942 0.000104642770002
943 0.000100744820743
944 9.67796784575e-05
945 9.28192384666e-05
946 8.89216420847e-05
947 8.51540800082e-05
948 8.15574369202e-05
949 7.81209276824e-05
950 -0.00358372318076
951 -0.00353068066006
952 -0.00342340609577
953 -0.00327263003203
954 -0.00308496201852
955 -0.00286570312444
956 -0.00262815786056
957 -0.00237555191099
958 -0.0021219802998
959 -0.00186860383901
960 -0.00162064623715
961 -0.00138315336883
962 -0.00116248607789
963 -0.000962816046801
964 -0.000787527575511
965 -0.000637913186819
966 -0.000514017471033
967 -0.000414262641133
968 -0.000336517240802
969 -0.000276895189717
970 -0.000228985086692
971 -0.000186858664105
972 -0.000146918041546
973 -0.000108154408891
974 -7.10756049947e-05
975 -3.70264408767e-05
976 -6.84449074458e-06
977 1.90217154085e-05
978 4.06010247089e-05
979 5.81228752944e-05
980 7.19747475038e-05
981 8.26502511674e-05
982 9.0563414664e-05
983 9.62418875191e-05
984 9.99752137091e-05
985 0.000102194654105
986 0.000103170050075
987 0.000103154760416
988 0.000102351854245
989 0.00010089030541
990 9.88995194901e-05
991 9.64802538515e-05
992 9.37635573123e-05
993 9.080920659e-05
994 8.77060127347e-05
995 8.45365868092e-05
996 8.13772684199e-05
997 7.82852466395e-05
998 7.52921139698e-05
999 7.23961683417e-05
1000 -0.00319124871367
1001 -0.00314723105913
1002 -0.00305892245724
1003 -0.00293294171858
1004 -0.00277536466912
1005 -0.00258896563322
1006 -0.00238419149559
1007 -0.00216354582242
1008 -0.00193899627186
1009 -0.0017129056607
1010 -0.00149140913014
1011 -0.00128078405369
1012 -0.00108758450965
1013 -0.000914742471651
1014 -0.000763466875261
1015 -0.0006337412058
1016 -0.000525898518997
1017 -0.00043920505987
1018 -0.000371428171493
1019 -0.000317820573725
1020 -0.000271957915308
1021 -0.000229277554355
1022 -0.000187723781331
1023 -0.000147251723643
1024 -0.000108635720467
1025 -7.31857813286e-05
1026 -4.16050759152e-05
1027 -1.42471522766e-05
1028 8.94712995063e-06
1029 2.82080887359e-05
1030 4.38707675234e-05
1031 5.63887451241e-05
1032 6.61500190333e-05
1033 7.360880181e-05
1034 7.90773451264e-05
1035 8.29547021925e-05
1036 8.54745477007e-05
1037 8.68932566391e-05
1038 8.74159561859e-05
1039 8.71786883337e-05
1040 8.63264832038e-05
1041 8.49517055809e-05
1042 8.31944653382e-05
1043 8.1136553642e-05
1044 7.8862465811e-05
1045 7.64531299721e-05
1046 7.39986365688e-05
1047 7.15475093724e-05
1048 6.91264526994e-05
1049 6.6745033873e-05
1050 -0.0028257072866
1051 -0.00278841987894
1052 -0.00271367629365
1053 -0.00260581178148
1054 -0.00247060949159
1055 -0.00230932708234
1056 -0.00213104618254
1057 -0.00193868237901
1058 -0.00174311043058
1059 -0.001547601696
1060 -0.00135824684974
1061 -0.0011800162352
1062 -0.0010169867794
1063 -0.000870344213104
1064 -0.000740754384348
1065 -0.000629437450437
1066 -0.000537804119947
1067 -0.00046476069285
1068 -0.000406511753681
1069 -0.000357541768952
1070 -0.000312415747278
1071 -0.000268452315948
1072 -0.000225017211188
1073 -0.00018281422442
1074 -0.000142744557776
1075 -0.000106015581434
1076 -7.3184634437e-05
1077 -4.45334967815e-05
1078 -1.99414573884e-05
1079 7.89300538268e-07
1080 1.80205911546e-05
1081 3.21142427291e-05
1082 4.34783849115e-05
1083 5.24917235831e-05
1084 5.94909901722e-05
1085 6.48196926485e-05
1086 6.87248968798e-05
1087 7.1439173888e-05
1088 7.31696932584e-05
1089 7.40515004161e-05
1090 7.4242048155e-05
1091 7.38421355128e-05
1092 7.29798317577e-05
1093 7.1749927338e-05
1094 7.02586620097e-05
1095 6.8573193445e-05
1096 6.67883585618e-05
1097 6.4945452203e-05
1098 6.30692673201e-05
1099 6.11760060652e-05
1100 -0.00247091655426
1101 -0.0024393741306
1102 -0.00237562612155
1103 -0.00228380148994
1104 -0.0021688487849
1105 -0.00203200168486
1106 -0.00188155054892
1107 -0.00172035168655
1108 -0.00155808019958
1109 -0.0013967833707
1110 -0.00124069073618
1111 -0.00109262631965
1112 -0.000955292432392
1113 -0.000830684828403
1114 -0.00072107690493
1115 -0.000628691391609
1116 -0.000553919763433
1117 -0.000493398340962
1118 -0.000442111006683
1119 -0.000395260429071
1120 -0.000349327436403
1121 -0.000303439545002
1122 -0.000258024368568
1123 -0.000214257654327
1124 -0.000172939815465
1125 -0.000135189827598
1126 -0.000101359145813
1127 -7.16795744742e-05
1128 -4.59636765697e-05
1129 -2.40444482638e-05
1130 -5.53216815968e-06
1131 9.8727566852e-06
1132 2.25844130645e-05
1133 3.29339471281e-05
1134 4.12503835305e-05
1135 4.78441569215e-05
1136 5.2973207562e-05
1137 5.68490892226e-05
1138 5.96648744244e-05
1139 6.15599846758e-05
1140 6.26942093026e-05
1141 6.31883516537e-05
1142 6.31453736823e-05
1143 6.26914896736e-05
1144 6.19239471654e-05
1145 6.09198814879e-05
1146 5.97594077652e-05
1147 5.84888094553e-05
1148 5.71268112626e-05
1149 5.57004912474e-05
1150 -0.00214338917149
1151 -0.00211774097571
1152 -0.00206544391636
1153 -0.00199073755876
1154 -0.00189734980022
1155 -0.00178670975948
1156 -0.00166549325298
1157 -0.00153552848141
1158 -0.00140423056021
1159 -0.00127196613069
1160 -0.00114196673677
1161 -0.00101720414422
1162 -0.000901380138644
1163 -0.000798065839448
1164 -0.000709638197504
1165 -0.000636508946352
1166 -0.000576317159858
1167 -0.00052436466129
1168 -0.000476182639785
1169 -0.000428943273816
1170 -0.000381099900237
1171 -0.000333092611133
1172 -0.000285975227324
1173 -0.00024099810833
1174 -0.000198830050612
1175 -0.000160396919384
1176 -0.00012591502009
1177 -9.55269439871e-05
1178 -6.90141795374e-05
1179 -4.61894349736e-05
1180 -2.6694538993e-05
1181 -1.02386115072e-05
1182 3.5677329672e-06
1183 1.50288935389e-05
1184 2.44533223465e-05
1185 3.2126825804e-05
1186 3.83091460272e-05
1187 4.31910063143e-05
1188 4.69488205942e-05
1189 4.97472475746e-05
1190 5.17352143248e-05
1191 5.30418372215e-05
1192 5.37650774254e-05
1193 5.40364016148e-05
1194 5.39393505483e-05
1195 5.35670831181e-05
1196 5.2983368342e-05
1197 5.22421115292e-05
1198 5.13581533549e-05
1199 5.03680818575e-05
1200 -0.00187294443093
1201 -0.00185288492
1202 -0.00181156873609
1203 -0.0017526570151
1204 -0.00167853972466
1205 -0.00159012270119
1206 -0.00149212831994
1207 -0.00138560070504
1208 -0.00127650987172
1209 -0.00116531971113
1210 -0.00105614378826
1211 -0.000953028486842
1212 -0.00086001953142
1213 -0.000779601312894
1214 -0.000711635456865
1215 -0.000653908303866
1216 -0.000602750905381
1217 -0.000554246095173
1218 -0.000505829302004
1219 -0.000456656028982
1220 -0.000406598801929
1221 -0.0003568376942
1222 -0.000308580585712
1223 -0.000262932966828
1224 -0.000220380612194
1225 -0.000181669089727
1226 -0.000146898364542
1227 -0.000116130842328
1228 -8.91260593869e-05
1229 -6.57037574102e-05
1230 -4.54931402601e-05
1231 -2.82465067857e-05
1232 -1.36013620651e-05
1233 -1.24347193488e-06
1234 9.09173303202e-06
1235 1.76736218468e-05
1236 2.47413528145e-05
1237 3.04886914043e-05
1238 3.50722723708e-05
1239 3.86753155796e-05
1240 4.14284227125e-05
1241 4.34642185347e-05
1242 4.48903998917e-05
1243 4.58143685659e-05
1244 4.63302449268e-05
1245 4.65342174137e-05
1246 4.64792772259e-05
1247 4.62217754968e-05
1248 4.57807182343e-05
1249 4.51947908741e-05
1250 -0.00166013060533
1251 -0.00164408682506
1252 -0.00161048679707
1253 -0.00156234970252
1254 -0.0015012240164
1255 -0.00142762663518
1256 -0.00134545188874
1257 -0.00125604310049
1258 -0.00116528328989
1259 -0.00107451508331
1260 -0.000988026056015
1261 -0.000909013851275
1262 -0.00083943649916
1263 -0.000779036059591
1264 -0.000725631225054
1265 -0.000676233651978
1266 -0.000628090188909
1267 -0.000579159328121
1268 -0.000528716381974
1269 -0.000477270090915
1270 -0.000425469854192
1271 -0.000374665844369
1272 -0.000325948478518
1273 -0.000280213913384
1274 -0.000237771238624
1275 -0.000199207398362
1276 -0.000164508025667
1277 -0.000133681235782
1278 -0.000106479766017
1279 -8.27306319413e-05
1280 -6.20565404707e-05
1281 -4.42585625582e-05
1282 -2.89857083861e-05
1283 -1.59314684604e-05
1284 -4.87072353633e-06
1285 4.45805726352e-06
1286 1.22702708101e-05
1287 1.87530986051e-05
1288 2.4056237776e-05
1289 2.83599352787e-05
1290 3.17858628558e-05
1291 3.44651696889e-05
1292 3.65079042813e-05
1293 3.80189423039e-05
1294 3.90921317379e-05
1295 3.98171965815e-05
1296 4.02448174454e-05
1297 4.04293340458e-05
1298 4.03976560189e-05
1299 4.01863059354e-05
1300 -0.0014794098429
1301 -0.00146616718645
1302 -0.00143798707995
1303 -0.00139772106346
1304 -0.00134698702381
1305 -0.00128635995564
1306 -0.00121979062621
1307 -0.00114913930819
1308 -0.00107948394108
1309 -0.00101189264186
1310 -0.000948933001264
1311 -0.000891522436489
1312 -0.000839408105115
1313 -0.000790961940373
1314 -0.000743918783039
1315 -0.000696439276256
1316 -0.000647358023933
1317 -0.000596238725365
1318 -0.000543566655654
1319 -0.000490493556648
1320 -0.00043783092903
1321 -0.00038681757378
1322 -0.000338342841256
1323 -0.000293104408002
1324 -0.000251243598057
1325 -0.000213197237314
1326 -0.000178913958877
1327 -0.000148330157392
1328 -0.000121213566267
1329 -9.73632085366e-05
1330 -7.64755939516e-05
1331 -5.83367983993e-05
1332 -4.26239872871e-05
1333 -2.90585114488e-05
1334 -1.74473005385e-05
1335 -7.52703993072e-06
1336 8.95519084033e-07
1337 7.9828242921e-06
1338 1.38924425307e-05
1339 1.8793494652e-05
1340 2.28063273942e-05
1341 2.60491517476e-05
1342 2.86343796008e-05
1343 3.0668943521e-05
1344 3.22408585567e-05
1345 3.34326490932e-05
1346 3.42964508757e-05
1347 3.48815405247e-05
1348 3.52196740573e-05
1349 3.53547041945e-05
1350 -0.00132617088216
1351 -0.00131585207256
1352 -0.00129396364416
1353 -0.0012629397471
1354 -0.00122462571835
1355 -0.0011796052242
1356 -0.00113123324218
1357 -0.00108094579255
1358 -0.00103182943727
1359 -0.00098398644354
1360 -0.000938027130935
1361 -0.000893455787388
1362 -0.000849415997523
1363 -0.000804665431056
1364 -0.000758040962145
1365 -0.000708965764588
1366 -0.00065758866275
1367 -0.000604403990152
1368 -0.000550369256139
1369 -0.000496718498263
1370 -0.000444171252358
1371 -0.000393765192491
1372 -0.000346193364779
1373 -0.000301977970996
1374 -0.000261100783133
1375 -0.00022392629084
1376 -0.000190329298908
1377 -0.000160254075581
1378 -0.000133446402659
1379 -0.000109749204776
1380 -8.88648872997e-05
1381 -7.05808651034e-05
1382 -5.4617606685e-05
1383 -4.07131318027e-05
1384 -2.87041696939e-05
1385 -1.83330517101e-05
1386 -9.43574656161e-06
1387 -1.85492638816e-06
1388 4.56556677481e-06
1389 9.96871619186e-06
1390 1.44790786817e-05
1391 1.8205938558e-05
1392 2.12675111067e-05
1393 2.37627376628e-05
1394 2.57769765216e-05
1395 2.73836208811e-05
1396 2.86378646302e-05
1397 2.95860186361e-05
1398 3.02636734739e-05
1399 3.07144007533e-05
1400 -0.00122202185281
1401 -0.00121475260048
1402 -0.00119967648224
1403 -0.00117836670627
1404 -0.00115209465901
1405 -0.00112134929917
1406 -0.00108805548807
1407 -0.00105266777872
1408 -0.00101663721303
1409 -0.000979373328017
1410 -0.000940720010154
1411 -0.000900063357898
1412 -0.00085705693048
1413 -0.000811320419455
1414 -0.000762650106865
1415 -0.000711371643642
1416 -0.000658263216906
1417 -0.00060412296641
1418 -0.000549927423161
1419 -0.000496793495644
1420 -0.000445262602424
1421 -0.000396189999124
1422 -0.000350088403061
1423 -0.000307297776162
1424 -0.000267757535615
1425 -0.000231724094759
1426 -0.000199075045419
1427 -0.000169727317683
1428 -0.000143451824501
1429 -0.000120104743993
1430 -9.93895282463e-05
1431 -8.11302366979e-05
1432 -6.50705008844e-05
1433 -5.09775604246e-05
1434 -3.86980093363e-05
1435 -2.80059807093e-05
1436 -1.87500546541e-05
1437 -1.07807147972e-05
1438 -3.95132393324e-06
1439 1.86374297581e-06
1440 6.79213670261e-06
1441 1.09334845826e-05
1442 1.44016622399e-05
1443 1.72950025046e-05
1444 1.96960464969e-05
1445 2.16667927138e-05
1446 2.32672389656e-05
1447 2.45428346608e-05
1448 2.55340557533e-05
1449 2.627764417e-05
1450 -0.00117266853262
1451 -0.001167553696
1452 -0.00115712934266
1453 -0.00114218221838
1454 -0.00112321370651
1455 -0.00110043299893
1456 -0.00107458781473
1457 -0.00104546026247
1458 -0.00101387005705
1459 -0.000979113221445
1460 -0.000941068891075
1461 -0.000899517144215
1462 -0.00085470048442
1463 -0.000806882996277
1464 -0.00075640151072
1465 -0.00070393473078
1466 -0.000650436256203
1467 -0.00059664820763
1468 -0.000543434629851
1469 -0.000491773756013
1470 -0.000442004471242
1471 -0.000394824918594
1472 -0.000350594816491
1473 -0.000309582413225
1474 -0.000271607778899
1475 -0.000236932757138
1476 -0.000205414593301
1477 -0.00017698550128
1478 -0.000151413109711
1479 -0.00012855478201
1480 -0.000108170859632
1481 -9.00829790298e-05
1482 -7.40636774402e-05
1483 -5.99070953852e-05
1484 -4.74794773682e-05
1485 -3.65802279949e-05
1486 -2.70739195432e-05
1487 -1.88137937818e-05
1488 -1.1669161471e-05
1489 -5.52049352795e-06
1490 -2.53361071608e-07
1491 4.2363357828e-06
1492 8.04913003101e-06
1493 1.12832823097e-05
1494 1.40176023887e-05
1495 1.63060247798e-05
1496 1.82125442018e-05
1497 1.97784102373e-05
1498 2.10474156346e-05
1499 2.2058754151e-05
1500 -0.00115405737202
1501 -0.00114976404455
1502 -0.00114108231225
1503 -0.00112833018009
1504 -0.00111161112564
1505 -0.00109090494924
1506 -0.00106646984289
1507 -0.00103789034515
1508 -0.00100593670944
1509 -0.000970003184147
1510 -0.000930267929405
1511 -0.000886881937234
1512 -0.000840433013895
1513 -0.000791488528343
1514 -0.000740522132913
1515 -0.000688316506934
1516 -0.000635752499373
1517 -0.000583458299177
1518 -0.000532182751518
1519 -0.000482695844488
1520 -0.000435231732604
1521 -0.000390340339646
1522 -0.000348267856766
1523 -0.000309226947071
1524 -0.000273026983254
1525 -0.0002398722958
1526 -0.000209640512721
1527 -0.000182267557664
1528 -0.000157512473178
1529 -0.000135278510667
1530 -0.000115321989504
1531 -9.75256448166e-05
1532 -8.16527858417e-05
1533 -6.75448524683e-05
1534 -5.50833871161e-05
1535 -4.40897429608e-05
1536 -3.44243033904e-05
1537 -2.59669394768e-05
1538 -1.85961516903e-05
1539 -1.21988079372e-05
1540 -6.66521282987e-06
1541 -1.89608101264e-06
1542 2.20664405067e-06
1543 5.72790207827e-06
1544 8.74398216698e-06
1545 1.13075661966e-05
1546 1.34797167573e-05
1547 1.53003755853e-05
1548 1.6813029598e-05
1549 1.80562147766e-05
1550 -0.00113774987056
1551 -0.00113347620303
1552 -0.00112482659995
1553 -0.00111198674313
1554 -0.00109495241274
1555 -0.00107365050903
1556 -0.00104825020351
1557 -0.00101838514963
1558 -0.000985002698584
1559 -0.000947613840806
1560 -0.00090665793041
1561 -0.000862461039206
1562 -0.000815727693071
1563 -0.000767131126792
1564 -0.000717143453162
1565 -0.000666485982138
1566 -0.000615952916918
1567 -0.000566029618317
1568 -0.000517350237939
1569 -0.000470550792693
1570 -0.000425733123946
1571 -0.000383361214384
1572 -0.000343646021672
1573 -0.00030672810581
1574 -0.000272406233897
1575 -0.000240897796503
1576 -0.000212063455435
1577 -0.000185826587443
1578 -0.000161977924755
1579 -0.000140455568508
1580 -0.000121034667119
1581 -0.000103613623576
1582 -8.79928772344e-05
1583 -7.40329917498e-05
1584 -6.16347288296e-05
1585 -5.0621753165e-05
1586 -4.08841971997e-05
1587 -3.23146988703e-05
1588 -2.47956235518e-05
1589 -1.8222354264e-05
1590 -1.24879820365e-05
1591 -7.50141540721e-06
1592 -3.17153053237e-06
1593 5.85094822333e-07
1594 3.83607742577e-06
1595 6.63418573272e-06
1596 9.03371087006e-06
1597 1.1078439292e-05
1598 1.28074443308e-05
1599 1.42568565719e-05
1600 -0.00110879228442
1601 -0.00110432780187
1602 -0.00109527796897
1603 -0.00108184550949
1604 -0.00106408254267
1605 -0.00104193685985
1606 -0.00101563555178
1607 -0.000984959401306
1608 -0.000950980522261
1609 -0.000913293274369
1610 -0.00087246555004
1611 -0.000828889963042
1612 -0.000783288019589
1613 -0.000736349500361
1614 -0.000688502618047
1615 -0.000640371952432
1616 -0.000592606005295
1617 -0.000545637289748
1618 -0.000499973431222
1619 -0.000456130243162
1620 -0.000414174376503
1621 -0.000374474441077
1622 -0.000337185239571
1623 -0.000302459748539
1624 -0.000270116874387
1625 -0.000240302965851
1626 -0.000212899468204
1627 -0.000187850240181
1628 -0.000164992738501
1629 -0.000144253838918
1630 -0.000125440473825
1631 -0.000108474639868
1632 -9.31903360965e-05
1633 -7.94626961744e-05
1634 -6.72000152124e-05
1635 -5.6250063001e-05
1636 -4.65229208368e-05
1637 -3.79191802529e-05
1638 -3.03274017626e-05
1639 -2.36440774012e-05
1640 -1.7769604285e-05
1641 -1.26208794064e-05
1642 -8.11256874325e-06
1643 -4.16456401938e-06
1644 -7.20272483784e-07
1645 2.27520543352e-06
1646 4.87025014595e-06
1647 7.11080739875e-06
1648 9.03300859542e-06
1649 1.06705101514e-05
1650 -0.00106501450678
1651 -0.00106049028971
1652 -0.00105127694129
1653 -0.00103760263188
1654 -0.00101969794113
1655 -0.000997425440018
1656 -0.000971157152423
1657 -0.000940778438311
1658 -0.00090737585016
1659 -0.000870667418683
1660 -0.00083122217176
1661 -0.000789456830575
1662 -0.00074602811575
1663 -0.000701678487343
1664 -0.00065670137399
1665 -0.0006116697502
1666 -0.000567117368185
1667 -0.000523394170455
1668 -0.000480937651943
1669 -0.000440174408724
1670 -0.000401126140688
1671 -0.000364114719148
1672 -0.00032930802159
1673 -0.00029681218359
1674 -0.000266433441664
1675 -0.000238314631055
1676 -0.000212361939576
1677 -0.000188545374731
1678 -0.000166711723245
1679 -0.00014679977025
1680 -0.00012865184179
1681 -0.000112213008197
1682 -9.73339267649e-05
1683 -8.39032444353e-05
1684 -7.18468405654e-05
1685 -6.10415047812e-05
1686 -5.1398763503e-05
1687 -4.28327657392e-05
1688 -3.52170507343e-05
1689 -2.8477562274e-05
1690 -2.25146535639e-05
1691 -1.72485315297e-05
1692 -1.26044960593e-05
1693 -8.50918932656e-06
1694 -4.90970977853e-06
1695 -1.75201923172e-06
1696 1.00828581896e-06
1697 3.41466044332e-06
1698 5.50233077725e-06
1699 7.30364286225e-06
1700 -0.00101008395695
1701 -0.00100566027309
1702 -0.000996626133401
1703 -0.000983241166982
1704 -0.000965860590117
1705 -0.000944243243388
1706 -0.000918919113194
1707 -0.000889790716853
1708 -0.000857934895404
1709 -0.000823161355853
1710 -0.000785979534989
1711 -0.00074683225105
1712 -0.000706297650144
1713 -0.000665064825336
1714 -0.000623367173956
1715 -0.000581712062484
1716 -0.00054055668608
1717 -0.000500177821401
1718 -0.000460960697913
1719 -0.000423258389836
1720 -0.000387103113522
1721 -0.000352774934658
1722 -0.000320399241648
1723 -0.000290069038923
1724 -0.000261601969556
1725 -0.000235161677602
1726 -0.000210665584456
1727 -0.000188091195874
1728 -0.000167292880017
1729 -0.000148241259012
1730 -0.000130807338561
1731 -0.000114947924956
1732 -0.000100520679429
1733 -8.74471787921e-05
1734 -7.56695695292e-05
1735 -6.50779727299e-05
1736 -5.55801914408e-05
1737 -4.70866812134e-05
1738 -3.95074159802e-05
1739 -3.2758878925e-05
1740 -2.67489069312e-05
1741 -2.14096441521e-05
1742 -1.66714265663e-05
1743 -1.24675610046e-05
1744 -8.74640997838e-06
1745 -5.45797568819e-06
1746 -2.56087377125e-06
1747 -1.41410722108e-08
1748 2.21583198603e-06
1749 4.15728437632e-06
1750 -0.00094881051239
1751 -0.000944590552998
1752 -0.000936009415021
1753 -0.000923377319147
1754 -0.000906955993264
1755 -0.000886580346489
1756 -0.000862816591294
1757 -0.000835569111433
1758 -0.000805906348821
1759 -0.000773614329126
1760 -0.000739211322677
1761 -0.000703101319945
1762 -0.000665819370776
1763 -0.000627933184853
1764 -0.000589660665841
1765 -0.00055143778964
1766 -0.000513683377587
1767 -0.000476597231916
1768 -0.000440547097549
1769 -0.000405851158307
1770 -0.000372510433286
1771 -0.000340757627541
1772 -0.000310713856801
1773 -0.000282470289979
1774 -0.000255867759168
1775 -0.000231071076136
1776 -0.0002080075394
1777 -0.000186644157899
1778 -0.000166891880837
1779 -0.000148725386127
1780 -0.000132032620944
1781 -0.000116777475311
1782 -0.000102852963449
1783 -9.01883959439e-05
1784 -7.87515777311e-05
1785 -6.8413073245e-05
1786 -5.91023582957e-05
1787 -5.07419774714e-05
1788 -4.32415473296e-05
1789 -3.65269879928e-05
1790 -3.05152641235e-05
1791 -2.51409901828e-05
1792 -2.03441755684e-05
1793 -1.60638945622e-05
1794 -1.22511420725e-05
1795 -8.86052975394e-06
1796 -5.85184705871e-06
1797 -3.18636815192e-06
1798 -8.34456824618e-07
1799 1.22717692474e-06
1800 -0.000885500356834
1801 -0.000881568450403
1802 -0.00087362228588
1803 -0.000861993008464
1804 -0.000846782068404
1805 -0.00082797665897
1806 -0.000806109088089
1807 -0.000781061873788
1808 -0.000753888100219
1809 -0.000724316494053
1810 -0.00069288149175
1811 -0.00065990461317
1812 -0.000625895644545
1813 -0.000591345716846
1814 -0.000556439075576
1815 -0.000521540964625
1816 -0.000487073217138
1817 -0.00045315470854
1818 -0.000420159094869
1819 -0.000388310903581
1820 -0.000357616904129
1821 -0.000328299697769
1822 -0.000300460629101
1823 -0.000274214102541
1824 -0.000249408770015
1825 -0.000226197321864
1826 -0.000204507376244
1827 -0.000184348932037
1828 -0.000165639651685
1829 -0.000148363003332
1830 -0.000132423409153
1831 -0.000117804902726
1832 -0.000104426514705
1833 -9.22252080418e-05
1834 -8.11583638035e-05
1835 -7.11138472685e-05
1836 -6.20317963528e-05
1837 -5.38417076617e-05
1838 -4.64567859628e-05
1839 -3.98106936255e-05
1840 -3.38285056545e-05
1841 -2.8456033478e-05
1842 -2.36322567073e-05
1843 -1.93038258908e-05
1844 -1.54267901775e-05
1845 -1.1956386291e-05
1846 -8.85892826938e-06
1847 -6.09835369911e-06
1848 -3.64876796826e-06
1849 -1.48713750947e-06
1850 -0.000822840970811
1851 -0.000819258354354
1852 -0.000812022056182
1853 -0.000801465183676
1854 -0.000787580604331
1855 -0.000770486122805
1856 -0.00075062794399
1857 -0.000727863610235
1858 -0.000703217928897
1859 -0.000676392310556
1860 -0.000647910153789
1861 -0.000618006117489
1862 -0.000587177227335
1863 -0.000555833430042
1864 -0.000524164309707
1865 -0.000492454904031
1866 -0.000461103755458
1867 -0.000430180864033
1868 -0.000400026541925
1869 -0.000370824603991
1870 -0.000342614089619
1871 -0.000315591811097
1872 -0.000289857718939
1873 -0.000265517304902
1874 -0.000242408135695
1875 -0.000220697334132
1876 -0.000200347484739
1877 -0.000181359165683
1878 -0.000163672949141
1879 -0.000147275355957
1880 -0.000132105208166
1881 -0.000118162514301
1882 -0.000105363050401
1883 -9.36456294814e-05
1884 -8.29745274187e-05
1885 -7.32590858705e-05
1886 -6.44378148057e-05
1887 -5.64494021518e-05
1888 -4.92088520782e-05
1889 -4.26593159137e-05
1890 -3.67351468596e-05
1891 -3.13888945767e-05
1892 -2.65630674779e-05
1893 -2.22112639833e-05
1894 -1.82913783781e-05
1895 -1.47657865086e-05
1896 -1.1601134012e-05
1897 -8.76535156846e-06
1898 -6.23626539444e-06
1899 -3.99071567793e-06
1900 -0.0007625256234
1901 -0.000759336720914
1902 -0.000752797384152
1903 -0.000743285408831
1904 -0.000730751548929
1905 -0.000715371977812
1906 -0.000697470940703
1907 -0.000676951729895
1908 -0.000654757103557
1909 -0.000630568232531
1910 -0.000604889413285
1911 -0.000577924013685
1912 -0.000550104345689
1913 -0.000521795160143
1914 -0.000493159615975
1915 -0.000464433397641
1916 -0.000435949052879
1917 -0.000407803213843
1918 -0.000380284900597
1919 -0.000353551179494
1920 -0.000327670353164
1921 -0.000302805141727
1922 -0.000279036566383
1923 -0.00025646100618
1924 -0.000234966553469
1925 -0.0002146999937
1926 -0.000195638774397
1927 -0.000177782446625
1928 -0.00016109183822
1929 -0.000145582730396
1930 -0.000131206398071
1931 -0.000117954731404
1932 -0.000105741119787
1933 -9.4528531815e-05
1934 -8.42819214402e-05
1935 -7.49162413165e-05
1936 -6.63807779822e-05
1937 -5.86074134084e-05
1938 -5.15318019595e-05
1939 -4.5104279557e-05
1940 -3.92631044225e-05
1941 -3.39634272226e-05
1942 -2.91586954486e-05
1943 -2.48044512578e-05
1944 -2.08650002e-05
1945 -1.73017256374e-05
1946 -1.40889709587e-05
1947 -1.11991908653e-05
1948 -8.60820161016e-06
1949 -6.29611529589e-06
1950 -0.000705649758615
1951 -0.000702834210835
1952 -0.000696976792783
1953 -0.000688423609355
1954 -0.000677194308818
1955 -0.000663437067043
1956 -0.000647369556737
1957 -0.000628993827546
1958 -0.000609091386809
1959 -0.000587386290084
1960 -0.000564328140696
1961 -0.000540094120327
1962 -0.000515039153404
1963 -0.00048950655893
1964 -0.000463641908933
1965 -0.000437629714722
1966 -0.000411773535356
1967 -0.000386172241409
1968 -0.000361080831226
1969 -0.000336652461889
1970 -0.000312923920281
1971 -0.000290031733665
1972 -0.000268084708611
1973 -0.000247176255935
1974 -0.00022720301002
1975 -0.000208309879582
1976 -0.000190471524301
1977 -0.000173713528484
1978 -0.000158015673985
1979 -0.00014341097938
1980 -0.000129829503994
1981 -0.000117266287378
1982 -0.000105653055089
1983 -9.49570654465e-05
1984 -8.51468501834e-05
1985 -7.61429873311e-05
1986 -6.78987893038e-05
1987 -6.03619598621e-05
1988 -5.34721341207e-05
1989 -4.71849115963e-05
1990 -4.14419953999e-05
1991 -3.62078493469e-05
1992 -3.14418616013e-05
1993 -2.71026281501e-05
1994 -2.31572771568e-05
1995 -1.95740344191e-05
1996 -1.63327144815e-05
1997 -1.34053989367e-05
1998 -1.07702436992e-05
1999 -8.40674631529e-06
2000 -0.000652567516864
2001 -0.000650096254711
2002 -0.000644868553288
2003 -0.000637201686751
2004 -0.000627206775605
2005 -0.00061492998359
2006 -0.000600574330609
2007 -0.000584176041881
2008 -0.000566360811983
2009 -0.000546918691446
2010 -0.000526242919827
2011 -0.000504491804899
2012 -0.000481938262449
2013 -0.000458923027114
2014 -0.000435567531575
2015 -0.000412034639575
2016 -0.0003885946762
2017 -0.000365343946712
2018 -0.000342484795453
2019 -0.000320153809094
2020 -0.000298387923836
2021 -0.000277338387848
2022 -0.000257097761821
2023 -0.00023775168627
2024 -0.000219206596638
2025 -0.000201610739785
2026 -0.00018495987669
2027 -0.000169293764458
2028 -0.000154594020117
2029 -0.000140866205006
2030 -0.000128058504978
2031 -0.000116178229132
2032 -0.000105163349939
2033 -9.49862846046e-05
2034 -8.56130984756e-05
2035 -7.69775542862e-05
2036 -6.90382357252e-05
2037 -6.17494318562e-05
2038 -5.50567216884e-05
2039 -4.89206054922e-05
2040 -4.32914295508e-05
2041 -3.81408369761e-05
2042 -3.34300354174e-05
2043 -2.91205378481e-05
2044 -2.51875928536e-05
2045 -2.16022529231e-05
2046 -1.83479281919e-05
2047 -1.53983537349e-05
2048 -1.27336597784e-05
2049 -1.03325574878e-05
2050 -0.000603502930128
2051 -0.000601338346151
2052 -0.000596655578559
2053 -0.000589819100397
2054 -0.000580933406641
2055 -0.000569977149225
2056 -0.000557168971625
2057 -0.000542535767446
2058 -0.000526600772739
2059 -0.000509207048125
2060 -0.000490667351034
2061 -0.000471147884126
2062 -0.000450874309758
2063 -0.000430138331079
2064 -0.000409063090022
2065 -0.000387799214747
2066 -0.000366552916386
2067 -0.000345388580714
2068 -0.000324544938171
2069 -0.00030413637957
2070 -0.000284190028771
2071 -0.00026483761547
2072 -0.000246171620429
2073 -0.000228278856249
2074 -0.000211083814851
2075 -0.000194743048606
2076 -0.00017925693149
2077 -0.000164652096127
2078 -0.000150900263101
2079 -0.000138021984091
2080 -0.000125976607455
2081 -0.000114768154518
2082 -0.000104343979908
2083 -9.46773198588e-05
2084 -8.57395573052e-05
2085 -7.74703351722e-05
2086 -6.98380210326e-05
2087 -6.28009139249e-05
2088 -5.63095874631e-05
2089 -5.03352415013e-05
2090 -4.48318239126e-05
2091 -3.97743056056e-05
2092 -3.5128625401e-05
2093 -3.08639534995e-05
2094 -2.69569053796e-05
2095 -2.33877806247e-05
2096 -2.01382913196e-05
2097 -1.71838284653e-05
2098 -1.45044526671e-05
2099 -1.20796175525e-05
2100 -0.000558416628284
2101 -0.000556503411873
2102 -0.000552314898834
2103 -0.000546248439082
2104 -0.000538328048482
2105 -0.000528552415335
2106 -0.000517115576807
2107 -0.000504043728857
2108 -0.000489793186077
2109 -0.000474226128357
2110 -0.000457604514021
2111 -0.000440095908069
2112 -0.000421884199719
2113 -0.000403223005601
2114 -0.000384186033419
2115 -0.000364930985168
2116 -0.000345648455189
2117 -0.000326401092084
2118 -0.000307384215934
2119 -0.000288714984954
2120 -0.000270422292737
2121 -0.000252624308786
2122 -0.000235413016795
2123 -0.000218891121
2124 -0.000202995441396
2125 -0.000187862803506
2126 -0.000173484260753
2127 -0.000159877336288
2128 -0.000147035355859
2129 -0.000134972782711
2130 -0.00012366318276
2131 -0.000113105472926
2132 -0.000103251402769
2133 -9.40779906809e-05
2134 -8.556563441e-05
2135 -7.7660554497e-05
2136 -7.03320450018e-05
2137 -6.35445175319e-05
2138 -5.72592184036e-05
2139 -5.14514301664e-05
2140 -4.60791209852e-05
2141 -4.11217382072e-05
2142 -3.65525866535e-05
2143 -3.23449580636e-05
2144 -2.84837041006e-05
2145 -2.49445591572e-05
2146 -2.17131279363e-05
2147 -1.87656067417e-05
2148 -1.60832731665e-05
2149 -1.3648107954e-05
2150 -0.000517111311676
2151 -0.000515383050873
2152 -0.000511657040963
2153 -0.000506273758701
2154 -0.000499201209249
2155 -0.00049047823201
2156 -0.00048025638772
2157 -0.000468578070577
2158 -0.00045584634641
2159 -0.00044190897859
2160 -0.000427004683696
2161 -0.000411266722434
2162 -0.000394856609152
2163 -0.000378019595991
2164 -0.000360806470714
2165 -0.000343368653823
2166 -0.000325857322116
2167 -0.000308345968106
2168 -0.000290987418153
2169 -0.000273904393426
2170 -0.000257114832908
2171 -0.000240761865499
2172 -0.000224934365413
2173 -0.000209718483947
2174 -0.000195049089514
2175 -0.000181045565879
2176 -0.000167689158155
2177 -0.000155030990099
2178 -0.000143057412416
2179 -0.00013177898328
2180 -0.000121172255926
2181 -0.000111232844623
2182 -0.000101925993006
2183 -9.32315948049e-05
2184 -8.51314857161e-05
2185 -7.7577632851e-05
2186 -7.05433118693e-05
2187 -6.40024629141e-05
2188 -5.79241476844e-05
2189 -5.22872473437e-05
2190 -4.70526611553e-05
2191 -4.22055604974e-05
2192 -3.77249424655e-05
2193 -3.35899087542e-05
2194 -2.97846381651e-05
2195 -2.6287774142e-05
2196 -2.30854338957e-05
2197 -2.01565771856e-05
2198 -1.7484391201e-05
2199 -1.50500692783e-05
2200 -0.000479245464341
2201 -0.000477665352612
2202 -0.000474358186637
2203 -0.000469569588024
2204 -0.000463246842061
2205 -0.000455466606039
2206 -0.000446327393956
2207 -0.000435870571221
2208 -0.000424468617505
2209 -0.000411958279995
2210 -0.000398573426406
2211 -0.000384406155339
2212 -0.000369609705013
2213 -0.000354408023347
2214 -0.000338822368343
2215 -0.000323004961931
2216 -0.000307081668839
2217 -0.000291124115938
2218 -0.000275286142573
2219 -0.000259672679938
2220 -0.000244317939024
2221 -0.000229338354904
2222 -0.000214813325077
2223 -0.000200813404505
2224 -0.00018727783939
2225 -0.000174320384221
2226 -0.000161945503138
2227 -0.000150178143288
2228 -0.000139027811789
2229 -0.000128482268395
2230 -0.00011854052676
2231 -0.000109193123497
2232 -0.000100408287683
2233 -9.21710994015e-05
2234 -8.44638040191e-05
2235 -7.72454154615e-05
2236 -7.04987714291e-05
2237 -6.420462492e-05
2238 -5.83338208667e-05
2239 -5.28699984134e-05
2240 -4.77798465754e-05
2241 -4.30495051909e-05
2242 -3.86683692133e-05
2243 -3.46162584005e-05
2244 -3.0877802251e-05
2245 -2.74341214145e-05
2246 -2.42722458275e-05
2247 -2.13765005449e-05
2248 -1.87249157981e-05
2249 -1.63005901861e-05
2250 -0.000444409617377
2251 -0.000442976985906
2252 -0.0004400354695
2253 -0.000435752000179
2254 -0.0004300898011
2255 -0.000423146888972
2256 -0.000414977854544
2257 -0.00040560506862
2258 -0.000395382774643
2259 -0.000384146255724
2260 -0.000372109249091
2261 -0.000359337644541
2262 -0.000345976683318
2263 -0.000332227209197
2264 -0.000318106677507
2265 -0.000303750522108
2266 -0.000289285491475
2267 -0.000274764833851
2268 -0.000260351670627
2269 -0.000246115960617
2270 -0.000232106237883
2271 -0.00021839608347
2272 -0.000205068669076
2273 -0.000192187743499
2274 -0.000179695125179
2275 -0.000167729386087
2276 -0.000156269452371
2277 -0.000145352787741
2278 -0.000134970680429
2279 -0.00012512703479
2280 -0.000115809235115
2281 -0.000107019738469
2282 -9.87272293824e-05
2283 -9.09197668546e-05
2284 -8.35836117919e-05
2285 -7.6689051977e-05
2286 -7.0224179945e-05
2287 -6.41708156034e-05
2288 -5.85059548827e-05
2289 -5.32162476805e-05
2290 -4.82720209996e-05
2291 -4.36712317749e-05
2292 -3.94019954506e-05
2293 -3.54435331134e-05
2294 -3.17824783873e-05
2295 -2.8402788695e-05
2296 -2.52946914717e-05
2297 -2.24367094976e-05
2298 -1.98136640394e-05
2299 -1.74077342121e-05
2300 -0.000412370680905
2301 -0.000411080575247
2302 -0.000408462957856
2303 -0.000404603806388
2304 -0.000399524250704
2305 -0.000393316073001
2306 -0.000385993510134
2307 -0.000377577664493
2308 -0.000368390053679
2309 -0.000358271825347
2310 -0.000347427201449
2311 -0.000335901605043
2312 -0.000323834497156
2313 -0.000311393431804
2314 -0.000298610948142
2315 -0.000285601889398
2316 -0.000272487272626
2317 -0.000259312222693
2318 -0.000246216890191
2319 -0.000233250147216
2320 -0.000220459809737
2321 -0.000207910470248
2322 -0.000195688399644
2323 -0.000183850399189
2324 -0.00017235291881
2325 -0.000161312008992
2326 -0.000150711427062
2327 -0.000140579978664
2328 -0.000130918184894
2329 -0.000121727296678
2330 -0.00011299765037
2331 -0.000104729208049
2332 -9.68936217741e-05
2333 -8.94891760408e-05
2334 -8.25081391053e-05
2335 -7.59274985701e-05
2336 -6.97368906626e-05
2337 -6.39202983312e-05
2338 -5.84577299336e-05
2339 -5.33432534565e-05
2340 -4.85554405152e-05
2341 -4.40936258149e-05
2342 -3.99431916388e-05
2343 -3.60858358961e-05
2344 -3.2511271106e-05
2345 -2.92064115204e-05
2346 -2.61584490228e-05
2347 -2.33473267859e-05
2348 -2.07620542104e-05
2349 -1.83851430712e-05
2350 -0.000382811905958
2351 -0.000381645952054
2352 -0.000379310722989
2353 -0.000375842940966
2354 -0.000371284543484
2355 -0.000365717737279
2356 -0.000359149772723
2357 -0.000351583504147
2358 -0.000343325652654
2359 -0.000334216813118
2360 -0.000324450152521
2361 -0.000314065136531
2362 -0.000303190450661
2363 -0.000291965623992
2364 -0.000280417430886
2365 -0.000268648918316
2366 -0.000256770363757
2367 -0.000244812155331
2368 -0.000232905126125
2369 -0.000221085953055
2370 -0.000209406668933
2371 -0.000197929856153
2372 -0.000186734978849
2373 -0.000175869945583
2374 -0.000165297087032
2375 -0.000155104921613
2376 -0.000145295552005
2377 -0.00013589036693
2378 -0.000126893686703
2379 -0.000118304757059
2380 -0.000110110132265
2381 -0.000102322874332
2382 -9.49157670236e-05
2383 -8.78965300522e-05
2384 -8.12571958e-05
2385 -7.49782365112e-05
2386 -6.90502487076e-05
2387 -6.34634156264e-05
2388 -5.82061817684e-05
2389 -5.32777902721e-05
2390 -4.86552668639e-05
2391 -4.4334051666e-05
2392 -4.0307881974e-05
2393 -3.65595643588e-05
2394 -3.30820511076e-05
2395 -2.98583949464e-05
2396 -2.68773107254e-05
2397 -2.41212255955e-05
2398 -2.15789051596e-05
2399 -1.92416274119e-05
2400 -0.000355547612516
2401 -0.000354508716553
2402 -0.000352413686899
2403 -0.000349317643269
2404 -0.000345241909491
2405 -0.000340248215741
2406 -0.00033436691084
2407 -0.000327574447191
2408 -0.000320167340447
2409 -0.000311995007165
2410 -0.000303214912902
2411 -0.000293882259436
2412 -0.000284093395547
2413 -0.000273968871186
2414 -0.000263551621383
2415 -0.000252898999353
2416 -0.000242126882216
2417 -0.000231262528229
2418 -0.000220425969866
2419 -0.000209657294237
2420 -0.000199002445531
2421 -0.000188511837528
2422 -0.000178254985203
2423 -0.000168274387811
2424 -0.000158539952284
2425 -0.000149133359258
2426 -0.000140051591608
2427 -0.000131312082578
2428 -0.000122915734522
2429 -0.000114874478628
2430 -0.000107175374268
2431 -9.9830797414e-05
2432 -9.28273258847e-05
2433 -8.61702771046e-05
2434 -7.98515235732e-05
2435 -7.38586254006e-05
2436 -6.81857619587e-05
2437 -6.28296314311e-05
2438 -5.77820301272e-05
2439 -5.30407505915e-05
2440 -4.85827713419e-05
2441 -4.44092504487e-05
2442 -4.05135224855e-05
2443 -3.68822895085e-05
2444 -3.35072159892e-05
2445 -3.03706114135e-05
2446 -2.74601909756e-05
2447 -2.47645613183e-05
2448 -2.22779173273e-05
2449 -1.99864462493e-05
2450 -0.000330640514313
2451 -0.000329722677832
2452 -0.000327841411567
2453 -0.000325078874736
2454 -0.00032143394735
2455 -0.000316954571342
2456 -0.00031166881178
2457 -0.000305578955436
2458 -0.000298933100405
2459 -0.00029159343378
2460 -0.000283687508413
2461 -0.000275292290706
2462 -0.000266465373671
2463 -0.000257321559426
2464 -0.000247897610308
2465 -0.000238262100115
2466 -0.00022849008368
2467 -0.000218627490717
2468 -0.000208773144088
2469 -0.000198964076385
2470 -0.000189237501134
2471 -0.000179638073055
2472 -0.000170234656168
2473 -0.000161061733588
2474 -0.000152092439057
2475 -0.000143395630229
2476 -0.000134969481251
2477 -0.000126830782954
2478 -0.000118980214332
2479 -0.000111433343473
2480 -0.000104192493081
2481 -9.7267499657e-05
2482 -9.06429880952e-05
2483 -8.43272229868e-05
2484 -7.83146202616e-05
2485 -7.2598471264e-05
2486 -6.71764873621e-05
2487 -6.20497919171e-05
2488 -5.72096051399e-05
2489 -5.26534614608e-05
2490 -4.83616053207e-05
2491 -4.43389656113e-05
2492 -4.05807969102e-05
2493 -3.70722773167e-05
2494 -3.3801326123e-05
2495 -3.07524007991e-05
2496 -2.79195902401e-05
2497 -2.52960011142e-05
2498 -2.28706218542e-05
2499 -2.06275750709e-05
