0 0.000853657127008
1 0.000845106634806
2 0.000834685131503
3 0.000819101125417
4 0.000798097042638
5 0.000773815304782
6 0.000745881130872
7 0.000713236184957
8 0.000677244947429
9 0.000638960812696
10 0.000598276597313
11 0.000555130086227
12 0.000511321295224
13 0.000466924702776
14 0.000422286922204
15 0.00037767414718
16 0.000333681477268
17 0.0002906784113
18 0.00024875278851
19 0.000208484284305
20 0.000170197226858
21 0.000134012054551
22 9.9719951626e-05
23 6.77096757031e-05
24 3.82436540582e-05
25 1.10006214579e-05
26 -1.37739689883e-05
27 -3.63315584519e-05
28 -5.64455751103e-05
29 -7.41658363635e-05
30 -8.97992124742e-05
31 -0.000103392530298
32 -0.000115040207791
33 -0.000124813158651
34 -0.000132960059695
35 -0.000139451423663
36 -0.000144449304616
37 -0.00014819731444
38 -0.000150808755789
39 -0.00015237287971
40 -0.000152918999635
41 -0.000152666544419
42 -0.000151712315503
43 -0.00015019173885
44 -0.000148134464467
45 -0.000145564591811
46 -0.000142602129304
47 -0.000139290768807
48 -0.000135727422587
49 -0.000131923481515
50 0.000850879280697
51 0.000843006456895
52 0.000832956768025
53 0.000817176934419
54 0.000796115495122
55 0.000772170690346
56 0.000744070725034
57 0.000711343095609
58 0.000675525532438
59 0.000637276180442
60 0.000596641308792
61 0.000553664862683
62 0.000509967634001
63 0.000465650935361
64 0.000421092133917
65 0.000376551701002
66 0.000332667738591
67 0.000289749026457
68 0.000247953124039
69 0.000207817548182
70 0.000169629432111
71 0.000133515164867
72 9.9343698737e-05
73 6.74255236838e-05
74 3.80323820636e-05
75 1.09340392731e-05
76 -1.37434415425e-05
77 -3.61973423916e-05
78 -5.62308188158e-05
79 -7.39167146675e-05
80 -8.95083778749e-05
81 -0.000103016327394
82 -0.00011458907589
83 -0.000124327311093
84 -0.000132425076277
85 -0.000138914883812
86 -0.000143895991631
87 -0.000147631778006
88 -0.000150239077221
89 -0.000151799891549
90 -0.000152342265779
91 -0.000152084921297
92 -0.000151157457602
93 -0.000149641090971
94 -0.000147585101105
95 -0.000145027466556
96 -0.000142076037167
97 -0.000138785076076
98 -0.000135244763784
99 -0.000131466078611
100 0.00085288041288
101 0.000845012585999
102 0.000834803651055
103 0.000818844433996
104 0.000797542358577
105 0.000773276204199
106 0.000744822079505
107 0.000711706471191
108 0.000675499008557
109 0.000636837917506
110 0.000595784842992
111 0.000552416062448
112 0.00050833598342
113 0.00046365952904
114 0.000418776464334
115 0.00037394759011
116 0.000329827713472
117 0.000286719745667
118 0.000244776884785
119 0.00020454268858
120 0.000166313161839
121 0.000130203517405
122 9.60722951942e-05
123 6.42380138402e-05
124 3.4971040322e-05
125 8.0209599925e-06
126 -1.64880785556e-05
127 -3.87572714445e-05
128 -5.86030027592e-05
129 -7.60941357711e-05
130 -9.14899944936e-05
131 -0.000104801592606
132 -0.000116179358292
133 -0.000125722549844
134 -0.000133627408885
135 -0.000139933950274
136 -0.000144743075195
137 -0.000148320364753
138 -0.00015078252118
139 -0.000152207962008
140 -0.000152623770701
141 -0.000152242626631
142 -0.000151194541721
143 -0.000149562640885
144 -0.000147401937848
145 -0.000144757482264
146 -0.000141738318196
147 -0.000138397504309
148 -0.000134815276756
149 -0.000130997629838
150 0.000855891243802
151 0.000847987130237
152 0.000837536431761
153 0.000821280846483
154 0.000799598646126
155 0.000774831074573
156 0.000745829992202
157 0.000712119623635
158 0.000675303551637
159 0.000636009639473
160 0.000594315504817
161 0.000550345764359
162 0.000505681449613
163 0.000460454880983
164 0.000415074457822
165 0.000369803548784
166 0.000325320362413
167 0.000281920740544
168 0.000239753914054
169 0.000199373137758
170 0.000161086420891
171 0.00012499153421
172 9.09355666458e-05
173 5.92407185602e-05
174 3.0161479758e-05
175 3.44139580385e-06
176 -2.08012736001e-05
177 -4.2779207785e-05
178 -6.23148151594e-05
179 -7.94939721825e-05
180 -9.45766105935e-05
181 -0.000107577667258
182 -0.000118650217147
183 -0.000127890555479
184 -0.000135502163451
185 -0.000141524665692
186 -0.0001460650009
187 -0.000149389483795
188 -0.000151617919313
189 -0.000152827185935
190 -0.000153037859721
191 -0.000152464691482
192 -0.000151232720743
193 -0.000149429968626
194 -0.000147115020695
195 -0.000144339731005
196 -0.000141211584613
197 -0.000137784085045
198 -0.000134132755991
199 -0.000130258471486
200 0.00085972535698
201 0.000851759558003
202 0.000840977419588
203 0.000824307159367
204 0.000802098568012
205 0.000776642700232
206 0.000746891343844
207 0.000712369048406
208 0.000674730333822
209 0.000634582558549
210 0.00059203143787
211 0.000547262249058
212 0.00050182653901
213 0.000455878439749
214 0.000409849876572
215 0.000364008966388
216 0.000319062772135
217 0.000275300652268
218 0.000232861588255
219 0.000192312336815
220 0.00015397263331
221 0.000117919262316
222 8.39864862566e-05
223 5.24970249519e-05
224 2.3691526408e-05
225 -2.70258762375e-06
226 -2.65769984862e-05
227 -4.81529296513e-05
228 -6.72685640999e-05
229 -8.40165827834e-05
230 -9.86649231624e-05
231 -0.000111238669516
232 -0.00012189387433
233 -0.000130729145851
234 -0.00013794824549
235 -0.000143595014044
236 -0.000147777881916
237 -0.000150759392736
238 -0.000152667274065
239 -0.000153578495546
240 -0.000153517129159
241 -0.000152689952408
242 -0.00015122241733
243 -0.000149202824396
244 -0.000146693488686
245 -0.000143748837944
246 -0.000140472381611
247 -0.000136923495959
248 -0.00013317531719
249 -0.000129227294141
250 0.000865352357094
251 0.000857293332471
252 0.000846003542796
253 0.000828829426212
254 0.000805812744586
255 0.000779404828454
256 0.000748616054722
257 0.000712980172213
258 0.000674230509988
259 0.000632909337353
260 0.000589171696127
261 0.000543323208731
262 0.000496858685223
263 0.00044995345592
264 0.000403076649996
265 0.000356497647768
266 0.000310950758791
267 0.000266717101679
268 0.000223920898201
269 0.000183156058566
270 0.000144733690209
271 0.000108728433406
272 7.49566672043e-05
273 4.37210114501e-05
274 1.52526744804e-05
275 -1.07335400107e-05
276 -3.41416972128e-05
277 -5.5204436596e-05
278 -7.37675194143e-05
279 -8.99585033078e-05
280 -0.000104047945248
281 -0.000116064051577
282 -0.000126179421953
283 -0.00013448654421
284 -0.000141209384723
285 -0.000146372702144
286 -0.00015010230566
287 -0.000152639235659
288 -0.000154127258251
289 -0.000154651628179
290 -0.000154230419455
291 -0.000153072165323
292 -0.00015130820424
293 -0.000149018361998
294 -0.000146264814349
295 -0.00014310385096
296 -0.000139630389851
297 -0.00013591377521
298 -0.00013202791957
299 -0.00012797115232
300 0.000873753298088
301 0.000865402927865
302 0.000853540350183
303 0.000835450960505
304 0.000811482678282
305 0.000783765882914
306 0.000751628906913
307 0.000714542260172
308 0.000674268428935
309 0.000631334825905
310 0.000586067803328
311 0.000538807906295
312 0.000490984788439
313 0.000442830228675
314 0.000394846341031
315 0.000347345563266
316 0.000300994090187
317 0.000256183899759
318 0.000212924303158
319 0.000171869395627
320 0.000133336027373
321 9.74062597176e-05
322 6.3736003158e-05
323 3.28203204663e-05
324 4.73663351676e-06
325 -2.07592623329e-05
326 -4.36045510129e-05
327 -6.40671966886e-05
328 -8.2016928321e-05
329 -9.75264670241e-05
330 -0.00011092167138
331 -0.000122263688001
332 -0.000131702996232
333 -0.000139351144007
334 -0.000145436514455
335 -0.000150022031167
336 -0.000153189075677
337 -0.000155198995783
338 -0.000156144359458
339 -0.000156179300577
340 -0.000155331800309
341 -0.000153768389713
342 -0.000151629126329
343 -0.000149013209541
344 -0.000145961694533
345 -0.000142532114157
346 -0.000138823705452
347 -0.000134901476509
348 -0.000130833719493
349 -0.000126623524367
350 0.000879668554902
351 0.000870776716264
352 0.000858257593921
353 0.000839355213055
354 0.000814325910529
355 0.000785435704848
356 0.000751972270012
357 0.000713384434622
358 0.000671649694877
359 0.000627345783358
360 0.000580702327042
361 0.0005322026146
362 0.000483226964487
363 0.000434094713446
364 0.00038524418865
365 0.000337062093674
366 0.000290212040378
367 0.000245061285806
368 0.000201585403119
369 0.000160458987478
370 0.00012214529197
371 8.63855437046e-05
372 5.30914461707e-05
373 2.25655621083e-05
374 -4.91899736328e-06
375 -2.98091327722e-05
376 -5.20001191372e-05
377 -7.17668295212e-05
378 -8.89534832366e-05
379 -0.000103738743002
380 -0.00011640034526
381 -0.000127019927726
382 -0.000135780206763
383 -0.000142804295877
384 -0.000148289390534
385 -0.000152291642744
386 -0.000154927043574
387 -0.000156432726808
388 -0.000156980649431
389 -0.000156583483907
390 -0.000155314403988
391 -0.000153420024617
392 -0.000150980745042
393 -0.000148083259279
394 -0.000144790267894
395 -0.000141153669759
396 -0.000137259758803
397 -0.000133183037161
398 -0.000128983491132
399 -0.000124677147469
400 0.000887168565917
401 0.000877609091484
402 0.000864414656541
403 0.000844484610149
404 0.00081806895994
405 0.000787628298812
406 0.000752536398388
407 0.000712211647486
408 0.000668705601107
409 0.000622716791374
410 0.000574483070502
411 0.000524532344962
412 0.00047426917883
413 0.000424032313438
414 0.000374252200095
415 0.000325310456029
416 0.000278053322361
417 0.000232525866798
418 0.000188895741125
419 0.000147783466975
420 0.000109636214383
421 7.42138154353e-05
422 4.13815296055e-05
423 1.13542618358e-05
424 -1.54825316936e-05
425 -3.96481110545e-05
426 -6.10840024927e-05
427 -8.00358025612e-05
428 -9.64090324524e-05
429 -0.00011037845062
430 -0.000122220422699
431 -0.000132036587038
432 -0.000140031017891
433 -0.000146325277947
434 -0.000151130907953
435 -0.000154515251405
436 -0.00015656622749
437 -0.000157536615017
438 -0.000157564901229
439 -0.000156722246549
440 -0.000155060357894
441 -0.000152788519768
442 -0.000150023949289
443 -0.000146845768452
444 -0.000143302632726
445 -0.000139452494945
446 -0.000135375463705
447 -0.000131140869225
448 -0.000126814014901
449 -0.000122411392619
450 0.000900049254442
451 0.000889634146647
452 0.000875285575282
453 0.000853882041057
454 0.000825487178056
455 0.000792815507831
456 0.000755409440728
457 0.000712667461443
458 0.00066669626713
459 0.000618369886122
460 0.000567926294395
461 0.000516008780161
462 0.00046404333853
463 0.000412367500414
464 0.000361392922483
465 0.000311482297159
466 0.000263581894622
467 0.000217640350283
468 0.000173813325588
469 0.000132668466402
470 9.47098559126e-05
471 5.97140365736e-05
472 2.73627604881e-05
473 -1.99949776204e-06
474 -2.81047032803e-05
475 -5.14181374992e-05
476 -7.19681303188e-05
477 -9.00001679347e-05
478 -0.000105406777001
479 -0.000118384374461
480 -0.000129275318257
481 -0.00013814028445
482 -0.000145229250697
483 -0.000150641875578
484 -0.000154635287482
485 -0.000157252858864
486 -0.000158613832689
487 -0.000158948114069
488 -0.00015839471553
489 -0.000157020359632
490 -0.000154877134889
491 -0.000152172660625
492 -0.000149018542862
493 -0.000145497813808
494 -0.000141659186765
495 -0.000137556495601
496 -0.000133264109486
497 -0.000128849875203
498 -0.000124372157169
499 -0.000119856093796
500 0.000921053365019
501 0.00090917060762
502 0.00089314274868
503 0.00086953474609
504 0.000838216280106
505 0.000802439646074
506 0.000761782604901
507 0.000715576125861
508 0.00066617100712
509 0.000614643411935
510 0.000561241362386
511 0.000506713851265
512 0.000452527814071
513 0.000398988866455
514 0.000346529571815
515 0.000295454536278
516 0.000246801576124
517 0.000200397432508
518 0.000156386158911
519 0.000115280232409
520 7.76327057941e-05
521 4.31417425394e-05
522 1.14091501827e-05
523 -1.71680699975e-05
524 -4.24041804523e-05
525 -6.47221526403e-05
526 -8.4216248771e-05
527 -0.000101132054132
528 -0.00011542182135
529 -0.000127275912955
530 -0.000137060240419
531 -0.000144851366562
532 -0.000150903760166
533 -0.00015532757038
534 -0.00015838315322
535 -0.000160139209955
536 -0.000160713237906
537 -0.000160331205832
538 -0.000159128953845
539 -0.000157169468853
540 -0.000154505170913
541 -0.000151329544689
542 -0.000147750997243
543 -0.000143851272849
544 -0.000139684738708
545 -0.000135309000813
546 -0.000130789087781
547 -0.000126190366346
548 -0.000121558190507
549 -0.000116925212948
550 0.00095550878421
551 0.00094149182517
552 0.000922933656177
553 0.000896068547715
554 0.000860282698103
555 0.000819940667936
556 0.0007745411129
557 0.000723299664214
558 0.000668955945277
559 0.000612890498369
560 0.000555337952602
561 0.000497202027557
562 0.000440017500873
563 0.000384049282731
564 0.000329719702086
565 0.00027725345144
566 0.000227703055253
567 0.000180789791354
568 0.000136609943353
569 9.56210996585e-05
570 5.83732049359e-05
571 2.45100286285e-05
572 -6.42338914128e-06
573 -3.40333725188e-05
574 -5.82216572806e-05
575 -7.9401865564e-05
576 -9.76851197003e-05
577 -0.000113367268141
578 -0.000126377646232
579 -0.000136981139589
580 -0.000145507181209
581 -0.000152081739277
582 -0.000156961197084
583 -0.000160279231352
584 -0.000162299580035
585 -0.000163092037467
586 -0.000162793310564
587 -0.000161613215854
588 -0.000159696338112
589 -0.000157102323416
590 -0.00015387354542
591 -0.000150194720849
592 -0.000146166416286
593 -0.000141865450756
594 -0.000137352135962
595 -0.000132692284311
596 -0.000127935877138
597 -0.000123152952793
598 -0.000118368002931
599 -0.000113616957732
600 0.00100816502775
601 0.000991194475082
602 0.000969331520885
603 0.000937414662048
604 0.000895391108829
605 0.000848614123086
606 0.000796485725726
607 0.000738108386319
608 0.000676785362168
609 0.000614367916384
610 0.000551169536758
611 0.000488177210119
612 0.00042706089594
613 0.00036800207874
614 0.000311376877396
615 0.000257323271547
616 0.000206758375369
617 0.000159391547166
618 0.000115128274147
619 7.44260705692e-05
620 3.7758257254e-05
621 4.73749577008e-06
622 -2.52482425517e-05
623 -5.17166907189e-05
624 -7.46949523694e-05
625 -9.46194278427e-05
626 -0.000111550330565
627 -0.000125868132529
628 -0.000137494711408
629 -0.000146720920999
630 -0.000153885700483
631 -0.000159170922264
632 -0.000162792697425
633 -0.000164925243533
634 -0.000165833563249
635 -0.000165620840424
636 -0.000164403517224
637 -0.000162392362019
638 -0.000159729328444
639 -0.000156479307494
640 -0.000152693826789
641 -0.000148515486029
642 -0.000144047254997
643 -0.000139362510291
644 -0.000134516967032
645 -0.000129585868777
646 -0.000124612844989
647 -0.000119661336971
648 -0.00011474260373
649 -0.00010988888893
650 0.00108379963399
651 0.0010630381905
652 0.00103694070085
653 0.000998079396533
654 0.000947687290857
655 0.000892256783721
656 0.000830862252188
657 0.000762689151306
658 0.000691851909803
659 0.000620833658755
660 0.000550024219833
661 0.000480547076858
662 0.000414287084146
663 0.000351316154856
664 0.000291859889878
665 0.000235974400189
666 0.000184292275634
667 0.00013655723872
668 9.23822571041e-05
669 5.21300086901e-05
670 1.6343003527e-05
671 -1.56641591577e-05
672 -4.44819305022e-05
673 -6.96595701359e-05
674 -9.12163692862e-05
675 -0.000109661428654
676 -0.000125113746603
677 -0.000137956657604
678 -0.000148111532859
679 -0.00015589605411
680 -0.000161652983277
681 -0.00016557792987
682 -0.000167921938007
683 -0.000168868523566
684 -0.00016866078717
685 -0.000167425303214
686 -0.000165287322222
687 -0.000162441871423
688 -0.000159034281161
689 -0.000155133523721
690 -0.000150795783737
691 -0.00014614845826
692 -0.000141272398065
693 -0.000136236949822
694 -0.0001310930206
695 -0.000125921019899
696 -0.000120757549317
697 -0.000115662197871
698 -0.000110641986628
699 -0.000105718465448
700 0.0011846445427
701 0.00115979137219
702 0.00112862196818
703 0.00108130214062
704 0.00102005713985
705 0.00095383866011
706 0.000880450842854
707 0.000799365361941
708 0.000716158272695
709 0.000633851171782
710 0.000553000184886
711 0.000474996869393
712 0.000401989847663
713 0.000333978271929
714 0.000270957737046
715 0.000212862218013
716 0.000159996037484
717 0.000111965933627
718 6.803371173e-05
719 2.85221737957e-05
720 -6.10094933288e-06
721 -3.68482887349e-05
722 -6.41623295388e-05
723 -8.78020573788e-05
724 -0.000107740457175
725 -0.000124565188583
726 -0.000138404559051
727 -0.000149626471206
728 -0.000158212518595
729 -0.000164503730793
730 -0.000168787104353
731 -0.000171314944775
732 -0.000172354824611
733 -0.00017207785906
734 -0.000170730378915
735 -0.00016845539457
736 -0.000165393608106
737 -0.000161725523278
738 -0.000157585460803
739 -0.000153044446501
740 -0.000148171174842
741 -0.000143078971253
742 -0.000137827942696
743 -0.000132476919352
744 -0.000127079088651
745 -0.000121701393434
746 -0.000116381025816
747 -0.000111169364196
748 -0.000106076171678
749 -0.000101113747407
750 0.00130866881594
751 0.00127982511276
752 0.00124345710414
753 0.00118634139196
754 0.00111282072492
755 0.00103393528957
756 0.000945943622785
757 0.000849179946677
758 0.000750807391167
759 0.000654336991093
760 0.000560676483636
761 0.000471732051786
762 0.000390045362278
763 0.000315537316853
764 0.000248010535289
765 0.000187124678742
766 0.000133047637323
767 8.47981299381e-05
768 4.14411393442e-05
769 3.00552217923e-06
770 -3.01004348652e-05
771 -5.91671663179e-05
772 -8.46662507301e-05
773 -0.000106492430546
774 -0.000124541746022
775 -0.000139536085111
776 -0.00015156741606
777 -0.000161023341744
778 -0.000167902725804
779 -0.000172599973878
780 -0.000175373023426
781 -0.000176456148247
782 -0.000176114849841
783 -0.000174570802636
784 -0.000172062671297
785 -0.000168733586314
786 -0.000164738540866
787 -0.00016024767747
788 -0.000155379954253
789 -0.000150206005262
790 -0.000144808730204
791 -0.000139290141406
792 -0.000133690717892
793 -0.000128054793836
794 -0.000122433146846
795 -0.000116883230996
796 -0.00011143847356
797 -0.000106145556216
798 -0.000101004652866
799 -9.60314077634e-05
800 0.00144579402344
801 0.00141443677832
802 0.00137215543316
803 0.00130582179453
804 0.00122014083511
805 0.00112725074068
806 0.00102318486976
807 0.000909196847819
808 0.000793892714724
809 0.000680941052671
810 0.000572075553706
811 0.000469948665982
812 0.000377571977523
813 0.000295038865043
814 0.000221962052874
815 0.000157762644726
816 0.000102426651178
817 5.42155065341e-05
818 1.18782400421e-05
819 -2.4931859921e-05
820 -5.60546494746e-05
821 -8.28954551722e-05
822 -0.000106113532877
823 -0.000125700838465
824 -0.00014155754183
825 -0.000154434640691
826 -0.000164444730291
827 -0.000171949525173
828 -0.000177013626414
829 -0.000179987952638
830 -0.000181142571513
831 -0.000180729409956
832 -0.000178999246478
833 -0.000176170512461
834 -0.000172489316037
835 -0.000168105299652
836 -0.000163176663244
837 -0.000157869569178
838 -0.00015229149836
839 -0.000146509611999
840 -0.000140616091673
841 -0.000134693216927
842 -0.000128773801007
843 -0.000122887622951
844 -0.000117075811591
845 -0.000111391289262
846 -0.000105855661362
847 -0.000100505533643
848 -9.53465656747e-05
849 -9.03893290728e-05
850 0.00158182415197
851 0.00154925369785
852 0.00150047413503
853 0.00142626880747
854 0.00133028674417
855 0.00122338238176
856 0.00110357438477
857 0.000972681646209
858 0.000840424331738
859 0.000709947175344
860 0.000584332506531
861 0.000467395977687
862 0.000362510272235
863 0.000270374285179
864 0.000190721883489
865 0.000122686329571
866 6.610955453e-05
867 1.84302182522e-05
868 -2.2155530891e-05
869 -5.64803723898e-05
870 -8.46477732592e-05
871 -0.000108443418685
872 -0.000128743439848
873 -0.000145523627061
874 -0.000158751985331
875 -0.000169160049419
876 -0.000176881125199
877 -0.000182236554099
878 -0.00018532206003
879 -0.00018646527662
880 -0.000185935874354
881 -0.000183974097043
882 -0.000180828492101
883 -0.000176704917306
884 -0.000171847406188
885 -0.000166413707788
886 -0.00016056507885
887 -0.00015445393816
888 -0.000148185135045
889 -0.000141824957363
890 -0.00013546484061
891 -0.000129168834947
892 -0.000122961188576
893 -0.000116862263431
894 -0.000110902528186
895 -0.000105125376438
896 -9.95418105821e-05
897 -9.41755576001e-05
898 -8.90369439839e-05
899 -8.41363676124e-05
900 0.00169292246416
901 0.00165906198027
902 0.00160413160338
903 0.00152318565636
904 0.001419487373
905 0.00130049749314
906 0.00116782179296
907 0.00102310615616
908 0.000876568694101
909 0.000730676630949
910 0.000589737241641
911 0.000458726534087
912 0.00034126060143
913 0.000239018026059
914 0.000152284622931
915 8.02534913117e-05
916 2.28099548052e-05
917 -2.35143791616e-05
918 -6.13340373798e-05
919 -9.20132827742e-05
920 -0.000116039457145
921 -0.000135687200445
922 -0.00015220746171
923 -0.000165473293039
924 -0.00017554075351
925 -0.000183081539284
926 -0.000188225610579
927 -0.00019123940452
928 -0.000192216400924
929 -0.000191451821886
930 -0.00018920086107
931 -0.000185683780943
932 -0.000181140822851
933 -0.00017577097921
934 -0.000169781480888
935 -0.000163355017772
936 -0.000156640667356
937 -0.000149787978641
938 -0.000142890930309
939 -0.000136013821049
940 -0.000129253244652
941 -0.000122644479214
942 -0.000116215581153
943 -0.00010995798524
944 -0.000103913698938
945 -9.81001742126e-05
946 -9.25329857594e-05
947 -8.72051404871e-05
948 -8.21381750952e-05
949 -7.73403984622e-05
950 0.00178050096713
951 0.00174345491765
952 0.0016815911023
953 0.00159234142375
954 0.00147960027497
955 0.00134877931944
956 0.0012046013147
957 0.00104835174382
958 0.000890521546323
959 0.000732718633662
960 0.000579693212655
961 0.000437349889719
962 0.000309049165833
963 0.00019762737121
964 0.000104177216178
965 2.84722706076e-05
966 -2.93093667125e-05
967 -7.32655707061e-05
968 -0.000106910158013
969 -0.000132464428649
970 -0.000150762586493
971 -0.000164929856419
972 -0.000176528752722
973 -0.000185399659095
974 -0.000191644882903
975 -0.000195863149447
976 -0.000198133322694
977 -0.0001986099446
978 -0.000197363949965
979 -0.000194648119747
980 -0.000190666635875
981 -0.000185616042073
982 -0.00017972081108
983 -0.000173171962685
984 -0.00016613691611
985 -0.000158798412304
986 -0.000151306347972
987 -0.000143798638459
988 -0.000136356385453
989 -0.000129047234594
990 -0.000121972265116
991 -0.000115125270408
992 -0.000108538297468
993 -0.000102191529221
994 -9.61188209841e-05
995 -9.03269086497e-05
996 -8.48300312179e-05
997 -7.96042474189e-05
998 -7.46622839848e-05
999 -7.00182763587e-05
1000 0.00186797001861
1001 0.00182501560507
1002 0.00175377680512
1003 0.00165177435398
1004 0.00152412496475
1005 0.00137777835209
1006 0.00121868276712
1007 0.00104883879331
1008 0.000879390065785
1009 0.000711222930398
1010 0.000548982904205
1011 0.000398604115159
1012 0.000262371363541
1013 0.000143682904719
1014 4.45966760887e-05
1015 -3.40875718701e-05
1016 -9.17206045179e-05
1017 -0.000132459125721
1018 -0.000160624232504
1019 -0.000179401076387
1020 -0.000190071959181
1021 -0.000197049851581
1022 -0.000202258795225
1023 -0.000205597337776
1024 -0.000207162830871
1025 -0.000207475469755
1026 -0.000206475634343
1027 -0.000204183865397
1028 -0.000200589078267
1029 -0.000195866396912
1030 -0.000190147893168
1031 -0.000183601234931
1032 -0.000176408849172
1033 -0.000168752065274
1034 -0.000160766510353
1035 -0.000152627249009
1036 -0.000144466941075
1037 -0.000136406374425
1038 -0.000128518885279
1039 -0.000120865290317
1040 -0.000113566515117
1041 -0.000106569379678
1042 -9.98982604113e-05
1043 -9.35320879412e-05
1044 -8.75058043496e-05
1045 -8.1810586059e-05
1046 -7.64564349806e-05
1047 -7.13950306367e-05
1048 -6.66346975183e-05
1049 -6.2197968397e-05
1050 0.00198013739218
1051 0.00192869894883
1052 0.00184447753545
1053 0.00172435904725
1054 0.0015748150606
1055 0.00140635719047
1056 0.00122555677398
1057 0.00103587164814
1058 0.000850473705276
1059 0.000669719251595
1060 0.000498386636539
1061 0.000341770660725
1062 0.000200261433817
1063 7.70579973839e-05
1064 -2.59413812112e-05
1065 -0.000106693264921
1066 -0.000163898823326
1067 -0.000201065301978
1068 -0.000222839077459
1069 -0.000233309105107
1070 -0.000234555984125
1071 -0.000232508438266
1072 -0.000229631213764
1073 -0.000226106647751
1074 -0.000221997262457
1075 -0.000217723236565
1076 -0.000213018304847
1077 -0.000207699659336
1078 -0.000201630769175
1079 -0.000194868103806
1080 -0.000187429625986
1081 -0.000179446143028
1082 -0.000171049302982
1083 -0.000162379334198
1084 -0.000153555817912
1085 -0.000144734955972
1086 -0.000136026777499
1087 -0.000127518895552
1088 -0.000119282001017
1089 -0.000111389723258
1090 -0.000103964055305
1091 -9.69153225867e-05
1092 -9.0251973431e-05
1093 -8.39566704967e-05
1094 -7.80642838291e-05
1095 -7.25409367703e-05
1096 -6.73943984037e-05
1097 -6.25663397359e-05
1098 -5.80544347081e-05
1099 -5.38848613802e-05
1100 0.00212664954033
1101 0.00206491224151
1102 0.00196411282901
1103 0.00182061780461
1104 0.00164312528997
1105 0.00144573835554
1106 0.00123616888402
1107 0.00101967014357
1108 0.000812527267904
1109 0.000614869587754
1110 0.000432102721639
1111 0.0002690791648
1112 0.000124019732407
1113 -1.18330072271e-06
1114 -0.000105744176216
1115 -0.000187449447039
1116 -0.000244019274674
1117 -0.000278068083625
1118 -0.00029346692659
1119 -0.000294862517088
1120 -0.000285229228899
1121 -0.000272236014081
1122 -0.000259357445438
1123 -0.000247359941561
1124 -0.000236315093264
1125 -0.000226589505951
1126 -0.000217624911516
1127 -0.000208961123646
1128 -0.000200265196989
1129 -0.000191415559263
1130 -0.000182289969393
1131 -0.00017293415963
1132 -0.000163431234542
1133 -0.000153863315189
1134 -0.000144332321502
1135 -0.000134962983356
1136 -0.000125845205997
1137 -0.000117054035295
1138 -0.000108621370514
1139 -0.000100613883546
1140 -9.31670300565e-05
1141 -8.61772060413e-05
1142 -7.96118454391e-05
1143 -7.34462917008e-05
1144 -6.77505094611e-05
1145 -6.24743592052e-05
1146 -5.76090475861e-05
1147 -5.30902109156e-05
1148 -4.88963128592e-05
1149 -4.50547035774e-05
1150 0.0023077091847
1151 0.00223348230625
1152 0.00211196725526
1153 0.00193967216229
1154 0.00172840676157
1155 0.00149546888641
1156 0.00125086977912
1157 0.00100189466854
1158 0.000768253191361
1159 0.00054982761515
1160 0.000353042333499
1161 0.000182836003842
1162 3.54980839523e-05
1163 -8.88141092703e-05
1164 -0.000191677459493
1165 -0.000271979236222
1166 -0.000327157766711
1167 -0.000358800124677
1168 -0.000368865854468
1169 -0.00036176593687
1170 -0.000340995518128
1171 -0.000315883571023
1172 -0.000291329685601
1173 -0.00026923446267
1174 -0.000249956380447
1175 -0.000233830412125
1176 -0.000219992934009
1177 -0.00020763926011
1178 -0.000196172496085
1179 -0.000185202861217
1180 -0.000174450979767
1181 -0.000163830044198
1182 -0.000153350842609
1183 -0.000143043777639
1184 -0.000132947391821
1185 -0.000123170060109
1186 -0.000113794456343
1187 -0.000104861577196
1188 -9.63623476817e-05
1189 -8.83759785694e-05
1190 -8.10330234876e-05
1191 -7.42156868232e-05
1192 -6.78556119958e-05
1193 -6.19640035772e-05
1194 -5.65728003894e-05
1195 -5.16269664899e-05
1196 -4.71141546167e-05
1197 -4.29668032159e-05
1198 -3.91506732978e-05
1199 -3.569658142e-05
1200 0.00251558220734
1201 0.00242674270616
1202 0.00227977334814
1203 0.00207262834411
1204 0.00182144663073
1205 0.00154665596129
1206 0.00126180665918
1207 0.00097649545912
1208 0.000713906611251
1209 0.000473152984997
1210 0.000261759062464
1211 8.48262680113e-05
1212 -6.31855567101e-05
1213 -0.000183514965897
1214 -0.000280437880155
1215 -0.000355039894475
1216 -0.000406303083121
1217 -0.00043528802394
1218 -0.000441736828779
1219 -0.000428155115377
1220 -0.000397896282025
1221 -0.00036100267538
1222 -0.000324141690251
1223 -0.000290848681221
1224 -0.000262310698457
1225 -0.000238982101742
1226 -0.000219771182381
1227 -0.000203468557174
1228 -0.000189131565206
1229 -0.000176094980282
1230 -0.000163830140226
1231 -0.00015209384212
1232 -0.000140822458772
1233 -0.000129950864654
1234 -0.00011949555531
1235 -0.000109494187904
1236 -0.00010003859234
1237 -9.11326460994e-05
1238 -8.27037362992e-05
1239 -7.48749979553e-05
1240 -6.77714783023e-05
1241 -6.12555831782e-05
1242 -5.52479290389e-05
1243 -4.97259304265e-05
1244 -4.47205556963e-05
1245 -4.01859762487e-05
1246 -3.60989214248e-05
1247 -3.23825336976e-05
1248 -2.90068122472e-05
1249 -2.5986669039e-05
1250 0.00275502711202
1251 0.00264778962539
1252 0.00246843503102
1253 0.00221791843758
1254 0.00191794919252
1255 0.00159275479875
1256 0.00126092223409
1257 0.000934702839014
1258 0.000641114137079
1259 0.00037767252415
1260 0.00015266562877
1261 -2.90911219721e-05
1262 -0.000175058582831
1263 -0.000287905238417
1264 -0.000373866570018
1265 -0.000437119036952
1266 -0.000479378445146
1267 -0.00050283342648
1268 -0.000505850776749
1269 -0.000488135576277
1270 -0.000451368453823
1271 -0.000404667651493
1272 -0.000356067907049
1273 -0.000311241373206
1274 -0.000272765888285
1275 -0.000241617281902
1276 -0.000216611619205
1277 -0.000196142601259
1278 -0.000178914643483
1279 -0.000163867717067
1280 -0.00015023396545
1281 -0.000137565308552
1282 -0.000125628914286
1283 -0.000114416298207
1284 -0.000103774792759
1285 -9.37479667546e-05
1286 -8.44050192485e-05
1287 -7.57187234702e-05
1288 -6.75760059314e-05
1289 -6.00912796895e-05
1290 -5.33736924692e-05
1291 -4.72725411981e-05
1292 -4.17168112568e-05
1293 -3.6659695e-05
1294 -3.21381398344e-05
1295 -2.80972459801e-05
1296 -2.45119242925e-05
1297 -2.12935861959e-05
1298 -1.84228582401e-05
1299 -1.58891551628e-05
1300 0.00303023385869
1301 0.00289927241134
1302 0.00267849044401
1303 0.00237312818246
1304 0.0020127583685
1305 0.00162681153308
1306 0.00124001020257
1307 0.000868153421246
1308 0.000542222832814
1309 0.000256949149046
1310 2.1024635535e-05
1311 -0.000161837114406
1312 -0.000301866565536
1313 -0.000403132858973
1314 -0.000473715723119
1315 -0.000519904940552
1316 -0.000546653673611
1317 -0.000558929684665
1318 -0.000555818010208
1319 -0.000534833563819
1320 -0.000494783994791
1321 -0.000441716143163
1322 -0.000383643453353
1323 -0.000328225101614
1324 -0.00027998986052
1325 -0.000240865312216
1326 -0.000209956160802
1327 -0.00018529577826
1328 -0.000165276676097
1329 -0.00014843938458
1330 -0.000133661331564
1331 -0.000120316799196
1332 -0.000108036068456
1333 -9.67102198021e-05
1334 -8.60947755391e-05
1335 -7.62529003417e-05
1336 -6.7189467374e-05
1337 -5.88676937635e-05
1338 -5.11280831222e-05
1339 -4.41224363697e-05
1340 -3.79331524269e-05
1341 -3.23688644933e-05
1342 -2.73664264189e-05
1343 -2.28806729316e-05
1344 -1.8932432286e-05
1345 -1.5465268325e-05
1346 -1.24531319307e-05
1347 -9.79640653835e-06
1348 -7.47192487206e-06
1349 -5.47279348183e-06
1350 0.00334552924065
1351 0.0031836377869
1352 0.00290956365567
1353 0.00253502809297
1354 0.00210002861068
1355 0.00164133614206
1356 0.0011912622802
1357 0.000769818141726
1358 0.00041148364868
1359 0.000107227992551
1360 -0.000134944089122
1361 -0.000313456854602
1362 -0.00044221841646
1363 -0.000527218541051
1364 -0.000578228725528
1365 -0.00060294160967
1366 -0.000608867962913
1367 -0.000603864802861
1368 -0.00058950403153
1369 -0.000563242191306
1370 -0.000521692001903
1371 -0.000466121666933
1372 -0.000402194784817
1373 -0.000338685237872
1374 -0.000282030651042
1375 -0.000235574119124
1376 -0.000199078262977
1377 -0.000170512536013
1378 -0.000147979122725
1379 -0.000129629402609
1380 -0.000113997724979
1381 -0.00010026611609
1382 -8.78670509924e-05
1383 -7.66702086047e-05
1384 -6.63007688908e-05
1385 -5.68646337032e-05
1386 -4.82996518398e-05
1387 -4.05375998224e-05
1388 -3.34286232575e-05
1389 -2.70534796704e-05
1390 -2.15364048586e-05
1391 -1.66367419387e-05
1392 -1.23235060588e-05
1393 -8.50572624629e-06
1394 -5.23339222667e-06
1395 -2.41103833036e-06
1396 -4.72505834734e-08
1397 1.99916924783e-06
1398 3.72488163629e-06
1399 5.13946041237e-06
1400 0.00371180487765
1401 0.00350942431855
1402 0.00316501077185
1403 0.00270159176501
1404 0.00217339302809
1405 0.00162682698916
1406 0.00110418596657
1407 0.000630002813854
1408 0.000241049652528
1409 -7.68871375283e-05
1410 -0.000317986442793
1411 -0.000484377584803
1412 -0.000594694411233
1413 -0.000657452516998
1414 -0.000684203591254
1415 -0.00068388420925
1416 -0.000665690086365
1417 -0.000638981867287
1418 -0.000608035643962
1419 -0.00057237044865
1420 -0.00052851026626
1421 -0.000472935471862
1422 -0.000407169561229
1423 -0.00033905897554
1424 -0.000276477469604
1425 -0.000224168377011
1426 -0.000183054406312
1427 -0.000151275335246
1428 -0.000126799179908
1429 -0.000107399095159
1430 -9.13350505956e-05
1431 -7.75574920364e-05
1432 -6.53914195914e-05
1433 -5.45913891172e-05
1434 -4.47457700579e-05
1435 -3.59336078989e-05
1436 -2.80445009482e-05
1437 -2.10120102017e-05
1438 -1.46621118247e-05
1439 -9.06037051243e-06
1440 -4.34026053396e-06
1441 -2.25784674079e-07
1442 3.32552998605e-06
1443 6.38765891005e-06
1444 8.91126415647e-06
1445 1.10234181173e-05
1446 1.26879345079e-05
1447 1.40585015244e-05
1448 1.51277559193e-05
1449 1.59433639485e-05
1450 0.0041424677938
1451 0.00388557393943
1452 0.00344690398903
1453 0.00286708157392
1454 0.00222189294822
1455 0.00156951066833
1456 0.000965097435219
1457 0.000437161221944
1458 2.31244184996e-05
1459 -0.000299401929233
1460 -0.000528755878944
1461 -0.000672807108161
1462 -0.000755501109055
1463 -0.000788645023013
1464 -0.000786010218561
1465 -0.000757575620815
1466 -0.000713366759573
1467 -0.000662958599168
1468 -0.000612026488172
1469 -0.000562713743589
1470 -0.000513714827644
1471 -0.000458559946151
1472 -0.000394171438755
1473 -0.000325523574929
1474 -0.000260309733047
1475 -0.000204598492321
1476 -0.000160499590924
1477 -0.000126658872681
1478 -0.000101118176705
1479 -8.13168581872e-05
1480 -6.53326153218e-05
1481 -5.19395566087e-05
1482 -4.03693938602e-05
1483 -3.02581586083e-05
1484 -2.12105610872e-05
1485 -1.32517167425e-05
1486 -6.23828485034e-06
1487 -1.32938094358e-07
1488 5.28726958395e-06
1489 9.95133014976e-06
1490 1.37352080894e-05
1491 1.69115176925e-05
1492 1.95729036342e-05
1493 2.17781983465e-05
1494 2.34668753957e-05
1495 2.47790066238e-05
1496 2.56671476248e-05
1497 2.63098452988e-05
1498 2.66771301132e-05
1499 2.6805835248e-05
1500 0.00464519201405
1501 0.00431334718467
1502 0.00374880482622
1503 0.00301793459827
1504 0.00222793142451
1505 0.00145180130984
1506 0.000759968048073
1507 0.000183209783482
1508 -0.000244391129822
1509 -0.00055723393834
1510 -0.00076038398893
1511 -0.000869522674495
1512 -0.00091415552398
1513 -0.000910322948588
1514 -0.000873430924997
1515 -0.000814512891844
1516 -0.000744106215187
1517 -0.000670806798198
1518 -0.000599986959047
1519 -0.000535349622251
1520 -0.000478451098436
1521 -0.000422433500938
1522 -0.000360996350121
1523 -0.000295262060789
1524 -0.000231435081928
1525 -0.000175541371486
1526 -0.000130865407004
1527 -9.66789677783e-05
1528 -7.13465027401e-05
1529 -5.20741246155e-05
1530 -3.67945617283e-05
1531 -2.42886116175e-05
1532 -1.36917107839e-05
1533 -4.58851367748e-06
1534 3.41528979827e-06
1535 1.03355798688e-05
1536 1.62858788166e-05
1537 2.13251552542e-05
1538 2.56887083526e-05
1539 2.93078100073e-05
1540 3.20646853447e-05
1541 3.42416021207e-05
1542 3.5953912539e-05
1543 3.72394038537e-05
1544 3.80410716409e-05
1545 3.85129526285e-05
1546 3.86022264573e-05
1547 3.84890536534e-05
1548 3.81408068277e-05
1549 3.75868830244e-05
1550 0.00523862850434
1551 0.00480427822032
1552 0.00406670786815
1553 0.00313696601185
1554 0.00216791981947
1555 0.00125000549433
1556 0.000470397796921
1557 -0.000142481077198
1558 -0.000564686160675
1559 -0.000847220835266
1560 -0.0010052685742
1561 -0.00106442710364
1562 -0.00106018306074
1563 -0.00101215433732
1564 -0.000937056212032
1565 -0.00084618757376
1566 -0.000750419296627
1567 -0.000656467613083
1568 -0.000568413436818
1569 -0.00048985306715
1570 -0.000424640937544
1571 -0.000366334807001
1572 -0.000307912360128
1573 -0.000247222662673
1574 -0.000187923914503
1575 -0.00013513211032
1576 -9.26362689691e-05
1577 -6.02653982872e-05
1578 -3.66937585367e-05
1579 -1.91325847021e-05
1580 -5.54601249846e-06
1581 5.45686385498e-06
1582 1.46406855428e-05
1583 2.23769953414e-05
1584 2.9073434398e-05
1585 3.47484979057e-05
1586 3.94579604446e-05
1587 4.32870245196e-05
1588 4.64774065574e-05
1589 4.89552555121e-05
1590 5.06019770128e-05
1591 5.16968133948e-05
1592 5.23730294109e-05
1593 5.26800537802e-05
1594 5.25572838703e-05
1595 5.21461771662e-05
1596 5.14128761318e-05
1597 5.05234342886e-05
1598 4.94543736111e-05
1599 4.82348112034e-05
1600 0.00594797146353
1601 0.0053672707359
1602 0.00438843199871
1603 0.00319581859179
1604 0.00200783320742
1605 0.000934648124082
1606 7.70540052462e-05
1607 -0.000546407729269
1608 -0.000934225509944
1609 -0.00115848677534
1610 -0.00124880474303
1611 -0.00124241384894
1612 -0.00117892908196
1613 -0.00108110293092
1614 -0.000965410168168
1615 -0.00084332066375
1616 -0.000724777575103
1617 -0.00061391348748
1618 -0.000513045394231
1619 -0.000424397721782
1620 -0.000352808768173
1621 -0.000292230260995
1622 -0.000236211063093
1623 -0.000181557812143
1624 -0.000129243912638
1625 -8.26073159797e-05
1626 -4.52597264458e-05
1627 -1.71621153333e-05
1628 2.74894910065e-06
1629 1.72275860875e-05
1630 2.8245880312e-05
1631 3.70753089185e-05
1632 4.43800787311e-05
1633 5.04112971298e-05
1634 5.55567941874e-05
1635 5.97686135195e-05
1636 6.30791466296e-05
1637 6.55817397226e-05
1638 6.7496904584e-05
1639 6.87434256006e-05
1640 6.91901320477e-05
1641 6.91740140833e-05
1642 6.87944979665e-05
1643 6.80708314218e-05
1644 6.69833157256e-05
1645 6.56617151525e-05
1646 6.40824203731e-05
1647 6.23910124364e-05
1648 6.05680777656e-05
1649 5.86403039e-05
1650 0.00680852769023
1651 0.00600992110859
1652 0.00468596310245
1653 0.00314473456932
1654 0.00169788147164
1655 0.000468896835855
1656 -0.000435604055562
1657 -0.00102510091358
1658 -0.00133743180831
1659 -0.00146853176655
1660 -0.00146668489387
1661 -0.00138019297967
1662 -0.00124991341958
1663 -0.00110035286979
1664 -0.000945619482997
1665 -0.000795886694592
1666 -0.00065955311282
1667 -0.000537269799865
1668 -0.000429362175032
1669 -0.00033636439547
1670 -0.00026294655994
1671 -0.000202363677397
1672 -0.000149580515109
1673 -0.000101195670084
1674 -5.70825310536e-05
1675 -1.8815963448e-05
1676 1.07962941206e-05
1677 3.21841418602e-05
1678 4.64835396778e-05
1679 5.64314548439e-05
1680 6.38965184724e-05
1681 6.98648860588e-05
1682 7.4835989915e-05
1683 7.88524049992e-05
1684 8.22372710106e-05
1685 8.48347010696e-05
1686 8.66417017513e-05
1687 8.77367386999e-05
1688 8.83265623864e-05
1689 8.82945147798e-05
1690 8.75597083002e-05
1691 8.63764771939e-05
1692 8.48762364084e-05
1693 8.31015608121e-05
1694 8.10404627939e-05
1695 7.88000933474e-05
1696 7.63718466833e-05
1697 7.38787043772e-05
1698 7.12910328296e-05
1699 6.86627934294e-05
1700 0.00784518482075
1701 0.00671782189735
1702 0.00490140656133
1703 0.00291188250243
1704 0.0011839830756
1705 -0.000169896361329
1706 -0.00105977443885
1707 -0.0015484114629
1708 -0.001734898716
1709 -0.00173641123443
1710 -0.00162195690247
1711 -0.00144749655566
1712 -0.00125016955304
1713 -0.00105301664918
1714 -0.000865991274614
1715 -0.000696536674524
1716 -0.000550345787725
1717 -0.000424255163765
1718 -0.000316377446513
1719 -0.000225534375672
1720 -0.000155973258765
1721 -9.92659882288e-05
1722 -5.12317165818e-05
1723 -9.52469299137e-06
1724 2.60383565904e-05
1725 5.47440007769e-05
1726 7.46930459647e-05
1727 8.72453018341e-05
1728 9.40103658709e-05
1729 9.79914586862e-05
1730 0.000100841641016
1731 0.000103298129438
1732 0.000105481690916
1733 0.000107233627486
1734 0.000108661040623
1735 0.000109518631863
1736 0.000109743446898
1737 0.00010935803594
1738 0.000108545330471
1739 0.000107192146968
1740 0.000105192524542
1741 0.000102836656055
1742 0.000100240161143
1743 9.74354993851e-05
1744 9.44104930678e-05
1745 9.12733870214e-05
1746 8.80165552193e-05
1747 8.4766572151e-05
1748 8.14809360442e-05
1749 7.81831771753e-05
1750 0.00913704752979
1751 0.00748432610296
1752 0.00493994107749
1753 0.00238120469459
1754 0.000384072449699
1755 -0.00101221783876
1756 -0.00178118010007
1757 -0.00207709939475
1758 -0.00207818357785
1759 -0.00191574722666
1760 -0.0016750864013
1761 -0.00141322816411
1762 -0.0011563674025
1763 -0.000923193359558
1764 -0.000716142995448
1765 -0.000538821175492
1766 -0.000393496695885
1767 -0.00027282613793
1768 -0.000173173135398
1769 -9.14438281891e-05
1770 -3.16238602563e-05
1771 1.64240014187e-05
1772 5.66456233889e-05
1773 9.05568936994e-05
1774 0.000117399478926
1775 0.000136266125677
1776 0.000145393723447
1777 0.000147411776444
1778 0.00014494080905
1779 0.000141601699599
1780 0.00013886129279
1781 0.000137103719339
1782 0.000136040036017
1783 0.000135241114178
1784 0.000134631332604
1785 0.000133659621684
1786 0.000132225074246
1787 0.000130307445577
1788 0.000128073132581
1789 0.000125399012262
1790 0.000122161273349
1791 0.000118650885534
1792 0.000114968356309
1793 0.000111149619486
1794 0.000107183194894
1795 0.000103178227353
1796 9.91131580739e-05
1797 9.50951657369e-05
1798 9.10882755424e-05
1799 8.71430331975e-05
1800 0.0107147664482
1801 0.00819682495265
1802 0.00461120835938
1803 0.00142062239027
1804 -0.000728000845835
1805 -0.0019956605885
1806 -0.00249163794921
1807 -0.00249635168691
1808 -0.00226881697012
1809 -0.00193115359359
1810 -0.00157349011691
1811 -0.00124419071377
1812 -0.000950171122835
1813 -0.000702197616187
1814 -0.000493967027853
1815 -0.000325064128526
1816 -0.000193739949569
1817 -8.88442862072e-05
1818 -5.72557580116e-06
1819 5.99884344484e-05
1820 0.000104596343801
1821 0.000139462446291
1822 0.000168764470201
1823 0.000193342514378
1824 0.000211541707419
1825 0.000220639012779
1826 0.000218777549034
1827 0.000209436000208
1828 0.000196695787693
1829 0.000185133409506
1830 0.000176136139684
1831 0.000169764775801
1832 0.000165242388639
1833 0.000161779680957
1834 0.000158967826789
1835 0.000156137906804
1836 0.000153095332104
1837 0.00014972689538
1838 0.000146150036371
1839 0.000142221792696
1840 0.000137882158059
1841 0.000133288239509
1842 0.000128581780153
1843 0.000123801944354
1844 0.00011894410095
1845 0.000114106446053
1846 0.000109284876542
1847 0.000104565494121
1848 9.99150715228e-05
1849 9.53778095583e-05
1850 0.0126242500186
1851 0.00862891501175
1852 0.00363208150593
1853 -8.84088541778e-05
1854 -0.00210896452471
1855 -0.00298300762857
1856 -0.00303253494665
1857 -0.00267199288141
1858 -0.00220759377466
1859 -0.00171780352049
1860 -0.00127962729517
1861 -0.000920523971972
1862 -0.000623980785789
1863 -0.00038980931257
1864 -0.000203822883676
1865 -6.13890359029e-05
1866 4.2299397828e-05
1867 0.000120687099159
1868 0.00017923752143
1869 0.000222795415837
1870 0.000247793158474
1871 0.000265862368625
1872 0.000281032154839
1873 0.000294663971069
1874 0.00030408975647
1875 0.000304223164632
1876 0.000291994185725
1877 0.000271292828055
1878 0.000247876836717
1879 0.000227570334481
1880 0.000211917113182
1881 0.000200678964229
1882 0.000192585300321
1883 0.000186427343907
1884 0.00018144417483
1885 0.000176819262277
1886 0.000172240858218
1887 0.000167508814775
1888 0.000162665155524
1889 0.000157558403564
1890 0.000152111734658
1891 0.000146515048576
1892 0.000140865102676
1893 0.000135208550006
1894 0.000129539871704
1895 0.000123957288266
1896 0.000118449005499
1897 0.000113090692053
1898 0.00010784685897
1899 0.000102756452566
1900 0.0147269722664
1901 0.00825170088819
1902 0.00166248867892
1903 -0.00210013978177
1904 -0.0035095123632
1905 -0.00367165581021
1906 -0.00315275484329
1907 -0.00243432807721
1908 -0.00179204035248
1909 -0.00122357197491
1910 -0.00077342806035
1911 -0.000440599704647
1912 -0.000186034939635
1913 9.1330187554e-07
1914 0.000139875359291
1915 0.00023767714289
1916 0.000301042269044
1917 0.000344195240712
1918 0.000371881570744
1919 0.000388900671016
1920 0.000391346865119
1921 0.000390420993391
1922 0.000389806883466
1923 0.000391141695243
1924 0.000391151371172
1925 0.000383026736411
1926 0.000361415946407
1927 0.000330027434203
1928 0.000296259970033
1929 0.000267248261197
1930 0.000244962176316
1931 0.000228885978893
1932 0.00021726336803
1933 0.00020850511627
1934 0.000201483037475
1935 0.000195202116786
1936 0.000189218449432
1937 0.000183197905152
1938 0.000177196890362
1939 0.00017103500639
1940 0.000164637461492
1941 0.000158175082686
1942 0.000151691397124
1943 0.000145253935686
1944 0.000138873107655
1945 0.000132627636551
1946 0.000126513080608
1947 0.000120593832991
1948 0.000114830411426
1949 0.000109264356468
1950 0.0163853036881
1951 0.00640902459338
1952 -0.00125140180009
1953 -0.00410109408687
1954 -0.00436563825723
1955 -0.00361669653736
1956 -0.00258833417267
1957 -0.0016630545454
1958 -0.000984873632332
1959 -0.000460157441071
1960 -8.826048245e-05
1961 0.000154323669543
1962 0.000323152846507
1963 0.000433403607898
1964 0.000505175862281
1965 0.000545306799248
1966 0.000560968875853
1967 0.000563793070135
1968 0.000557658461845
1969 0.000546255894846
1970 0.000525578716333
1971 0.000505413954173
1972 0.000488733236665
1973 0.000477588902069
1974 0.000468719583891
1975 0.000453480214909
1976 0.000424039461189
1977 0.000383249336879
1978 0.000339998012218
1979 0.000302805969226
1980 0.00027425571086
1981 0.000253634520132
1982 0.000238835754334
1983 0.000227686545369
1984 0.000218814857611
1985 0.000211036725764
1986 0.000203765713805
1987 0.000196645591034
1988 0.000189644844771
1989 0.000182570241075
1990 0.000175333276831
1991 0.000168085931831
1992 0.000160887476085
1993 0.00015377809499
1994 0.000146777231909
1995 0.000139963047364
1996 0.000133343175571
1997 0.000126945820573
1998 0.000120745202904
1999 0.000114765718002
2000 0.016547894025
2001 0.00296409214183
2002 -0.00420029029866
2003 -0.00503633593302
2004 -0.00391697266775
2005 -0.00241261918279
2006 -0.00120023268729
2007 -0.000363112569782
2008 0.00015462459872
2009 0.000496326656344
2010 0.000701373645561
2011 0.00080119576006
2012 0.000851143288473
2013 0.000865303887266
2014 0.000858856129195
2015 0.000835527554515
2016 0.000800993290252
2017 0.000763127339821
2018 0.000723727277924
2019 0.000684866376193
2020 0.000642733541236
2021 0.000604778515804
2022 0.000573230597223
2023 0.000550487578395
2024 0.000533419341115
2025 0.000511964348002
2026 0.000476072324369
2027 0.000427527845296
2028 0.00037647534272
2029 0.000332331017444
2030 0.000298405831114
2031 0.000273868209348
2032 0.000256219517934
2033 0.000243061241297
2034 0.000232658833243
2035 0.000223663567856
2036 0.000215385973006
2037 0.00020739708518
2038 0.000199587883729
2039 0.000191783723727
2040 0.000183898799622
2041 0.000176057874809
2042 0.000168298956972
2043 0.000160653126508
2044 0.000153163606574
2045 0.000145895365835
2046 0.000138861117926
2047 0.000132080468472
2048 0.000125533532308
2049 0.00011923322895
2050 0.0130062009255
2051 -0.00189039386349
2052 -0.00528729095433
2053 -0.00357447376856
2054 -0.0016433835383
2055 -7.49581204009e-05
2056 0.0007874896654
2057 0.00121175167349
2058 0.00139963462971
2059 0.00146262607765
2060 0.0014540401456
2061 0.00139329704449
2062 0.00131957460233
2063 0.00123892433086
2064 0.00115774255843
2065 0.00107606060322
2066 0.000997050540477
2067 0.000923712788284
2068 0.000855871793482
2069 0.000793768485222
2070 0.000734104660467
2071 0.000681700047122
2072 0.000638092459821
2073 0.000605881265414
2074 0.000582241941513
2075 0.000556116408324
2076 0.000515575881978
2077 0.000461252485525
2078 0.000404093991264
2079 0.000354587351641
2080 0.000316465739277
2081 0.000288897329831
2082 0.000269091889079
2083 0.000254407993269
2084 0.000242851273035
2085 0.000232939402131
2086 0.000223892020952
2087 0.000215256365766
2088 0.00020685230372
2089 0.000198519182939
2090 0.000190176293064
2091 0.000181903469904
2092 0.000173735118247
2093 0.000165712873813
2094 0.000157886891702
2095 0.000150301522223
2096 0.000142978682657
2097 0.000135924037203
2098 0.000129130075182
2099 0.000122576752853
2100 0.00589032721557
2101 -0.00562474478437
2102 -0.00255319457736
2103 0.000411321957629
2104 0.00180196639453
2105 0.00254193275258
2106 0.00267453324969
2107 0.00256215629606
2108 0.00239665116311
2109 0.00219612777399
2110 0.00200197430315
2111 0.00181328194605
2112 0.00164293060358
2113 0.00149089657283
2114 0.0013554556068
2115 0.00123285041122
2116 0.00112343908207
2117 0.00102660469398
2118 0.000939701345451
2119 0.00086197418834
2120 0.000791342546884
2121 0.000729734588266
2122 0.000678322865287
2123 0.000639927036987
2124 0.000612067000227
2125 0.000583036503635
2126 0.000539746881271
2127 0.000481892793185
2128 0.000421056129695
2129 0.000368225062506
2130 0.000327483085035
2131 0.000298035338871
2132 0.000276900229285
2133 0.000261280246282
2134 0.000249004189993
2135 0.000238546341878
2136 0.000229059152227
2137 0.000220060253008
2138 0.000211314100719
2139 0.000202668937692
2140 0.000194059872524
2141 0.000185541036505
2142 0.000177139797547
2143 0.000168892107714
2144 0.000160862150213
2145 0.000153086715534
2146 0.000145601984596
2147 0.000138371383441
2148 0.00013126254391
2149 0.000124320754026
2150 -7.06739210373e-06
2151 -0.00223508851631
2152 0.00217170402686
2153 0.00382553077251
2154 0.00409993520736
2155 0.00390937369208
2156 0.00353517046183
2157 0.00313310910835
2158 0.00279738220035
2159 0.00247939841417
2160 0.00220494634891
2161 0.0019680102198
2162 0.0017607084005
2163 0.00158158332249
2164 0.00142482101956
2165 0.00128666549101
2166 0.00116651576079
2167 0.00106090943143
2168 0.00096695585629
2169 0.000883301820994
2170 0.000809458437788
2171 0.000744996690306
2172 0.000690946428508
2173 0.000650403892252
2174 0.000621205228674
2175 0.000591309861025
2176 0.000547180701131
2177 0.000488189563793
2178 0.000426179978304
2179 0.000372320536367
2180 0.000330767452982
2181 0.000300739666954
2182 0.000279221618877
2183 0.000263351608485
2184 0.000250880046548
2185 0.000240283665659
2186 0.000230693497019
2187 0.000221619348048
2188 0.000212779309728
2189 0.000204058479585
2190 0.000195405360825
2191 0.000186851207749
2192 0.000178403758141
2193 0.00017010613033
2194 0.000162028820919
2195 0.000154196687387
2196 0.000146432596483
2197 0.000138610912013
2198 0.000131128513193
2199 0.000124377790972
2200 0.00360025714682
2201 -0.00101003243073
2202 0.00068455271117
2203 0.00221257727677
2204 0.00297351690035
2205 0.00297438655228
2206 0.00284788214674
2207 0.00264690067221
2208 0.0024444700194
2209 0.00221968476825
2210 0.00200784562352
2211 0.00182191680076
2212 0.00164910035819
2213 0.00149461037761
2214 0.00135464896725
2215 0.00123007045841
2216 0.00112105361916
2217 0.00102373571022
2218 0.000935901336476
2219 0.000856698893837
2220 0.000787821430101
2221 0.000727066626125
2222 0.000675696995894
2223 0.000637177066237
2224 0.00060963935694
2225 0.000580958493436
2226 0.000537933337714
2227 0.00048006790599
2228 0.000419468026103
2229 0.000366872064687
2230 0.000326365678442
2231 0.000297087026663
2232 0.000276129831575
2233 0.000260688624039
2234 0.000248527653565
2235 0.000238194572439
2236 0.000228838953621
2237 0.000219983081541
2238 0.000211309964316
2239 0.00020274291773
2240 0.000194261402165
2241 0.00018586912917
2242 0.000177553966243
2243 0.000169361598559
2244 0.000161065230926
2245 0.000152510245571
2246 0.000144129125292
2247 0.000136432757422
2248 0.000129599003867
2249 0.000123429241634
2250 0.0124114348174
2251 -0.0046350399277
2252 -0.00528924661124
2253 -0.00284292353641
2254 -0.000736751176925
2255 0.000326652666657
2256 0.000969775958
2257 0.00130922219489
2258 0.00146511612739
2259 0.00149592851542
2260 0.00146224269925
2261 0.00140801185661
2262 0.00132999515985
2263 0.00124475195534
2264 0.00115598774666
2265 0.00107067380967
2266 0.000992487042264
2267 0.000918974835758
2268 0.000849549918892
2269 0.000784444349153
2270 0.000728219532285
2271 0.000677325665921
2272 0.000633682166537
2273 0.000601096734975
2274 0.000577987142593
2275 0.000552477825244
2276 0.000512449707854
2277 0.000458083453811
2278 0.000401359354394
2279 0.000352218027307
2280 0.000314438912138
2281 0.000287169900293
2282 0.000267676362453
2283 0.000253320407968
2284 0.000241970470947
2285 0.000232296435504
2286 0.000223506382073
2287 0.000215152213811
2288 0.00020691196451
2289 0.000198755203468
2290 0.000190660501415
2291 0.000182586361153
2292 0.000174095733404
2293 0.000165070730777
2294 0.000156039468266
2295 0.000147632447361
2296 0.000140141740441
2297 0.000133414638541
2298 0.000127261956639
2299 0.000121520599821
2300 0.0185000524958
2301 0.00146360468743
2302 -0.00558308235502
2303 -0.00564132559727
2304 -0.00392277398258
2305 -0.00235160850181
2306 -0.0011571982696
2307 -0.000332721187201
2308 0.000193562214374
2309 0.000516187346989
2310 0.000702018141376
2311 0.000814667437137
2312 0.000862973892894
2313 0.000873204978276
2314 0.00085736196
2315 0.000829435842149
2316 0.000796067569115
2317 0.000757623984574
2318 0.000715913683488
2319 0.0006726392373
2320 0.000635055380929
2321 0.000599078085859
2322 0.000567375737178
2323 0.000543987251172
2324 0.000527463679224
2325 0.000506958730688
2326 0.000471683393897
2327 0.000423031827227
2328 0.000372513175827
2329 0.000328889209394
2330 0.000295487098932
2331 0.00027138561616
2332 0.000254195979002
2333 0.000241534496375
2334 0.000231447121958
2335 0.000222786868595
2336 0.000214858762879
2337 0.000207280102886
2338 0.000199696390331
2339 0.000191998344904
2340 0.000183713179685
2341 0.000174691491788
2342 0.000165520912794
2343 0.000156846198831
2344 0.000149016047696
2345 0.000141986974991
2346 0.000135582416668
2347 0.000129602794782
2348 0.000123972636289
2349 0.000118602407761
2350 0.0172895863317
2351 0.00699367226391
2352 -0.00160269450539
2353 -0.00471216125091
2354 -0.00480775100612
2355 -0.00380723245831
2356 -0.00268855402465
2357 -0.00172513717556
2358 -0.00100242999502
2359 -0.000474564467386
2360 -0.000108404905926
2361 0.000153823658675
2362 0.000325755633571
2363 0.000434765249437
2364 0.000497731837382
2365 0.000533214546629
2366 0.000550446629563
2367 0.000553464624624
2368 0.000545159911105
2369 0.000528903311066
2370 0.000514100599411
2371 0.000496684577676
2372 0.000480034484099
2373 0.000468390767494
2374 0.000460553672067
2375 0.000446464383267
2376 0.000417837843219
2377 0.000376895698261
2378 0.000334515393599
2379 0.000298069089479
2380 0.000270281431169
2381 0.000250291955487
2382 0.000236055144687
2383 0.000225574645166
2384 0.000217144183589
2385 0.000209841221805
2386 0.00020302689492
2387 0.000196058756934
2388 0.000188196905576
2389 0.000179584372228
2390 0.000170843751678
2391 0.000162577211848
2392 0.000154998422491
2393 0.000148082265451
2394 0.000141691168081
2395 0.000135735526744
2396 0.000130148590695
2397 0.000124785838676
2398 0.000119624372932
2399 0.000114632261702
2400 0.0146754399934
2401 0.00881769389104
2402 0.00192023525028
2403 -0.00225281642388
2404 -0.0038780242141
2405 -0.00388773911787
2406 -0.00330174517303
2407 -0.00254960005817
2408 -0.00186077813174
2409 -0.0012772992526
2410 -0.000821433759269
2411 -0.000464054833908
2412 -0.000201246062186
2413 -1.12862928392e-05
2414 0.000122219544919
2415 0.000216704108437
2416 0.000284038842476
2417 0.00032818693596
2418 0.000354189366516
2419 0.000366519830223
2420 0.000375734254333
2421 0.00037824619591
2422 0.000377960869494
2423 0.000378950706642
2424 0.00038045829505
2425 0.000374017725752
2426 0.000353609628734
2427 0.000322202993948
2428 0.000289459776694
2429 0.000261335957188
2430 0.000239930564175
2431 0.000224634478918
2432 0.000213829624291
2433 0.000205863100698
2434 0.000199110046862
2435 0.000192468039011
2436 0.00018532774926
2437 0.00017769992897
2438 0.000169994542327
2439 0.00016277273851
2440 0.000156232022153
2441 0.000150195251239
2442 0.000144409871744
2443 0.000138875027696
2444 0.000133608677925
2445 0.000128545430084
2446 0.000123673960639
2447 0.000118888064304
2448 0.00011422061353
2449 0.000109641335733
2450 0.012314273579
2451 0.00884065275754
2452 0.00389333125632
2453 -6.37866995045e-06
2454 -0.00229280545187
2455 -0.00311009398357
2456 -0.0031426526662
2457 -0.00277753950013
2458 -0.00228861890217
2459 -0.00178583065354
2460 -0.00133982630224
2461 -0.000958618980348
2462 -0.000652187153962
2463 -0.000413173479461
2464 -0.000230415203295
2465 -8.92232495505e-05
2466 1.84120814589e-05
2467 9.87946700657e-05
2468 0.000156214119801
2469 0.000195645720077
2470 0.000227943486988
2471 0.000249956967536
2472 0.000265794197985
2473 0.000279339462936
2474 0.000290452342042
2475 0.000292543554421
2476 0.000281781801998
2477 0.00026129987093
2478 0.000239247105876
2479 0.00022012697499
2480 0.000205680031051
2481 0.000195118518015
2482 0.000187166468408
2483 0.00018034157697
2484 0.000173635973574
2485 0.000167153938393
2486 0.000161160772805
2487 0.000155870715118
2488 0.000150950667854
2489 0.000146275133396
2490 0.000141839622696
2491 0.000137528191564
2492 0.000133159889997
2493 0.000128814248789
2494 0.00012453132582
2495 0.000120282535625
2496 0.000116101845483
2497 0.000111917834481
2498 0.000107795648092
2499 0.000103713406015
