0 0.00915302641201
1 0.025911650957
2 0.0192090041356
3 0.0138488647218
4 0.0103476880399
5 0.00794137854417
6 0.00626270800499
7 0.00502786094518
8 0.00411716203399
9 0.00341576836626
10 0.00286531295743
11 0.00242725760162
12 0.00207517931524
13 0.00178806168928
14 0.00155131781775
15 0.00135383102049
16 0.00118844490682
17 0.00104897851782
18 0.000930575529115
19 0.000830157151796
20 0.000743186395503
21 0.000664633894867
22 0.000586380983912
23 0.000500124564947
24 0.000409646118597
25 0.000336538461023
26 0.000298146388624
27 0.000290020103157
28 0.000294859541676
29 0.000298966252009
30 0.000296747085817
31 0.000288060805527
32 0.000274718193904
33 0.00025863438209
34 0.00024143560204
35 0.00022415183426
36 0.000207369759422
37 0.000191474418525
38 0.000176647085525
39 0.000162951935011
40 0.000150375265083
41 0.000138907792958
42 0.000128446315567
43 0.000118870555456
44 0.000110065060558
45 0.000101961983111
46 9.44916002561e-05
47 8.76482919692e-05
48 8.13604880124e-05
49 7.55931274356e-05
50 -0.0474716342746
51 -0.00748360776108
52 0.00657696449654
53 0.00841638479706
54 0.00767134738343
55 0.00650725099913
56 0.00542367585722
57 0.00450981945603
58 0.00378039276208
59 0.00318822991808
60 0.00270686990505
61 0.00231411469269
62 0.00199259252981
63 0.00172649884022
64 0.00150462447051
65 0.00131783287932
66 0.00116036634914
67 0.00102681137602
68 0.000912931657545
69 0.000815912317524
70 0.000731489811383
71 0.000654880183007
72 0.000577886400493
73 0.000492630621148
74 0.000403517464463
75 0.000332235375411
76 0.000295479539865
77 0.000288231656243
78 0.000293303251782
79 0.00029736047939
80 0.000295064767531
81 0.000286367705612
82 0.000273079594846
83 0.000257100384476
84 0.000240032361189
85 0.000222885493396
86 0.000206234560639
87 0.000190467218973
88 0.000175752203341
89 0.000162160876507
90 0.000149673132521
91 0.00013828500197
92 0.000127894950098
93 0.000118380354906
94 0.000109627617439
95 0.000101570659814
96 9.4141943762e-05
97 8.73348216716e-05
98 8.10794211015e-05
99 7.53421326311e-05
100 -0.0386437249753
101 -0.0207336046495
102 -0.00577480589451
103 0.000862507175776
104 0.00323128808732
105 0.00386033212034
106 0.00377717339374
107 0.00345032857088
108 0.00307062554662
109 0.00269904908392
110 0.00236129240068
111 0.00206431588066
112 0.00180819027991
113 0.00158800300777
114 0.00139898401956
115 0.00123615675639
116 0.00109639809411
117 0.000976204746079
118 0.000872487983706
119 0.000783227208472
120 0.000704698712133
121 0.000632394493706
122 0.00055833028196
123 0.000475472223601
124 0.000389601792027
125 0.000322540981882
126 0.000289421707897
127 0.000284061198464
128 0.000289605639906
129 0.000293551433356
130 0.000291109128223
131 0.00028241770479
132 0.000269286518704
133 0.000253569178108
134 0.0002368124472
135 0.000219987863398
136 0.000203649175047
137 0.000188171796209
138 0.000173721684239
139 0.000160367223487
140 0.000148087888998
141 0.000136884727391
142 0.00012665490207
143 0.000117278945872
144 0.000108647154564
145 0.000100696197427
146 9.33621004933e-05
147 8.66387062704e-05
148 8.04569554733e-05
149 7.4786606873e-05
150 -0.0280979453747
151 -0.0201929046625
152 -0.0106739073127
153 -0.00420285207318
154 -0.000644745421847
155 0.0011457199953
156 0.00190794336509
157 0.00216089547424
158 0.00216346294325
159 0.00205098947429
160 0.00189083796341
161 0.00171695780563
162 0.00154748793544
163 0.00138956654642
164 0.00124597582167
165 0.0011168173077
166 0.00100224239625
167 0.000901221910889
168 0.000812242991847
169 0.000734302574071
170 0.000664391221424
171 0.000598365615073
172 0.00052860001555
173 0.000449451771867
174 0.000368735378689
175 0.000308182543922
176 0.000280414422225
177 0.000277701026362
178 0.000283845235281
179 0.000287593853037
180 0.000284943762592
181 0.00027628490219
182 0.000263413771581
183 0.000248109925042
184 0.000231838958221
185 0.000215513065906
186 0.000199656787851
187 0.000184626359038
188 0.000170584511547
189 0.000157594838687
190 0.000145636930224
191 0.000134718821322
192 0.000124735384873
193 0.00011557324246
194 0.000107128150248
195 9.93408241428e-05
196 9.2153142078e-05
197 8.55591131705e-05
198 7.94914026815e-05
199 7.39250368851e-05
200 -0.0208590735696
201 -0.0169781618839
202 -0.0113606342555
203 -0.00650465042124
204 -0.00312152289594
205 -0.000968240028582
206 0.000254946071113
207 0.000914758315556
208 0.00122940438224
209 0.00135124275071
210 0.00136394458587
211 0.00131666882656
212 0.00124020389256
213 0.00115136061062
214 0.0010595275432
215 0.000969576248745
216 0.000884869225099
217 0.000806903614483
218 0.000735877642247
219 0.000671849755918
220 0.000612550017582
221 0.000554236256092
222 0.000489830148199
223 0.00041571411767
224 0.000342147577876
225 0.000290146450789
226 0.000268985891622
227 0.000269324980998
228 0.000276052773789
229 0.000279504195016
230 0.000276614119804
231 0.000268041723757
232 0.000255547709589
233 0.000240813432701
234 0.00022519857274
235 0.000209541035921
236 0.00019432763752
237 0.000179892120806
238 0.000166393222402
239 0.000153888828827
240 0.000142359339317
241 0.000131820318503
242 0.000122164414478
243 0.000113286832425
244 0.000105090787992
245 9.75220452356e-05
246 9.05301095552e-05
247 8.4108944624e-05
248 7.8193850222e-05
249 7.27672940218e-05
250 -0.015969335824
251 -0.0138625822428
252 -0.0104866401782
253 -0.0071066337449
254 -0.00435786906177
255 -0.00232658838071
256 -0.000978187402453
257 -0.000115493289473
258 0.000397906161928
259 0.000692213200566
260 0.000845613826614
261 0.000909165894849
262 0.000918680297426
263 0.000896412489551
264 0.000856231355813
265 0.000806576194249
266 0.000753207277035
267 0.000699947134002
268 0.000648399736083
269 0.000599683948629
270 0.000552056331579
271 0.000502224545268
272 0.000443887171359
273 0.000376161079241
274 0.000311683042158
275 0.000269778783608
276 0.000255814684791
277 0.000259179580022
278 0.000266327892924
279 0.000269391138212
280 0.000266277802813
281 0.000257878326931
282 0.000245894917889
283 0.000231882424014
284 0.000217083197396
285 0.000202246418683
286 0.000187819690463
287 0.000174107752909
288 0.00016126970407
289 0.00014935703582
290 0.000138348198696
291 0.000128269787065
292 0.000119012108231
293 0.000110481480413
294 0.000102589636976
295 9.52887020167e-05
296 8.85351420154e-05
297 8.23254503916e-05
298 7.65974018351e-05
299 7.13424005776e-05
300 -0.0126497001174
301 -0.0113983839815
302 -0.00925551901205
303 -0.00690489779913
304 -0.0047819833449
305 -0.00304666076018
306 -0.00176738430568
307 -0.000857048430773
308 -0.000251688231228
309 0.000144273697733
310 0.000393523021692
311 0.000540297018896
312 0.000618445115687
313 0.00065220357922
314 0.00065722186949
315 0.000644450004149
316 0.000620149091188
317 0.000590501269893
318 0.000557818422892
319 0.000524091989926
320 0.000488088338952
321 0.000446583375207
322 0.000394577362447
323 0.000334353143526
324 0.000280353706951
325 0.000249043389852
326 0.000241935895367
327 0.0002478606313
328 0.000255184108084
329 0.000257822741676
330 0.000254559877888
331 0.000246450513794
332 0.000235091655994
333 0.000221915883811
334 0.000208036315031
335 0.000194117652496
336 0.000180570463875
337 0.000167662564908
338 0.000155547484054
339 0.000144290560383
340 0.000133871923054
341 0.000124297317405
342 0.000115480708143
343 0.000107336860655
344 9.97853038168e-05
345 9.27836775127e-05
346 8.62999506199e-05
347 8.03241992272e-05
348 7.48068339313e-05
349 6.97424519557e-05
350 -0.0103201116901
351 -0.0095259556488
352 -0.00808442543667
353 -0.00640594882993
354 -0.00478436402358
355 -0.00335339837495
356 -0.00221696654373
357 -0.00134481008391
358 -0.000719827637108
359 -0.000278369874935
360 2.60211962534e-05
361 0.000228536344134
362 0.000356200793447
363 0.000433167974493
364 0.000474532677329
365 0.000492525785113
366 0.000493731364548
367 0.000484834711636
368 0.000469236284834
369 0.00044914154319
370 0.000423909924589
371 0.000390003534337
372 0.000344638750835
373 0.000292808569998
374 0.000250092064163
375 0.000229052682182
376 0.000227935422655
377 0.000235778767634
378 0.000243028737179
379 0.000245230456331
380 0.000241900294656
381 0.000234185715468
382 0.000223554422624
383 0.000211274227247
384 0.000198373210194
385 0.000185438700179
386 0.00017281579915
387 0.000160762452478
388 0.000149420237868
389 0.000138850273889
390 0.00012904658165
391 0.000120023505131
392 0.000111669956242
393 0.000103932658236
394 9.67435485632e-05
395 9.00637088701e-05
396 8.38666194917e-05
397 7.81468753501e-05
398 7.28545962567e-05
399 6.79988059562e-05
400 -0.00852706815568
401 -0.0079987583788
402 -0.00700612147083
403 -0.00580165707596
404 -0.00457441291124
405 -0.00342320102475
406 -0.00245290220437
407 -0.0016624564842
408 -0.00106099696828
409 -0.000609414859039
410 -0.00027854986974
411 -4.18518571594e-05
412 0.000120974026611
413 0.000231134106406
414 0.000302145136102
415 0.000345827081919
416 0.000369699765778
417 0.000379559290608
418 0.00037973053371
419 0.000372414111831
420 0.000357081703381
421 0.000330735773072
422 0.000292689436654
423 0.000250850526515
424 0.000220221823581
425 0.000209069827518
426 0.000213023213798
427 0.000222164352084
428 0.000229125267148
429 0.000230934650747
430 0.000227656865907
431 0.000220483258808
432 0.000210712668388
433 0.000199509614493
434 0.0001876917614
435 0.000175826578719
436 0.000164233360641
437 0.000153124609914
438 0.000142635991556
439 0.000132823878387
440 0.000123696307621
441 0.000115270901955
442 0.000107435613984
443 0.000100145868999
444 9.33517033474e-05
445 8.70266486315e-05
446 8.11495695158e-05
447 7.57089164349e-05
448 7.06697018901e-05
449 6.60444278253e-05
450 -0.00709089603146
451 -0.00672748709529
452 -0.00603737851391
453 -0.00516893332564
454 -0.00424719942651
455 -0.00333919675669
456 -0.00253486208259
457 -0.00184591047676
458 -0.00129446400283
459 -0.000858885145406
460 -0.000523478992474
461 -0.000270962678751
462 -8.62088998994e-05
463 4.7272676812e-05
464 0.000141180169629
465 0.000205824516109
466 0.000248804506062
467 0.000275334532757
468 0.000289805336342
469 0.000294184789112
470 0.000287945242449
471 0.000269186950902
472 0.000239604786491
473 0.000209412651092
474 0.000191144102251
475 0.000188887724484
476 0.000196760815562
477 0.000206579587483
478 0.000213098076411
479 0.000214640800128
480 0.000211587274502
481 0.000205142256501
482 0.000196413422733
483 0.000186428974963
484 0.000175835954853
485 0.000165181964647
486 0.000154706905544
487 0.000144632107998
488 0.000135084476649
489 0.000126107738995
490 0.000117727951306
491 0.000109953387205
492 0.00010269322885
493 9.59010493425e-05
494 8.95493946263e-05
495 8.36161022492e-05
496 7.80953850737e-05
497 7.29672355602e-05
498 6.82092116737e-05
499 6.38423151903e-05
500 -0.00594219412021
501 -0.00568615700039
502 -0.00519841066198
503 -0.00456583970906
504 -0.00387217897773
505 -0.00316259191444
506 -0.00250722336644
507 -0.00192169250115
508 -0.00143286914067
509 -0.001030015252
510 -0.000706640947746
511 -0.000452925178771
512 -0.000258507145214
513 -0.000111283811186
514 -1.79107270191e-06
515 7.84014257069e-05
516 0.000136261605997
517 0.000176465078163
518 0.000203075587191
519 0.000217526646666
520 0.000219451711405
521 0.000208411004839
522 0.000188581115811
523 0.000170739711356
524 0.000163896501286
525 0.000168722054987
526 0.000179179821194
527 0.000189134568245
528 0.000195207392458
529 0.000196672106295
530 0.000194071946451
531 0.000188533935234
532 0.000181003462074
533 0.000172349655369
534 0.000163106362303
535 0.000153728450023
536 0.000144451498697
537 0.000135480805666
538 0.000126930926795
539 0.000118845088209
540 0.000111258912435
541 0.000104174259601
542 9.75261040866e-05
543 9.12712409452e-05
544 8.53939830397e-05
545 7.98885184445e-05
546 7.47498189477e-05
547 6.99614299471e-05
548 6.5511823922e-05
549 6.14264446445e-05
550 -0.005028226457
551 -0.00484355995108
552 -0.00449097201659
553 -0.00402346491353
554 -0.00349624025936
555 -0.00294142342048
556 -0.0024109051206
557 -0.00192021499266
558 -0.00149588088079
559 -0.00113373917745
560 -0.000832444244511
561 -0.000587778759746
562 -0.000393396305089
563 -0.000240768263008
564 -0.000122558159168
565 -3.21495043527e-05
566 3.6220053364e-05
567 8.67964666253e-05
568 0.000122968130072
569 0.000145718105753
570 0.000154986007166
571 0.000152012489498
572 0.000142634549204
573 0.000136482905014
574 0.000138916773534
575 0.000148580316366
576 0.000160402712979
577 0.000170162456378
578 0.000175925555962
579 0.000177547427519
580 0.000175643444538
581 0.00017117471136
582 0.000164959851135
583 0.000157709112239
584 0.000149877869069
585 0.000141815480885
586 0.000133777442192
587 0.000125939961275
588 0.00011841085988
589 0.000111249561593
590 0.000104478203173
591 9.81030035831e-05
592 9.20850484077e-05
593 8.63893918471e-05
594 8.10071732439e-05
595 7.59501155073e-05
596 7.12064552598e-05
597 6.67748003987e-05
598 6.26511913564e-05
599 5.88596532415e-05
600 -0.00430089357353
601 -0.00416538047464
602 -0.00390407334708
603 -0.00355211566728
604 -0.00314523727841
605 -0.00270806846441
606 -0.00227830884268
607 -0.00186936712262
608 -0.00150510527548
609 -0.00118492787759
610 -0.000910499195581
611 -0.000681079763858
612 -0.000493390393632
613 -0.000341576107632
614 -0.000220242613072
615 -0.000124256374095
616 -4.92519455358e-05
617 8.68590737675e-06
618 5.20959040504e-05
619 8.16362599314e-05
620 9.77405572616e-05
621 0.000102936775512
622 0.000103519667419
623 0.000106959291763
624 0.000115910562697
625 0.000128373431071
626 0.000140683325729
627 0.00015015483475
628 0.00015584344997
629 0.000157878716808
630 0.000156870065605
631 0.000153603784476
632 0.000148760737038
633 0.000142923968317
634 0.000136507893816
635 0.000129768047923
636 0.00012296625852
637 0.000116259099637
638 0.000109744917877
639 0.000103509414941
640 9.75586945678e-05
641 9.18899580499e-05
642 8.65042312576e-05
643 8.1373906339e-05
644 7.64927815645e-05
645 7.18914830681e-05
646 6.75504278183e-05
647 6.3482223826e-05
648 5.9693518233e-05
649 5.62002846405e-05
650 -0.00371515081795
651 -0.0036137703664
652 -0.00341587232541
653 -0.00314566526944
654 -0.00282786341867
655 -0.00247988810251
656 -0.0021302332225
657 -0.00178963136056
658 -0.0014787557073
659 -0.00119846843546
660 -0.000952282357588
661 -0.000741215721792
662 -0.00056422547716
663 -0.000417434948499
664 -0.000297016068434
665 -0.000199016037232
666 -0.000120276331214
667 -5.72970394885e-05
668 -8.30407178966e-06
669 2.70452062987e-05
670 4.95284072732e-05
671 6.22026318274e-05
672 7.09815174031e-05
673 8.1161570991e-05
674 9.40388102058e-05
675 0.000107835627606
676 0.000120188762529
677 0.000129497652164
678 0.000135384172302
679 0.000138066597334
680 0.000138108030404
681 0.000136128958321
682 0.000132678972853
683 0.000128249596859
684 0.000123210310074
685 0.000117776148569
686 0.000112186944064
687 0.000106585962772
688 0.000101065283111
689 9.57327058493e-05
690 9.05850540388e-05
691 8.56174330638e-05
692 8.08534512107e-05
693 7.62841494726e-05
694 7.19065963609e-05
695 6.77592806025e-05
696 6.38228170107e-05
697 6.01180047746e-05
698 5.66673212698e-05
699 5.34749888348e-05
700 -0.00323204483581
701 -0.00315516254685
702 -0.00300251557649
703 -0.00279241032993
704 -0.00254206059884
705 -0.0022630241313
706 -0.00197750433096
707 -0.00169385290067
708 -0.00142953761638
709 -0.00118614306258
710 -0.000967809926758
711 -0.000776342779992
712 -0.000612194275832
713 -0.00047305021744
714 -0.000356246489016
715 -0.00025865855906
716 -0.000177921497835
717 -0.000111244571313
718 -5.76214768361e-05
719 -1.73265642749e-05
720 1.04495137995e-05
721 2.88795900675e-05
722 4.32563167711e-05
723 5.74388827192e-05
724 7.23165612144e-05
725 8.66220124575e-05
726 9.89369546092e-05
727 0.000108331704133
728 0.000114699409783
729 0.000118223601655
730 0.000119424938684
731 0.000118780350826
732 0.000116752261108
733 0.000113717826878
734 0.000110027890787
735 0.000105872031074
736 0.000101459317577
737 9.69316544057e-05
738 9.23898540134e-05
739 8.79314778509e-05
740 8.35626467339e-05
741 7.92924195059e-05
742 7.51410162052e-05
743 7.11224949995e-05
744 6.72525609941e-05
745 6.35582542966e-05
746 6.00275319964e-05
747 5.66932352861e-05
748 5.35831304968e-05
749 5.06956280084e-05
750 -0.00282670912963
751 -0.00276776211341
752 -0.00264834306582
753 -0.00248356848103
754 -0.00228474833001
755 -0.00205998225444
756 -0.00182629988258
757 -0.00159013649401
758 -0.00136628098831
759 -0.00115624223331
760 -0.000964122529471
761 -0.00079232939158
762 -0.000642061370133
763 -0.000511933199709
764 -0.00040009689204
765 -0.000304085800286
766 -0.0002220876139
767 -0.000152280861905
768 -9.49506932642e-05
769 -5.13768841539e-05
770 -2.06151653018e-05
771 9.47864413018e-07
772 1.8235121385e-05
773 3.43574934048e-05
774 5.01119179798e-05
775 6.46306727694e-05
776 7.70713666034e-05
777 8.6846167118e-05
778 9.3938521143e-05
779 9.84823011603e-05
780 0.000100935664534
781 0.000101652351734
782 0.000101031591516
783 9.93766294125e-05
784 9.69929261407e-05
785 9.40675718182e-05
786 9.0795430012e-05
787 8.73121851905e-05
788 8.37256682577e-05
789 8.01142472533e-05
790 7.65009575499e-05
791 7.29159800486e-05
792 6.93731737201e-05
793 6.59007272105e-05
794 6.25318049164e-05
795 5.92875589646e-05
796 5.61635160868e-05
797 5.32071017758e-05
798 5.04363479535e-05
799 4.78538324483e-05
800 -0.00248327689472
801 -0.00243706035559
802 -0.00234296477812
803 -0.00221260659206
804 -0.00205371285817
805 -0.00187201725881
806 -0.00168055614801
807 -0.00148410357896
808 -0.00129486166497
809 -0.00111433124349
810 -0.000946413602719
811 -0.000793431752507
812 -0.000656926369639
813 -0.000536031425263
814 -0.000429223105682
815 -0.000334626547537
816 -0.000251244977578
817 -0.000179111371071
818 -0.000120340075192
819 -7.6645490334e-05
820 -4.6002760823e-05
821 -2.39621826222e-05
822 -5.76550944109e-06
823 1.11406066806e-05
824 2.73499229069e-05
825 4.21598047318e-05
826 5.49967054751e-05
827 6.54193637675e-05
828 7.34084262513e-05
829 7.90936150773e-05
830 8.28399352988e-05
831 8.49029264126e-05
832 8.56360458177e-05
833 8.53107684719e-05
834 8.41749114335e-05
835 8.24301983529e-05
836 8.02524361663e-05
837 7.7773789638e-05
838 7.51060804531e-05
839 7.23122415323e-05
840 6.94338149992e-05
841 6.65105206406e-05
842 6.35631577403e-05
843 6.06336728036e-05
844 5.77559132036e-05
845 5.49560975089e-05
846 5.22390275796e-05
847 4.96562170594e-05
848 4.72254580963e-05
849 4.49461421915e-05
850 -0.00219191267946
851 -0.00215519656195
852 -0.00208055583156
853 -0.00197663268674
854 -0.00184870324852
855 -0.00170107229194
856 -0.00154363654079
857 -0.00137988488431
858 -0.0012200333708
859 -0.00106519511962
860 -0.000918639617867
861 -0.000782640514448
862 -0.000658435180525
863 -0.000545398374998
864 -0.000442256692721
865 -0.000348043864483
866 -0.000263899276843
867 -0.000192343814361
868 -0.000136437145677
869 -9.65685089217e-05
870 -6.87971704868e-05
871 -4.78791256511e-05
872 -2.96363626083e-05
873 -1.22620437404e-05
874 4.45603385912e-06
875 1.98052924097e-05
876 3.32934426594e-05
877 4.45539754653e-05
878 5.35578991632e-05
879 6.04155731491e-05
880 6.54096692744e-05
881 6.87621179203e-05
882 7.07729574514e-05
883 7.16978267082e-05
884 7.17370356577e-05
885 7.11079549084e-05
886 6.99571748664e-05
887 6.84267252989e-05
888 6.66257919737e-05
889 6.46083666566e-05
890 6.24308527245e-05
891 6.01440607949e-05
892 5.77765158937e-05
893 5.53769620379e-05
894 5.29807979646e-05
895 5.06145150301e-05
896 4.83006284374e-05
897 4.60865940627e-05
898 4.39901374094e-05
899 4.2007806396e-05
900 -0.00194581352542
901 -0.00191636116668
902 -0.0018565374632
903 -0.00177282142019
904 -0.00166884242402
905 -0.00154798469267
906 -0.00141787660228
907 -0.00128084217847
908 -0.00114516039017
909 -0.00101168645582
910 -0.000882978863081
911 -0.000760723229302
912 -0.000645904743727
913 -0.000537932005293
914 -0.000436623811152
915 -0.000343373673527
916 -0.000262118080706
917 -0.000196655717
918 -0.000148585204956
919 -0.000115373383364
920 -9.14746450912e-05
921 -7.18066344044e-05
922 -5.34108515215e-05
923 -3.53730853687e-05
924 -1.79051690076e-05
925 -1.77555041897e-06
926 1.25368779647e-05
927 2.47288901746e-05
928 3.47752266515e-05
929 4.27687683969e-05
930 4.89294710881e-05
931 5.34805329003e-05
932 5.66604887491e-05
933 5.87304636375e-05
934 5.98532517557e-05
935 6.02436716838e-05
936 6.00450194559e-05
937 5.93991138202e-05
938 5.84019103492e-05
939 5.7115353614e-05
940 5.55995012007e-05
941 5.3912542682e-05
942 5.21029476061e-05
943 5.02092682928e-05
944 4.82743350317e-05
945 4.63259794346e-05
946 4.44056670483e-05
947 4.25490627904e-05
948 4.07753964265e-05
949 3.90792165107e-05
950 -0.00173655681759
951 -0.00171256238139
952 -0.00166424485928
953 -0.0015960830576
954 -0.00151090514461
955 -0.00141109454093
956 -0.00130257117839
957 -0.00118682192951
958 -0.00107032738115
959 -0.00095347225303
960 -0.000838089263652
961 -0.00072521649425
962 -0.000615918052687
963 -0.000510846122151
964 -0.00041242252379
965 -0.00032494533515
966 -0.000253377843653
967 -0.000199814177479
968 -0.00016232170018
969 -0.000135913972667
970 -0.000114937697526
971 -9.56634909823e-05
972 -7.65528086265e-05
973 -5.75167236469e-05
974 -3.90911725415e-05
975 -2.20515994679e-05
976 -6.84975074452e-06
977 6.27160990909e-06
978 1.73050746668e-05
979 2.63441444734e-05
980 3.35610075722e-05
981 3.91890255243e-05
982 4.34201535591e-05
983 4.65152741628e-05
984 4.86168985638e-05
985 4.99344910305e-05
986 5.06061681381e-05
987 5.07681143516e-05
988 5.05067930691e-05
989 4.98956865461e-05
990 4.89994979127e-05
991 4.78720925008e-05
992 4.65830907581e-05
993 4.51691735699e-05
994 4.36679066648e-05
995 4.21204730597e-05
996 4.05774194994e-05
997 3.9064238489e-05
998 3.75986809216e-05
999 3.61760090953e-05
1000 -0.00155687552952
1001 -0.00153713378201
1002 -0.00149768235392
1003 -0.0014412903731
1004 -0.00137062813696
1005 -0.00128687800155
1006 -0.00119456810965
1007 -0.00109457247613
1008 -0.000991754745464
1009 -0.000886043954994
1010 -0.000778697751634
1011 -0.000671050638283
1012 -0.000565748437803
1013 -0.0004660939699
1014 -0.000377052383728
1015 -0.000303447524003
1016 -0.000247805996486
1017 -0.00020837092414
1018 -0.000180419823465
1019 -0.000158570003455
1020 -0.000138625116307
1021 -0.00011864857509
1022 -9.82908916078e-05
1023 -7.80577416435e-05
1024 -5.86014421607e-05
1025 -4.06572833156e-05
1026 -2.46033544186e-05
1027 -1.06299618085e-05
1028 1.27955828141e-06
1029 1.12294687059e-05
1030 1.93774792998e-05
1031 2.59396610223e-05
1032 3.1103816063e-05
1033 3.50961967874e-05
1034 3.80690001247e-05
1035 4.02176429907e-05
1036 4.16708444306e-05
1037 4.25489053238e-05
1038 4.29528429083e-05
1039 4.29558602612e-05
1040 4.2633294326e-05
1041 4.20311724375e-05
1042 4.1229342012e-05
1043 4.02685677854e-05
1044 3.918300471e-05
1045 3.80227605876e-05
1046 3.68383757272e-05
1047 3.56510187767e-05
1048 3.44757878269e-05
1049 3.33132711026e-05
1050 -0.00139782134403
1051 -0.00138131279049
1052 -0.00134820024009
1053 -0.00130028648002
1054 -0.00123991911542
1055 -0.00116725594181
1056 -0.00108573890278
1057 -0.000995674375418
1058 -0.000900809734271
1059 -0.000801238711198
1060 -0.000699056700247
1061 -0.000597369488331
1062 -0.000501199487957
1063 -0.000415596923652
1064 -0.000344920849288
1065 -0.000291033014205
1066 -0.000252363946342
1067 -0.000224441528662
1068 -0.000202244460791
1069 -0.000181925248963
1070 -0.000161252413984
1071 -0.000139778214921
1072 -0.00011793722336
1073 -9.65108182523e-05
1074 -7.61078580482e-05
1075 -5.73703335225e-05
1076 -4.0589497604e-05
1077 -2.59066337286e-05
1078 -1.32601433694e-05
1079 -2.55556889528e-06
1080 6.38564597414e-06
1081 1.37383422884e-05
1082 1.97052458321e-05
1083 2.44738580941e-05
1084 2.82086025166e-05
1085 3.10850186899e-05
1086 3.32305885584e-05
1087 3.47520545954e-05
1088 3.57603381484e-05
1089 3.63233538098e-05
1090 3.65229185206e-05
1091 3.64126546719e-05
1092 3.60635358477e-05
1093 3.55175695036e-05
1094 3.48261200013e-05
1095 3.40348399932e-05
1096 3.31896056914e-05
1097 3.23115320826e-05
1098 3.14107931073e-05
1099 3.04948497014e-05
1100 -0.00124634679621
1101 -0.00123197213033
1102 -0.00120267956926
1103 -0.00116001272528
1104 -0.00110564563948
1105 -0.00103920915127
1106 -0.00096361152811
1107 -0.000879060132633
1108 -0.000789725812089
1109 -0.00069686628593
1110 -0.000604474116357
1111 -0.000517213500679
1112 -0.000440383893165
1113 -0.000377450917456
1114 -0.000329223796547
1115 -0.00029383099233
1116 -0.000267470299969
1117 -0.00024567150875
1118 -0.000225083545028
1119 -0.000203901120266
1120 -0.000181459495224
1121 -0.000158232531851
1122 -0.000134989375115
1123 -0.000112550724148
1124 -9.13800724954e-05
1125 -7.20468617321e-05
1126 -5.47189552246e-05
1127 -3.94952697322e-05
1128 -2.62759856686e-05
1129 -1.49761250048e-05
1130 -5.39826879836e-06
1131 2.60419290623e-06
1132 9.23752065258e-06
1133 1.46661176805e-05
1134 1.90530868114e-05
1135 2.2559332008e-05
1136 2.53080915319e-05
1137 2.74061003236e-05
1138 2.89536510037e-05
1139 3.0022766852e-05
1140 3.06936424329e-05
1141 3.10344977163e-05
1142 3.10970683869e-05
1143 3.09378675558e-05
1144 3.06132787794e-05
1145 3.01677112237e-05
1146 2.96381669061e-05
1147 2.90495837401e-05
1148 2.84071502981e-05
1149 2.77258457552e-05
1150 -0.00108599710598
1151 -0.00107277204725
1152 -0.00104550070638
1153 -0.00100583053566
1154 -0.000955041022782
1155 -0.000893124228278
1156 -0.00082325631168
1157 -0.000746509775727
1158 -0.00066822666951
1159 -0.00059066007047
1160 -0.000518316796831
1161 -0.000454998473616
1162 -0.000403325608746
1163 -0.000363394057832
1164 -0.0003331158053
1165 -0.000309202608684
1166 -0.000288274788018
1167 -0.000267648383023
1168 -0.000245842574187
1169 -0.00022259986875
1170 -0.000198174280984
1171 -0.000173400123275
1172 -0.000149077186558
1173 -0.000125916171825
1174 -0.000104265601297
1175 -8.45717775727e-05
1176 -6.69128970062e-05
1177 -5.1337647382e-05
1178 -3.77313017908e-05
1179 -2.59904240381e-05
1180 -1.59348903753e-05
1181 -7.42165620836e-06
1182 -2.55277641574e-07
1183 5.7167174812e-06
1184 1.06484059863e-05
1185 1.4683240052e-05
1186 1.79481970565e-05
1187 2.05429543535e-05
1188 2.25570348744e-05
1189 2.40745629387e-05
1190 2.51729584801e-05
1191 2.59217130155e-05
1192 2.63656081556e-05
1193 2.65695210232e-05
1194 2.65851772535e-05
1195 2.64581063551e-05
1196 2.62201478238e-05
1197 2.58969160651e-05
1198 2.54945182676e-05
1199 2.50309827834e-05
1200 -0.000909886171959
1201 -0.000897935494737
1202 -0.000873446031943
1203 -0.000838279525996
1204 -0.000793844633969
1205 -0.000741225996021
1206 -0.000683855353646
1207 -0.000623707438999
1208 -0.000565846213262
1209 -0.000512100112136
1210 -0.00046522504296
1211 -0.000426448522404
1212 -0.000395597377086
1213 -0.000370857915394
1214 -0.000349679025636
1215 -0.000329631131498
1216 -0.000308932370069
1217 -0.000286578659228
1218 -0.000262416350634
1219 -0.000237020455626
1220 -0.000210964627237
1221 -0.000185109153934
1222 -0.000160143563772
1223 -0.000136638831089
1224 -0.000114817551717
1225 -9.50092022423e-05
1226 -7.72280557195e-05
1227 -6.14896850478e-05
1228 -4.7659290563e-05
1229 -3.56408243816e-05
1230 -2.52500287146e-05
1231 -1.63626808389e-05
1232 -8.79419904627e-06
1233 -2.39013108011e-06
1234 2.98136932082e-06
1235 7.45534685816e-06
1236 1.11526922155e-05
1237 1.41719648899e-05
1238 1.6593669973e-05
1239 1.85101028043e-05
1240 1.99911557819e-05
1241 2.11029318771e-05
1242 2.18952556788e-05
1243 2.24282495929e-05
1244 2.27532092017e-05
1245 2.29157364918e-05
1246 2.29436515754e-05
1247 2.28617552169e-05
1248 2.26807728544e-05
1249 2.24188685822e-05
1250 -0.000743288210487
1251 -0.000734031605116
1252 -0.000715380175133
1253 -0.000689107953833
1254 -0.000656782143818
1255 -0.00062004395764
1256 -0.000581711730152
1257 -0.000543504263544
1258 -0.000508542766353
1259 -0.000477369875957
1260 -0.000450619148203
1261 -0.000427791938682
1262 -0.000407695338728
1263 -0.000388701855178
1264 -0.000369252722834
1265 -0.000348258164074
1266 -0.000325284689619
1267 -0.000300355549669
1268 -0.000273978077849
1269 -0.000246958151237
1270 -0.000219884366474
1271 -0.000193499223386
1272 -0.000168356998472
1273 -0.000144882585099
1274 -0.000123179637324
1275 -0.000103493429668
1276 -8.57933695562e-05
1277 -7.00613165655e-05
1278 -5.61622089956e-05
1279 -4.40110122076e-05
1280 -3.3417640652e-05
1281 -2.42771603267e-05
1282 -1.64159417421e-05
1283 -9.68609558735e-06
1284 -3.97054448159e-06
1285 8.61852973959e-07
1286 4.91999881401e-06
1287 8.29845290264e-06
1288 1.10735704597e-05
1289 1.33374326245e-05
1290 1.5152394445e-05
1291 1.6581646069e-05
1292 1.76811704872e-05
1293 1.85101591665e-05
1294 1.91141762785e-05
1295 1.95381800244e-05
1296 1.980627113e-05
1297 1.99447190245e-05
1298 1.99669866771e-05
1299 1.98932357887e-05
1300 -0.000629453083123
1301 -0.000623802212141
1302 -0.000612491227209
1303 -0.000596835403133
1304 -0.00057806563317
1305 -0.000557238543077
1306 -0.000536019270472
1307 -0.000515163039814
1308 -0.000495851969631
1309 -0.000477753546209
1310 -0.000460534874409
1311 -0.000443422004572
1312 -0.000425570445675
1313 -0.000406187165051
1314 -0.000384706061669
1315 -0.000361026289205
1316 -0.00033543179865
1317 -0.000308375879761
1318 -0.00028051829405
1319 -0.000252639836286
1320 -0.000225212789649
1321 -0.000198853523285
1322 -0.000173967008761
1323 -0.000150848691652
1324 -0.000129515760212
1325 -0.000110155095583
1326 -9.27146430307e-05
1327 -7.71428611419e-05
1328 -6.33253810501e-05
1329 -5.11610631337e-05
1330 -4.04892119729e-05
1331 -3.12034774654e-05
1332 -2.31518203447e-05
1333 -1.61897196136e-05
1334 -1.02174482916e-05
1335 -5.10401438169e-06
1336 -7.52337917519e-07
1337 2.91986361083e-06
1338 5.99223365699e-06
1339 8.5504361829e-06
1340 1.06539275292e-05
1341 1.2360885177e-05
1342 1.37321815171e-05
1343 1.48229766746e-05
1344 1.56755990003e-05
1345 1.63320817997e-05
1346 1.6816056611e-05
1347 1.71533061903e-05
1348 1.73590432631e-05
1349 1.74602978283e-05
1350 -0.000583625983013
1351 -0.000580675011101
1352 -0.000574751964392
1353 -0.000566543455345
1354 -0.00055659826313
1355 -0.000545248893275
1356 -0.000533127614673
1357 -0.000520222600261
1358 -0.00050683681484
1359 -0.000492430322433
1360 -0.00047662326833
1361 -0.000458949462361
1362 -0.000439145449688
1363 -0.000417090552043
1364 -0.000392834824174
1365 -0.000366707564059
1366 -0.000339255792059
1367 -0.000311000989034
1368 -0.000282546660985
1369 -0.000254561613505
1370 -0.0002274063718
1371 -0.000201548025644
1372 -0.000177265824006
1373 -0.000154770409044
1374 -0.000134019638495
1375 -0.000115161819059
1376 -9.81125855244e-05
1377 -8.28421229227e-05
1378 -6.92241864611e-05
1379 -5.71702907972e-05
1380 -4.65279642574e-05
1381 -3.72051442422e-05
1382 -2.90574793952e-05
1383 -2.19468678653e-05
1384 -1.57936558386e-05
1385 -1.0469138926e-05
1386 -5.89109920057e-06
1387 -1.9805258964e-06
1388 1.34042643769e-06
1389 4.14333855329e-06
1390 6.49002726114e-06
1391 8.43682105708e-06
1392 1.00455581781e-05
1393 1.13645927386e-05
1394 1.24367337491e-05
1395 1.32975961209e-05
1396 1.39745303088e-05
1397 1.4490854897e-05
1398 1.48663024958e-05
1399 1.51264713299e-05
1400 -0.00058261101433
1401 -0.000580787502506
1402 -0.000577035048106
1403 -0.000571642089478
1404 -0.000564683379657
1405 -0.000556086239602
1406 -0.000545998918921
1407 -0.000534106267817
1408 -0.000520572187314
1409 -0.000504906994128
1410 -0.000486978043796
1411 -0.000466670620006
1412 -0.000444133679071
1413 -0.000419605415399
1414 -0.000393348032648
1415 -0.000365812895865
1416 -0.00033756186908
1417 -0.000309057167688
1418 -0.000280817639586
1419 -0.000253386446485
1420 -0.000226994960998
1421 -0.000201994819358
1422 -0.000178590940897
1423 -0.000156918914882
1424 -0.000136917091757
1425 -0.000118687846065
1426 -0.000102167578379
1427 -8.7313290201e-05
1428 -7.40001245539e-05
1429 -6.21514495027e-05
1430 -5.16340317697e-05
1431 -4.23593830371e-05
1432 -3.41863997499e-05
1433 -2.7001875361e-05
1434 -2.07298071637e-05
1435 -1.52581179569e-05
1436 -1.05105689296e-05
1437 -6.41495713171e-06
1438 -2.89802389693e-06
1439 1.04281302815e-07
1440 2.65577944865e-06
1441 4.8075428295e-06
1442 6.61656421532e-06
1443 8.13147515622e-06
1444 9.39355932e-06
1445 1.04328428788e-05
1446 1.12800283643e-05
1447 1.19580424867e-05
1448 1.2490940509e-05
1449 1.28971713967e-05
1450 -0.000593892070618
1451 -0.000592141882395
1452 -0.000588477244609
1453 -0.000583030064635
1454 -0.000575755586957
1455 -0.000566413967549
1456 -0.000555079589712
1457 -0.00054142274027
1458 -0.000525741494108
1459 -0.000507681446287
1460 -0.000487328633129
1461 -0.000464794013826
1462 -0.000440402885433
1463 -0.000414511205783
1464 -0.000387425085621
1465 -0.000359572843194
1466 -0.000331495419194
1467 -0.00030355974202
1468 -0.000276171504683
1469 -0.000249775794802
1470 -0.000224485581545
1471 -0.000200600019091
1472 -0.00017826091877
1473 -0.000157569416688
1474 -0.000138415150837
1475 -0.000120927245179
1476 -0.000105030372911
1477 -9.06769783672e-05
1478 -7.77474049454e-05
1479 -6.61870064069e-05
1480 -5.58769132584e-05
1481 -4.67122846504e-05
1482 -3.858089581e-05
1483 -3.13826023032e-05
1484 -2.50514138466e-05
1485 -1.94871560669e-05
1486 -1.46253314921e-05
1487 -1.03953198437e-05
1488 -6.72879665518e-06
1489 -3.56486588675e-06
1490 -8.48203017551e-07
1491 1.47343534283e-06
1492 3.45007152332e-06
1493 5.13098846821e-06
1494 6.55495997666e-06
1495 7.7494718852e-06
1496 8.74653110737e-06
1497 9.56887640438e-06
1498 1.0240331187e-05
1499 1.07793266185e-05
1500 -0.000597861361217
1501 -0.0005958234115
1502 -0.000591557528206
1503 -0.000585196829207
1504 -0.00057669854798
1505 -0.000565859101849
1506 -0.000552811436497
1507 -0.000537315222422
1508 -0.000519831271407
1509 -0.000500080598922
1510 -0.00047829669799
1511 -0.000454694318111
1512 -0.00042965408346
1513 -0.000403543455452
1514 -0.000376653850944
1515 -0.000349411037419
1516 -0.000322251305446
1517 -0.000295459099726
1518 -0.000269355833678
1519 -0.000244284668133
1520 -0.000220329746898
1521 -0.000197724801874
1522 -0.000176559893714
1523 -0.000156925359787
1524 -0.000138727283731
1525 -0.000122060781364
1526 -0.000106849029505
1527 -9.30567149786e-05
1528 -8.05833676821e-05
1529 -6.93811359585e-05
1530 -5.93096842066e-05
1531 -5.03113933712e-05
1532 -4.22720444942e-05
1533 -3.51134391223e-05
1534 -2.87770463761e-05
1535 -2.31770657075e-05
1536 -1.82488991157e-05
1537 -1.39301192107e-05
1538 -1.01558843718e-05
1539 -6.87298224484e-06
1540 -4.02894248116e-06
1541 -1.57346977147e-06
1542 5.42349414756e-07
1543 2.36130652542e-06
1544 3.92146440273e-06
1545 5.24987317471e-06
1546 6.37747093437e-06
1547 7.32648191508e-06
1548 8.11819668454e-06
1549 8.77161540513e-06
1550 -0.000588817719362
1551 -0.00058651179226
1552 -0.00058172094224
1553 -0.000574624822477
1554 -0.000565209568202
1555 -0.000553371155975
1556 -0.000539288870359
1557 -0.000522808547452
1558 -0.000504516094847
1559 -0.000484171925655
1560 -0.000462091767073
1561 -0.000438513738428
1562 -0.000413840732568
1563 -0.000388445223635
1564 -0.000362565622652
1565 -0.000336569179596
1566 -0.000310820584388
1567 -0.000285521455844
1568 -0.000260958751779
1569 -0.000237417069756
1570 -0.000214920497795
1571 -0.000193669058703
1572 -0.000173757801976
1573 -0.000155257789486
1574 -0.000138059778354
1575 -0.000122255975842
1576 -0.000107776970781
1577 -9.46040845813e-05
1578 -8.26322356502e-05
1579 -7.18104851215e-05
1580 -6.20261512227e-05
1581 -5.32342030696e-05
1582 -4.53361096226e-05
1583 -3.82634154577e-05
1584 -3.19701779645e-05
1585 -2.63755822422e-05
1586 -2.1423351912e-05
1587 -1.70539819315e-05
1588 -1.32111281644e-05
1589 -9.84792417121e-06
1590 -6.91076124619e-06
1591 -4.35384675832e-06
1592 -2.1310572029e-06
1593 -2.00095145221e-07
1594 1.47319211729e-06
1595 2.91567638184e-06
1596 4.15525088521e-06
1597 5.21447658772e-06
1598 6.11231090212e-06
1599 6.86673556077e-06
1600 -0.000568314315856
1601 -0.000565877678184
1602 -0.000560864116011
1603 -0.000553465497249
1604 -0.000543729175905
1605 -0.000531611270511
1606 -0.000517311401337
1607 -0.000500758405048
1608 -0.00048257965604
1609 -0.000462582740186
1610 -0.000441116080748
1611 -0.0004184094797
1612 -0.000394845042512
1613 -0.000370782336237
1614 -0.00034641619913
1615 -0.000322040230585
1616 -0.000297960941654
1617 -0.00027436662775
1618 -0.000251483662999
1619 -0.000229544738733
1620 -0.000208567758605
1621 -0.000188730415047
1622 -0.000170106089023
1623 -0.000152758800965
1624 -0.000136585375807
1625 -0.000121664725737
1626 -0.00010795614773
1627 -9.54247331437e-05
1628 -8.39704388147e-05
1629 -7.35567010938e-05
1630 -6.40934805467e-05
1631 -5.55432428224e-05
1632 -4.78244261017e-05
1633 -4.08789218134e-05
1634 -3.46698986259e-05
1635 -2.91208781397e-05
1636 -2.41795033517e-05
1637 -1.97977460105e-05
1638 -1.59277275984e-05
1639 -1.25185065625e-05
1640 -9.51990077317e-06
1641 -6.88993488816e-06
1642 -4.58438132902e-06
1643 -2.56288952836e-06
1644 -7.96596832105e-07
1645 7.41889075073e-07
1646 2.07688170171e-06
1647 3.23136383843e-06
1648 4.22336841681e-06
1649 5.0695423746e-06
1650 -0.000540110374077
1651 -0.000537696593595
1652 -0.000532741868951
1653 -0.000525421314837
1654 -0.00051588463211
1655 -0.000504057225284
1656 -0.000490190887398
1657 -0.000474259455048
1658 -0.000456859847492
1659 -0.000437864900045
1660 -0.000417594725292
1661 -0.00039627131706
1662 -0.000374218654077
1663 -0.000351810587089
1664 -0.000329182898578
1665 -0.000306605869165
1666 -0.000284326317939
1667 -0.00026250081598
1668 -0.00024132789261
1669 -0.000221013141587
1670 -0.000201569169833
1671 -0.000183144598786
1672 -0.000165808064889
1673 -0.000149605285181
1674 -0.000134454073832
1675 -0.000120438190651
1676 -0.000107497965748
1677 -9.55998661955e-05
1678 -8.46700969238e-05
1679 -7.46847241257e-05
1680 -6.5566139115e-05
1681 -5.72887562198e-05
1682 -4.97826270578e-05
1683 -4.30028597322e-05
1684 -3.69125798122e-05
1685 -3.14414225619e-05
1686 -2.65456832458e-05
1687 -2.21928816888e-05
1688 -1.83217732227e-05
1689 -1.48942551556e-05
1690 -1.18609613249e-05
1691 -9.17957782788e-06
1692 -6.81204105315e-06
1693 -4.72089222964e-06
1694 -2.88017646253e-06
1695 -1.26372590891e-06
1696 1.50740141297e-07
1697 1.38517976148e-06
1698 2.45728860253e-06
1699 3.38350037957e-06
1700 -0.000507702537169
1701 -0.000505403433781
1702 -0.000500694370991
1703 -0.000493736541924
1704 -0.000484737111743
1705 -0.000473573551725
1706 -0.000460553591025
1707 -0.000445648044529
1708 -0.000429420015188
1709 -0.000411782370652
1710 -0.000393001122517
1711 -0.000373306879639
1712 -0.000352984790016
1713 -0.000332373924604
1714 -0.000311578259864
1715 -0.000290840699296
1716 -0.000270373586922
1717 -0.000250308396884
1718 -0.000230835954473
1719 -0.000212125492813
1720 -0.000194182494965
1721 -0.000177132218713
1722 -0.00016103866528
1723 -0.000145965098113
1724 -0.000131825432805
1725 -0.000118682201596
1726 -0.000106479934351
1727 -9.52114303781e-05
1728 -8.48107279652e-05
1729 -7.52643725826e-05
1730 -6.65095933843e-05
1731 -5.85308669669e-05
1732 -5.12683952366e-05
1733 -4.46838110363e-05
1734 -3.8737839939e-05
1735 -3.33753577406e-05
1736 -2.85625458648e-05
1737 -2.42589275052e-05
1738 -2.04172010969e-05
1739 -1.6996176105e-05
1740 -1.394766996e-05
1741 -1.12360192048e-05
1742 -8.82570212711e-06
1743 -6.68343803725e-06
1744 -4.7857801204e-06
1745 -3.10772944326e-06
1746 -1.62838445254e-06
1747 -3.26659938724e-07
1748 8.1439387372e-07
1749 1.80922276642e-06
1750 -0.000473758325345
1751 -0.000471610916574
1752 -0.000467248575968
1753 -0.00046083622001
1754 -0.000452517518518
1755 -0.000442216556122
1756 -0.000430233807464
1757 -0.000416532521763
1758 -0.000401657564071
1759 -0.000385508502165
1760 -0.000368344077977
1761 -0.000350365683904
1762 -0.000331837541292
1763 -0.000313036028407
1764 -0.000294060481488
1765 -0.00027512510282
1766 -0.00025643700071
1767 -0.000238090551103
1768 -0.000220258017559
1769 -0.000203086163437
1770 -0.000186572293607
1771 -0.000170841748419
1772 -0.000155965920703
1773 -0.000141982755458
1774 -0.000128795132271
1775 -0.000116474930499
1776 -0.000104993154469
1777 -9.43370459858e-05
1778 -8.44643064142e-05
1779 -7.536400544e-05
1780 -6.69879639012e-05
1781 -5.93296138667e-05
1782 -5.23353286771e-05
1783 -4.59587283612e-05
1784 -4.01829771263e-05
1785 -3.49574968815e-05
1786 -3.02530792327e-05
1787 -2.60285058432e-05
1788 -2.22384363783e-05
1789 -1.88437589957e-05
1790 -1.58008932045e-05
1791 -1.30763617516e-05
1792 -1.06396433465e-05
1793 -8.46349469999e-06
1794 -6.52464403765e-06
1795 -4.79956462282e-06
1796 -3.26782489268e-06
1797 -1.9092220279e-06
1798 -7.08969899077e-07
1799 3.44894901241e-07
1800 -0.000440116285621
1801 -0.000438144528064
1802 -0.000434173744026
1803 -0.000428365672774
1804 -0.000420774369872
1805 -0.00041140561122
1806 -0.000400525988679
1807 -0.000388080778295
1808 -0.000374596923567
1809 -0.000359944519343
1810 -0.000344386731447
1811 -0.000328079109237
1812 -0.000311275170451
1813 -0.00029421752669
1814 -0.000276996908453
1815 -0.000259788647802
1816 -0.000242794269081
1817 -0.000226063581403
1818 -0.000209776604076
1819 -0.000194050516855
1820 -0.000178901092583
1821 -0.000164437310849
1822 -0.000150694302554
1823 -0.000137713152484
1824 -0.00012541761354
1825 -0.000113890142499
1826 -0.000103096592341
1827 -9.30430846422e-05
1828 -8.36920642796e-05
1829 -7.50444208082e-05
1830 -6.70636601935e-05
1831 -5.97391741676e-05
1832 -5.30188664783e-05
1833 -4.68719423107e-05
1834 -4.12918482744e-05
1835 -3.62298700975e-05
1836 -3.16534346611e-05
1837 -2.75271674905e-05
1838 -2.38050982354e-05
1839 -2.04511770635e-05
1840 -1.74276087423e-05
1841 -1.470638906e-05
1842 -1.22604492697e-05
1843 -1.00657348503e-05
1844 -8.0993658284e-06
1845 -6.33830436874e-06
1846 -4.7648096478e-06
1847 -3.36058909487e-06
1848 -2.11265913773e-06
1849 -1.00928614024e-06
1850 -0.000407688417719
1851 -0.000405908932332
1852 -0.000402332862699
1853 -0.000397114690545
1854 -0.000390250704308
1855 -0.000381813850543
1856 -0.000372018138466
1857 -0.000360793427373
1858 -0.000348646973899
1859 -0.000335436048286
1860 -0.000321418788879
1861 -0.000306709051922
1862 -0.000291553974704
1863 -0.000276149740448
1864 -0.000260585206418
1865 -0.000244994318308
1866 -0.000229570358338
1867 -0.000214352736016
1868 -0.000199518876064
1869 -0.00018515973235
1870 -0.000171285202712
1871 -0.000157976766719
1872 -0.000145274347217
1873 -0.000133234926049
1874 -0.000121782600865
1875 -0.000111000895624
1876 -0.00010087230084
1877 -9.14012953085e-05
1878 -8.25704182499e-05
1879 -7.43811249526e-05
1880 -6.67977025256e-05
1881 -5.98082242799e-05
1882 -5.33737379311e-05
1883 -4.74798674399e-05
1884 -4.21156051459e-05
1885 -3.72330510643e-05
1886 -3.28009767673e-05
1887 -2.87864390128e-05
1888 -2.51429346348e-05
1889 -2.18416654546e-05
1890 -1.8848983508e-05
1891 -1.6144688001e-05
1892 -1.37040385963e-05
1893 -1.15028868751e-05
1894 -9.51947262482e-06
1895 -7.73365320861e-06
1896 -6.12850781682e-06
1897 -4.68795577235e-06
1898 -3.40072967637e-06
1899 -2.25569125174e-06
1900 -0.00037697269684
1901 -0.000375398768278
1902 -0.000372189931302
1903 -0.000367519186968
1904 -0.000361361499752
1905 -0.000353819330235
1906 -0.00034504178926
1907 -0.000334982254133
1908 -0.000324103789964
1909 -0.000312253306062
1910 -0.000299674969699
1911 -0.000286463836747
1912 -0.000272832848403
1913 -0.000258956201792
1914 -0.000244914171709
1915 -0.000230826757939
1916 -0.000216862982349
1917 -0.000203070471229
1918 -0.000189583126902
1919 -0.00017646532927
1920 -0.000163740344041
1921 -0.000151488559331
1922 -0.000139754509541
1923 -0.000128586740446
1924 -0.000117931259821
1925 -0.000107861629541
1926 -9.83740936137e-05
1927 -8.94796918227e-05
1928 -8.11645556658e-05
1929 -7.34270024086e-05
1930 -6.62327579788e-05
1931 -5.95844528676e-05
1932 -5.345532795e-05
1933 -4.78330377629e-05
1934 -4.2696867919e-05
1935 -3.8003866742e-05
1936 -3.37258867061e-05
1937 -2.98249076064e-05
1938 -2.62676004244e-05
1939 -2.30283774182e-05
1940 -2.00803183871e-05
1941 -1.74061862967e-05
1942 -1.49820753768e-05
1943 -1.27844975904e-05
1944 -1.07943782535e-05
1945 -8.99150862499e-06
1946 -7.36362923217e-06
1947 -5.89642452551e-06
1948 -4.57840209261e-06
1949 -3.40102169358e-06
1950 -0.000348332257314
1951 -0.000346949766911
1952 -0.000344092023581
1953 -0.00033991390186
1954 -0.000334425243035
1955 -0.000327712826719
1956 -0.000319870403632
1957 -0.000310899322319
1958 -0.000301179555494
1959 -0.000290579230636
1960 -0.000279314499065
1961 -0.000267469400123
1962 -0.000255223797764
1963 -0.000242748117402
1964 -0.000230115776869
1965 -0.000217412819951
1966 -0.000204781507207
1967 -0.000192260702543
1968 -0.000179965952893
1969 -0.000167970956373
1970 -0.000156297504859
1971 -0.000145013430358
1972 -0.000134172914378
1973 -0.000123822344799
1974 -0.000113914263163
1975 -0.000104530414112
1976 -9.56671756682e-05
1977 -8.73367040757e-05
1978 -7.95175908996e-05
1979 -7.22198717733e-05
1980 -6.54195703962e-05
1981 -5.91303008826e-05
1982 -5.33214171832e-05
1983 -4.79739711994e-05
1984 -4.30711113203e-05
1985 -3.85700120639e-05
1986 -3.44429788151e-05
1987 -3.06629736118e-05
1988 -2.7198562379e-05
1989 -2.4031908067e-05
1990 -2.11403995943e-05
1991 -1.85058611906e-05
1992 -1.61062684033e-05
1993 -1.39195121982e-05
1994 -1.19280150279e-05
1995 -1.01163878312e-05
1996 -8.47441445249e-06
1997 -6.98830894546e-06
1998 -5.6491944929e-06
1999 -4.44814945742e-06
2000 -0.000321830622976
2001 -0.000320620791575
2002 -0.000318079043671
2003 -0.000314345239246
2004 -0.000309474276503
2005 -0.000303501361086
2006 -0.000296512800615
2007 -0.000288527216335
2008 -0.000279848724479
2009 -0.000270381207072
2010 -0.000260315420504
2011 -0.0002497270185
2012 -0.000238750601857
2013 -0.000227547683404
2014 -0.00021617266786
2015 -0.000204695551247
2016 -0.00019324208328
2017 -0.00018185948278
2018 -0.000170648343238
2019 -0.000159675318764
2020 -0.000148958725937
2021 -0.000138573087326
2022 -0.000128564905209
2023 -0.000118984362587
2024 -0.00010979456022
2025 -0.000101072929372
2026 -9.2811057325e-05
2027 -8.50166937329e-05
2028 -7.76811346023e-05
2029 -7.08218026555e-05
2030 -6.44260399407e-05
2031 -5.84987983265e-05
2032 -5.30060327241e-05
2033 -4.79331008658e-05
2034 -4.3258744351e-05
2035 -3.8945823169e-05
2036 -3.49724323933e-05
2037 -3.13150773456e-05
2038 -2.79509659827e-05
2039 -2.48676055729e-05
2040 -2.20404334193e-05
2041 -1.94530673847e-05
2042 -1.70844610161e-05
2043 -1.49138108916e-05
2044 -1.29294764848e-05
2045 -1.11168219214e-05
2046 -9.46784364847e-06
2047 -7.97147699418e-06
2048 -6.62008143431e-06
2049 -5.40288946195e-06
2050 -0.000297471748073
2051 -0.000296414808217
2052 -0.000294144604853
2053 -0.000290825711617
2054 -0.000286509610683
2055 -0.000281198517846
2056 -0.000274987783955
2057 -0.000267891552381
2058 -0.000260162029849
2059 -0.000251726452329
2060 -0.00024273230222
2061 -0.000233255181487
2062 -0.000223402438189
2063 -0.000213309682829
2064 -0.000203034815755
2065 -0.000192650440233
2066 -0.000182256416186
2067 -0.000171883728417
2068 -0.000161649396237
2069 -0.000151608892651
2070 -0.000141774771552
2071 -0.000132218409926
2072 -0.000122993622722
2073 -0.000114148049422
2074 -0.000105642622125
2075 -9.75440861345e-05
2076 -8.98456090673e-05
2077 -8.25676309458e-05
2078 -7.57118420055e-05
2079 -6.92977409267e-05
2080 -6.33035708659e-05
2081 -5.77288970666e-05
2082 -5.25458875094e-05
2083 -4.77363887545e-05
2084 -4.32819977777e-05
2085 -3.91515699615e-05
2086 -3.53288817608e-05
2087 -3.17986956971e-05
2088 -2.85434286664e-05
2089 -2.55489871716e-05
2090 -2.27902456705e-05
2091 -2.02527412695e-05
2092 -1.79175033057e-05
2093 -1.57697522361e-05
2094 -1.37980087738e-05
2095 -1.1992470364e-05
2096 -1.03465127164e-05
2097 -8.85059030223e-06
2098 -7.4951707193e-06
2099 -6.26848730264e-06
2100 -0.000275268969363
2101 -0.00027433816194
2102 -0.000272315715063
2103 -0.000269382312399
2104 -0.000265548715362
2105 -0.000260825733344
2106 -0.000255295466229
2107 -0.00024897014617
2108 -0.000242066970691
2109 -0.000234520161708
2110 -0.000226451799038
2111 -0.000217939737973
2112 -0.000209074558962
2113 -0.000199977300837
2114 -0.00019068232954
2115 -0.000181265199274
2116 -0.000171818191996
2117 -0.000162370541648
2118 -0.000153017902185
2119 -0.000143823145308
2120 -0.0001348064353
2121 -0.000126030394556
2122 -0.000117539914054
2123 -0.000109377818122
2124 -0.000101503602044
2125 -9.39862614265e-05
2126 -8.68336015687e-05
2127 -8.00674083353e-05
2128 -7.36885342039e-05
2129 -6.7701617842e-05
2130 -6.20913985931e-05
2131 -5.68547049641e-05
2132 -5.19623780334e-05
2133 -4.73995164145e-05
2134 -4.31548587432e-05
2135 -3.92021105178e-05
2136 -3.55325614771e-05
2137 -3.21357175576e-05
2138 -2.89918035026e-05
2139 -2.60862020377e-05
2140 -2.33960467016e-05
2141 -2.09088856154e-05
2142 -1.86118251188e-05
2143 -1.64919191158e-05
2144 -1.45416201784e-05
2145 -1.27513209279e-05
2146 -1.11175386677e-05
2147 -9.62907139185e-06
2148 -8.27508015712e-06
2149 -7.04407612855e-06
2150 -0.000255051389183
2151 -0.000254210616554
2152 -0.00025241163606
2153 -0.000249807964106
2154 -0.000246382559128
2155 -0.000242163921318
2156 -0.000237213821026
2157 -0.000231552951694
2158 -0.000225373724547
2159 -0.000218603559296
2160 -0.000211354912559
2161 -0.000203689357437
2162 -0.000195686308595
2163 -0.000187463553881
2164 -0.000179044212154
2165 -0.00017049957496
2166 -0.000161904650915
2167 -0.000153300438512
2168 -0.000144766048013
2169 -0.000136364037132
2170 -0.000128102072897
2171 -0.000120045156318
2172 -0.000112228004548
2173 -0.000104691692901
2174 -9.7412456404e-05
2175 -9.04621688104e-05
2176 -8.38393058799e-05
2177 -7.75692511652e-05
2178 -7.1642444528e-05
2179 -6.60622011396e-05
2180 -6.08130933357e-05
2181 -5.58877453012e-05
2182 -5.1266223673e-05
2183 -4.69371429565e-05
2184 -4.28929688122e-05
2185 -3.91176317976e-05
2186 -3.56043256681e-05
2187 -3.23392807082e-05
2188 -2.930422409e-05
2189 -2.64865266147e-05
2190 -2.38647407695e-05
2191 -2.14318944085e-05
2192 -1.91778072286e-05
2193 -1.70919996172e-05
2194 -1.5169480368e-05
2195 -1.3403747958e-05
2196 -1.17892745845e-05
2197 -1.03136844146e-05
2198 -8.96582461694e-06
2199 -7.73476335104e-06
2200 -0.000236496056154
2201 -0.000235725565269
2202 -0.000234125111535
2203 -0.000231803806257
2204 -0.000228734398838
2205 -0.000224962977806
2206 -0.000220527005918
2207 -0.000215446699689
2208 -0.000209900444499
2209 -0.000203810219647
2210 -0.000197286936559
2211 -0.00019037182306
2212 -0.000183139779916
2213 -0.000175699670933
2214 -0.000168064120899
2215 -0.000160309962065
2216 -0.000152499861952
2217 -0.000144670334595
2218 -0.000136895044992
2219 -0.000129220199518
2220 -0.000121654252392
2221 -0.000114253563396
2222 -0.000107063584061
2223 -0.000100129736853
2224 -9.34305596801e-05
2225 -8.70248613477e-05
2226 -8.0912408767e-05
2227 -7.51034368169e-05
2228 -6.96002191108e-05
2229 -6.43917958631e-05
2230 -5.94734173329e-05
2231 -5.48379822319e-05
2232 -5.04689704107e-05
2233 -4.63623270797e-05
2234 -4.25176441489e-05
2235 -3.89197597405e-05
2236 -3.55585262836e-05
2237 -3.24216723052e-05
2238 -2.94919228312e-05
2239 -2.6759335082e-05
2240 -2.42080824107e-05
2241 -2.18316071242e-05
2242 -1.96244852984e-05
2243 -1.75797095028e-05
2244 -1.56943584762e-05
2245 -1.39607192753e-05
2246 -1.23706033506e-05
2247 -1.09127886978e-05
2248 -9.57432001905e-06
2249 -8.3488688603e-06
2250 -0.000219368726692
2251 -0.000218668295316
2252 -0.000217241326308
2253 -0.000215159636443
2254 -0.000212403981193
2255 -0.000209030539518
2256 -0.000205055838452
2257 -0.00020049103325
2258 -0.000195506019353
2259 -0.000190022312845
2260 -0.000184143160407
2261 -0.000177899906964
2262 -0.000171366431973
2263 -0.000164640556247
2264 -0.00015773091468
2265 -0.000150702859349
2266 -0.000143615310275
2267 -0.000136489344937
2268 -0.0001293998863
2269 -0.000122381015984
2270 -0.000115461117006
2271 -0.000108685678652
2272 -0.000102103326112
2273 -9.57486479797e-05
2274 -8.95914543789e-05
2275 -8.36980417976e-05
2276 -7.80559153236e-05
2277 -7.26797864387e-05
2278 -6.7560643583e-05
2279 -6.26969804889e-05
2280 -5.8080744704e-05
2281 -5.37135155754e-05
2282 -4.95853034946e-05
2283 -4.569856901e-05
2284 -4.20495545745e-05
2285 -3.86211747046e-05
2286 -3.54047825952e-05
2287 -3.23886024449e-05
2288 -2.95593133053e-05
2289 -2.69112898155e-05
2290 -2.44301321039e-05
2291 -2.21149023209e-05
2292 -1.99629839191e-05
2293 -1.79691342474e-05
2294 -1.61287566703e-05
2295 -1.44319011041e-05
2296 -1.28700819313e-05
2297 -1.14298258884e-05
2298 -1.01057861659e-05
2299 -8.89168721286e-06
2300 -0.000203553455671
2301 -0.000202920797881
2302 -0.000201647695805
2303 -0.000199767214146
2304 -0.000197289047448
2305 -0.000194266378217
2306 -0.000190697691358
2307 -0.000186594720051
2308 -0.000182112779161
2309 -0.000177176485224
2310 -0.000171884442581
2311 -0.000166256853324
2312 -0.000160362993636
2313 -0.00015428210147
2314 -0.000148026513345
2315 -0.000141647915889
2316 -0.000135203279632
2317 -0.000128716627358
2318 -0.000122261756728
2319 -0.000115868836134
2320 -0.000109566176134
2321 -0.000103389180361
2322 -9.73795795465e-05
2323 -9.15629127339e-05
2324 -8.59159222705e-05
2325 -8.04930040918e-05
2326 -7.52815975726e-05
2327 -7.02920904515e-05
2328 -6.55222471614e-05
2329 -6.09715876021e-05
2330 -5.66379242692e-05
2331 -5.25284394181e-05
2332 -4.86360476947e-05
2333 -4.49608106003e-05
2334 -4.14958164022e-05
2335 -3.82269853123e-05
2336 -3.51463685837e-05
2337 -3.22448320088e-05
2338 -2.95131587376e-05
2339 -2.69488044157e-05
2340 -2.45415965208e-05
2341 -2.2295086109e-05
2342 -2.02072656012e-05
2343 -1.82710402343e-05
2344 -1.64792315811e-05
2345 -1.48212302875e-05
2346 -1.3287684536e-05
2347 -1.18705713628e-05
2348 -1.05677427887e-05
2349 -9.36913219751e-06
2350 -0.000188936149308
2351 -0.000188364478849
2352 -0.000187229417711
2353 -0.000185540734644
2354 -0.00018331861086
2355 -0.000180610855522
2356 -0.000177413276575
2357 -0.000173728191756
2358 -0.000169703319996
2359 -0.00016526199503
2360 -0.000160495952956
2361 -0.00015542034571
2362 -0.000150097453399
2363 -0.000144593486897
2364 -0.000138922191747
2365 -0.000133135723399
2366 -0.000127292103376
2367 -0.000121410580915
2368 -0.000115559149004
2369 -0.000109757343507
2370 -0.000104028754638
2371 -9.84034301882e-05
2372 -9.29188523208e-05
2373 -8.75958056798e-05
2374 -8.24119640701e-05
2375 -7.74071034774e-05
2376 -7.25793799422e-05
2377 -6.79375090132e-05
2378 -6.34846342905e-05
2379 -5.92252879283e-05
2380 -5.51603885842e-05
2381 -5.1300735613e-05
2382 -4.76316073348e-05
2383 -4.41537378723e-05
2384 -4.08602384737e-05
2385 -3.77389434219e-05
2386 -3.47846193055e-05
2387 -3.19933783719e-05
2388 -2.93592794088e-05
2389 -2.68831492538e-05
2390 -2.45581467306e-05
2391 -2.23874607875e-05
2392 -2.03696427827e-05
2393 -1.84936645178e-05
2394 -1.67516180927e-05
2395 -1.51318542725e-05
2396 -1.36310015354e-05
2397 -1.22438849895e-05
2398 -1.09637431823e-05
2399 -9.78409349511e-06
2400 -0.00017547957636
2401 -0.000174970098337
2402 -0.000173951745001
2403 -0.000172443827848
2404 -0.000170455867254
2405 -0.000168024641336
2406 -0.000165157320643
2407 -0.000161841960133
2408 -0.000158221423384
2409 -0.000154222967475
2410 -0.000149922316159
2411 -0.000145345291978
2412 -0.000140542021078
2413 -0.000135572546873
2414 -0.000130460799369
2415 -0.000125236648147
2416 -0.000119958488903
2417 -0.00011464049748
2418 -0.00010934035793
2419 -0.000104076541066
2420 -9.88693583768e-05
2421 -9.37421593295e-05
2422 -8.87255899854e-05
2423 -8.38370816174e-05
2424 -7.90590181549e-05
2425 -7.442945551e-05
2426 -6.99469652837e-05
2427 -6.56234363497e-05
2428 -6.14658179966e-05
2429 -5.74859243247e-05
2430 -5.36785485109e-05
2431 -5.00472239226e-05
2432 -4.65823709773e-05
2433 -4.3283700512e-05
2434 -4.01450816607e-05
2435 -3.71605331631e-05
2436 -3.4327976271e-05
2437 -3.16457177558e-05
2438 -2.91113382572e-05
2439 -2.67291846134e-05
2440 -2.44931860619e-05
2441 -2.2405029673e-05
2442 -2.04583071449e-05
2443 -1.86416475524e-05
2444 -1.69478162267e-05
2445 -1.53705196195e-05
2446 -1.39076015706e-05
2447 -1.25520868094e-05
2448 -1.1298709661e-05
2449 -1.01424044338e-05
2450 -0.000163146010191
2451 -0.000162693883531
2452 -0.000161775878306
2453 -0.000160425146512
2454 -0.000158640183504
2455 -0.0001564513511
2456 -0.000153865535829
2457 -0.000150884883601
2458 -0.000147630109794
2459 -0.000144036137499
2460 -0.000140165405081
2461 -0.000136055757732
2462 -0.00013173825875
2463 -0.000127269410312
2464 -0.000122667967258
2465 -0.000117966367889
2466 -0.000113200404295
2467 -0.000108392193406
2468 -0.000103588897528
2469 -9.88063163777e-05
2470 -9.40591508926e-05
2471 -8.93672496745e-05
2472 -8.47618054994e-05
2473 -8.0257528605e-05
2474 -7.58410026617e-05
2475 -7.15485532897e-05
2476 -6.7384407718e-05
2477 -6.33626619394e-05
2478 -5.94864869377e-05
2479 -5.57622480095e-05
2480 -5.21881266962e-05
2481 -4.87660548402e-05
2482 -4.54858948267e-05
2483 -4.2350497112e-05
2484 -3.93575755416e-05
2485 -3.65043253439e-05
2486 -3.3789738352e-05
2487 -3.12174033225e-05
2488 -2.87886231352e-05
2489 -2.65070938972e-05
2490 -2.43633776058e-05
2491 -2.23563089158e-05
2492 -2.04783172566e-05
2493 -1.87192880939e-05
2494 -1.70763172774e-05
2495 -1.55456259935e-05
2496 -1.41228986385e-05
2497 -1.28020291498e-05
2498 -1.15795710465e-05
2499 -1.04518150586e-05
