0 0.00926082305764
1 0.0259125560298
2 0.0191824939258
3 0.0138222144386
4 0.0103242726368
5 0.00792142060626
6 0.00624572667622
7 0.0050133523492
8 0.0041046297391
9 0.00340489966205
10 0.0028558373024
11 0.00241892028139
12 0.00206781962901
13 0.00178153347265
14 0.00154550561119
15 0.0013486426614
16 0.00118379480465
17 0.00104481101265
18 0.000926835504091
19 0.000826785893321
20 0.000740074325732
21 0.000661551669661
22 0.000582948938429
23 0.000496142166842
24 0.000405742837652
25 0.00033387936843
26 0.000297162802538
27 0.00029010426505
28 0.000295178552113
29 0.00029902574944
30 0.000296411653452
31 0.000287383329699
32 0.000273801493895
33 0.000257577920295
34 0.000240316589164
35 0.000223019549127
36 0.000206257177644
37 0.000190400451434
38 0.000175625184625
39 0.000161988080752
40 0.000149470235661
41 0.000138063863505
42 0.000127655679068
43 0.000118128360648
44 0.000109366456394
45 0.000101303607466
46 9.38736089108e-05
47 8.70690022514e-05
48 8.08169443514e-05
49 7.50879539058e-05
50 -0.047389050412
51 -0.00737717423188
52 0.00661930652183
53 0.00842531381475
54 0.00766713885282
55 0.00649818709899
56 0.00541329036205
57 0.00449948914345
58 0.00377063656959
59 0.00317926533354
60 0.00269873276072
61 0.00230674698585
62 0.00198594723847
63 0.00172050677869
64 0.00149922090913
65 0.00131295862913
66 0.00115596129292
67 0.00102283695438
68 0.000909344844733
69 0.000812662237455
70 0.000728471585321
71 0.000651866598502
72 0.000574500537655
73 0.000488694595236
74 0.000399686379324
75 0.000329661984975
76 0.000294560194318
77 0.000288345246783
78 0.000293628832641
79 0.000297418507487
80 0.000294728524083
81 0.000285692396758
82 0.000272167518857
83 0.00025605019906
84 0.000238920170441
85 0.000221760110642
86 0.000205128452095
87 0.000189399152258
88 0.000174735604045
89 0.00016120164581
90 0.000148772152793
91 0.000137444487437
92 0.000127107244929
93 0.000117640621805
94 0.000108931081284
95 0.000100914044538
96 9.35254543403e-05
97 8.67567676418e-05
98 8.05369337146e-05
99 7.48379742972e-05
100 -0.038645846966
101 -0.0206711076473
102 -0.00570929404901
103 0.000902983243799
104 0.0032516148991
105 0.00386825292624
106 0.00377834300447
107 0.00344790989876
108 0.00306641886136
109 0.00269404734769
110 0.0023560345759
111 0.00205908394683
112 0.00180315316854
113 0.00158323967496
114 0.0013945323544
115 0.00123202831354
116 0.00109258625846
117 0.000972704441516
118 0.000869284248153
119 0.000780286508821
120 0.000701926319501
121 0.000629568408011
122 0.000555085959631
123 0.000471683790943
124 0.000385974469092
125 0.000320187839173
126 0.000288653885482
127 0.000284236200292
128 0.000289940882674
129 0.00029360641775
130 0.00029077652798
131 0.000281756065278
132 0.000268395759871
133 0.000252544749867
134 0.000235727557393
135 0.000218889593803
136 0.000202568812296
137 0.000187127715153
138 0.000172727111728
139 0.000159427914765
140 0.000147204997258
141 0.000136060345892
142 0.000125881448082
143 0.000116551903403
144 0.000107962015929
145 0.000100049846461
146 9.27549486248e-05
147 8.60690088843e-05
148 7.9922071301e-05
149 7.42894563405e-05
150 -0.0281170541828
151 -0.020172275843
152 -0.0106282552145
153 -0.00415950448133
154 -0.000613186001882
155 0.00116561105923
156 0.00191928911414
157 0.00216648775872
158 0.00216541970826
159 0.00205068059207
160 0.00188915591128
161 0.00171447756516
162 0.00154458450648
163 0.00138647166004
164 0.00124284102082
165 0.00111373626035
166 0.000999273912267
167 0.000898403032327
168 0.000809594260712
169 0.000731812804895
170 0.000661976842419
171 0.000595810666477
172 0.000525565632735
173 0.000445900670112
174 0.000365434457864
175 0.000306159821991
176 0.00027985760154
177 0.000277954782103
178 0.000284190627745
179 0.000287645128124
180 0.000284618794246
181 0.000275645707593
182 0.000262556546993
183 0.000247125410385
184 0.000230796184181
185 0.000214456581296
186 0.000198616122046
187 0.00018361931739
188 0.000169623988801
189 0.000156686354476
190 0.000144782046061
191 0.000133919348989
192 0.000123983968962
193 0.000114865796053
194 0.00010646060761
195 9.87103475002e-05
196 9.15604111982e-05
197 8.50023137872e-05
198 7.89682949122e-05
199 7.34387466027e-05
200 -0.0208799397609
201 -0.0169766882696
202 -0.0113362942314
203 -0.00647186778044
204 -0.00309098004352
205 -0.000944303859378
206 0.000272002680504
207 0.000926056187517
208 0.00123642824542
209 0.00135519507531
210 0.00136575534589
211 0.00131701977129
212 0.00123958536245
213 0.00115011239786
214 0.00105788909355
215 0.000967711473682
216 0.000882897163899
217 0.000804901846851
218 0.000733901722741
219 0.000669911352024
220 0.000610575178179
221 0.000552015215382
222 0.000487064541467
223 0.000412481899269
224 0.000339274496049
225 0.000288538218509
226 0.000268684126793
227 0.000269670774215
228 0.000276408874514
229 0.000279551959383
230 0.000276301240572
231 0.000267433814258
232 0.000254736027883
233 0.000239882496701
234 0.000224211892473
235 0.000208540085926
236 0.000193339629594
237 0.00017893420183
238 0.000165477769828
239 0.000153021067023
240 0.000141541547464
241 0.000131053685104
242 0.000121442157711
243 0.000112605304948
244 0.000104446563057
245 9.69126664895e-05
246 8.99565409695e-05
247 8.35693035815e-05
248 7.76864621253e-05
249 7.22955256807e-05
250 -0.0159887344045
251 -0.0138688531395
252 -0.0104761164782
253 -0.00708551440441
254 -0.00433362652395
255 -0.00230418349221
256 -0.000959771723373
257 -0.000101458204706
258 0.000408100082029
259 0.000699271100693
260 0.000850242019247
261 0.000911976237879
262 0.000920164261049
263 0.000896939953352
264 0.000856081101778
265 0.000805956730519
266 0.00075227930257
267 0.000698819504743
268 0.000647154214903
269 0.000598350538643
270 0.00055056691919
271 0.000500374730933
272 0.000441443325836
273 0.000373338113217
274 0.000309333657398
275 0.000268636714482
276 0.000255775395817
277 0.000259609833847
278 0.000266689539534
279 0.000269437681138
280 0.000265985088097
281 0.000257313348556
282 0.00024514263647
283 0.000231019536729
284 0.000216166807347
285 0.000201314700733
286 0.000186897213889
287 0.000173210996142
288 0.000160410381841
289 0.000148540104164
290 0.000137576818827
291 0.0001275442575
292 0.000118326544814
293 0.000109832683708
294 0.000101974943023
295 9.47061847219e-05
296 8.79859743828e-05
297 8.18076829747e-05
298 7.61101511215e-05
299 7.08891650077e-05
300 -0.0126670291171
301 -0.0114074787104
302 -0.00925272083192
303 -0.00689250550731
304 -0.00476450546359
305 -0.00302810775831
306 -0.00175032972887
307 -0.000842677135734
308 -0.000240208906929
309 0.000153053688884
310 0.00039999285725
311 0.000544895035399
312 0.000621575545957
313 0.000654201335573
314 0.000658362611578
315 0.000644950837147
316 0.000620186375499
317 0.000590201942468
318 0.00055727885313
319 0.000523349995657
320 0.0004870776416
321 0.000445109122225
322 0.00039249294031
323 0.000332005521203
324 0.000278570921691
325 0.000248360779396
326 0.000242131935853
327 0.000248357619956
328 0.000255547147396
329 0.000257873465237
330 0.000254296734624
331 0.000245939520025
332 0.000234410409253
333 0.000221132700603
334 0.000207201291513
335 0.000193265697263
336 0.000179723423859
337 0.000166836387865
338 0.000154752936002
339 0.000143532368215
340 0.00013315430505
341 0.000123619532274
342 0.000114837997607
343 0.000106726501504
344 9.92053664616e-05
345 9.2232969804e-05
346 8.57797394034e-05
347 7.98325925642e-05
348 7.43438148744e-05
349 6.931147059e-05
350 -0.0103353519848
351 -0.00953575408497
352 -0.00808565498269
353 -0.00639922801081
354 -0.00477226960439
355 -0.00333884138387
356 -0.00220226874693
357 -0.00133138426717
358 -0.000708308520496
359 -0.000268935292893
360 3.34799247098e-05
361 0.000234261795952
362 0.000360476763318
363 0.000436262275305
364 0.000476686225543
365 0.000493940152953
366 0.000494579254795
367 0.000485250027169
368 0.000469316419258
369 0.000448922139803
370 0.000423319971272
371 0.000388865480251
372 0.000342910867182
373 0.000290948669578
374 0.00024885512009
375 0.000228779637984
376 0.000228325083668
377 0.000236325405098
378 0.000243392232013
379 0.000245289438197
380 0.000241669938872
381 0.000233729194887
382 0.00022294271137
383 0.000210567768163
384 0.000197616029924
385 0.000184662399088
386 0.000172039967628
387 0.000160002542229
388 0.000148686730925
389 0.00013814737513
390 0.00012837917424
391 0.000119389988181
392 0.000111067009274
393 0.000103357770611
394 9.61954709217e-05
395 8.95421068852e-05
396 8.33726951677e-05
397 7.76787858357e-05
398 7.24134185712e-05
399 6.75878361112e-05
400 -0.00854045302639
401 -0.00800842796716
402 -0.0070095942408
403 -0.00579880480701
404 -0.00456658664069
405 -0.00341235726929
406 -0.00244090282799
407 -0.00165065136496
408 -0.00105020535864
409 -0.000600047803254
410 -0.000270719064233
411 -3.54912912414e-05
412 0.000126015394988
413 0.000235038750787
414 0.000305100692708
415 0.000348004936278
416 0.000371252199314
417 0.000380613973272
418 0.000380377844717
419 0.000372678982925
420 0.000356884512286
421 0.000329934851204
422 0.000291362409036
423 0.000249527506334
424 0.000219530525885
425 0.000209164991881
426 0.000213569082148
427 0.000222744839343
428 0.000229489492075
429 0.000231010123061
430 0.000227469291824
431 0.000220091194875
432 0.000210179619241
433 0.000198888151618
434 0.000187020117084
435 0.000175132853612
436 0.000163535276424
437 0.000152437020539
438 0.000141968418903
439 0.000132180940515
440 0.00012308339552
441 0.000114685381581
442 0.00010687570408
443 9.96096322637e-05
444 9.28383957118e-05
445 8.6536905727e-05
446 8.06844256106e-05
447 7.52666751315e-05
448 7.02526356152e-05
449 6.56554296236e-05
450 -0.00710265363425
451 -0.00673664883049
452 -0.00604205308945
453 -0.00516868483358
454 -0.00424266375217
455 -0.00333159165879
456 -0.00252556350398
457 -0.00183606221254
458 -0.00128490097461
459 -0.000850126262816
460 -0.000515785034443
461 -0.000264406846801
462 -8.07610182386e-05
463 5.17058647009e-05
464 0.000144721838025
465 0.000208602946965
466 0.000250944270838
467 0.000276943487646
468 0.000290955997392
469 0.000294887358703
470 0.000288113204394
471 0.000268739911075
472 0.000238738125534
473 0.000208663072437
474 0.000190972258156
475 0.000189293309159
476 0.000197421682373
477 0.000207179787721
478 0.000213467570666
479 0.000214744650054
480 0.000211456354601
481 0.000204828818758
482 0.000195972239655
483 0.000185904328795
484 0.000175261169709
485 0.000164581148141
486 0.000154096465148
487 0.000144025998714
488 0.000134491441813
489 0.000125533018506
490 0.000117176591775
491 0.000109422648014
492 0.000102182498103
493 9.5409247043e-05
494 8.90762419389e-05
495 8.3163271114e-05
496 7.76635811227e-05
497 7.25552436998e-05
498 6.78203849412e-05
499 6.34789944378e-05
500 -0.00595251943057
501 -0.00569463539642
502 -0.00520361318059
503 -0.0045672485283
504 -0.00387002463946
505 -0.00315758903112
506 -0.00250033725231
507 -0.00191381627907
508 -0.00142475752149
509 -0.00102219928252
510 -0.000699456674563
511 -0.000446538638535
512 -0.00025298079438
513 -0.000106603507211
514 2.10373061316e-06
515 8.15924941853e-05
516 0.000138839861478
517 0.000178511478747
518 0.000204637916072
519 0.000218595133544
520 0.000219947144937
521 0.000208330198357
522 0.000188205603505
523 0.000170544679732
524 0.000164161670682
525 0.000169357433747
526 0.00017991520547
527 0.000189746579502
528 0.000195591584839
529 0.000196817693336
530 0.000194010132022
531 0.000188310159878
532 0.000180663301099
533 0.000171929366925
534 0.000162635102958
535 0.000153226659557
536 0.000143934581313
537 0.000134961551622
538 0.000126417379467
539 0.000118343578452
540 0.000110773318783
541 0.000103702594547
542 9.70684973625e-05
543 9.08276866281e-05
544 8.49647256747e-05
545 7.94759914701e-05
546 7.43544464122e-05
547 6.95828170339e-05
548 6.51541177629e-05
549 6.10913666543e-05
550 -0.00503734830884
551 -0.00485133603922
552 -0.00449631405288
553 -0.00402587408354
554 -0.00349573367601
555 -0.00293840077566
556 -0.00240601952157
557 -0.00191413046378
558 -0.00148923049212
559 -0.00112701124655
560 -0.000825992465835
561 -0.000581818190984
562 -0.000388050823995
563 -0.000236082533768
564 -0.000118524942838
565 -2.87307508475e-05
566 3.90814449113e-05
567 8.91510492164e-05
568 0.000124837698801
569 0.000147073462716
570 0.000155770891825
571 0.000152298917451
572 0.000142732651599
573 0.000136756659413
574 0.000139507877457
575 0.00014936540343
576 0.000161180504021
577 0.000170786651379
578 0.000176337040208
579 0.000177747897864
580 0.000175661277684
581 0.000171048413229
582 0.000164726356224
583 0.000157397557265
584 0.000149513413958
585 0.000141415753572
586 0.000133357002924
587 0.000125510332346
588 0.000117979557952
589 0.000110824015826
590 0.000104060634908
591 9.76929894165e-05
592 9.16830777938e-05
593 8.59964964302e-05
594 8.06244435966e-05
595 7.55802373373e-05
596 7.08496828275e-05
597 6.64319553305e-05
598 6.23267132628e-05
599 5.85547189903e-05
600 -0.00430898448224
601 -0.00417246718817
602 -0.00390932095891
603 -0.00355507491311
604 -0.00314582276321
605 -0.00270648376099
606 -0.00227498893762
607 -0.00186479069798
608 -0.00149977993394
609 -0.00117927766557
610 -0.000904859410147
611 -0.000675681633871
612 -0.000488389999138
613 -0.000337057603399
614 -0.000216238599307
615 -0.000120764014915
616 -4.62449503956e-05
617 1.12297905291e-05
618 5.41725148827e-05
619 8.3204232226e-05
620 9.87737829537e-05
621 0.000103557530324
622 0.000104014873961
623 0.000107580917131
624 0.000116713119906
625 0.000129246178172
626 0.00014148738313
627 0.000150798235814
628 0.00015629495174
629 0.000158144636232
630 0.000156974050497
631 0.000153577377566
632 0.000148633593378
633 0.000142720133864
634 0.000136248312752
635 0.000129468566613
636 0.000122640493569
637 0.000115917485423
638 0.000109394880321
639 0.000103158641215
640 9.72082723121e-05
641 9.1541158774e-05
642 8.615783892e-05
643 8.10316735424e-05
644 7.61569687744e-05
645 7.15645688462e-05
646 6.72327029855e-05
647 6.31759379441e-05
648 5.94028412917e-05
649 5.59260600098e-05
650 -0.00372236459601
651 -0.00362022019463
652 -0.00342090586974
653 -0.00314889021452
654 -0.00282915236426
655 -0.00247932564247
656 -0.00212810508394
657 -0.00178627507967
658 -0.00147456970467
659 -0.00119380792338
660 -0.000947445867946
661 -0.000736428325435
662 -0.000559656058703
663 -0.00041319096553
664 -0.000293155563399
665 -0.000195562684055
666 -0.000117229299828
667 -5.4658673369e-05
668 -6.1025403244e-06
669 2.87606594915e-05
670 5.07585129395e-05
671 6.30900856623e-05
672 7.17659473854e-05
673 8.20108236439e-05
674 9.49670997434e-05
675 0.000108759961549
676 0.000121016099739
677 0.000130171532421
678 0.000135886465877
679 0.000138404186825
680 0.000138300637978
681 0.000136201328117
682 0.000132654539688
683 0.000128149146605
684 0.00012305097174
685 0.000117572575835
686 0.00011195161359
687 0.000106328409247
688 0.000100793563055
689 9.54535059642e-05
690 9.02993249868e-05
691 8.5327685835e-05
692 8.05611291651e-05
693 7.59913239376e-05
694 7.16165785966e-05
695 6.74742567342e-05
696 6.35433004286e-05
697 5.98476656802e-05
698 5.64096979735e-05
699 5.32308731869e-05
700 -0.00323850018094
701 -0.00316102544195
702 -0.0030072725498
703 -0.00279572512423
704 -0.00254378950904
705 -0.00226318769061
706 -0.00197628045624
707 -0.00169147750876
708 -0.00142631529777
709 -0.00118236381414
710 -0.000963730285843
711 -0.000772169130504
712 -0.000608096063637
713 -0.000469143387752
714 -0.000352605294793
715 -0.000255322751397
716 -0.000174911775918
717 -0.000108585707496
718 -5.53668989177e-05
719 -1.55318341352e-05
720 1.18056492257e-05
721 2.99446257392e-05
722 4.42239905958e-05
723 5.84233182269e-05
724 7.33189519656e-05
725 8.75826942609e-05
726 9.97932639541e-05
727 0.00010904675759
728 0.000115261216064
729 0.000118637537416
730 0.000119706551187
731 0.000118949214567
732 0.000116826898791
733 0.000113715760903
734 0.000109963970912
735 0.000105759925931
736 0.000101310231712
737 9.67543658534e-05
738 9.21932946694e-05
739 8.77206680426e-05
740 8.33394581558e-05
741 7.90596986688e-05
742 7.49012519717e-05
743 7.08781382839e-05
744 6.7007462265e-05
745 6.33142760511e-05
746 5.97859839621e-05
747 5.6458699061e-05
748 5.33583146921e-05
749 5.04813512901e-05
750 -0.00283249707135
751 -0.00277308419764
752 -0.00265279451942
753 -0.00248686301183
754 -0.0022867426462
755 -0.00206065697875
756 -0.00182576190908
757 -0.00158854337329
758 -0.00136386387691
759 -0.00115323387801
760 -0.000960737180833
761 -0.000788748663695
762 -0.000638445299351
763 -0.000508397826507
764 -0.000396722698212
765 -0.000300924681493
766 -0.000219176263431
767 -0.00014967234838
768 -9.2725199603e-05
769 -4.9589367028e-05
770 -1.9219440311e-05
771 2.10120607963e-06
772 1.93039135295e-05
773 3.54201196708e-05
774 5.11635150261e-05
775 6.56257246374e-05
776 7.79650166012e-05
777 8.76110990507e-05
778 9.45651336047e-05
779 9.89745048338e-05
780 0.000101305074748
781 0.000101913942658
782 0.000101200792301
783 9.94680403918e-05
784 9.7019839664e-05
785 9.40425150922e-05
786 9.07286521875e-05
787 8.72121519481e-05
788 8.36012499575e-05
789 7.99691575286e-05
790 7.63384101336e-05
791 7.27388722325e-05
792 6.91847085719e-05
793 6.57042275562e-05
794 6.23309527036e-05
795 5.90840361921e-05
796 5.59598872231e-05
797 5.30080139716e-05
798 5.02439920289e-05
799 4.76690284434e-05
800 -0.00248847737408
801 -0.00244189233508
802 -0.00234710309488
803 -0.00221581120766
804 -0.00205584696897
805 -0.0018730389755
806 -0.00168052669328
807 -0.00148312714861
808 -0.00129311045455
809 -0.0011119859465
810 -0.000943650420228
811 -0.000790406685301
812 -0.000653784356911
813 -0.000532881871193
814 -0.000426148072008
815 -0.000331685481702
816 -0.000248496342374
817 -0.000176641672587
818 -0.000118245980895
819 -7.49587685642e-05
820 -4.4643758143e-05
821 -2.27827297176e-05
822 -4.64238336231e-06
823 1.22554862691e-05
824 2.84436652493e-05
825 4.31935898621e-05
826 5.59347588037e-05
827 6.62393375435e-05
828 7.4101526452e-05
829 7.96623629155e-05
830 8.32929004341e-05
831 8.52516825332e-05
832 8.58936921375e-05
833 8.54894963928e-05
834 8.42870929444e-05
835 8.24870728115e-05
836 8.02632168068e-05
837 7.77473104279e-05
838 7.50499535436e-05
839 7.2230091825e-05
840 6.93295282933e-05
841 6.63874213326e-05
842 6.34247082963e-05
843 6.04841260517e-05
844 5.7598550522e-05
845 5.47925987889e-05
846 5.20733246113e-05
847 4.94924519432e-05
848 4.70655148483e-05
849 4.47906375344e-05
850 -0.00219658905444
851 -0.00215957778836
852 -0.00208437970248
853 -0.0019796994084
854 -0.00185088870633
855 -0.00170232497521
856 -0.0015439831348
857 -0.00137939144967
858 -0.00121882601244
859 -0.00106341471454
860 -0.000916428818468
861 -0.000780131532772
862 -0.000655755279114
863 -0.000542647374924
864 -0.000439514633846
865 -0.00034538258873
866 -0.000261404097565
867 -0.00019012389175
868 -0.000134573211455
869 -9.50462091457e-05
870 -6.75091084473e-05
871 -4.66951437132e-05
872 -2.84738774428e-05
873 -1.11018295563e-05
874 5.5919949726e-06
875 2.08810509782e-05
876 3.42782305641e-05
877 4.5428511424e-05
878 5.43144166352e-05
879 6.10552799299e-05
880 6.59388295083e-05
881 6.91903965436e-05
882 7.11110833872e-05
883 7.19564914557e-05
884 7.19276409577e-05
885 7.12404395722e-05
886 7.00401327828e-05
887 6.84691986761e-05
888 6.6633533085e-05
889 6.45858597652e-05
890 6.23820399763e-05
891 6.00728928043e-05
892 5.76866679089e-05
893 5.52730135982e-05
894 5.28656611669e-05
895 5.04905073646e-05
896 4.81724366067e-05
897 4.59576208247e-05
898 4.38621908363e-05
899 4.18811030173e-05
900 -0.001950025214
901 -0.00192033453071
902 -0.00186006010844
903 -0.00177572565272
904 -0.00167101553937
905 -0.0015493726923
906 -0.0014184878913
907 -0.00128071706806
908 -0.00114439186051
909 -0.00101038479651
910 -0.000881261597333
911 -0.00075869967863
912 -0.000643684261429
913 -0.000535603380656
914 -0.000434265435844
915 -0.000341071113523
916 -0.000259972914134
917 -0.000194766929188
918 -0.000146988662233
919 -0.000114012078065
920 -9.02409836005e-05
921 -7.06083170969e-05
922 -5.22067266146e-05
923 -3.41677589461e-05
924 -1.67274190514e-05
925 -6.59041193821e-07
926 1.35653981708e-05
927 2.56527650395e-05
928 3.55876221917e-05
929 4.34703076932e-05
930 4.95249114932e-05
931 5.39779994516e-05
932 5.70690282897e-05
933 5.90597598565e-05
934 6.0113440046e-05
935 6.04436808974e-05
936 6.01933315736e-05
937 5.95037224372e-05
938 5.84678218115e-05
939 5.71476378915e-05
940 5.56021260287e-05
941 5.38896209803e-05
942 5.20588397163e-05
943 5.01482568429e-05
944 4.81990327109e-05
945 4.62398063955e-05
946 4.43132652382e-05
947 4.2453268901e-05
948 4.06779474539e-05
949 3.89800624236e-05
950 -0.0017403582579
951 -0.00171616975038
952 -0.00166748593071
953 -0.00159881733383
954 -0.0015130352271
955 -0.00141256805441
956 -0.00130338618012
957 -0.00118700372174
958 -0.00106994963609
959 -0.000952620698985
960 -0.000836859471908
961 -0.000723697099689
962 -0.000614195359581
963 -0.000508991460044
964 -0.000410509637979
965 -0.000323065091873
966 -0.00025162542362
967 -0.000198253431692
968 -0.000160945849202
969 -0.000134655486963
970 -0.000113717164728
971 -9.44326517552e-05
972 -7.53034429065e-05
973 -5.62692248617e-05
974 -3.78766753264e-05
975 -2.09004787473e-05
976 -5.78488310162e-06
977 7.23618446136e-06
978 1.81635534397e-05
979 2.70967706256e-05
980 3.42118418989e-05
981 3.97447604828e-05
982 4.38887695154e-05
983 4.69054536745e-05
984 4.89375937012e-05
985 5.01937530908e-05
986 5.08124159303e-05
987 5.09277243874e-05
988 5.06250354076e-05
989 4.99774130238e-05
990 4.90490757885e-05
991 4.78936854187e-05
992 4.65813979237e-05
993 4.51479702984e-05
994 4.36299515636e-05
995 4.20701908185e-05
996 4.05188006813e-05
997 3.8999816207e-05
998 3.75299282374e-05
999 3.61030447517e-05
1000 -0.00156034451184
1001 -0.00154044518789
1002 -0.00150069733762
1003 -0.00144389494562
1004 -0.00137274155336
1005 -0.00128845647231
1006 -0.00119560692924
1007 -0.00109508856019
1008 -0.00099180530316
1009 -0.000885697310098
1010 -0.000778021314277
1011 -0.00067009619839
1012 -0.000564566990622
1013 -0.000464735694189
1014 -0.000375587777543
1015 -0.000301965941175
1016 -0.00024638621364
1017 -0.000207046347794
1018 -0.000179169480498
1019 -0.000157344739088
1020 -0.000137383490102
1021 -0.000117376849962
1022 -9.70017856705e-05
1023 -7.67784530776e-05
1024 -5.73613845795e-05
1025 -3.94826742143e-05
1026 -2.35134518281e-05
1027 -9.63630451933e-06
1028 2.17224995147e-06
1029 1.20213907528e-05
1030 2.00719914774e-05
1031 2.65424765949e-05
1032 3.16219673719e-05
1033 3.55373319473e-05
1034 3.84409744708e-05
1035 4.0528108179e-05
1036 4.19272360123e-05
1037 4.27567473512e-05
1038 4.31175712804e-05
1039 4.30820465617e-05
1040 4.27253557682e-05
1041 4.20936320159e-05
1042 4.12666147069e-05
1043 4.02840554525e-05
1044 3.91800696502e-05
1045 3.80060830267e-05
1046 3.68112815402e-05
1047 3.56159939913e-05
1048 3.44338618745e-05
1049 3.32649717408e-05
1050 -0.00140112464269
1051 -0.00138449258363
1052 -0.00135114870246
1053 -0.00130291593074
1054 -0.00124216406424
1055 -0.001169085338
1056 -0.00108714936324
1057 -0.000996674172689
1058 -0.000901431296712
1059 -0.000801508798618
1060 -0.000698991820808
1061 -0.000596971708258
1062 -0.000500493049359
1063 -0.000414633527968
1064 -0.000343785968591
1065 -0.00028982073784
1066 -0.000251141567269
1067 -0.000223230625208
1068 -0.000201031459985
1069 -0.000180687280025
1070 -0.00015997685213
1071 -0.000138472119302
1072 -0.000116622727515
1073 -9.52151147292e-05
1074 -7.48567018325e-05
1075 -5.61857698584e-05
1076 -3.94872511285e-05
1077 -2.48961263434e-05
1078 -1.23451683054e-05
1079 -1.73596449905e-06
1080 7.11261526655e-06
1081 1.43776088269e-05
1082 2.02628846085e-05
1083 2.49565492211e-05
1084 2.86232950808e-05
1085 3.14389154794e-05
1086 3.35297566236e-05
1087 3.50019335734e-05
1088 3.59658813924e-05
1089 3.64892176206e-05
1090 3.66532866494e-05
1091 3.65122531397e-05
1092 3.61363580457e-05
1093 3.55667950474e-05
1094 3.48558788389e-05
1095 3.40494156965e-05
1096 3.31919114857e-05
1097 3.23038088558e-05
1098 3.13939588528e-05
1099 3.04697257096e-05
1100 -0.00124980867576
1101 -0.00123534251274
1102 -0.0012058796464
1103 -0.00116297801672
1104 -0.00110832112796
1105 -0.00104156609364
1106 -0.000965627260717
1107 -0.00088070646889
1108 -0.000790980452001
1109 -0.000697699957206
1110 -0.000604858398023
1111 -0.000517141989544
1112 -0.000439905363794
1113 -0.000376657420359
1114 -0.000328228130072
1115 -0.000292729085655
1116 -0.000266318463975
1117 -0.000244487304671
1118 -0.000223863479305
1119 -0.000202640286745
1120 -0.000180161031195
1121 -0.000156912429321
1122 -0.000133670896972
1123 -0.000111258281533
1124 -9.01352097962e-05
1125 -7.08677528143e-05
1126 -5.36184394808e-05
1127 -3.84809468797e-05
1128 -2.53511516316e-05
1129 -1.41406846632e-05
1130 -4.65005810341e-06
1131 3.26930688495e-06
1132 9.82469792483e-06
1133 1.51810909205e-05
1134 1.9502165044e-05
1135 2.29486606135e-05
1136 2.56429540692e-05
1137 2.76916379684e-05
1138 2.91944080808e-05
1139 3.02231932504e-05
1140 3.08580361348e-05
1141 3.11672292968e-05
1142 3.12017232938e-05
1143 3.10179451961e-05
1144 3.0673136763e-05
1145 3.02109745466e-05
1146 2.96675877998e-05
1147 2.906697424e-05
1148 2.84136558329e-05
1149 2.7722367713e-05
1150 -0.00109001478878
1151 -0.00107671049618
1152 -0.00104929706684
1153 -0.0010094139964
1154 -0.000958345967884
1155 -0.000896091605839
1156 -0.000825819702965
1157 -0.000748591411356
1158 -0.00066976998178
1159 -0.000591626418272
1160 -0.000518706710537
1161 -0.000454863733162
1162 -0.000402778414289
1163 -0.000362563354494
1164 -0.000332116477605
1165 -0.000308112649799
1166 -0.000287131769087
1167 -0.000266462793133
1168 -0.000244615028483
1169 -0.000221333839453
1170 -0.000196878634301
1171 -0.000172092220438
1172 -0.000147778376169
1173 -0.000124647333544
1174 -0.000103044555111
1175 -8.34134626846e-05
1176 -6.58276641161e-05
1177 -5.03322253311e-05
1178 -3.68084419203e-05
1179 -2.51504164986e-05
1180 -1.51761485649e-05
1181 -6.74081472599e-06
1182 3.51938799871e-07
1183 6.25519019119e-06
1184 1.11236234416e-05
1185 1.51003441983e-05
1186 1.83120063033e-05
1187 2.08580055603e-05
1188 2.28276321941e-05
1189 2.43048001053e-05
1190 2.53671130494e-05
1191 2.60836320218e-05
1192 2.64986269269e-05
1193 2.66775546536e-05
1194 2.66722582085e-05
1195 2.65273827334e-05
1196 2.62742100706e-05
1197 2.59372680934e-05
1198 2.5522507961e-05
1199 2.50477388635e-05
1200 -0.000914313099686
1201 -0.000902260125728
1202 -0.000877584281848
1203 -0.000842129088113
1204 -0.000797308314855
1205 -0.00074421238785
1206 -0.000686283222799
1207 -0.000625503781329
1208 -0.000566992364194
1209 -0.000512623808791
1210 -0.000465200958308
1211 -0.000425993845768
1212 -0.000394844919782
1213 -0.000369924718947
1214 -0.000348645683092
1215 -0.000328540845788
1216 -0.000307800684897
1217 -0.000285407789534
1218 -0.000261207213917
1219 -0.000235779025606
1220 -0.000209700508066
1221 -0.000183838704647
1222 -0.000158885618948
1223 -0.000135411241588
1224 -0.000113635049767
1225 -9.38841572539e-05
1226 -7.61695670966e-05
1227 -6.05037133135e-05
1228 -4.67486072927e-05
1229 -3.48060441148e-05
1230 -2.4490151874e-05
1231 -1.56750930053e-05
1232 -8.17542403078e-06
1233 -1.83616786685e-06
1234 3.47517416087e-06
1235 7.89333460038e-06
1236 1.15390923395e-05
1237 1.45107969679e-05
1238 1.68888213189e-05
1239 1.87654606211e-05
1240 2.0210603121e-05
1241 2.12898840425e-05
1242 2.20530987548e-05
1243 2.2560985349e-05
1244 2.28643318601e-05
1245 2.30081730602e-05
1246 2.30195962325e-05
1247 2.29227658198e-05
1248 2.27282185283e-05
1249 2.24542879204e-05
1250 -0.000747080450166
1251 -0.000737690943939
1252 -0.000718790434146
1253 -0.000692157515344
1254 -0.000659362524482
1255 -0.000622082131156
1256 -0.000583166478011
1257 -0.000544363739587
1258 -0.000508857884487
1259 -0.000477220739961
1260 -0.000450116830674
1261 -0.000427046015034
1262 -0.000406803203581
1263 -0.000387729145767
1264 -0.000368234642201
1265 -0.00034720707136
1266 -0.00032419998343
1267 -0.00029923411137
1268 -0.000272820748481
1269 -0.000245771754492
1270 -0.000218678233973
1271 -0.000192288380347
1272 -0.000167158265728
1273 -0.000143711312947
1274 -0.000122048197885
1275 -0.00010241279156
1276 -8.47717422384e-05
1277 -6.91042697554e-05
1278 -5.52727310922e-05
1279 -4.31901908588e-05
1280 -3.26649962959e-05
1281 -2.35908082742e-05
1282 -1.57934422535e-05
1283 -9.12396081809e-06
1284 -3.46503325216e-06
1285 1.3143422184e-06
1286 5.32307215283e-06
1287 8.65563035225e-06
1288 1.13882919008e-05
1289 1.36132851752e-05
1290 1.53928283044e-05
1291 1.67897861373e-05
1292 1.78605539984e-05
1293 1.86643930648e-05
1294 1.9246360401e-05
1295 1.96510002539e-05
1296 1.99016110394e-05
1297 2.00242296337e-05
1298 2.00321022269e-05
1299 1.99458043595e-05
1300 -0.000631578209872
1301 -0.00062581055531
1302 -0.000614275191415
1303 -0.000598308213652
1304 -0.000579161393164
1305 -0.000557928538248
1306 -0.000536306731108
1307 -0.000515080913384
1308 -0.00049547144536
1309 -0.00047714930371
1310 -0.000459781911096
1311 -0.00044258229909
1312 -0.000424684724809
1313 -0.000405275263047
1314 -0.000383771558987
1315 -0.000360063516549
1316 -0.00033443280931
1317 -0.000307336937666
1318 -0.000279441536823
1319 -0.000251533092108
1320 -0.000224085128976
1321 -0.000197718975629
1322 -0.000172840998256
1323 -0.000149744646582
1324 -0.000128444903088
1325 -0.000109127470541
1326 -9.17377298054e-05
1327 -7.62224011287e-05
1328 -6.24645705608e-05
1329 -5.03613523047e-05
1330 -3.97507274071e-05
1331 -3.05252759812e-05
1332 -2.25320310541e-05
1333 -1.56255407815e-05
1334 -9.70610361333e-06
1335 -4.64256680031e-06
1336 -3.37817074424e-07
1337 3.29048508725e-06
1338 6.32199300634e-06
1339 8.84251656945e-06
1340 1.09113645895e-05
1341 1.25867447947e-05
1342 1.39298275142e-05
1343 1.49955590038e-05
1344 1.58259810744e-05
1345 1.64625528685e-05
1346 1.69284662839e-05
1347 1.72492381581e-05
1348 1.74401742099e-05
1349 1.75284113316e-05
1350 -0.000584127768923
1351 -0.000581114031557
1352 -0.000575064782821
1353 -0.000566685841243
1354 -0.000556553617576
1355 -0.000545014563256
1356 -0.000532721880342
1357 -0.000519678486947
1358 -0.000506196104192
1359 -0.000491730274514
1360 -0.000475892890784
1361 -0.000458204233423
1362 -0.000438389664732
1363 -0.000416317300867
1364 -0.000392033426196
1365 -0.000365867551662
1366 -0.000338369697479
1367 -0.000310067249333
1368 -0.000281569760277
1369 -0.000253550519845
1370 -0.000226370167254
1371 -0.000200500333741
1372 -0.000176220916176
1373 -0.000153740870307
1374 -0.000133015751562
1375 -0.000114193030746
1376 -9.7186350098e-05
1377 -8.19642414946e-05
1378 -6.8397998929e-05
1379 -5.63976289951e-05
1380 -4.58097469524e-05
1381 -3.65410433533e-05
1382 -2.84460528791e-05
1383 -2.13862844714e-05
1384 -1.52818937084e-05
1385 -1.00039182273e-05
1386 -5.46999948441e-06
1387 -1.60104691942e-06
1388 1.68091742793e-06
1389 4.44759301773e-06
1390 6.76079718022e-06
1391 8.67703495551e-06
1392 1.02582120729e-05
1393 1.15525042253e-05
1394 1.26024618764e-05
1395 1.34431626252e-05
1396 1.41017291817e-05
1397 1.46012566537e-05
1398 1.49617358548e-05
1399 1.52084134371e-05
1400 -0.000582330100644
1401 -0.000580488264359
1402 -0.000576697277534
1403 -0.00057125274598
1404 -0.000564246438022
1405 -0.0005556043355
1406 -0.000545485405436
1407 -0.000533575443445
1408 -0.000520036155402
1409 -0.000504371777431
1410 -0.000486442969342
1411 -0.000466127097454
1412 -0.000443568901788
1413 -0.000419005857996
1414 -0.000392702218952
1415 -0.00036511211835
1416 -0.000336802417367
1417 -0.00030824054423
1418 -0.000279950579409
1419 -0.000252479299116
1420 -0.000226057036581
1421 -0.000201039523331
1422 -0.00017763198059
1423 -0.000155968353888
1424 -0.000135984362252
1425 -0.000117782109085
1426 -0.000101296302959
1427 -8.64822583419e-05
1428 -7.32129053158e-05
1429 -6.14105148511e-05
1430 -5.09408932157e-05
1431 -4.17138888394e-05
1432 -3.35879905378e-05
1433 -2.64495452174e-05
1434 -2.02221808402e-05
1435 -1.47935423031e-05
1436 -1.00872076505e-05
1437 -6.03074150515e-06
1438 -2.55071234181e-06
1439 4.1706338773e-07
1440 2.93650345916e-06
1441 5.0588737746e-06
1442 6.84115888622e-06
1443 8.33187740668e-06
1444 9.5719672472e-06
1445 1.05911611817e-05
1446 1.14199051364e-05
1447 1.20811430292e-05
1448 1.2598944674e-05
1449 1.29913283765e-05
1450 -0.000593600345468
1451 -0.000591851073021
1452 -0.000588186256038
1453 -0.000582739477234
1454 -0.000575470210786
1455 -0.000566135174635
1456 -0.000554810341731
1457 -0.000541161682908
1458 -0.000525483432739
1459 -0.000507417479707
1460 -0.000487045917717
1461 -0.000464477904293
1462 -0.00044003978924
1463 -0.000414089394988
1464 -0.00038693673845
1465 -0.00035901372168
1466 -0.000330865075785
1467 -0.000302863022845
1468 -0.000275417157434
1469 -0.000248975303804
1470 -0.000223648436536
1471 -0.000199739387696
1472 -0.000177389877114
1473 -0.000156699475993
1474 -0.000137555737282
1475 -0.000120087095247
1476 -0.000104216820024
1477 -8.98958554831e-05
1478 -7.7002675188e-05
1479 -6.54817486907e-05
1480 -5.52125549795e-05
1481 -4.60894113848e-05
1482 -3.79997515724e-05
1483 -3.08427644018e-05
1484 -2.45521926808e-05
1485 -1.90274250259e-05
1486 -1.42037987666e-05
1487 -1.00102325143e-05
1488 -6.37831669088e-06
1489 -3.24706000189e-06
1490 -5.60836871529e-07
1491 1.73274030228e-06
1492 3.68368371134e-06
1493 5.34111626541e-06
1494 6.74355600108e-06
1495 7.91826299149e-06
1496 8.89709350664e-06
1497 9.70286161279e-06
1498 1.03591435164e-05
1499 1.08840914194e-05
1500 -0.000597928754692
1501 -0.000595892407708
1502 -0.000591630415363
1503 -0.000585275197081
1504 -0.000576779757558
1505 -0.000565941671416
1506 -0.000552889825452
1507 -0.000537380429283
1508 -0.00051987258828
1509 -0.0005000863037
1510 -0.000478253432792
1511 -0.000454587680234
1512 -0.000429475124543
1513 -0.000403284175524
1514 -0.00037631069756
1515 -0.000348983822206
1516 -0.000321743079888
1517 -0.000294877068667
1518 -0.000268710353466
1519 -0.000243587581319
1520 -0.000219590692846
1521 -0.000196956563351
1522 -0.000175775026709
1523 -0.000156134950676
1524 -0.000137940314573
1525 -0.000121285856504
1526 -0.000106093357894
1527 -9.23263860776e-05
1528 -7.98826639934e-05
1529 -6.87129784091e-05
1530 -5.86761026782e-05
1531 -4.97137150542e-05
1532 -4.17109349664e-05
1533 -3.45891800879e-05
1534 -2.82893733157e-05
1535 -2.27254862302e-05
1536 -1.78323937286e-05
1537 -1.35472670768e-05
1538 -9.80533153344e-06
1539 -6.55315714748e-06
1540 -3.73780684989e-06
1541 -1.30893009024e-06
1542 7.82356387235e-07
1543 2.57869957111e-06
1544 4.11799078126e-06
1545 5.42706301648e-06
1546 6.53686435322e-06
1547 7.46954347701e-06
1548 8.24614712906e-06
1549 8.88545380117e-06
1550 -0.000589299201606
1551 -0.000586989628189
1552 -0.000582193776416
1553 -0.000575088614029
1554 -0.000565656739024
1555 -0.000553796613348
1556 -0.000539683079874
1557 -0.000523159790864
1558 -0.000504812981749
1559 -0.000484403882914
1560 -0.000462247887589
1561 -0.000438582751765
1562 -0.000413816544924
1563 -0.000388324970201
1564 -0.000362349605829
1565 -0.00033626004582
1566 -0.000310424182355
1567 -0.000285046299901
1568 -0.000260415535204
1569 -0.000236817957145
1570 -0.000214274893982
1571 -0.000192989377703
1572 -0.000173056061695
1573 -0.000154544621632
1574 -0.000137343880147
1575 -0.000121545586735
1576 -0.000107079316266
1577 -9.39253111813e-05
1578 -8.19763825135e-05
1579 -7.11808298783e-05
1580 -6.1425282706e-05
1581 -5.26638629795e-05
1582 -4.4797611927e-05
1583 -3.7757367323e-05
1584 -3.14969675348e-05
1585 -2.5935002769e-05
1586 -2.10146373005e-05
1587 -1.66761593666e-05
1588 -1.28633457895e-05
1589 -9.52877677889e-06
1590 -6.61842172149e-06
1591 -4.08650255458e-06
1592 -1.88691520571e-06
1593 2.24651837149e-08
1594 1.67568546446e-06
1595 3.09948145584e-06
1596 4.32179483765e-06
1597 5.36500560634e-06
1598 6.24791762794e-06
1599 6.98827710439e-06
1600 -0.00056913092812
1601 -0.000566685043107
1602 -0.000561655934024
1603 -0.000554232614334
1604 -0.000544461068716
1605 -0.000532299812397
1606 -0.000517945575694
1607 -0.000501325724711
1608 -0.00048306933811
1609 -0.000462985367353
1610 -0.000441423426916
1611 -0.000418614011372
1612 -0.000394944085911
1613 -0.000370775909797
1614 -0.000346307584557
1615 -0.000321834151687
1616 -0.000297663958111
1617 -0.000273988005738
1618 -0.000251034361661
1619 -0.000229036651049
1620 -0.000208009817772
1621 -0.000188134385965
1622 -0.000169483502966
1623 -0.00015211965324
1624 -0.000135937980587
1625 -0.000121017176414
1626 -0.000107315465877
1627 -9.47967337031e-05
1628 -8.33593980821e-05
1629 -7.29663154641e-05
1630 -6.35265336383e-05
1631 -5.50020195838e-05
1632 -4.73105059616e-05
1633 -4.03934751252e-05
1634 -3.4213566204e-05
1635 -2.86936671032e-05
1636 -2.37810130111e-05
1637 -1.94275968963e-05
1638 -1.55852338039e-05
1639 -1.22024024869e-05
1640 -9.22862149323e-06
1641 -6.62192197058e-06
1642 -4.33816425315e-06
1643 -2.33711106632e-06
1644 -5.89962411158e-07
1645 9.30601245088e-07
1646 2.24893661889e-06
1647 3.38784128655e-06
1648 4.36520701813e-06
1649 5.19751739807e-06
1650 -0.0005411534463
1651 -0.000538726238056
1652 -0.000533748107051
1653 -0.000526391817795
1654 -0.000516806314394
1655 -0.000504920498123
1656 -0.000490983901321
1657 -0.000474970261656
1658 -0.000457479262509
1659 -0.000438385047757
1660 -0.000418009426057
1661 -0.000396575632165
1662 -0.000374412672807
1663 -0.000351895908883
1664 -0.0003291634977
1665 -0.000306487482552
1666 -0.000284116323002
1667 -0.000262208472868
1668 -0.00024096359221
1669 -0.000220588037677
1670 -0.000201091757862
1671 -0.000182626078535
1672 -0.000165259244864
1673 -0.000149035723489
1674 -0.000133871624919
1675 -0.000119850611904
1676 -0.000106911918562
1677 -9.50212075812e-05
1678 -8.41033120333e-05
1679 -7.41335367488e-05
1680 -6.50337510982e-05
1681 -5.67775838973e-05
1682 -4.92947582248e-05
1683 -4.25396126859e-05
1684 -3.64747866423e-05
1685 -3.10293586402e-05
1686 -2.61595521831e-05
1687 -2.18324963361e-05
1688 -1.79865643028e-05
1689 -1.45831738073e-05
1690 -1.15726692499e-05
1691 -8.91277783773e-06
1692 -6.5655686836e-06
1693 -4.49364439652e-06
1694 -2.67109191142e-06
1695 -1.07171686188e-06
1696 3.26779974956e-07
1697 1.54617407579e-06
1698 2.6040438211e-06
1699 3.51671699498e-06
1700 -0.000508871777429
1701 -0.000506556912435
1702 -0.000501820290944
1703 -0.000494820622079
1704 -0.000485765319405
1705 -0.000474535728243
1706 -0.000461437969989
1707 -0.000446443256753
1708 -0.000430118399005
1709 -0.000412377648066
1710 -0.000393488460073
1711 -0.000373682114929
1712 -0.000353248999619
1713 -0.000332529874878
1714 -0.000311630787186
1715 -0.000290795700336
1716 -0.000270237989672
1717 -0.000250090848941
1718 -0.000230546319826
1719 -0.000211774362083
1720 -0.000193777778508
1721 -0.000176684452987
1722 -0.000160557874577
1723 -0.000145460141614
1724 -0.000131303792063
1725 -0.000118151290268
1726 -0.000105946178977
1727 -9.46806075409e-05
1728 -8.42872364178e-05
1729 -7.47521530915e-05
1730 -6.60118727697e-05
1731 -5.80504773013e-05
1732 -5.08075051821e-05
1733 -4.42438387864e-05
1734 -3.83198166555e-05
1735 -3.29801068079e-05
1736 -2.8190509245e-05
1737 -2.39099516627e-05
1738 -2.00908684847e-05
1739 -1.66916608584e-05
1740 -1.36638256007e-05
1741 -1.09719192752e-05
1742 -8.58044794915e-06
1743 -6.45622116735e-06
1744 -4.57568696356e-06
1745 -2.9137926779e-06
1746 -1.44966189429e-06
1747 -1.6238937992e-07
1748 9.6489215311e-07
1749 1.94657640094e-06
1750 -0.000474981527518
1751 -0.000472817692781
1752 -0.000468426620044
1753 -0.000461970628902
1754 -0.000453594231251
1755 -0.000443225682765
1756 -0.000431163972869
1757 -0.000417372621888
1758 -0.000402400445735
1759 -0.000386148593168
1760 -0.000368877758594
1761 -0.000350789940585
1762 -0.000332153993679
1763 -0.000313247410351
1764 -0.000294171579195
1765 -0.000275141102387
1766 -0.00025636455452
1767 -0.000237937927162
1768 -0.000220034372462
1769 -0.000202801425389
1770 -0.000186233658218
1771 -0.000170458608968
1772 -0.000155547659293
1773 -0.000141537923012
1774 -0.000128330709184
1775 -0.00011599791568
1776 -0.000104509641117
1777 -9.38526268146e-05
1778 -8.39833376454e-05
1779 -7.48904217501e-05
1780 -6.65251877831e-05
1781 -5.88804759215e-05
1782 -5.19020005491e-05
1783 -4.55428045064e-05
1784 -3.97860467253e-05
1785 -3.45805625953e-05
1786 -2.98965244505e-05
1787 -2.56922873201e-05
1788 -2.19223503853e-05
1789 -1.85471276087e-05
1790 -1.55229266777e-05
1791 -1.28163978255e-05
1792 -1.03971100225e-05
1793 -8.23778707197e-06
1794 -6.31492295707e-06
1795 -4.60503195776e-06
1796 -3.08768190299e-06
1797 -1.74287050751e-06
1798 -5.55841869998e-07
1799 4.85336318531e-07
1800 -0.000441345705383
1801 -0.000439357566177
1802 -0.000435358370493
1803 -0.000429507040665
1804 -0.000421858723053
1805 -0.000412423720051
1806 -0.000401467200028
1807 -0.000388934786494
1808 -0.000375357463731
1809 -0.000360606582654
1810 -0.000344947077341
1811 -0.00032853479539
1812 -0.000311627587273
1813 -0.000294469304302
1814 -0.000277152421803
1815 -0.000259853156547
1816 -0.000242773795551
1817 -0.000225965813754
1818 -0.00020960998545
1819 -0.000193823647752
1820 -0.000178620296333
1821 -0.000164111680982
1822 -0.00015033281542
1823 -0.000137323498068
1824 -0.000125006175922
1825 -0.000113463392528
1826 -0.00010266034712
1827 -9.26027124277e-05
1828 -8.32517806396e-05
1829 -7.46082537708e-05
1830 -6.66349236445e-05
1831 -5.93206736999e-05
1832 -5.26128424839e-05
1833 -4.64803847388e-05
1834 -4.09164946874e-05
1835 -3.58716609108e-05
1836 -3.13128598529e-05
1837 -2.7204353238e-05
1838 -2.34999200268e-05
1839 -2.01632966239e-05
1840 -1.71565307513e-05
1841 -1.44517057509e-05
1842 -1.20218536078e-05
1843 -9.84266634523e-06
1844 -7.8911206086e-06
1845 -6.14424079587e-06
1846 -4.58429921237e-06
1847 -3.19319299642e-06
1848 -1.95791185759e-06
1849 -8.66734296885e-07
1850 -0.000408892780446
1851 -0.000407097625059
1852 -0.000403494724823
1853 -0.000398235489947
1854 -0.000391317404872
1855 -0.000382818000651
1856 -0.000372949604308
1857 -0.000361642486323
1858 -0.000349407715668
1859 -0.000336103696503
1860 -0.000321990220937
1861 -0.000307181644325
1862 -0.000291929062858
1863 -0.000276430017087
1864 -0.000260774655849
1865 -0.000245097784486
1866 -0.000229593184605
1867 -0.000214301385065
1868 -0.000199400537704
1869 -0.000184982741467
1870 -0.000171055902971
1871 -0.000157703317144
1872 -0.000144964512647
1873 -0.000132895815376
1874 -0.000121420203297
1875 -0.0001106210581
1876 -0.000100480530655
1877 -9.1002724385e-05
1878 -8.21691067905e-05
1879 -7.39809760124e-05
1880 -6.64019291404e-05
1881 -5.94196500537e-05
1882 -5.29948881163e-05
1883 -4.71128141143e-05
1884 -4.17619629522e-05
1885 -3.68938030245e-05
1886 -3.24767760778e-05
1887 -2.84774414928e-05
1888 -2.48493067701e-05
1889 -2.15633002641e-05
1890 -1.85856432214e-05
1891 -1.58962840584e-05
1892 -1.34703066694e-05
1893 -1.1283366864e-05
1894 -9.31362036132e-06
1895 -7.54097493043e-06
1896 -5.94857143256e-06
1897 -4.52044171065e-06
1898 -3.24528305147e-06
1899 -2.11193140827e-06
1900 -0.000378133928221
1901 -0.00037654530665
1902 -0.000373311421156
1903 -0.000368602223414
1904 -0.000362393875443
1905 -0.000354793325926
1906 -0.000345947829613
1907 -0.000335811357493
1908 -0.000324850603272
1909 -0.000312913504971
1910 -0.000300245731276
1911 -0.000286942812646
1912 -0.000273221212107
1913 -0.000259256295679
1914 -0.000245129479189
1915 -0.000230960659371
1916 -0.000216920150531
1917 -0.000203057143328
1918 -0.000189506566678
1919 -0.000176333099339
1920 -0.000163557540824
1921 -0.000151262265827
1922 -0.000139491897262
1923 -0.000128294210717
1924 -0.000117614110167
1925 -0.000107525418516
1926 -9.80239253875e-05
1927 -8.91204578617e-05
1928 -8.08001468238e-05
1929 -7.30611680908e-05
1930 -6.58686835263e-05
1931 -5.92250789414e-05
1932 -5.31031519137e-05
1933 -4.74900169708e-05
1934 -4.23646198129e-05
1935 -3.76834784088e-05
1936 -3.34180066559e-05
1937 -2.9529908944e-05
1938 -2.59858821219e-05
1939 -2.27600792341e-05
1940 -1.98255206754e-05
1941 -1.71648630451e-05
1942 -1.47539803779e-05
1943 -1.25693320767e-05
1944 -1.05917231138e-05
1945 -8.80109804081e-06
1946 -7.18515456448e-06
1947 -5.72969512882e-06
1948 -4.42316888421e-06
1949 -3.25694795807e-06
1950 -0.000349437305363
1951 -0.000348041212315
1952 -0.00034516048916
1953 -0.000340947081394
1954 -0.000335411686347
1955 -0.000328645813491
1956 -0.000320740833537
1957 -0.000311699203773
1958 -0.000301903964364
1959 -0.000291224191579
1960 -0.000279877407725
1961 -0.000267947760412
1962 -0.000255618028836
1963 -0.000243059698654
1964 -0.000230347807073
1965 -0.000217569273082
1966 -0.000204867027526
1967 -0.000192280797304
1968 -0.000179926481959
1969 -0.000167878183612
1970 -0.000156156054215
1971 -0.000144829672973
1972 -0.00013395304322
1973 -0.000123572264351
1974 -0.00011363880563
1975 -0.000104234606412
1976 -9.53558483286e-05
1977 -8.70144873397e-05
1978 -7.91881676921e-05
1979 -7.18868190153e-05
1980 -6.50860750835e-05
1981 -5.87992099224e-05
1982 -5.29951871143e-05
1983 -4.76544441228e-05
1984 -4.2759931934e-05
1985 -3.82682278786e-05
1986 -3.41514198531e-05
1987 -3.03822013155e-05
1988 -2.69291917951e-05
1989 -2.37743713913e-05
1990 -2.08948002306e-05
1991 -1.82721734948e-05
1992 -1.5884425817e-05
1993 -1.37093185909e-05
1994 -1.17292765166e-05
1995 -9.92899385089e-06
1996 -8.29819647036e-06
1997 -6.82320499483e-06
1998 -5.49500873146e-06
1999 -4.30451788809e-06
2000 -0.000322874014009
2001 -0.00032165187274
2002 -0.000319089342297
2003 -0.000315323572592
2004 -0.000310410164919
2005 -0.000304388933982
2006 -0.000297343568251
2007 -0.000289293761429
2008 -0.000280546218468
2009 -0.000271005444699
2010 -0.000260863732097
2011 -0.00025019714722
2012 -0.000239143536771
2013 -0.00022786546822
2014 -0.000216418150585
2015 -0.000204871855045
2016 -0.000193352532726
2017 -0.000181908603544
2018 -0.00017064132794
2019 -0.000159617799937
2020 -0.000148854386077
2021 -0.00013842759035
2022 -0.000128383885223
2023 -0.000118772922199
2024 -0.000109557064754
2025 -0.000100814133708
2026 -9.2535519794e-05
2027 -8.47288114025e-05
2028 -7.73844399764e-05
2029 -7.05196199288e-05
2030 -6.41214512689e-05
2031 -5.81944973997e-05
2032 -5.2704362131e-05
2033 -4.76359298494e-05
2034 -4.29676707358e-05
2035 -3.86620352567e-05
2036 -3.46968892844e-05
2037 -3.10485024811e-05
2038 -2.76942132145e-05
2039 -2.46211392688e-05
2040 -2.18043365022e-05
2041 -1.92274540703e-05
2042 -1.68693455974e-05
2043 -1.47091997777e-05
2044 -1.27353354429e-05
2045 -1.09331679819e-05
2046 -9.29465862886e-06
2047 -7.80878769153e-06
2048 -6.46766642873e-06
2049 -5.26037172253e-06
2050 -0.000298452205171
2051 -0.000297384134067
2052 -0.000295094936485
2053 -0.000291746799496
2054 -0.000287391889205
2055 -0.00028203659855
2056 -0.00027577388909
2057 -0.000268619150671
2058 -0.000260826993464
2059 -0.000252325452442
2060 -0.000243263316954
2061 -0.00023371623937
2062 -0.000223794010265
2063 -0.000213632906916
2064 -0.000203291612302
2065 -0.000192843166386
2066 -0.000182388334096
2067 -0.000171958364028
2068 -0.000161671082242
2069 -0.000151582511643
2070 -0.000141703564224
2071 -0.000132107142213
2072 -0.000122847216777
2073 -0.000113971345739
2074 -0.000105439733592
2075 -9.73194698731e-05
2076 -8.96034027066e-05
2077 -8.23117758402e-05
2078 -7.54456214003e-05
2079 -6.90243955649e-05
2080 -6.30260569187e-05
2081 -5.74498363278e-05
2082 -5.22675154312e-05
2083 -4.74605319709e-05
2084 -4.30103471814e-05
2085 -3.88853437939e-05
2086 -3.50691362282e-05
2087 -3.15463694454e-05
2088 -2.82993847582e-05
2089 -2.53136619222e-05
2090 -2.25638514781e-05
2091 -2.0035440874e-05
2092 -1.77095021727e-05
2093 -1.5571236506e-05
2094 -1.36090911952e-05
2095 -1.18132901067e-05
2096 -1.01771400167e-05
2097 -8.69102701878e-06
2098 -7.34515244887e-06
2099 -6.12766876892e-06
2100 -0.000276184764742
2101 -0.000275243905035
2102 -0.000273204412781
2103 -0.000270245162006
2104 -0.000266377198062
2105 -0.000261615062386
2106 -0.000256038968948
2107 -0.000249661900114
2108 -0.000242703029607
2109 -0.000235097207358
2110 -0.000226967499348
2111 -0.000218391847081
2112 -0.000209463227635
2113 -0.000200303546484
2114 -0.000190947891989
2115 -0.000181471638462
2116 -0.000171967831566
2117 -0.000162466703184
2118 -0.000153064302536
2119 -0.000143823627653
2120 -0.000134763638485
2121 -0.000125948760864
2122 -0.000117424065226
2123 -0.000109232280467
2124 -0.000101332133042
2125 -9.37926622086e-05
2126 -8.66215475317e-05
2127 -7.98406431082e-05
2128 -7.34502799683e-05
2129 -6.74549537511e-05
2130 -6.18391161489e-05
2131 -5.65993223632e-05
2132 -5.17060119817e-05
2133 -4.71440116924e-05
2134 -4.29018725103e-05
2135 -3.89529695278e-05
2136 -3.52884623424e-05
2137 -3.18975798155e-05
2138 -2.87604528904e-05
2139 -2.58621505899e-05
2140 -2.31795373187e-05
2141 -2.07002348502e-05
2142 -1.84114165491e-05
2143 -1.63000277648e-05
2144 -1.43584937219e-05
2145 -1.2577237341e-05
2146 -1.09525827248e-05
2147 -9.47317582791e-06
2148 -8.12796899984e-06
2149 -6.90547155618e-06
2150 -0.000255911153924
2151 -0.000255061351979
2152 -0.000253247345459
2153 -0.000250620790075
2154 -0.000247164601174
2155 -0.000242910973728
2156 -0.000237919686774
2157 -0.00023221224492
2158 -0.000225982767319
2159 -0.000219159374525
2160 -0.000211855447901
2161 -0.000204132383824
2162 -0.000196071501431
2163 -0.00018779132464
2164 -0.000179315897095
2165 -0.000170716720844
2166 -0.000162068928126
2167 -0.000153414213968
2168 -0.000144832351658
2169 -0.000136386634775
2170 -0.00012808339726
2171 -0.000119989324735
2172 -0.000112139297043
2173 -0.00010457390894
2174 -9.72686209137e-05
2175 -9.02957665989e-05
2176 -8.36539083336e-05
2177 -7.7368490357e-05
2178 -7.14293418403e-05
2179 -6.58397000398e-05
2180 -6.05838553995e-05
2181 -5.56541857882e-05
2182 -5.10303636937e-05
2183 -4.67007551159e-05
2184 -4.26577361388e-05
2185 -3.88849251705e-05
2186 -3.53752840044e-05
2187 -3.21147846168e-05
2188 -2.90851577431e-05
2189 -2.627342838e-05
2190 -2.36579982829e-05
2191 -2.1231971087e-05
2192 -1.89851851369e-05
2193 -1.69071326421e-05
2194 -1.49927098303e-05
2195 -1.32353198403e-05
2196 -1.16291645218e-05
2197 -1.0161805003e-05
2198 -8.82195809126e-06
2199 -7.59880845957e-06
2200 -0.000237304842099
2201 -0.000236526187701
2202 -0.000234912360752
2203 -0.000232570624308
2204 -0.000229473707606
2205 -0.000225671133863
2206 -0.000221198348323
2207 -0.000216076226377
2208 -0.000210484640038
2209 -0.000204346062576
2210 -0.000197772363322
2211 -0.000190804756882
2212 -0.000183519890128
2213 -0.000176027097014
2214 -0.000168339495775
2215 -0.000160534114313
2216 -0.000152674336002
2217 -0.000144797279172
2218 -0.000136977488273
2219 -0.000129261500402
2220 -0.000121656616046
2221 -0.000114220399397
2222 -0.000106998205367
2223 -0.000100035482787
2224 -9.33103949742e-05
2225 -8.68822209162e-05
2226 -8.07507731469e-05
2227 -7.49261344657e-05
2228 -6.94100681089e-05
2229 -6.41916031349e-05
2230 -5.92656166492e-05
2231 -5.46248523587e-05
2232 -5.0252435536e-05
2233 -4.61441242576e-05
2234 -4.22994353281e-05
2235 -3.87028511155e-05
2236 -3.53440179599e-05
2237 -3.22104738457e-05
2238 -2.92849227138e-05
2239 -2.65571931795e-05
2240 -2.40113123946e-05
2241 -2.16407104468e-05
2242 -1.94400601762e-05
2243 -1.74022819368e-05
2244 -1.55242877003e-05
2245 -1.37981803251e-05
2246 -1.22155553006e-05
2247 -1.0765181193e-05
2248 -9.43407576357e-06
2249 -8.21602785843e-06
2250 -0.000220131453779
2251 -0.000219423598289
2252 -0.000217984598723
2253 -0.000215884451461
2254 -0.000213103923448
2255 -0.00020970234833
2256 -0.000205694484075
2257 -0.000201091867355
2258 -0.000196065883953
2259 -0.000190538317831
2260 -0.000184613127462
2261 -0.000178321456963
2262 -0.000171738905049
2263 -0.000164964026964
2264 -0.00015800601816
2265 -0.00015093042342
2266 -0.000143796837221
2267 -0.000136626812241
2268 -0.000129495907951
2269 -0.000122438136411
2270 -0.000115480755999
2271 -0.000108670629072
2272 -0.000102056837064
2273 -9.5674099703e-05
2274 -8.94917353601e-05
2275 -8.35763122547e-05
2276 -7.79153222009e-05
2277 -7.25235677728e-05
2278 -6.73914050403e-05
2279 -6.25172998076e-05
2280 -5.78928603506e-05
2281 -5.35195289724e-05
2282 -4.93870164107e-05
2283 -4.54976400806e-05
2284 -4.18475658573e-05
2285 -3.84193973499e-05
2286 -3.52043075013e-05
2287 -3.21903359417e-05
2288 -2.93642067095e-05
2289 -2.67200496648e-05
2290 -2.42433321469e-05
2291 -2.19331746475e-05
2292 -1.97870199727e-05
2293 -1.77994655573e-05
2294 -1.59656388777e-05
2295 -1.42754563295e-05
2296 -1.27202913677e-05
2297 -1.12867747979e-05
2298 -9.96956415332e-06
2299 -8.76230268227e-06
2300 -0.000204273153197
2301 -0.000203633717276
2302 -0.000202349838869
2303 -0.000200452670936
2304 -0.000197951937411
2305 -0.000194903703471
2306 -0.000191304712485
2307 -0.000187166973449
2308 -0.0001826472978
2309 -0.000177670602775
2310 -0.000172336179864
2311 -0.000166664120298
2312 -0.00016072522976
2313 -0.000154599409286
2314 -0.00014829959786
2315 -0.000141877389811
2316 -0.000135390113906
2317 -0.000128862093914
2318 -0.000122367504617
2319 -0.000115937170332
2320 -0.000109598454113
2321 -0.000103388337495
2322 -9.73487906805e-05
2323 -9.15052304331e-05
2324 -8.58340455274e-05
2325 -8.0389886063e-05
2326 -7.51602770949e-05
2327 -7.01553447788e-05
2328 -6.53724081108e-05
2329 -6.08109973762e-05
2330 -5.6468597343e-05
2331 -5.23523029846e-05
2332 -4.84548200866e-05
2333 -4.4776101178e-05
2334 -4.13091595815e-05
2335 -3.80396200886e-05
2336 -3.49593636195e-05
2337 -3.20591140405e-05
2338 -2.93297316504e-05
2339 -2.67684121308e-05
2340 -2.43648851049e-05
2341 -2.21227477181e-05
2342 -2.00399928352e-05
2343 -1.81092599052e-05
2344 -1.632314902e-05
2345 -1.46709736137e-05
2346 -1.31433516565e-05
2347 -1.17324084842e-05
2348 -1.04358394448e-05
2349 -9.24346563594e-06
2350 -0.000189613190647
2351 -0.000189035269884
2352 -0.000187890396631
2353 -0.000186186438558
2354 -0.000183943670084
2355 -0.000181212654495
2356 -0.000177987539983
2357 -0.000174270861034
2358 -0.000170211697717
2359 -0.000165733690802
2360 -0.000160929219036
2361 -0.000155813319649
2362 -0.000150449507884
2363 -0.000144904379386
2364 -0.000139191963353
2365 -0.000133364433683
2366 -0.000127480252073
2367 -0.000121559272256
2368 -0.00011567028906
2369 -0.000109833186597
2370 -0.000104070766155
2371 -9.84142390729e-05
2372 -9.29012637113e-05
2373 -8.75527997085e-05
2374 -8.23460868073e-05
2375 -7.732096802e-05
2376 -7.24755577106e-05
2377 -6.78185890716e-05
2378 -6.33526775198e-05
2379 -5.90822814041e-05
2380 -5.50081664386e-05
2381 -5.11411785467e-05
2382 -4.74663921189e-05
2383 -4.39843821176e-05
2384 -4.06882063505e-05
2385 -3.75654237389e-05
2386 -3.46106612625e-05
2387 -3.18199172288e-05
2388 -2.91873304908e-05
2389 -2.67135268509e-05
2390 -2.43915583158e-05
2391 -2.22245794494e-05
2392 -2.02110434229e-05
2393 -1.83397203858e-05
2394 -1.66025553378e-05
2395 -1.4987894454e-05
2396 -1.34924027372e-05
2397 -1.21108748968e-05
2398 -1.08363756833e-05
2399 -9.6624350812e-06
2400 -0.000176114959185
2401 -0.000175599865687
2402 -0.000174572710998
2403 -0.000173051060067
2404 -0.000171044572799
2405 -0.000168592509876
2406 -0.000165700462562
2407 -0.000162356696939
2408 -0.000158705280113
2409 -0.000154673508598
2410 -0.000150337586191
2411 -0.000145723135891
2412 -0.000140881466319
2413 -0.000135873116185
2414 -0.000130722538894
2415 -0.000125459835029
2416 -0.000120143822212
2417 -0.000114789144734
2418 -0.000109454168283
2419 -0.000104157430669
2420 -9.89187200998e-05
2421 -9.37625007118e-05
2422 -8.87196601335e-05
2423 -8.38074108882e-05
2424 -7.90076779568e-05
2425 -7.43587698345e-05
2426 -6.98592187107e-05
2427 -6.55207881006e-05
2428 -6.13500215277e-05
2429 -5.73588876157e-05
2430 -5.35421443548e-05
2431 -4.99031868911e-05
2432 -4.64322491151e-05
2433 -4.31289460781e-05
2434 -3.99870807401e-05
2435 -3.7000412945e-05
2436 -3.41667528459e-05
2437 -3.14843198583e-05
2438 -2.89508014982e-05
2439 -2.65703462682e-05
2440 -2.43367016836e-05
2441 -2.22514798422e-05
2442 -2.03082421179e-05
2443 -1.84954431242e-05
2444 -1.6805777524e-05
2445 -1.52330180507e-05
2446 -1.37748825407e-05
2447 -1.24243288148e-05
2448 -1.11760472949e-05
2449 -1.00250168108e-05
2450 -0.00016374370383
2451 -0.000163286448193
2452 -0.000162360459002
2453 -0.000160997214737
2454 -0.000159195268018
2455 -0.000156987269074
2456 -0.000154378516535
2457 -0.000151371392096
2458 -0.000148087768348
2459 -0.000144462525691
2460 -0.000140558729271
2461 -0.000136414157902
2462 -0.000132060975106
2463 -0.000127556251627
2464 -0.000122919116155
2465 -0.00011818205123
2466 -0.000113381295921
2467 -0.000108539261956
2468 -0.000103703815539
2469 -9.88911882106e-05
2470 -9.41151574843e-05
2471 -8.93965399305e-05
2472 -8.47665872638e-05
2473 -8.02400320105e-05
2474 -7.58030513521e-05
2475 -7.14920137497e-05
2476 -6.73111088785e-05
2477 -6.32745842847e-05
2478 -5.93854097851e-05
2479 -5.56500230493e-05
2480 -5.20664346998e-05
2481 -4.8636582884e-05
2482 -4.53500663447e-05
2483 -4.22096375502e-05
2484 -3.92129833304e-05
2485 -3.63570923747e-05
2486 -3.36408721079e-05
2487 -3.10677768489e-05
2488 -2.86392480651e-05
2489 -2.63587721752e-05
2490 -2.42167116179e-05
2491 -2.22118383543e-05
2492 -2.03365825918e-05
2493 -1.85807347708e-05
2494 -1.69413709505e-05
2495 -1.54146393359e-05
2496 -1.39960761433e-05
2497 -1.26796225654e-05
2498 -1.14618076429e-05
2499 -1.03388410702e-05
