0 0.00868387741041
1 0.025905783315
2 0.0193236466402
3 0.0139646447285
4 0.0104495877878
5 0.00802831330305
6 0.006336734641
7 0.00509114192233
8 0.00417184881717
9 0.00346321932376
10 0.00290669494468
11 0.00246368337445
12 0.00210734318923
13 0.00181659953107
14 0.00157673538638
15 0.00137653046339
16 0.00120880212343
17 0.00106723243555
18 0.000946962677918
19 0.000844922290821
20 0.000756767630592
21 0.000677947822146
22 0.000601009065721
23 0.000517178911853
24 0.00042690383551
25 0.000348975856975
26 0.000303288843919
27 0.000290055506861
28 0.000293448616334
29 0.000298476802512
30 0.000297946387224
31 0.000290793757219
32 0.000278554711913
33 0.000263140170513
34 0.000246260006724
35 0.000229065479153
36 0.000212218557883
37 0.000196169198257
38 0.000181125856827
39 0.000167182898164
40 0.000154354127957
41 0.000142621593797
42 0.000131922382087
43 0.000122133230224
44 0.000113136263208
45 0.000104856507641
46 9.72126869118e-05
47 9.01995393069e-05
48 8.37555953086e-05
49 7.78265926969e-05
50 -0.0478253337789
51 -0.00794563957931
52 0.00639073605504
53 0.00837598508769
54 0.00768873543729
55 0.00654617427486
56 0.00546858463141
57 0.00455463926306
58 0.00382280847578
59 0.00322726084649
60 0.00274233137702
61 0.00234625247874
62 0.0020215971153
63 0.0017526678034
64 0.00152823703561
65 0.00133914261872
66 0.00117963631073
67 0.00104420490163
68 0.00092863662369
69 0.000830136187283
70 0.000744648089118
71 0.000667881007419
72 0.000592304814948
73 0.000509489201644
74 0.00042047209201
75 0.000344297238174
76 0.000300327942753
77 0.000288126795639
78 0.000291857714144
79 0.000296875223109
80 0.000296267266475
81 0.00028909175898
82 0.000276896885345
83 0.000261579549111
84 0.000244827252371
85 0.000227769120345
86 0.000211054869404
87 0.00019513597613
88 0.000180207444209
89 0.000166371210821
90 0.000153634076635
91 0.000141983431459
92 0.000131357910543
93 0.000121631978106
94 0.000112689639122
95 0.000104457439125
96 9.68564398468e-05
97 8.98805986759e-05
98 8.34700140863e-05
99 7.75712562861e-05
100 -0.0386336480667
101 -0.0210017469992
102 -0.00605889396997
103 0.000685500117805
104 0.00314158656554
105 0.00382484134375
106 0.00377135032491
107 0.00346034255095
108 0.00308858158056
109 0.00272059443171
110 0.00238404276483
111 0.00208701776133
112 0.00183008429416
113 0.00160873386052
114 0.00141837991713
115 0.00125415947433
116 0.00111303797273
117 0.000991493865829
118 0.000886493193471
119 0.00079607723426
120 0.000716763303591
121 0.000644560407444
122 0.00057212454726
123 0.000491696388798
124 0.000405677095298
125 0.000333625358957
126 0.000293570056004
127 0.000283653455274
128 0.00028810047112
129 0.000293077803332
130 0.000292301707344
131 0.00028508951342
132 0.00027301697381
133 0.000257939423968
134 0.000241489266842
135 0.00022475321477
136 0.000208356100954
137 0.000192734582125
138 0.000178079147859
139 0.000164488844597
140 0.000151968528553
141 0.000140511021358
142 0.000130054415725
143 0.000120473986051
144 0.000111658536219
145 0.000103537517132
146 9.60351219802e-05
147 8.91471725966e-05
148 8.28139376243e-05
149 7.69845870907e-05
150 -0.0280158868909
151 -0.0202804757268
152 -0.0108702204467
153 -0.0043907380087
154 -0.000782451574234
155 0.00105837965217
156 0.0018577522271
157 0.00213584494208
158 0.00215440143567
159 0.00205191792206
160 0.00189784295202
161 0.00172752510382
162 0.00155996679795
163 0.00140293044701
164 0.00125955305124
165 0.0011301893912
166 0.00101515123017
167 0.000913495468451
168 0.000823789600137
169 0.000745152035928
170 0.000674858042355
171 0.000609308988668
172 0.000541464582096
173 0.000464691971832
174 0.000383449497236
175 0.000317800406988
176 0.000283548320405
177 0.000276871516416
178 0.000282264510509
179 0.000287137467839
180 0.000286115057256
181 0.000278870473006
182 0.0002670062903
183 0.000252310091922
184 0.000236332833889
185 0.000220095621826
186 0.000204188838863
187 0.000189025680511
188 0.000174791221412
189 0.000161579667213
190 0.000149393654545
191 0.00013823394781
192 0.000128036937166
193 0.000118680871434
194 0.000110061187703
195 0.000102111729074
196 9.47618921507e-05
197 8.80097896253e-05
198 8.17961876148e-05
199 7.60746115403e-05
200 -0.0207696011043
201 -0.0169838189419
202 -0.01146459973
203 -0.0066458206201
204 -0.00325388256566
205 -0.00107255047362
206 0.000180231326147
207 0.000864997923331
208 0.00119826857738
209 0.00133353100029
210 0.00135565298275
211 0.00131481472823
212 0.00124263382487
213 0.00115658975958
214 0.00106650696465
215 0.000977582559239
216 0.000893378137
217 0.000815566668481
218 0.000744447003349
219 0.000680255013222
220 0.000621060719157
221 0.000563685361823
222 0.000501517276156
223 0.000429611796605
224 0.000355030672978
225 0.000297905534408
226 0.000270910034643
227 0.000268025358059
228 0.000274401219162
229 0.000279067282244
230 0.000277745318423
231 0.000270502631106
232 0.000258950443906
233 0.000244784707748
234 0.000229448954828
235 0.000213880975115
236 0.000198628220516
237 0.000184075070365
238 0.000170400516643
239 0.00015769276555
240 0.000145951660404
241 0.000135188391831
242 0.00012533601252
243 0.000116278554559
244 0.00010791970478
245 0.000100199191546
246 9.30533341971e-05
247 8.64827767478e-05
248 8.0428934076e-05
249 7.48521650427e-05
250 -0.0158862443576
251 -0.0138353486497
252 -0.0105312232759
253 -0.00719708404954
254 -0.00446235573325
255 -0.00242367414154
256 -0.00105836604687
257 -0.000176875307252
258 0.000353126575224
259 0.000661054012624
260 0.000825062526091
261 0.000896565140777
262 0.000911907279763
263 0.000893862500519
264 0.000856676127348
265 0.000809104028943
266 0.000757116191794
267 0.000704757285692
268 0.000653744562498
269 0.000605410570606
270 0.000558407783904
271 0.000510013938912
272 0.000454179788541
273 0.000388349851376
274 0.000322324374952
275 0.000275428996453
276 0.00025646783857
277 0.000257428926912
278 0.000264626268589
279 0.000268968313402
280 0.00026733868722
281 0.000260167426668
282 0.000249049913613
283 0.000235562860767
284 0.00022102826688
285 0.000206283343515
286 0.000191831823226
287 0.000178020859246
288 0.000165028398876
289 0.000152935185584
290 0.000141734562178
291 0.000131454160868
292 0.000122020403134
293 0.000113327302669
294 0.000105286925723
295 9.784672856e-05
296 9.09496911686e-05
297 8.46016394223e-05
298 7.87434099983e-05
299 7.33447454607e-05
300 -0.0125755723947
301 -0.0113592093527
302 -0.00926706741646
303 -0.00695769375054
304 -0.0048569808875
305 -0.00312670029146
306 -0.00184129796425
307 -0.000919596622808
308 -0.000301845762969
309 0.000105761491695
310 0.00036502904497
311 0.000519948408365
312 0.000604511839648
313 0.000643233057043
314 0.000652016608741
315 0.000642072999029
316 0.000619822909822
317 0.000591669650342
318 0.000560053507133
319 0.000527204044038
320 0.000492313175139
321 0.000452706977475
322 0.000403332780975
323 0.000344546950924
324 0.000288537658663
325 0.000252589734633
326 0.000241436972352
327 0.000245747942049
328 0.000253460533127
329 0.000257395944198
330 0.000255511949755
331 0.000248520554366
332 0.000237948214205
333 0.000225254793176
334 0.000211628276195
335 0.000197805463864
336 0.000184250960193
337 0.000171264517921
338 0.000159019592535
339 0.000147608274992
340 0.000137019605874
341 0.000127268515554
342 0.000118298304828
343 0.000110011564424
344 0.000102327554776
345 9.52005824032e-05
346 8.85853756943e-05
347 8.24835488113e-05
348 7.6845421389e-05
349 7.16454050512e-05
350 -0.0102550096827
351 -0.00948391233271
352 -0.00807883063981
353 -0.006434409969
354 -0.0048360625354
355 -0.00341596954176
356 -0.00228042929196
357 -0.00140301880867
358 -0.000769956495823
359 -0.000319570963734
360 -6.66494215882e-06
361 0.000203354672231
362 0.000337319743239
363 0.000419442299465
364 0.000464922567684
365 0.000486162329212
366 0.000489860322525
367 0.000482873668845
368 0.000468751230664
369 0.000449948293705
370 0.000426266526052
371 0.000394644855372
372 0.00035188577849
373 0.000300948978636
374 0.000255890189393
375 0.000230713868062
376 0.000226485100605
377 0.000233394084996
378 0.000241293574486
379 0.000244781134366
380 0.000242726613694
381 0.000236031757194
382 0.000226116353873
383 0.000214282747763
384 0.000201626909551
385 0.000188794991568
386 0.000176183223845
387 0.000164072229162
388 0.000152622379699
389 0.00014192331112
390 0.000131971347429
391 0.000122797476447
392 0.000114310777428
393 0.000106449861151
394 9.91439897136e-05
395 9.23516886359e-05
396 8.60351245599e-05
397 8.02016267571e-05
398 7.47967868496e-05
399 6.98127243123e-05
400 -0.00846988066384
401 -0.007957308837
402 -0.00699100929048
403 -0.00581356149587
404 -0.00460772602127
405 -0.00346965514105
406 -0.00250454731733
407 -0.00171347347636
408 -0.00110780465217
409 -0.000650181785924
410 -0.00031274195216
411 -6.9714088047e-05
412 9.88180626257e-05
413 0.000213915699361
414 0.000289061099563
415 0.000336144712509
416 0.000362756745607
417 0.000374801981543
418 0.000376757912014
419 0.000371086202442
420 0.000357696571535
421 0.000333907730198
422 0.000298249448613
423 0.000256715459712
424 0.000223605017342
425 0.000209012228031
426 0.000210794735464
427 0.000219588473799
428 0.00022738456046
429 0.000230428558776
430 0.000228313879343
431 0.000222061798529
432 0.000212939462719
433 0.000202150479319
434 0.000190573162237
435 0.000178820604864
436 0.000167258797631
437 0.000156115176939
438 0.000145546222519
439 0.000135631785648
440 0.000126378443506
441 0.000117831076272
442 0.000109884731712
443 0.000102491398049
444 9.55974266249e-05
445 8.9173148944e-05
446 8.31898731137e-05
447 7.76487232661e-05
448 7.25052683414e-05
449 6.77603480824e-05
450 -0.00704068517338
451 -0.00668826599133
452 -0.00601720799434
453 -0.00516974692516
454 -0.00426639545405
455 -0.00337166094992
456 -0.00257475504833
457 -0.0018883360357
458 -0.00133581012249
459 -0.000896879973709
460 -0.000556958612744
461 -0.000299576281013
462 -0.000110056527846
463 2.78101198463e-05
464 0.000125584723344
465 0.00019355181566
466 0.000239317668757
467 0.000268169007723
468 0.00028463274016
469 0.000290934238605
470 0.00028695234389
471 0.000270841923209
472 0.00024323178842
473 0.000212809873987
474 0.000192204407664
475 0.000187365218099
476 0.000193948316208
477 0.000203888045214
478 0.00021134139901
479 0.000214029576284
480 0.000212015397002
481 0.00020639254994
482 0.000198248157391
483 0.000188650534287
484 0.000178295523848
485 0.000167768719188
486 0.000157347324863
487 0.000147263283689
488 0.000137664870446
489 0.000128614577955
490 0.000120136062219
491 0.00011227026933
492 0.000104923385626
493 9.8049464218e-05
494 9.16170502725e-05
495 8.55987545307e-05
496 7.99871099311e-05
497 7.47730569043e-05
498 6.99197697223e-05
499 6.54437392679e-05
500 -0.00589810456676
501 -0.00564988400153
502 -0.00517603152015
503 -0.00455961151261
504 -0.00388118537454
505 -0.00318385757975
506 -0.00253667189204
507 -0.00195552215641
508 -0.00146783701718
509 -0.00106381963483
510 -0.00073780832207
511 -0.000480712913618
512 -0.000282618868203
513 -0.000131759300573
514 -1.88750603092e-05
515 6.43671852535e-05
516 0.000124889843587
517 0.000167406845051
518 0.000196112090464
519 0.000212673779857
520 0.00021703447234
521 0.000208516252414
522 0.000190135249295
523 0.000171733895817
524 0.000162962599538
525 0.000166096438244
526 0.000175985450713
527 0.000186376079664
528 0.000193399062652
529 0.000195899055947
530 0.000194216226971
531 0.000189406337608
532 0.000182405537539
533 0.000174118917249
534 0.000165114300817
535 0.000155881167441
536 0.000146681173295
537 0.000137729080375
538 0.000129159796142
539 0.000121028710661
540 0.000113374276179
541 0.000106229168177
542 9.95199637591e-05
543 9.32054758664e-05
544 8.7267385106e-05
545 8.16922470453e-05
546 7.64791539794e-05
547 7.16197376965e-05
548 6.70844223083e-05
549 6.2901949169e-05
550 -0.00498928251453
551 -0.00481031570162
552 -0.00446804155078
553 -0.0040130051175
554 -0.00349822266854
555 -0.0029541974592
556 -0.00243172685366
557 -0.00194627302023
558 -0.00152446982258
559 -0.00116275703226
560 -0.00086035523503
561 -0.000613638528258
562 -0.000416649743533
563 -0.000261203675177
564 -0.000140191210214
565 -4.71319923265e-05
566 2.36484204105e-05
567 7.64177076547e-05
568 0.000114676886475
569 0.000139619660171
570 0.000151330374826
571 0.000150572481128
572 0.000142175784849
573 0.000135404270567
574 0.000136486868899
575 0.000145229418299
576 0.000156987168513
577 0.000167351241813
578 0.000174013651175
579 0.000176553291305
580 0.000175456428342
581 0.000171633181563
582 0.000165902954334
583 0.000159007029715
584 0.000151419387225
585 0.000143521061759
586 0.000135583298136
587 0.000127793316275
588 0.000120276685438
589 0.000113097367347
590 0.000106291223301
591 9.98847382463e-05
592 9.38321087485e-05
593 8.80986457279e-05
594 8.26749763263e-05
595 7.75645372197e-05
596 7.27639840248e-05
597 6.82752656099e-05
598 6.40763380941e-05
599 6.02008300922e-05
600 -0.00426636419143
601 -0.00413509663094
602 -0.00388157856673
603 -0.00353934123703
604 -0.00314257856859
605 -0.00271469304776
606 -0.00229240144707
607 -0.00188890957905
608 -0.00152793837094
609 -0.00120923581042
610 -0.000934835812594
611 -0.000704439421114
612 -0.000515085709445
613 -0.000361229135414
614 -0.000237698818278
615 -0.000139516618466
616 -6.24229078766e-05
617 -2.49192953499e-06
618 4.29182375676e-05
619 7.46258838214e-05
620 9.30367060352e-05
621 0.000100090932982
622 0.000101352386168
623 0.000104333364777
624 0.000112498063022
625 0.000124594377165
626 0.000137138141192
627 0.000147265699814
628 0.000153773540685
629 0.000156616459372
630 0.0001563215437
631 0.000153636066699
632 0.000149244796724
633 0.000143754667507
634 0.000137591630094
635 0.000131035008904
636 0.000124356477785
637 0.000117724934579
638 0.000111253202501
639 0.000105026329487
640 9.9074226668e-05
641 9.34005918078e-05
642 8.80055375986e-05
643 8.28586124177e-05
644 7.79533388257e-05
645 7.33154052434e-05
646 6.8934740241e-05
647 6.48215571105e-05
648 6.0968603963e-05
649 5.74048669705e-05
650 -0.00368436997531
651 -0.00358621634874
652 -0.00339431752189
653 -0.00313178470208
654 -0.00282222314706
655 -0.00248215511704
656 -0.00213921769587
657 -0.00180391904448
658 -0.0014966583057
659 -0.00121847137773
660 -0.000973104571932
661 -0.000761884727487
662 -0.000584004539333
663 -0.000435849931301
664 -0.000313805491336
665 -0.000214068004952
666 -0.00013358892838
667 -6.88614534961e-05
668 -1.80087729303e-05
669 1.94117433858e-05
670 4.40019461945e-05
671 5.82347628421e-05
672 6.7561307384e-05
673 7.75159119052e-05
674 9.00389062782e-05
675 0.000103808565014
676 0.000116537650899
677 0.00012648630207
678 0.000133106802818
679 0.000136504409234
680 0.000137184029714
681 0.000135738059398
682 0.000132718954324
683 0.000128630895895
684 0.00012385641297
685 0.000118623484637
686 0.000113180037113
687 0.000107681584701
688 0.000102229359316
689 9.69325937809e-05
690 9.18146529056e-05
691 8.68663940827e-05
692 8.21158313952e-05
693 7.75504858924e-05
694 7.31646050115e-05
695 6.89973621838e-05
696 6.50381620051e-05
697 6.12987297816e-05
698 5.77955145243e-05
699 5.45456473571e-05
700 -0.00320450485132
701 -0.00313012721342
702 -0.00298216252224
703 -0.00277817148628
704 -0.0025345615361
705 -0.00226220312824
706 -0.00198262215041
707 -0.00170392839047
708 -0.00144328304197
709 -0.00120232673895
710 -0.000985335659875
711 -0.000794323553963
712 -0.00062989557776
713 -0.000489965368367
714 -0.000372047022397
715 -0.000273165861142
716 -0.000191042513874
717 -0.000122876226511
718 -6.75411141286e-05
719 -2.52840551481e-05
720 4.40794121225e-06
721 2.41696693424e-05
722 3.90430269753e-05
723 5.31866997272e-05
724 6.79737478984e-05
725 8.24267163291e-05
726 9.51629042768e-05
727 0.000105150563296
728 0.000112174464391
729 0.000116340411232
730 0.000118121170879
731 0.000117974115272
732 0.000116363737537
733 0.000113670811726
734 0.000110257586927
735 0.000106319332367
736 0.000102074049334
737 9.76743172373e-05
738 9.32231556252e-05
739 8.88287095354e-05
740 8.45163359637e-05
741 8.02891558484e-05
742 7.61710315806e-05
743 7.21752175355e-05
744 6.83119334183e-05
745 6.46141600071e-05
746 6.10756306858e-05
747 5.77159059272e-05
748 5.45656790925e-05
749 5.16335292253e-05
750 -0.00280202082168
751 -0.00274503623028
752 -0.00262930567261
753 -0.00246943137471
754 -0.00227613431441
755 -0.00205698767524
756 -0.00182849272783
757 -0.0015968584189
758 -0.00137656092388
759 -0.00116909431338
760 -0.000978634588473
761 -0.000807724252028
762 -0.000657648699089
763 -0.000527209310437
764 -0.000414709459216
765 -0.000317806337469
766 -0.00023475751433
767 -0.000163677525885
768 -0.000104730464015
769 -5.9279756995e-05
770 -2.67943424876e-05
771 -4.11799523003e-06
772 1.35901700816e-05
773 2.97575425453e-05
774 4.55461161101e-05
775 6.02831099883e-05
776 7.3139590462e-05
777 8.3456144269e-05
778 9.11405761059e-05
779 9.62666813766e-05
780 9.92564857552e-05
781 0.00010044639018
782 0.000100233800269
783 9.89234257638e-05
784 9.6826925682e-05
785 9.41342222897e-05
786 9.10494474818e-05
787 8.77165779711e-05
788 8.42412873514e-05
789 8.07214933722e-05
790 7.71871799699e-05
791 7.36676774891e-05
792 7.01766266744e-05
793 6.6742930576e-05
794 6.33956966004e-05
795 6.01643156945e-05
796 5.70449205773e-05
797 5.40730641559e-05
798 5.12749072756e-05
799 4.86603790242e-05
800 -0.00246109620138
801 -0.00241643551097
802 -0.0023252780349
803 -0.00219887325935
804 -0.00204452338845
805 -0.00186756096894
806 -0.00168058541963
807 -0.00148819004149
808 -0.00130228390776
809 -0.00112432590506
810 -0.000958233174871
811 -0.000806411323383
812 -0.000670443463081
813 -0.000549613802513
814 -0.000442514574458
815 -0.00034736959683
816 -0.000263191209731
817 -0.000189893050058
818 -0.000129532440162
819 -8.40790495319e-05
820 -5.19811941139e-05
821 -2.91105903363e-05
822 -1.0634578505e-05
823 6.31306417885e-06
824 2.25984097979e-05
825 3.76450735257e-05
826 5.08768546497e-05
827 6.17974178362e-05
828 7.03294098459e-05
829 7.65519727694e-05
830 8.08025882749e-05
831 8.33216256765e-05
832 8.44555105663e-05
833 8.44783436475e-05
834 8.36378330888e-05
835 8.21394040087e-05
836 8.01669126834e-05
837 7.78562997484e-05
838 7.53209649291e-05
839 7.26429366707e-05
840 6.98632785238e-05
841 6.70246180631e-05
842 6.41464394728e-05
843 6.12691928121e-05
844 5.84278900553e-05
845 5.56564649403e-05
846 5.29538554438e-05
847 5.03659200308e-05
848 4.79204649813e-05
849 4.56220179114e-05
850 -0.00217197744656
851 -0.00213650766053
852 -0.00206422546276
853 -0.0019635051211
854 -0.00183931297545
855 -0.00169564808566
856 -0.00154207176379
857 -0.00138191458473
858 -0.00122512681295
859 -0.00107276118179
860 -0.000928074855967
861 -0.000793383135161
862 -0.000669941120357
863 -0.000557239156198
864 -0.000454087918107
865 -0.000359558279295
866 -0.000274733928448
867 -0.000202027150131
868 -0.000144602936862
869 -0.000103245725478
870 -7.44245790342e-05
871 -5.30188500501e-05
872 -3.46653353818e-05
873 -1.72853048195e-05
874 -4.7953388079e-07
875 1.51100661502e-05
876 2.89750227857e-05
877 4.07010125143e-05
878 5.02099195061e-05
879 5.75717578738e-05
880 6.30458399989e-05
881 6.68389005098e-05
882 6.92447971339e-05
883 7.05192877974e-05
884 7.08593926713e-05
885 7.04877046371e-05
886 6.95568353846e-05
887 6.82077163621e-05
888 6.65601810528e-05
889 6.46773796125e-05
890 6.26165816187e-05
891 6.0429888563e-05
892 5.81466983826e-05
893 5.58117403296e-05
894 5.34661971845e-05
895 5.11415127634e-05
896 4.88504995324e-05
897 4.66424427817e-05
898 4.45433613441e-05
899 4.25553227745e-05
900 -0.00192785817976
901 -0.00189941358517
902 -0.00184149457142
903 -0.00176039585358
904 -0.00165951642304
905 -0.0015419931579
906 -0.0014151907287
907 -0.00128129935089
908 -0.00114837488607
909 -0.00101719415158
910 -0.000890284294705
911 -0.000769363966911
912 -0.000655415142519
913 -0.000547933169439
914 -0.000446781045012
915 -0.000353322283697
916 -0.000271422222925
917 -0.000204880720112
918 -0.00015555438854
919 -0.000121308065858
920 -9.68294752066e-05
921 -7.69889753718e-05
922 -5.86149744223e-05
923 -4.05930510344e-05
924 -2.30235248941e-05
925 -6.64694298453e-06
926 8.0315277289e-06
927 2.06662950213e-05
928 3.11895856963e-05
929 3.96610321186e-05
930 4.62818600537e-05
931 5.12597264882e-05
932 5.48284737891e-05
933 5.72464395536e-05
934 5.86736337332e-05
935 5.93295354318e-05
936 5.93604810707e-05
937 5.89080506114e-05
938 5.80816483661e-05
939 5.69442318662e-05
940 5.55600131078e-05
941 5.39865100661e-05
942 5.22727281621e-05
943 5.0455406582e-05
944 4.85844259734e-05
945 4.66873233322e-05
946 4.47979801592e-05
947 4.29584421567e-05
948 4.11934698372e-05
949 3.95045263316e-05
950 -0.00172035337743
951 -0.001697180627
952 -0.00165040918237
953 -0.00158438986438
954 -0.00150177162112
955 -0.00140474526937
956 -0.00129901941873
957 -0.00118596692391
958 -0.00107186322118
959 -0.000957040376121
960 -0.000843287988408
961 -0.000731673368325
962 -0.000623268646497
963 -0.000518788331623
964 -0.000420642509132
965 -0.000333054170739
966 -0.000260963057242
967 -0.00020658842923
968 -0.000168295857636
969 -0.000141366625918
970 -0.000120211706453
971 -0.000100976384799
972 -8.19514867968e-05
973 -6.2921235276e-05
974 -4.43696812688e-05
975 -2.70716799555e-05
976 -1.15093267843e-05
977 2.03724079874e-06
978 1.35247356172e-05
979 2.3019752648e-05
980 3.06774632842e-05
981 3.67189426861e-05
982 4.13302979845e-05
983 4.47689604691e-05
984 4.71756927095e-05
985 4.87636050847e-05
986 4.96698241236e-05
987 5.0036884343e-05
988 4.99583501222e-05
989 4.95082939883e-05
990 4.87545996142e-05
991 4.77516085881e-05
992 4.65671404044e-05
993 4.52403391426e-05
994 4.38142778527e-05
995 4.23247764426e-05
996 4.0821003376e-05
997 3.9335237185e-05
998 3.78893108227e-05
999 3.64853974989e-05
1000 -0.00154207456926
1001 -0.00152300121247
1002 -0.00148479326596
1003 -0.00143013655479
1004 -0.00136154911821
1005 -0.00128006113037
1006 -0.00119003909958
1007 -0.00109226476087
1008 -0.000991431323164
1009 -0.000887420714342
1010 -0.000781497206671
1011 -0.000675060332336
1012 -0.000570755523032
1013 -0.000471886218146
1014 -0.000383328073621
1015 -0.000309821524938
1016 -0.000253933420378
1017 -0.000214096828206
1018 -0.000185823111377
1019 -0.000163858382252
1020 -0.000143980256647
1021 -0.000124136780097
1022 -0.000103864295673
1023 -8.36027379945e-05
1024 -6.39917373568e-05
1025 -4.57780238466e-05
1026 -2.93685343527e-05
1027 -1.4986346684e-05
1028 -2.64462239416e-06
1029 7.73913069851e-06
1030 1.63084493798e-05
1031 2.32687258439e-05
1032 2.8801810575e-05
1033 3.31307670929e-05
1034 3.64064600673e-05
1035 3.88256476113e-05
1036 4.05166046386e-05
1037 4.16079247274e-05
1038 4.22018204437e-05
1039 4.23747011932e-05
1040 4.22027907351e-05
1041 4.17324811721e-05
1042 4.10427904325e-05
1043 4.01787262374e-05
1044 3.91765611895e-05
1045 3.8079768436e-05
1046 3.69431709821e-05
1047 3.57924193151e-05
1048 3.46476792332e-05
1049 3.35135082816e-05
1050 -0.00138367780956
1051 -0.00136769241064
1052 -0.00133554531881
1053 -0.00128897861032
1054 -0.00123022745078
1055 -0.001159317033
1056 -0.00107957210078
1057 -0.000991251022468
1058 -0.000898004408306
1059 -0.000799949862398
1060 -0.000699223755384
1061 -0.000598990561764
1062 -0.000504171436114
1063 -0.00041969597103
1064 -0.00034977756712
1065 -0.000296239956063
1066 -0.000257626463639
1067 -0.000229659521967
1068 -0.000207471354921
1069 -0.000187259148121
1070 -0.000166750950632
1071 -0.000145415848535
1072 -0.000123622349397
1073 -0.000102127755187
1074 -8.1545144132e-05
1075 -6.2531330662e-05
1076 -4.5403705279e-05
1077 -3.03306679574e-05
1078 -1.72753080002e-05
1079 -6.16044418152e-06
1080 3.18091816717e-06
1081 1.09138086284e-05
1082 1.72357313965e-05
1083 2.2331189639e-05
1084 2.63632305546e-05
1085 2.95063169176e-05
1086 3.18915737406e-05
1087 3.36294501148e-05
1088 3.48323727411e-05
1089 3.5570101758e-05
1090 3.59262085894e-05
1091 3.59524068342e-05
1092 3.57219448594e-05
1093 3.52806769563e-05
1094 3.46773979209e-05
1095 3.39551374224e-05
1096 3.31655970469e-05
1097 3.23325454803e-05
1098 3.14721108853e-05
1099 3.05928775745e-05
1100 -0.00123140828671
1101 -0.00121742613718
1102 -0.00118884408121
1103 -0.00114716646144
1104 -0.00109402358234
1105 -0.00102894204319
1106 -0.000954804763214
1107 -0.000871847910265
1108 -0.000784215137113
1109 -0.000693189133152
1110 -0.000602756255175
1111 -0.000517474784803
1112 -0.000442408450828
1113 -0.000380839584481
1114 -0.000333491073943
1115 -0.000298563970689
1116 -0.000272424336645
1117 -0.000250768070047
1118 -0.000230336264776
1119 -0.000209332185471
1120 -0.000187058171665
1121 -0.000163933077706
1122 -0.000140693485311
1123 -0.000118153694546
1124 -9.67887021142e-05
1125 -7.71810883705e-05
1126 -5.9521379342e-05
1127 -4.39309290537e-05
1128 -3.03287273001e-05
1129 -1.86446448996e-05
1130 -8.69047729002e-06
1131 -3.28287223679e-07
1132 6.64344215055e-06
1133 1.23863115858e-05
1134 1.70609938286e-05
1135 2.08284046767e-05
1136 2.38153315662e-05
1137 2.61293702962e-05
1138 2.78733095794e-05
1139 2.91194841544e-05
1140 2.99493324775e-05
1141 3.0430007712e-05
1142 3.06164443064e-05
1143 3.05666968703e-05
1144 3.03332219165e-05
1145 2.99622717879e-05
1146 2.94950274842e-05
1147 2.8959731707e-05
1148 2.83656526071e-05
1149 2.77284231957e-05
1150 -0.00106861358017
1151 -0.00105572809704
1152 -0.00102907052209
1153 -0.000990318191123
1154 -0.000940740124277
1155 -0.000880291645001
1156 -0.000812185926747
1157 -0.000737538883123
1158 -0.000661594943978
1159 -0.00058652815411
1160 -0.000516663056364
1161 -0.000455592660205
1162 -0.000405684015503
1163 -0.000366963964075
1164 -0.000337408498985
1165 -0.00031388619692
1166 -0.000293188839291
1167 -0.000272747766767
1168 -0.000251125248273
1169 -0.000228052489084
1170 -0.000203760861915
1171 -0.000179047933044
1172 -0.000154695292505
1173 -0.000131414914939
1174 -0.000109567514653
1175 -8.96112052707e-05
1176 -7.16435124583e-05
1177 -5.57287683436e-05
1178 -4.17693783209e-05
1179 -2.96728478167e-05
1180 -1.92671955419e-05
1181 -1.04172632449e-05
1182 -2.93179354274e-06
1183 3.33889586506e-06
1184 8.54614120347e-06
1185 1.28343260076e-05
1186 1.63319470642e-05
1187 1.91397257226e-05
1188 2.13483926236e-05
1189 2.30429184285e-05
1190 2.43000992147e-05
1191 2.51907591232e-05
1192 2.57620583251e-05
1193 2.60773796977e-05
1194 2.6186733493e-05
1195 2.61392023256e-05
1196 2.59690496345e-05
1197 2.57064160404e-05
1198 2.5358656436e-05
1199 2.49450408914e-05
1200 -0.000890939075307
1201 -0.000879422194085
1202 -0.000855747984148
1203 -0.000821854903468
1204 -0.000779095441477
1205 -0.000728544025862
1206 -0.000673589266901
1207 -0.000616157084383
1208 -0.000561070094102
1209 -0.000509967703591
1210 -0.000465410464584
1211 -0.00042844920002
1212 -0.000398849249269
1213 -0.000374871596145
1214 -0.000354117311236
1215 -0.000334313442164
1216 -0.000313794052565
1217 -0.000291611253516
1218 -0.000267617122974
1219 -0.000242365163955
1220 -0.000216413693863
1221 -0.000190593403511
1222 -0.00016558261107
1223 -0.000141955683225
1224 -0.000119948282107
1225 -9.98993424784e-05
1226 -8.18371684628e-05
1227 -6.57905396544e-05
1228 -5.16387129294e-05
1229 -3.92949739314e-05
1230 -2.85819855764e-05
1231 -1.93827310564e-05
1232 -1.15165606736e-05
1233 -4.83133637582e-06
1234 8.01641100545e-07
1235 5.51848382646e-06
1236 9.44054600463e-06
1237 1.26673511655e-05
1238 1.52798939511e-05
1239 1.73707446758e-05
1240 1.90093681549e-05
1241 2.026375655e-05
1242 2.11845949823e-05
1243 2.1829178322e-05
1244 2.22501967169e-05
1245 2.24958917974e-05
1246 2.25966941513e-05
1247 2.25808185518e-05
1248 2.24596392664e-05
1249 2.22515318358e-05
1250 -0.000727441543126
1251 -0.00071873928275
1252 -0.000701138235933
1253 -0.000676433517773
1254 -0.000646086872749
1255 -0.000611646833643
1256 -0.000575779127011
1257 -0.000540069076893
1258 -0.000507381021822
1259 -0.000478131506183
1260 -0.000452847323341
1261 -0.00043102385899
1262 -0.000411533214015
1263 -0.000392874738129
1264 -0.000373617220202
1265 -0.000352765180932
1266 -0.000329938565362
1267 -0.000305170737726
1268 -0.000278951967191
1269 -0.000252062539522
1270 -0.00022508037872
1271 -0.000198723099694
1272 -0.000173536627828
1273 -0.000149951777615
1274 -0.000128084592725
1275 -0.000108186134836
1276 -9.02372137358e-05
1277 -7.42311416978e-05
1278 -6.00440845644e-05
1279 -4.75990111802e-05
1280 -3.67128518947e-05
1281 -2.72868482985e-05
1282 -1.91499221698e-05
1283 -1.21586767946e-05
1284 -6.19760013684e-06
1285 -1.1349614362e-06
1286 3.13800196148e-06
1287 6.71628894561e-06
1288 9.67667274182e-06
1289 1.21105263437e-05
1290 1.4080514882e-05
1291 1.56513809423e-05
1292 1.68778422689e-05
1293 1.78181222938e-05
1294 1.85198135321e-05
1295 1.90295114107e-05
1296 1.93746715663e-05
1297 1.95828972089e-05
1298 1.96688006986e-05
1299 1.96511088578e-05
1300 -0.000620915280212
1301 -0.000615744577293
1302 -0.000605362344089
1303 -0.000590989907419
1304 -0.000573774733013
1305 -0.000554621019275
1306 -0.000535048666891
1307 -0.000515695417583
1308 -0.000497596544949
1309 -0.000480403903907
1310 -0.000463781875094
1311 -0.000447019586724
1312 -0.000429354621254
1313 -0.000410081460134
1314 -0.000388699187057
1315 -0.000365144302282
1316 -0.000339709640345
1317 -0.000312829999122
1318 -0.000285140127116
1319 -0.000257396467054
1320 -0.000230066134706
1321 -0.000203743760998
1322 -0.000178827877696
1323 -0.000155622184528
1324 -0.000134153220776
1325 -0.000114612422433
1326 -9.6958760188e-05
1327 -8.11480617729e-05
1328 -6.70768894128e-05
1329 -5.46516501385e-05
1330 -4.37174180507e-05
1331 -3.41726945708e-05
1332 -2.58691380389e-05
1333 -1.86668013821e-05
1334 -1.2465954303e-05
1335 -7.13631708964e-06
1336 -2.58103276606e-06
1337 1.28193879641e-06
1338 4.53229878555e-06
1339 7.25493894092e-06
1340 9.50972964014e-06
1341 1.13551623969e-05
1342 1.28506897659e-05
1343 1.40520071655e-05
1344 1.50026996045e-05
1345 1.57468327029e-05
1346 1.63103710869e-05
1347 1.67200851521e-05
1348 1.6991456511e-05
1349 1.71504314405e-05
1350 -0.000581850217515
1351 -0.00057915998178
1352 -0.000573751275
1353 -0.000566199591964
1354 -0.000557010425911
1355 -0.000546411934549
1356 -0.000534963293002
1357 -0.000522600951064
1358 -0.000509590411097
1359 -0.00049541292818
1360 -0.000479723235064
1361 -0.000462107711516
1362 -0.00044235150639
1363 -0.000420375564426
1364 -0.000396246261745
1365 -0.000370290375275
1366 -0.000343041876873
1367 -0.000314997064302
1368 -0.000286733821374
1369 -0.000258901801777
1370 -0.000231861191185
1371 -0.000206059201763
1372 -0.000181771963854
1373 -0.000159217155409
1374 -0.000138362395549
1375 -0.000119359256531
1376 -0.000102131899322
1377 -8.66574111693e-05
1378 -7.28201943244e-05
1379 -6.05382570962e-05
1380 -4.96632709509e-05
1381 -4.01082497624e-05
1382 -3.17339405781e-05
1383 -2.44043090727e-05
1384 -1.80403006428e-05
1385 -1.25145762297e-05
1386 -7.74545404812e-06
1387 -3.65432422258e-06
1388 -1.63807857321e-07
1389 2.79689973001e-06
1390 5.2896590036e-06
1391 7.37029130382e-06
1392 9.10004892912e-06
1393 1.05279617508e-05
1394 1.16976890246e-05
1395 1.26471494074e-05
1396 1.3404771175e-05
1397 1.39950225236e-05
1398 1.44367369249e-05
1399 1.47563003454e-05
1400 -0.000583901077242
1401 -0.000582153979855
1402 -0.000578558686687
1403 -0.000573343947508
1404 -0.000566571756834
1405 -0.000558133798028
1406 -0.000548159531334
1407 -0.000536325800737
1408 -0.000522806362377
1409 -0.000507135667996
1410 -0.000489208889237
1411 -0.000468946932356
1412 -0.000446507535301
1413 -0.000422137020579
1414 -0.000396085154806
1415 -0.000368792012605
1416 -0.000340798599313
1417 -0.000312545113419
1418 -0.000284527961443
1419 -0.000257274977064
1420 -0.000231022204327
1421 -0.000206103334048
1422 -0.00018272175675
1423 -0.000161019935897
1424 -0.000140947487692
1425 -0.000122607664581
1426 -0.000105944000998
1427 -9.09206156275e-05
1428 -7.74222279427e-05
1429 -6.53770759988e-05
1430 -5.465579736e-05
1431 -4.5177185656e-05
1432 -3.68022733826e-05
1433 -2.94196447758e-05
1434 -2.29550550591e-05
1435 -1.7297583864e-05
1436 -1.23719537267e-05
1437 -8.1067648159e-06
1438 -4.42960938585e-06
1439 -1.27719270972e-06
1440 1.41403121114e-06
1441 3.69434003828e-06
1442 5.62052318546e-06
1443 7.24164105537e-06
1444 8.60016596616e-06
1445 9.72759549963e-06
1446 1.06556427377e-05
1447 1.14075620396e-05
1448 1.20069800368e-05
1449 1.24740395888e-05
1450 -0.000595048024044
1451 -0.00059329640018
1452 -0.000589632773735
1453 -0.000584173627407
1454 -0.000576875513685
1455 -0.000567501305839
1456 -0.000556128760677
1457 -0.000542442072082
1458 -0.000526756451367
1459 -0.000508732839232
1460 -0.000488470356555
1461 -0.00046608866075
1462 -0.000441909196536
1463 -0.000416277219066
1464 -0.000389482949947
1465 -0.000361940661964
1466 -0.000334174463513
1467 -0.000306529116799
1468 -0.000279393796856
1469 -0.000253201897194
1470 -0.000228075212462
1471 -0.000204296728558
1472 -0.000182008473046
1473 -0.000161318151504
1474 -0.000142124341524
1475 -0.000124558850921
1476 -0.000108552275294
1477 -9.40633646338e-05
1478 -8.09807125212e-05
1479 -6.92532106112e-05
1480 -5.87691552421e-05
1481 -4.94275972157e-05
1482 -4.11176973867e-05
1483 -3.3742332771e-05
1484 -2.72365886213e-05
1485 -2.1502361627e-05
1486 -1.64757248026e-05
1487 -1.20880900594e-05
1488 -8.27162345789e-06
1489 -4.96591802234e-06
1490 -2.11675334273e-06
1491 3.27371755194e-07
1492 2.41639474999e-06
1493 4.20010425549e-06
1494 5.71831148326e-06
1495 6.99949674577e-06
1496 8.07644694759e-06
1497 8.97168831314e-06
1498 9.70970738669e-06
1499 1.03102637603e-05
1500 -0.000597423900238
1501 -0.00059537984023
1502 -0.000591097738958
1503 -0.000584725245022
1504 -0.000576216265626
1505 -0.000565383306709
1506 -0.000552363622799
1507 -0.000536934552692
1508 -0.000519564430689
1509 -0.000499977914223
1510 -0.000478416129665
1511 -0.000455093526337
1512 -0.000430371814265
1513 -0.000404612127311
1514 -0.000378088519874
1515 -0.00035121126749
1516 -0.000324404029437
1517 -0.000297933370386
1518 -0.000272107461492
1519 -0.000247263108458
1520 -0.000223494017457
1521 -0.000201020163702
1522 -0.000179932397899
1523 -0.000160327238329
1524 -0.000142119783214
1525 -0.000125406517936
1526 -0.000110116496277
1527 -9.62192095777e-05
1528 -8.3621863282e-05
1529 -7.22823826682e-05
1530 -6.20644803659e-05
1531 -5.29135492168e-05
1532 -4.47182378843e-05
1533 -3.74020573092e-05
1534 -3.09088517023e-05
1535 -2.51538209424e-05
1536 -2.00745725147e-05
1537 -1.56105209233e-05
1538 -1.16966871491e-05
1539 -8.28059455634e-06
1540 -5.31181790066e-06
1541 -2.74047101865e-06
1542 -5.17565139193e-07
1543 1.40013699188e-06
1544 3.05143265817e-06
1545 4.46432255315e-06
1546 5.66986885282e-06
1547 6.69045647162e-06
1548 7.5483288794e-06
1549 8.26339202292e-06
1550 -0.000586618501928
1551 -0.00058432792205
1552 -0.00057956162024
1553 -0.000572516682332
1554 -0.000563175785533
1555 -0.000551443548822
1556 -0.00053750480986
1557 -0.000521218481975
1558 -0.000503168468428
1559 -0.000483111326372
1560 -0.00046136474219
1561 -0.000438168194913
1562 -0.000413899636173
1563 -0.000388921307003
1564 -0.000363456504131
1565 -0.000337863262207
1566 -0.000312492881694
1567 -0.000287535824445
1568 -0.000263269553863
1569 -0.000239972393414
1570 -0.000217680469219
1571 -0.00019658056045
1572 -0.000176769284032
1573 -0.000158323457464
1574 -0.000141142169222
1575 -0.000125319388158
1576 -0.000110789977315
1577 -9.75397379982e-05
1578 -8.5472659626e-05
1579 -7.45411750139e-05
1580 -6.46354972917e-05
1581 -5.57142517684e-05
1582 -4.76808082345e-05
1583 -4.04697668671e-05
1584 -3.40361420172e-05
1585 -2.83015896779e-05
1586 -2.32123374692e-05
1587 -1.87099835654e-05
1588 -1.47374971717e-05
1589 -1.12502872771e-05
1590 -8.19676676995e-06
1591 -5.5311306951e-06
1592 -3.20727782087e-06
1593 -1.18228342865e-06
1594 5.78455380046e-07
1595 2.10248527931e-06
1596 3.41751919588e-06
1597 4.54674191843e-06
1598 5.5097521841e-06
1599 6.32548573758e-06
1600 -0.000564715483054
1601 -0.000562318674475
1602 -0.00055737421312
1603 -0.000550087589032
1604 -0.000540507347146
1605 -0.000528582928337
1606 -0.000514522883125
1607 -0.00049826367302
1608 -0.000480424485987
1609 -0.000460806190208
1610 -0.000439752491974
1611 -0.000417491026244
1612 -0.00039438229667
1613 -0.000370774264575
1614 -0.000346848913234
1615 -0.000322893673101
1616 -0.000299207247698
1617 -0.000275966413522
1618 -0.000253390323801
1619 -0.000231707663655
1620 -0.000210949126508
1621 -0.000191279895336
1622 -0.000172774256331
1623 -0.000155502766402
1624 -0.000139369387648
1625 -0.000124453817696
1626 -0.000110719808847
1627 -9.81375420491e-05
1628 -8.66136874148e-05
1629 -7.61140802391e-05
1630 -6.65526142886e-05
1631 -5.78939193566e-05
1632 -5.00594590131e-05
1633 -4.29929657017e-05
1634 -3.66597100102e-05
1635 -3.09860361234e-05
1636 -2.59215301783e-05
1637 -2.14180520857e-05
1638 -1.74287817224e-05
1639 -1.39054252279e-05
1640 -1.07992364855e-05
1641 -8.06823064321e-06
1642 -5.66799462059e-06
1643 -3.55763980529e-06
1644 -1.70808678627e-06
1645 -9.15039256019e-08
1646 1.31614743717e-06
1647 2.53857763208e-06
1648 3.59435754457e-06
1649 4.50091411911e-06
1650 -0.000535579687908
1651 -0.000533224248767
1652 -0.000528369909676
1653 -0.000521205670778
1654 -0.00051188253409
1655 -0.000500308642608
1656 -0.000486746225841
1657 -0.000471170661099
1658 -0.000454166133411
1659 -0.000435599149269
1660 -0.000415782413794
1661 -0.000394933269711
1662 -0.000373354752421
1663 -0.00035141420876
1664 -0.000329236599741
1665 -0.000307085593306
1666 -0.000285200869654
1667 -0.000263730984103
1668 -0.000242869676741
1669 -0.000222819143106
1670 -0.00020360342092
1671 -0.000185359313885
1672 -0.000168157002381
1673 -0.000152047464583
1674 -0.000136955803266
1675 -0.000122965994939
1676 -0.000110022984945
1677 -9.80966442798e-05
1678 -8.71190603337e-05
1679 -7.70695401493e-05
1680 -6.78727057469e-05
1681 -5.95063289815e-05
1682 -5.19019202234e-05
1683 -4.50177946233e-05
1684 -3.88191561926e-05
1685 -3.32382139145e-05
1686 -2.82316352779e-05
1687 -2.37683612376e-05
1688 -1.97888135785e-05
1689 -1.62571470998e-05
1690 -1.31252520604e-05
1691 -1.03508020467e-05
1692 -7.8951478028e-06
1693 -5.72061721611e-06
1694 -3.80104085367e-06
1695 -2.11029409574e-06
1696 -6.26317453427e-07
1697 6.73599135535e-07
1698 1.80761711185e-06
1699 2.7927129902e-06
1700 -0.000502661299285
1701 -0.000500430454324
1702 -0.000495838618572
1703 -0.000489060736248
1704 -0.000480303279806
1705 -0.000469422696159
1706 -0.000456736432694
1707 -0.000442213268568
1708 -0.000426400164904
1709 -0.000409204334375
1710 -0.000390885632837
1711 -0.000371671824003
1712 -0.00035182507757
1713 -0.000331677879601
1714 -0.0003113260004
1715 -0.000291007302832
1716 -0.00027092990942
1717 -0.00025121812923
1718 -0.000232057218839
1719 -0.000213613317687
1720 -0.000195903465182
1721 -0.000179041449787
1722 -0.000163093365694
1723 -0.000148127316352
1724 -0.000134063118974
1725 -0.000120963431315
1726 -0.000108776953864
1727 -9.7499177137e-05
1728 -8.70700960653e-05
1729 -7.74781380717e-05
1730 -6.86636119474e-05
1731 -6.06126705042e-05
1732 -5.32682923887e-05
1733 -4.65953502676e-05
1734 -4.05562965643e-05
1735 -3.50969981317e-05
1736 -3.0185069868e-05
1737 -2.57826023867e-05
1738 -2.18435500454e-05
1739 -1.83284645192e-05
1740 -1.51907428809e-05
1741 -1.23937897291e-05
1742 -9.90197125468e-06
1743 -7.6816635432e-06
1744 -5.7097390694e-06
1745 -3.96151835022e-06
1746 -2.4160837906e-06
1747 -1.051603304e-06
1748 1.492401319e-07
1749 1.20115471709e-06
1750 -0.000468507233543
1751 -0.000466430649793
1752 -0.000462190321848
1753 -0.000455963876226
1754 -0.000447893066137
1755 -0.00043788004914
1756 -0.000426235065604
1757 -0.000412918463343
1758 -0.00039845847394
1759 -0.000382747921006
1760 -0.0003660375055
1761 -0.000348526272208
1762 -0.000330459117488
1763 -0.000312106673758
1764 -0.000293560851228
1765 -0.000275032970071
1766 -0.000256724898092
1767 -0.00023872333541
1768 -0.000221196970407
1769 -0.000204289249858
1770 -0.000188009322226
1771 -0.000172472746198
1772 -0.000157750801041
1773 -0.000143884957015
1774 -0.00013078483288
1775 -0.00011852206795
1776 -0.000107071485695
1777 -9.64223817493e-05
1778 -8.65377757533e-05
1779 -7.74084839015e-05
1780 -6.89885222115e-05
1781 -6.12737828173e-05
1782 -5.42134617191e-05
1783 -4.77637160955e-05
1784 -4.19077528308e-05
1785 -3.65974104829e-05
1786 -3.18061217859e-05
1787 -2.7494598129e-05
1788 -2.36181308353e-05
1789 -2.01397862275e-05
1790 -1.70165937619e-05
1791 -1.42144806713e-05
1792 -1.17026100271e-05
1793 -9.45373899509e-06
1794 -7.44564140117e-06
1795 -5.65473740198e-06
1796 -4.06062903847e-06
1797 -2.64228356152e-06
1798 -1.38472750533e-06
1799 -2.75836196719e-07
1800 -0.000434854610022
1801 -0.000432953328975
1802 -0.000429103148144
1803 -0.000423478661668
1804 -0.000416130300873
1805 -0.000407042773086
1806 -0.000396490454334
1807 -0.000384415925015
1808 -0.000371329768356
1809 -0.000357096585629
1810 -0.000341972093884
1811 -0.00032611051347
1812 -0.000309747259201
1813 -0.000293119684164
1814 -0.000276309945369
1815 -0.000259491642468
1816 -0.000242861258346
1817 -0.000226462449282
1818 -0.000210471975909
1819 -0.000195006067031
1820 -0.000180090049201
1821 -0.000165820953453
1822 -0.000152234453304
1823 -0.000139377050101
1824 -0.000127178014586
1825 -0.000115719320883
1826 -0.000104969556148
1827 -9.49366519091e-05
1828 -8.55880383651e-05
1829 -7.69253108866e-05
1830 -6.89150346018e-05
1831 -6.1548711764e-05
1832 -5.47767285493e-05
1833 -4.85693844329e-05
1834 -4.29210645246e-05
1835 -3.77864976497e-05
1836 -3.31351072528e-05
1837 -2.89330535637e-05
1838 -2.51354768251e-05
1839 -2.17074055517e-05
1840 -1.86117011644e-05
1841 -1.58200735715e-05
1842 -1.33048837818e-05
1843 -1.10431241694e-05
1844 -9.01270630463e-06
1845 -7.1903039207e-06
1846 -5.55822820716e-06
1847 -4.0973058574e-06
1848 -2.79465641763e-06
1849 -1.63844322056e-06
1850 -0.000402543433067
1851 -0.000400830917601
1852 -0.000397368980357
1853 -0.000392324504267
1854 -0.000385690215531
1855 -0.000377518683516
1856 -0.000368031666106
1857 -0.000357156649385
1858 -0.000345385491323
1859 -0.000332570404479
1860 -0.000318962335631
1861 -0.000304673101405
1862 -0.000289932893784
1863 -0.000274933083117
1864 -0.000259756066628
1865 -0.00024453241517
1866 -0.000229453710759
1867 -0.000214554722629
1868 -0.000200008596741
1869 -0.000185901880762
1870 -0.000172253214746
1871 -0.000159136156776
1872 -0.000146592145713
1873 -0.000134680796633
1874 -0.000123331093486
1875 -0.000112626966761
1876 -0.000102552317801
1877 -9.31131680414e-05
1878 -8.42966537593e-05
1879 -7.61048096547e-05
1880 -6.85048732642e-05
1881 -6.14865730863e-05
1882 -5.50122404399e-05
1883 -4.90693640083e-05
1884 -4.36488561571e-05
1885 -3.87055970603e-05
1886 -3.42097344477e-05
1887 -3.01304975419e-05
1888 -2.64214377643e-05
1889 -2.30549134634e-05
1890 -1.99979630074e-05
1891 -1.72296521298e-05
1892 -1.47258904777e-05
1893 -1.24635111527e-05
1894 -1.04211393279e-05
1895 -8.57850065903e-06
1896 -6.91841624008e-06
1897 -5.4242593742e-06
1898 -4.08492134916e-06
1899 -2.88929153544e-06
1900 -0.000372019470639
1901 -0.000370508152931
1902 -0.000367405837914
1903 -0.000362897324288
1904 -0.00035695445909
1905 -0.000349659557359
1906 -0.000341169953223
1907 -0.000331436053439
1908 -0.000320906555938
1909 -0.00030942360447
1910 -0.000297225005632
1911 -0.000284403811865
1912 -0.00027115788888
1913 -0.000257656786479
1914 -0.000243977023128
1915 -0.000230236998418
1916 -0.000216601607311
1917 -0.000203110428501
1918 -0.000189894225831
1919 -0.000177015914151
1920 -0.000164509119764
1921 -0.000152445440681
1922 -0.000140869082513
1923 -0.000129831836325
1924 -0.000119284344721
1925 -0.000109298982418
1926 -9.9873854237e-05
1927 -9.10208183087e-05
1928 -8.27302976291e-05
1929 -7.50011512231e-05
1930 -6.7801525019e-05
1931 -6.11350657864e-05
1932 -5.49768594332e-05
1933 -4.93168532527e-05
1934 -4.41357886783e-05
1935 -3.93929791784e-05
1936 -3.50621715182e-05
1937 -3.1106634646e-05
1938 -2.74928616564e-05
1939 -2.41964939428e-05
1940 -2.11908539513e-05
1941 -1.84590194228e-05
1942 -1.59781346885e-05
1943 -1.3724965731e-05
1944 -1.16810332629e-05
1945 -9.82550893529e-06
1946 -8.14626346862e-06
1947 -6.62847946167e-06
1948 -5.26087450834e-06
1949 -4.03518997369e-06
1950 -0.000343624391374
1951 -0.000342299216056
1952 -0.000339538977014
1953 -0.000335510244879
1954 -0.000330218788121
1955 -0.000323732878807
1956 -0.000316154454779
1957 -0.000307481700361
1958 -0.000298081519051
1959 -0.000287817629179
1960 -0.000276900869513
1961 -0.00026541514764
1962 -0.000253527558969
1963 -0.000241403482656
1964 -0.000229109206065
1965 -0.000216728440789
1966 -0.00020439932192
1967 -0.000192158540713
1968 -0.000180119235997
1969 -0.000168353046145
1970 -0.000156889199907
1971 -0.000145787931578
1972 -0.000135103931266
1973 -0.000124884771537
1974 -0.000115087641473
1975 -0.000105793274447
1976 -9.69988530487e-05
1977 -8.87173308426e-05
1978 -8.09313635183e-05
1979 -7.36513713362e-05
1980 -6.68550252366e-05
1981 -6.0557348744e-05
1982 -5.47293266101e-05
1983 -4.93546715814e-05
1984 -4.44173088883e-05
1985 -3.98770148958e-05
1986 -3.57070705152e-05
1987 -3.18815807061e-05
1988 -2.83689237419e-05
1989 -2.51520592516e-05
1990 -2.22096979726e-05
1991 -1.95242741219e-05
1992 -1.70739631416e-05
1993 -1.48372566639e-05
1994 -1.27966601984e-05
1995 -1.09363498969e-05
1996 -9.24640569329e-06
1997 -7.71253208426e-06
1998 -6.32634996589e-06
1999 -5.07961379067e-06
2000 -0.000317388463226
2001 -0.000316230524817
2002 -0.000313776969347
2003 -0.000310178541802
2004 -0.000305486015964
2005 -0.000299718104315
2006 -0.000292969048284
2007 -0.000285255449995
2008 -0.000276869975985
2009 -0.000267712659872
2010 -0.000257968377281
2011 -0.000247710860955
2012 -0.00023706164646
2013 -0.000226177831583
2014 -0.000215109676196
2015 -0.00020392744071
2016 -0.000192754923761
2017 -0.000181634471497
2018 -0.000170663364185
2019 -0.000159907222847
2020 -0.000149392103292
2021 -0.000139183874789
2022 -0.000129329384326
2023 -0.000119880904875
2024 -0.000110804621842
2025 -0.000102176258142
2026 -9.39881769579e-05
2027 -8.62487648924e-05
2028 -7.89530276977e-05
2029 -7.21192252024e-05
2030 -6.57356922561e-05
2031 -5.98090036845e-05
2032 -5.43065955933e-05
2033 -4.92158398618e-05
2034 -4.45166167457e-05
2035 -4.01735899669e-05
2036 -3.61658177669e-05
2037 -3.24708791748e-05
2038 -2.90653864447e-05
2039 -2.59384520513e-05
2040 -2.3067225462e-05
2041 -2.04352027542e-05
2042 -1.8021770381e-05
2043 -1.58062587398e-05
2044 -1.37771614896e-05
2045 -1.19196323273e-05
2046 -1.02258177059e-05
2047 -8.68437634122e-06
2048 -7.28866134308e-06
2049 -6.02865116265e-06
2050 -0.000293301908167
2051 -0.000292292348383
2052 -0.0002901028526
2053 -0.000286907350921
2054 -0.000282754422102
2055 -0.00027763050396
2056 -0.000271638068548
2057 -0.000264788739019
2058 -0.000257323509824
2059 -0.000249166055395
2060 -0.000240459063534
2061 -0.000231277994731
2062 -0.000221719723961
2063 -0.000211917485739
2064 -0.000201925031426
2065 -0.000191812794233
2066 -0.000181678371879
2067 -0.00017155018827
2068 -0.000161542649628
2069 -0.000151708099777
2070 -0.000142066598092
2071 -0.00013268290916
2072 -0.000123609891349
2073 -0.000114895523463
2074 -0.000106503879257
2075 -9.8500156402e-05
2076 -9.08788984912e-05
2077 -8.36612899762e-05
2078 -7.68518147969e-05
2079 -7.04700903663e-05
2080 -6.44955602557e-05
2081 -5.89291876032e-05
2082 -5.37447689368e-05
2083 -4.89259025202e-05
2084 -4.44547465979e-05
2085 -4.03021935901e-05
2086 -3.64527517508e-05
2087 -3.28916751401e-05
2088 -2.9601620514e-05
2089 -2.6570379155e-05
2090 -2.37738289178e-05
2091 -2.11977140832e-05
2092 -1.88229466972e-05
2093 -1.66347921787e-05
2094 -1.46221187447e-05
2095 -1.2775019024e-05
2096 -1.10871160819e-05
2097 -9.54904064297e-06
2098 -8.15245847843e-06
2099 -6.88602548886e-06
2100 -0.000271374546629
2101 -0.00027048598956
2102 -0.000268534762578
2103 -0.000265710202761
2104 -0.000262021340452
2105 -0.000257462961352
2106 -0.000252125574985
2107 -0.000246018762981
2108 -0.000239350789108
2109 -0.000232053474096
2110 -0.000224244673913
2111 -0.00021600182278
2112 -0.000207405220477
2113 -0.00019857257336
2114 -0.000189535816031
2115 -0.000180370361578
2116 -0.000171165199159
2117 -0.000161945818959
2118 -0.000152806039007
2119 -0.000143808066372
2120 -0.000134977268122
2121 -0.000126368296589
2122 -0.000118025290576
2123 -0.000109991479849
2124 -0.00010222976443
2125 -9.48088427718e-05
2126 -8.77369350586e-05
2127 -8.10354677842e-05
2128 -7.47075297048e-05
2129 -6.87583331006e-05
2130 -6.31738327406e-05
2131 -5.79519844497e-05
2132 -5.30653396084e-05
2133 -4.85001507914e-05
2134 -4.42459368888e-05
2135 -4.02778502506e-05
2136 -3.65877249904e-05
2137 -3.31662162289e-05
2138 -2.99939509642e-05
2139 -2.70576885644e-05
2140 -2.43357460309e-05
2141 -2.18153991729e-05
2142 -1.94834218188e-05
2143 -1.73273624213e-05
2144 -1.5339811895e-05
2145 -1.35109883179e-05
2146 -1.18381487939e-05
2147 -1.03107467794e-05
2148 -8.91891804257e-06
2149 -7.65125673046e-06
2150 -0.00025139410597
2151 -0.00025059122432
2152 -0.000248855352015
2153 -0.000246348822296
2154 -0.000243053006934
2155 -0.000238981690624
2156 -0.000234205038264
2157 -0.000228740864969
2158 -0.000222773228602
2159 -0.000216227720092
2160 -0.000209212866802
2161 -0.000201791032919
2162 -0.000194033263467
2163 -0.000186053977847
2164 -0.000177872510913
2165 -0.000169560271307
2166 -0.000161190552825
2167 -0.000152802214103
2168 -0.000144470436527
2169 -0.000136255687084
2170 -0.000128170552905
2171 -0.00012027307795
2172 -0.000112597514767
2173 -0.000105186847202
2174 -9.80204790029e-05
2175 -9.11682118065e-05
2176 -8.46281195497e-05
2177 -7.84253247227e-05
2178 -7.2552902501e-05
2179 -6.70144329639e-05
2180 -6.17956746375e-05
2181 -5.68902750078e-05
2182 -5.22799795119e-05
2183 -4.79544492668e-05
2184 -4.39065253487e-05
2185 -4.01214696962e-05
2186 -3.65934508401e-05
2187 -3.33098129028e-05
2188 -3.02522474936e-05
2189 -2.74096334516e-05
2190 -2.47612370031e-05
2191 -2.22997180222e-05
2192 -2.00148145206e-05
2193 -1.78961909305e-05
2194 -1.59393275514e-05
2195 -1.4138045807e-05
2196 -1.24879770669e-05
2197 -1.09770572251e-05
2198 -9.59476862715e-06
2199 -8.32975550674e-06
2200 -0.000233055167002
2201 -0.000232318925371
2202 -0.000230774508656
2203 -0.00022853969314
2204 -0.000225586117881
2205 -0.000221945930892
2206 -0.000217665159859
2207 -0.000212761692239
2208 -0.000207406770677
2209 -0.000201520768308
2210 -0.000195210515349
2211 -0.000188517512207
2212 -0.000181509454786
2213 -0.000174293134987
2214 -0.000166878790333
2215 -0.000159342486397
2216 -0.00015174413364
2217 -0.000144116823578
2218 -0.000136531691595
2219 -0.000129032359488
2220 -0.000121633200418
2221 -0.00011438528194
2222 -0.000107334010243
2223 -0.000100524657564
2224 -9.39374104801e-05
2225 -8.76290689027e-05
2226 -8.15992105838e-05
2227 -7.58586191592e-05
2228 -7.04117449081e-05
2229 -6.52476689949e-05
2230 -6.03632218544e-05
2231 -5.5751925269e-05
2232 -5.13987745765e-05
2233 -4.73004964069e-05
2234 -4.34569796287e-05
2235 -3.9854574777e-05
2236 -3.64840264111e-05
2237 -3.3333867039e-05
2238 -3.03868967961e-05
2239 -2.76342016833e-05
2240 -2.50605797283e-05
2241 -2.26595334946e-05
2242 -2.04252126796e-05
2243 -1.83509127412e-05
2244 -1.64343728233e-05
2245 -1.46686428261e-05
2246 -1.3046511305e-05
2247 -1.15568305076e-05
2248 -1.0186865989e-05
2249 -8.92969274745e-06
2250 -0.00021612407014
2251 -0.000215454863322
2252 -0.00021407824479
2253 -0.000212074657474
2254 -0.000209423770473
2255 -0.00020616839921
2256 -0.000202333649061
2257 -0.000197928308164
2258 -0.000193116340235
2259 -0.000187818255908
2260 -0.000182134214025
2261 -0.000176096233705
2262 -0.000169770742939
2263 -0.000163252728326
2264 -0.000156548297183
2265 -0.00014972190841
2266 -0.000142830143852
2267 -0.00013589169832
2268 -0.000128979087112
2269 -0.000122126664614
2270 -0.000115367633532
2271 -0.000108740905217
2272 -0.000102293585069
2273 -9.60596381098e-05
2274 -9.00109464991e-05
2275 -8.42127079872e-05
2276 -7.8652341602e-05
2277 -7.33441997653e-05
2278 -6.82819891665e-05
2279 -6.34642530767e-05
2280 -5.88843762937e-05
2281 -5.45445000968e-05
2282 -5.04359055229e-05
2283 -4.65616366874e-05
2284 -4.29182414081e-05
2285 -3.9489971194e-05
2286 -3.62689388748e-05
2287 -3.32441663779e-05
2288 -3.04021311549e-05
2289 -2.77382694896e-05
2290 -2.52387733286e-05
2291 -2.29024474255e-05
2292 -2.07263902653e-05
2293 -1.87060045188e-05
2294 -1.68378679396e-05
2295 -1.51126257621e-05
2296 -1.35224337329e-05
2297 -1.20534505993e-05
2298 -1.07002657295e-05
2299 -9.45684611646e-06
2300 -0.000200491952461
2301 -0.000199887822691
2302 -0.000198660061775
2303 -0.000196850499213
2304 -0.000194467793326
2305 -0.00019155275357
2306 -0.000188112383967
2307 -0.000184155967757
2308 -0.00017983324011
2309 -0.000175067794745
2310 -0.000169954899052
2311 -0.000164515360086
2312 -0.00015881198243
2313 -0.000152921233212
2314 -0.00014685321024
2315 -0.000140659781758
2316 -0.000134396551845
2317 -0.000128086777994
2318 -0.000121801273436
2319 -0.000115568485287
2320 -0.000109419742854
2321 -0.000103384561119
2322 -9.75034291977e-05
2323 -9.18022563997e-05
2324 -8.62593975971e-05
2325 -8.09280435657e-05
2326 -7.57953982696e-05
2327 -7.08728702107e-05
2328 -6.6160103686e-05
2329 -6.16565540886e-05
2330 -5.73614271362e-05
2331 -5.32822270001e-05
2332 -4.94127368606e-05
2333 -4.57534777338e-05
2334 -4.22978377247e-05
2335 -3.90330002333e-05
2336 -3.59517454416e-05
2337 -3.3045553195e-05
2338 -3.03048470367e-05
2339 -2.77282258955e-05
2340 -2.53059497748e-05
2341 -2.30413494799e-05
2342 -2.09323549168e-05
2343 -1.89730086372e-05
2344 -1.71571098959e-05
2345 -1.54743933297e-05
2346 -1.39157237659e-05
2347 -1.24723922122e-05
2348 -1.11428307422e-05
2349 -9.9175251377e-06
2350 -0.000186058804685
2351 -0.000185513411421
2352 -0.000184419560055
2353 -0.000182795522884
2354 -0.000180660379296
2355 -0.00017805020098
2356 -0.000174968984276
2357 -0.000171416865926
2358 -0.000167536352295
2359 -0.00016324985671
2360 -0.000158645844831
2361 -0.000153740475788
2362 -0.000148590819409
2363 -0.000143261533771
2364 -0.00013776509119
2365 -0.000132153496702
2366 -0.000126482294164
2367 -0.000120768666254
2368 -0.000115077329086
2369 -0.000109425737301
2370 -0.000103841681366
2371 -9.83498172764e-05
2372 -9.29866462534e-05
2373 -8.77725138554e-05
2374 -8.26869687202e-05
2375 -7.77694183411e-05
2376 -7.30180873263e-05
2377 -6.84416478764e-05
2378 -6.4045514265e-05
2379 -5.98344804422e-05
2380 -5.58100556477e-05
2381 -5.19828135786e-05
2382 -4.8338927372e-05
2383 -4.48797840018e-05
2384 -4.15986992244e-05
2385 -3.84846928038e-05
2386 -3.55331251214e-05
2387 -3.27405943647e-05
2388 -3.0100795041e-05
2389 -2.76154349802e-05
2390 -2.5278129945e-05
2391 -2.30921774098e-05
2392 -2.10565205774e-05
2393 -1.91610166777e-05
2394 -1.73984068812e-05
2395 -1.57571227336e-05
2396 -1.42336122562e-05
2397 -1.28227373606e-05
2398 -1.15185440127e-05
2399 -1.03145499092e-05
2400 -0.000172778743329
2401 -0.000172292925935
2402 -0.00017131146577
2403 -0.000169861339377
2404 -0.000167951439452
2405 -0.000165607691568
2406 -0.000162844705352
2407 -0.000159649056561
2408 -0.000156159013929
2409 -0.000152301780916
2410 -0.000148150605502
2411 -0.000143732354846
2412 -0.000139092010259
2413 -0.000134287421449
2414 -0.00012934029176
2415 -0.000124279810615
2416 -0.000119162381763
2417 -0.000113999986574
2418 -0.00010884819819
2419 -0.000103724429897
2420 -9.86516549643e-05
2421 -9.36480109364e-05
2422 -8.87438375554e-05
2423 -8.39570545694e-05
2424 -7.92719735064e-05
2425 -7.47256435558e-05
2426 -7.0316834144e-05
2427 -6.60578772611e-05
2428 -6.19573898494e-05
2429 -5.80264613154e-05
2430 -5.42600736188e-05
2431 -5.06623365723e-05
2432 -4.72244498602e-05
2433 -4.39465206682e-05
2434 -4.08226877212e-05
2435 -3.78480769849e-05
2436 -3.50210749976e-05
2437 -3.23403713284e-05
2438 -2.98030580754e-05
2439 -2.74143432304e-05
2440 -2.51689216542e-05
2441 -2.30687812489e-05
2442 -2.11076308028e-05
2443 -1.92748651298e-05
2444 -1.75636064131e-05
2445 -1.59672511101e-05
2446 -1.44841242253e-05
2447 -1.31075674784e-05
2448 -1.18325552154e-05
2449 -1.06537997357e-05
2450 -0.000160606814611
2451 -0.000160176413877
2452 -0.000159292149676
2453 -0.000157994324689
2454 -0.000156281326911
2455 -0.000154173333388
2456 -0.000151684738961
2457 -0.000148815802428
2458 -0.000145683202819
2459 -0.000142221409721
2460 -0.000138490373892
2461 -0.000134528303119
2462 -0.000130361604829
2463 -0.000126044454978
2464 -0.000121593994029
2465 -0.000117042545101
2466 -0.000112424242784
2467 -0.000107759543397
2468 -0.000103092332692
2469 -9.84375482354e-05
2470 -9.38130529107e-05
2471 -8.92352784712e-05
2472 -8.47344724274e-05
2473 -8.03254857203e-05
2474 -7.59967922855e-05
2475 -7.17844133984e-05
2476 -6.76925855389e-05
2477 -6.37347039177e-05
2478 -5.9914833389e-05
2479 -5.6239050218e-05
2480 -5.27062337546e-05
2481 -4.9318273956e-05
2482 -4.60661601847e-05
2483 -4.29531415102e-05
2484 -3.99770313721e-05
2485 -3.71359060518e-05
2486 -3.44291126233e-05
2487 -3.18608123666e-05
2488 -2.94316859999e-05
2489 -2.71463269914e-05
2490 -2.49961526182e-05
2491 -2.29802542646e-05
2492 -2.10910508574e-05
2493 -1.93188738706e-05
2494 -1.76608930664e-05
2495 -1.61135907456e-05
2496 -1.46733219143e-05
2497 -1.33338052922e-05
2498 -1.20916851996e-05
2499 -1.0943515713e-05
