0 0.259534855626
1 0.111174074319
2 0.0539060597457
3 0.0309755584401
4 0.019562155051
5 0.01300770638
6 0.0090509438772
7 0.0064731868502
8 0.00476460074208
9 0.00357100481458
10 0.00271472494737
11 0.00208938643765
12 0.00162572753317
13 0.00127553653063
14 0.0010076315442
15 0.000799567982616
16 0.000636770798553
17 0.000507591302246
18 0.000403050991219
19 0.000317934260424
20 0.000247387013788
21 0.00019011743626
22 0.000150063385865
23 0.000138585928693
24 0.000168970063339
25 0.000233114874051
26 0.000290480357963
27 0.00030074495033
28 0.000259883333286
29 0.000192436045646
30 0.00012339414434
31 6.61908235774e-05
32 2.39453258976e-05
33 -5.18949616784e-06
34 -2.41589250899e-05
35 -3.59204201326e-05
36 -4.28042890587e-05
37 -4.63904680249e-05
38 -4.78154230379e-05
39 -4.78146829661e-05
40 -4.69442538822e-05
41 -4.55776102974e-05
42 -4.39290291868e-05
43 -4.2210707976e-05
44 -4.04427926889e-05
45 -3.85985575865e-05
46 -3.66661480628e-05
47 -3.46674040728e-05
48 -3.26368762988e-05
49 -3.06456516748e-05
50 0.114535539705
51 0.0748873121175
52 0.0441416314267
53 0.0274096951417
54 0.0179858670199
55 0.0122384449995
56 0.00863382466567
57 0.00623357727729
58 0.00461884606878
59 0.00347851636699
60 0.00265406147636
61 0.0020484629793
62 0.00159770907324
63 0.00125584306024
64 0.000993539573044
65 0.00078929902512
66 0.000629201788827
67 0.000501869684431
68 0.000398709480352
69 0.000314556659476
70 0.000244714113923
71 0.00018815946358
72 0.000149017191708
73 0.000138896245631
74 0.000170747407557
75 0.00023536076807
76 0.000291646974916
77 0.000300199889759
78 0.000258195783219
79 0.000190487515381
80 0.000121707878275
81 6.49526461576e-05
82 2.31019027107e-05
83 -5.73297710006e-06
84 -2.448805259e-05
85 -3.61124866831e-05
86 -4.2907865848e-05
87 -4.64370243821e-05
88 -4.78272168688e-05
89 -4.78054861419e-05
90 -4.69239055948e-05
91 -4.55516656695e-05
92 -4.39008986277e-05
93 -4.21834874711e-05
94 -4.04154527331e-05
95 -3.85710118167e-05
96 -3.66387861403e-05
97 -3.46401360138e-05
98 -3.26108131055e-05
99 -3.06211492135e-05
100 0.0531328677381
101 0.0430908201261
102 0.0307944951515
103 0.0214173214224
104 0.0150349497015
105 0.0106890745485
106 0.00775986395065
107 0.00571635591619
108 0.00429700716758
109 0.00327124722322
110 0.00251658384313
111 0.00195500990241
112 0.00153259304636
113 0.00120965926147
114 0.000960250427861
115 0.000764901052033
116 0.000611048604928
117 0.000488120435734
118 0.000388106751396
119 0.000306237441403
120 0.000238171027028
121 0.00018334691632
122 0.000146557180053
123 0.000139952151534
124 0.000175489263806
125 0.000241101064227
126 0.000294426898728
127 0.000298534998201
128 0.000253632754213
129 0.000185298523913
130 0.000117250377355
131 6.16373301985e-05
132 2.08286583837e-05
133 -7.20312826159e-06
134 -2.53926756353e-05
135 -3.6641702538e-05
136 -4.31927414719e-05
137 -4.65660813501e-05
138 -4.78575602389e-05
139 -4.77755328658e-05
140 -4.68611284776e-05
141 -4.54715222062e-05
142 -4.38143896513e-05
143 -4.20982009308e-05
144 -4.0328126818e-05
145 -3.84819903179e-05
146 -3.65479366108e-05
147 -3.45483744265e-05
148 -3.25217140462e-05
149 -3.05362935041e-05
150 0.0292662360098
151 0.0258207974524
152 0.020666867101
153 0.0157729753747
154 0.0118478960696
155 0.00885245397479
156 0.0066592234473
157 0.00503591463883
158 0.00386009321771
159 0.00298323330833
160 0.00232209509453
161 0.0018208977011
162 0.00143812290052
163 0.00114203450814
164 0.000911100054723
165 0.000728657216241
166 0.000583932831066
167 0.000467453906007
168 0.000372107707277
169 0.000293631182081
170 0.00022826673173
171 0.00017620529842
172 0.000143268484001
173 0.000142324140432
174 0.000183402531341
175 0.000249881787079
176 0.00029805860053
177 0.000295306803563
178 0.000246256610018
179 0.000177210110344
180 0.000110412480968
181 5.65934975685e-05
182 1.73882792928e-05
183 -9.4204400938e-06
184 -2.67537562378e-05
185 -3.74357605302e-05
186 -4.3616854147e-05
187 -4.67549108256e-05
188 -4.78967266777e-05
189 -4.77238824065e-05
190 -4.67602959509e-05
191 -4.53446137674e-05
192 -4.36788824818e-05
193 -4.19644049148e-05
194 -4.01910919381e-05
195 -3.83421869368e-05
196 -3.64054083873e-05
197 -3.44045458642e-05
198 -3.23823490794e-05
199 -3.040350044e-05
200 0.0178177242497
201 0.0163717535872
202 0.0139916862822
203 0.0114010415978
204 0.00905699867871
205 0.007087977237
206 0.00552745991868
207 0.00430002540135
208 0.00336947513307
209 0.00264983108449
210 0.00209193440192
211 0.0016591215044
212 0.0013224741455
213 0.00105827728561
214 0.000849575413333
215 0.000682879994077
216 0.000549414295499
217 0.000440923606101
218 0.000351443506121
219 0.000277270455975
220 0.000215458328594
221 0.000167298162208
222 0.000139981236075
223 0.000146988949205
224 0.000194926522118
225 0.000261194118079
226 0.000301573989355
227 0.000289796665669
228 0.00023583327326
229 0.000166328355884
230 0.000101418976711
231 5.00308663213e-05
232 1.29373466559e-05
233 -1.22753750419e-05
234 -2.8499127983e-05
235 -3.84482445993e-05
236 -4.41504870935e-05
237 -4.69854878733e-05
238 -4.79339500726e-05
239 -4.76450475364e-05
240 -4.66187230402e-05
241 -4.51696616245e-05
242 -4.3494856799e-05
243 -4.17821936182e-05
244 -4.00044284665e-05
245 -3.81515596274e-05
246 -3.62114351907e-05
247 -3.4209148393e-05
248 -3.21934829276e-05
249 -3.02234106678e-05
250 0.0116074535988
251 0.0109100564135
252 0.00970151444082
253 0.00827096494214
254 0.00685686654921
255 0.00557926320917
256 0.00449525091208
257 0.00359393441555
258 0.00287925953676
259 0.00230589676795
260 0.00184817839204
261 0.00148397267768
262 0.00119516078545
263 0.000964664835971
264 0.000779921148447
265 0.000630507169708
266 0.000509453370301
267 0.000409918306506
268 0.000327076933439
269 0.00025791088764
270 0.000200430458169
271 0.000157503218415
272 0.000137932232503
273 0.000155148259124
274 0.000210336117674
275 0.000274081768468
276 0.000303613305725
277 0.000281170527234
278 0.000222199708711
279 0.000152844801092
280 9.05535770912e-05
281 4.21949061115e-05
282 7.66529722696e-06
283 -1.56381086805e-05
284 -3.05469109669e-05
285 -3.96288766585e-05
286 -4.47621890592e-05
287 -4.72378746676e-05
288 -4.79560497661e-05
289 -4.75310750629e-05
290 -4.64312974056e-05
291 -4.49431650927e-05
292 -4.32608083942e-05
293 -4.15490890427e-05
294 -3.97656071988e-05
295 -3.79070988742e-05
296 -3.59628206744e-05
297 -3.39596384916e-05
298 -3.19528954093e-05
299 -2.9993764718e-05
300 0.00802588135298
301 0.00765347279817
302 0.00697583127627
303 0.00613241903144
304 0.00524526202492
305 0.00439827358287
306 0.00364190232544
307 0.00298278648775
308 0.00243862766355
309 0.00198632562699
310 0.00161538620804
311 0.00131336019879
312 0.00106880098568
313 0.000870145778798
314 0.00070854829118
315 0.000576295691544
316 0.000467429246344
317 0.000377011507534
318 0.000300932283137
319 0.000237074814872
320 0.000184682932305
321 0.00014836746458
322 0.000138708244929
323 0.000167604009844
324 0.000228729387795
325 0.000286528972029
326 0.00030265718704
327 0.000269132508156
328 0.000205934857907
329 0.000137627383813
330 7.86120188302e-05
331 3.37051205325e-05
332 1.9854143549e-06
333 -1.9234157332e-05
334 -3.27233824512e-05
335 -4.08740951244e-05
336 -4.53916110578e-05
337 -4.74789778125e-05
338 -4.79480589346e-05
339 -4.73785107855e-05
340 -4.620125676e-05
341 -4.46706451326e-05
342 -4.29847423211e-05
343 -4.12716259799e-05
344 -3.94817039708e-05
345 -3.76155695612e-05
346 -3.56669883007e-05
347 -3.36624896499e-05
348 -3.16670423214e-05
349 -2.97196856384e-05
350 0.00582251244016
351 0.00561157668827
352 0.00519549078055
353 0.00466398444419
354 0.00408803946543
355 0.00350594847954
356 0.00296656013405
357 0.0024790656352
358 0.00206295329989
359 0.00170634236942
360 0.00140661035143
361 0.00115742540346
362 0.000951127534877
363 0.000780922383693
364 0.000640181147291
365 0.000523627928913
366 0.000426236792806
367 0.000344386240361
368 0.000274796732444
369 0.000216315102908
370 0.000169803161036
371 0.000141493838373
372 0.000143541021198
373 0.000184084961526
374 0.000247995775979
375 0.000296276129258
376 0.000297872671011
377 0.000254358343922
378 0.000188457300166
379 0.000122080742917
380 6.67900803541e-05
381 2.54412613556e-05
382 -3.46360989113e-06
383 -2.2673916039e-05
384 -3.47846332098e-05
385 -4.20279513472e-05
386 -4.59578421666e-05
387 -4.76715892684e-05
388 -4.7903865808e-05
389 -4.7199845144e-05
390 -4.59510882195e-05
391 -4.43849722324e-05
392 -4.26994206729e-05
393 -4.09829818056e-05
394 -3.91880140021e-05
395 -3.73148867218e-05
396 -3.53627258711e-05
397 -3.33619222691e-05
398 -3.13792099415e-05
399 -2.94448197415e-05
400 0.0043037366504
401 0.00417528525111
402 0.00391161852079
403 0.00356960762547
404 0.00318972931616
405 0.00278752272793
406 0.00240311046066
407 0.00204432215498
408 0.00172866381258
409 0.00145078553284
410 0.00121144861343
411 0.00100833809778
412 0.000836727565389
413 0.000692765882232
414 0.00057179067497
415 0.000469910866283
416 0.000383872682337
417 0.000310386068398
418 0.000247437010398
419 0.000194949664121
420 0.000155648180148
421 0.000137981313221
422 0.000154079060264
423 0.000205608396859
424 0.000268079086846
425 0.000302476405504
426 0.000288251751123
427 0.000235801725017
428 0.000168572654794
429 0.000105278630675
430 5.42548579416e-05
431 1.67840479459e-05
432 -9.13913232049e-06
433 -2.61932148656e-05
434 -3.68808688863e-05
435 -4.31889375426e-05
436 -4.6504489136e-05
437 -4.78277819443e-05
438 -4.78158706716e-05
439 -4.697624771e-05
440 -4.56548832952e-05
441 -4.40559289587e-05
442 -4.23749515859e-05
443 -4.06524418439e-05
444 -3.8851245749e-05
445 -3.69703777619e-05
446 -3.50149169576e-05
447 -3.30196214465e-05
448 -3.10527451935e-05
449 -2.91321849576e-05
450 0.00320786283976
451 0.00312403436967
452 0.00295604637419
453 0.00273205173824
454 0.00247844797141
455 0.00220114663474
456 0.00192923209176
457 0.00166769604084
458 0.00143059526249
459 0.00121742717576
460 0.0010291576
461 0.000865897444786
462 0.000725547562716
463 0.000605661722218
464 0.000503161202418
465 0.000415148812406
466 0.000339945354845
467 0.000274797181047
468 0.000218876851349
469 0.000173542445824
470 0.000143892387868
471 0.000140427518051
472 0.0001725549234
473 0.000232103446434
474 0.000286847826698
475 0.000302873621962
476 0.00027235300362
477 0.000212702971664
478 0.000146015900518
479 8.70611898239e-05
480 4.09536335816e-05
481 7.71571120138e-06
482 -1.50188025837e-05
483 -2.98302005915e-05
484 -3.90243323182e-05
485 -4.43378873353e-05
486 -4.70186100493e-05
487 -4.79308023834e-05
488 -4.7666619111e-05
489 -4.66883075093e-05
490 -4.5292242423e-05
491 -4.36659277861e-05
492 -4.19911941332e-05
493 -4.02596184362e-05
494 -3.84517250085e-05
495 -3.65615750492e-05
496 -3.46023727122e-05
497 -3.2617128109e-05
498 -3.0668099508e-05
499 -2.87634388751e-05
500 0.00241317202902
501 0.00235692232223
502 0.00224786799388
503 0.00209869819363
504 0.00192686946669
505 0.00173493698087
506 0.00154153448419
507 0.00135118570402
508 0.00117413211259
509 0.00101193765746
510 0.000865201721305
511 0.000735225508827
512 0.000621607318058
513 0.000522746698082
514 0.000436572034142
515 0.000361281088285
516 0.000296061083094
517 0.000239034530829
518 0.000190672635753
519 0.000154466878972
520 0.000137969287993
521 0.000152174479492
522 0.000199659671175
523 0.000260612743008
524 0.000300051474928
525 0.000294872490201
526 0.00024982600572
527 0.000185949053378
528 0.000121917951885
529 6.83374298539e-05
530 2.75848186709e-05
531 -1.29127583758e-06
532 -2.07948292174e-05
533 -3.33728081672e-05
534 -4.10740553822e-05
535 -4.54028276784e-05
536 -4.74509845658e-05
537 -4.79526421396e-05
538 -4.74444487012e-05
539 -4.63326379174e-05
540 -4.48641189726e-05
541 -4.32221860523e-05
542 -4.15507524863e-05
543 -3.98087877014e-05
544 -3.79911803341e-05
545 -3.60931194289e-05
546 -3.41303537606e-05
547 -3.21603349905e-05
548 -3.02320345767e-05
549 -2.83465969547e-05
550 0.0018374164561
551 0.00179915159717
552 0.00172639499136
553 0.00162509348865
554 0.00150581519191
555 0.00137109865351
556 0.00123210152614
557 0.00109276386553
558 0.000960399181936
559 0.000836856488049
560 0.00072259373005
561 0.000619442951022
562 0.000527787563105
563 0.000446338731692
564 0.00037416109829
565 0.000310092096848
566 0.000253835058761
567 0.000204846692173
568 0.000165361551752
569 0.000141219180625
570 0.000142069587399
571 0.000175440774977
572 0.000233011500795
573 0.000285707478411
574 0.000303388153224
575 0.000277266447361
576 0.000221521447083
577 0.000156818144006
578 9.74529043379e-05
579 4.99648671346e-05
580 1.47445627194e-05
581 -9.83546080094e-06
582 -2.62126135852e-05
583 -3.66545563887e-05
584 -4.29313383329e-05
585 -4.63222446642e-05
586 -4.77633480034e-05
587 -4.78751795888e-05
588 -4.71421376025e-05
589 -4.59083820753e-05
590 -4.43748201083e-05
591 -4.27313397397e-05
592 -4.10565518119e-05
593 -3.93045250346e-05
594 -3.74744676311e-05
595 -3.55695481739e-05
596 -3.36062996113e-05
597 -3.16564348917e-05
598 -2.97501629384e-05
599 -2.78885268208e-05
600 0.00141813360972
601 0.00139195780774
602 0.0013417999873
603 0.00127144306464
604 0.00118650496928
605 0.00109017067051
606 0.000988944092294
607 0.000885727242135
608 0.000785913134826
609 0.000690953901979
610 0.000601660480687
611 0.000519566779744
612 0.000445165175688
613 0.000377824750818
614 0.000317323420343
615 0.000262857358939
616 0.000214863103534
617 0.000174561431399
618 0.000146328435455
619 0.000138335552341
620 0.000159551599587
621 0.000208887919126
622 0.000266443488325
623 0.000301063241585
624 0.000294362356633
625 0.000251005114411
626 0.000189547237439
627 0.000127291907344
628 7.39800215671e-05
629 3.28510993446e-05
630 3.00129381071e-06
631 -1.75278706736e-05
632 -3.10476833949e-05
633 -3.95423770088e-05
634 -4.45071845697e-05
635 -4.70474240172e-05
636 -4.79299201114e-05
637 -4.76918941283e-05
638 -4.67623803105e-05
639 -4.54217982125e-05
640 -4.38411030009e-05
641 -4.22038319801e-05
642 -4.05191210732e-05
643 -3.87577025253e-05
644 -3.69137568175e-05
645 -3.50024068986e-05
646 -3.30452723084e-05
647 -3.11186773764e-05
648 -2.92345704583e-05
649 -2.74044217849e-05
650 0.00110761264286
651 0.00108947349924
652 0.00105402449505
653 0.00100390699144
654 0.000942517833469
655 0.000872184797308
656 0.000797197341276
657 0.000719684462027
658 0.000643640969763
659 0.000569954391301
660 0.000499651672205
661 0.000433687269052
662 0.000372875239223
663 0.000317021243668
664 0.000266069730639
665 0.000220202457674
666 0.000180662466633
667 0.000151072833469
668 0.000137924152846
669 0.000150078166072
670 0.000190625748111
671 0.000246942406158
672 0.000292169627354
673 0.000302276972781
674 0.000273149171331
675 0.000218467475659
676 0.000156131842946
677 9.88496134327e-05
678 5.23359098366e-05
679 1.74446128196e-05
680 -7.40656891269e-06
681 -2.42515179916e-05
682 -3.52114735249e-05
683 -4.1975855761e-05
684 -4.57794631507e-05
685 -4.75599357778e-05
686 -4.79444700695e-05
687 -4.74069592825e-05
688 -4.63103369036e-05
689 -4.48779147889e-05
690 -4.32748919224e-05
691 -4.16423638473e-05
692 -3.99440654813e-05
693 -3.81724614589e-05
694 -3.63172409686e-05
695 -3.43996553419e-05
696 -3.24581710727e-05
697 -3.05575623792e-05
698 -2.86956111091e-05
699 -2.69075021089e-05
700 0.000871309598347
701 0.000858610831435
702 0.00083286759962
703 0.000796526283369
704 0.000751647343276
705 0.000699473036187
706 0.000643202413937
707 0.000584404423947
708 0.000525967484051
709 0.000468201939263
710 0.000412218235986
711 0.000358975097129
712 0.00030902066433
713 0.000262541988895
714 0.00022005792387
715 0.000182767412
716 0.000153721041159
717 0.000138583117177
718 0.000145272389153
719 0.000178564851314
720 0.000231083097471
721 0.00028100662356
722 0.000303437381803
723 0.00028784880482
724 0.000241836854593
725 0.000182060563008
726 0.000122813776891
727 7.22076561659e-05
728 3.27243024116e-05
729 3.75336744633e-06
730 -1.65104281765e-05
731 -3.00646934501e-05
732 -3.87445997424e-05
733 -4.39779566199e-05
734 -4.67562373476e-05
735 -4.78620010851e-05
736 -4.78110812067e-05
737 -4.70212649444e-05
738 -4.57854451838e-05
739 -4.42783748951e-05
740 -4.26752223515e-05
741 -4.10394996808e-05
742 -3.93281059194e-05
743 -3.75418468814e-05
744 -3.56784986137e-05
745 -3.37591144292e-05
746 -3.18405098801e-05
747 -2.99659412602e-05
748 -2.81305436804e-05
749 -2.63980808561e-05
750 0.000687439546147
751 0.000678467289298
752 0.000659359429097
753 0.000632720216884
754 0.000599494976578
755 0.000560447323504
756 0.000517839269585
757 0.000472608832189
758 0.000427085894458
759 0.000381393437598
760 0.000336562645921
761 0.000293314237042
762 0.00025221097378
763 0.000214061513539
764 0.000180175976925
765 0.000153453157324
766 0.000138871637828
767 0.000143414970904
768 0.000172232042714
769 0.000220767686608
770 0.000271425345913
771 0.000301215675746
772 0.00029610285394
773 0.000258945222607
774 0.000203411886487
775 0.000144167243291
776 9.09264718894e-05
777 4.78560190024e-05
778 1.52433807491e-05
779 -8.21839887351e-06
780 -2.43489570797e-05
781 -3.50010496098e-05
782 -4.16910443765e-05
783 -4.55584252368e-05
784 -4.74442496854e-05
785 -4.7955422881e-05
786 -4.75335671346e-05
787 -4.65339106147e-05
788 -4.51814867632e-05
789 -4.36273655272e-05
790 -4.20327678469e-05
791 -4.03853220065e-05
792 -3.86630640098e-05
793 -3.68605646788e-05
794 -3.49897881317e-05
795 -3.30781287945e-05
796 -3.11876189423e-05
797 -2.93410607236e-05
798 -2.75405643541e-05
799 -2.58752907008e-05
800 0.000542408301105
801 0.000535754472879
802 0.000521484627154
803 0.00050162775279
804 0.00047663095492
805 0.00044695641091
806 0.000414201099591
807 0.000378975956119
808 0.000343194828297
809 0.000306805799422
810 0.000270627301473
811 0.000235561475688
812 0.000202484236398
813 0.000173145904966
814 0.000150238375999
815 0.000138399630062
816 0.000143816014797
817 0.000170892733925
818 0.000216463516922
819 0.000265726049978
820 0.000298511621246
821 0.000300079044741
822 0.000270049564808
823 0.000219348667864
824 0.000161618028107
825 0.000107268336783
826 6.17097290858e-05
827 2.62734890865e-05
828 7.4306651475e-08
829 -1.84118552534e-05
830 -3.09413831654e-05
831 -3.90744293107e-05
832 -4.40360700138e-05
833 -4.67331866673e-05
834 -4.78431654649e-05
835 -4.78419438362e-05
836 -4.71162755663e-05
837 -4.5945909285e-05
838 -4.44979263046e-05
839 -4.29313376902e-05
840 -4.1338877746e-05
841 -3.96759062578e-05
842 -3.79397401244e-05
843 -3.61245946023e-05
844 -3.42464809308e-05
845 -3.23541246226e-05
846 -3.04954243234e-05
847 -2.8675418404e-05
848 -2.6925179552e-05
849 -2.53383759264e-05
850 0.000426631453937
851 0.000421530362639
852 0.000410701236192
853 0.000395598544121
854 0.000376414388081
855 0.000353534221117
856 0.000328082476694
857 0.000300325089246
858 0.000271871739048
859 0.000242815762363
860 0.000213962236506
861 0.000186638728207
862 0.00016271349506
863 0.000145021097885
864 0.000137893016706
865 0.000146642716831
866 0.000174427268534
867 0.000218045297839
868 0.000264941105045
869 0.000297170923212
870 0.000301616487564
871 0.000276263942949
872 0.000229759032921
873 0.000174420166086
874 0.000120300988459
875 7.34855982746e-05
876 3.60797906347e-05
877 7.82592619843e-06
878 -1.26431460782e-05
879 -2.6826299522e-05
880 -3.62967414797e-05
881 -4.23047940025e-05
882 -4.57949254026e-05
883 -4.75083002791e-05
884 -4.79551728169e-05
885 -4.75342353256e-05
886 -4.65659538198e-05
887 -4.52582019348e-05
888 -4.3747963329e-05
889 -4.21903069217e-05
890 -4.05856927147e-05
891 -3.89098975205e-05
892 -3.71552560379e-05
893 -3.53305854665e-05
894 -3.34534797622e-05
895 -3.15894911159e-05
896 -2.97633981666e-05
897 -2.79757603404e-05
898 -2.6293508679e-05
899 -2.47931958548e-05
900 0.000333523263854
901 0.00032956246141
902 0.000321212700445
903 0.000309511896439
904 0.000294502660192
905 0.000276534830578
906 0.000256507026669
907 0.00023460139203
908 0.000212219254024
909 0.000189824503707
910 0.000168777168119
911 0.000151144681283
912 0.000139919780934
913 0.000139114714913
914 0.0001529000002
915 0.000183069521919
916 0.000225333395639
917 0.000268576233994
918 0.000297846161927
919 0.000301788631942
920 0.000278557677354
921 0.000235217265874
922 0.000182331242052
923 0.000129511890518
924 8.25666568933e-05
925 4.42107311358e-05
926 1.45488593735e-05
927 -7.34650937855e-06
928 -2.29031463027e-05
929 -3.35139384423e-05
930 -4.04677549694e-05
931 -4.47086384525e-05
932 -4.69995270392e-05
933 -4.78956232072e-05
934 -4.77999908507e-05
935 -4.70539279235e-05
936 -4.58990856448e-05
937 -4.44850885378e-05
938 -4.29588723116e-05
939 -4.14053155913e-05
940 -3.97828244894e-05
941 -3.80920031229e-05
942 -3.63226829818e-05
943 -3.44885315949e-05
944 -3.26282071513e-05
945 -3.07980082598e-05
946 -2.90033510725e-05
947 -2.7262118972e-05
948 -2.56627436194e-05
949 -2.42530575015e-05
950 0.000257471159453
951 0.000254310581141
952 0.000247838345472
953 0.000238696939049
954 0.00022700310426
955 0.000213065073589
956 0.000197731633651
957 0.000181436122161
958 0.000165694507772
959 0.000151634203301
960 0.000141390301982
961 0.000137978196432
962 0.000144822403696
963 0.000164645300519
964 0.000197402328939
965 0.0002380979727
966 0.000276355999584
967 0.000300087549127
968 0.000300769748184
969 0.000277387833424
970 0.000235892536258
971 0.000185548861625
972 0.000134452487199
973 8.84827539555e-05
974 5.00844483655e-05
975 1.98793602118e-05
976 -2.91855755098e-06
977 -1.94073575648e-05
978 -3.09371923602e-05
979 -3.86519932723e-05
980 -4.35647039973e-05
981 -4.63789383358e-05
982 -4.76991894656e-05
983 -4.79315914942e-05
984 -4.74167315024e-05
985 -4.64245119421e-05
986 -4.51280652256e-05
987 -4.3652522216e-05
988 -4.21367029139e-05
989 -4.05710458744e-05
990 -3.89349111701e-05
991 -3.7223539988e-05
992 -3.54436554226e-05
993 -3.36083022657e-05
994 -3.17765884527e-05
995 -2.99817108449e-05
996 -2.82201485575e-05
997 -2.65460487274e-05
998 -2.5039555197e-05
999 -2.37232268547e-05
1000 0.000195958046022
1001 0.000193571642613
1002 0.000188848532159
1003 0.000182140832554
1004 0.000173887883461
1005 0.000164439259116
1006 0.000154814053851
1007 0.000145980777466
1008 0.000139742035274
1009 0.00013806188359
1010 0.000143522280223
1011 0.000158504299446
1012 0.000183988145925
1013 0.000218209763615
1014 0.000255417157166
1015 0.000286682878835
1016 0.00030272341478
1017 0.000297945464643
1018 0.000272470223755
1019 0.000231857518949
1020 0.00018376135292
1021 0.000135114220187
1022 9.07387753456e-05
1023 5.33355702766e-05
1024 2.33180332624e-05
1025 3.32815425332e-07
1026 -1.66645641053e-05
1027 -2.87445893123e-05
1028 -3.7041817143e-05
1029 -4.24569659772e-05
1030 -4.57254043849e-05
1031 -4.74141945662e-05
1032 -4.79525388731e-05
1033 -4.76672322747e-05
1034 -4.684047167e-05
1035 -4.56675111687e-05
1036 -4.42685951002e-05
1037 -4.2783065211e-05
1038 -4.12692086054e-05
1039 -3.96846099991e-05
1040 -3.80335832893e-05
1041 -3.63049808395e-05
1042 -3.45149527824e-05
1043 -3.26963994477e-05
1044 -3.09011891326e-05
1045 -2.91408896012e-05
1046 -2.74256675876e-05
1047 -2.58375941842e-05
1048 -2.44287489559e-05
1049 -2.32080377959e-05
1050 0.000152232314867
1051 0.000150931936493
1052 0.00014845938173
1053 0.000145181157136
1054 0.000141781079967
1055 0.000138953129859
1056 0.000137970259827
1057 0.000140335368487
1058 0.000147709693418
1059 0.000161768673857
1060 0.000183508018306
1061 0.000212243318396
1062 0.000244740912615
1063 0.000275352904849
1064 0.000296992197137
1065 0.000303392171664
1066 0.000291654049508
1067 0.000263231219331
1068 0.000222859016704
1069 0.000176951786827
1070 0.000131139665527
1071 8.92989708736e-05
1072 5.35766539043e-05
1073 2.46237871489e-05
1074 2.03605629619e-06
1075 -1.489750819e-05
1076 -2.71804459193e-05
1077 -3.57636083505e-05
1078 -4.15237713042e-05
1079 -4.51125470845e-05
1080 -4.71004147258e-05
1081 -4.78971803035e-05
1082 -4.7823237861e-05
1083 -4.71551743662e-05
1084 -4.61017213865e-05
1085 -4.47951955927e-05
1086 -4.33500862183e-05
1087 -4.18762441655e-05
1088 -4.03451958751e-05
1089 -3.87456493993e-05
1090 -3.70733803824e-05
1091 -3.53341385848e-05
1092 -3.35427928412e-05
1093 -3.17545024908e-05
1094 -3.00002800635e-05
1095 -2.82749386341e-05
1096 -2.66295602413e-05
1097 -2.51419097008e-05
1098 -2.38346063236e-05
1099 -2.27069123975e-05
1100 0.000138530597267
1101 0.00013885226896
1102 0.000139768400969
1103 0.000141731038674
1104 0.000145372381722
1105 0.000151779547032
1106 0.000161809491185
1107 0.00017656629358
1108 0.000196155909725
1109 0.000220384416823
1110 0.000247271354384
1111 0.000273291023356
1112 0.000293565402289
1113 0.000303228006228
1114 0.000298938128063
1115 0.000279899897523
1116 0.00024837971243
1117 0.000208544982381
1118 0.000165134723738
1119 0.000122596368545
1120 8.39623992329e-05
1121 5.07766115604e-05
1122 2.35584455494e-05
1123 2.08649620475e-06
1124 -1.43156004647e-05
1125 -2.63779429016e-05
1126 -3.49739827556e-05
1127 -4.08515789301e-05
1128 -4.46290656874e-05
1129 -4.68116426509e-05
1130 -4.78052877433e-05
1131 -4.79069987936e-05
1132 -4.73820858644e-05
1133 -4.64392125441e-05
1134 -4.52240431665e-05
1135 -4.38337600713e-05
1136 -4.23942360403e-05
1137 -4.09152098019e-05
1138 -3.93662114428e-05
1139 -3.77478397769e-05
1140 -3.60582682562e-05
1141 -3.43105551585e-05
1142 -3.25370375435e-05
1143 -3.07888056492e-05
1144 -2.9070392607e-05
1145 -2.73957209775e-05
1146 -2.58431118213e-05
1147 -2.44623652294e-05
1148 -2.32587769307e-05
1149 -2.22159727583e-05
1150 0.000170027251787
1151 0.000172056048146
1152 0.00017660289774
1153 0.000183712432361
1154 0.000193592035723
1155 0.000206928311617
1156 0.000223272373778
1157 0.000242352328319
1158 0.00026225173198
1159 0.000281177633539
1160 0.000295938057981
1161 0.000303239402276
1162 0.000300388708477
1163 0.000286166585539
1164 0.000261092712981
1165 0.000227528893837
1166 0.000189046256881
1167 0.00014889170173
1168 0.000110194153613
1169 7.5272695722e-05
1170 4.52089951246e-05
1171 2.03223406903e-05
1172 4.53894552785e-07
1173 -1.48925519598e-05
1174 -2.63901047694e-05
1175 -3.47118209042e-05
1176 -4.05091798057e-05
1177 -4.43178609653e-05
1178 -4.65957354547e-05
1179 -4.7711675677e-05
1180 -4.79435905961e-05
1181 -4.75349903005e-05
1182 -4.66939309364e-05
1183 -4.55604135641e-05
1184 -4.42341368327e-05
1185 -4.28286559123e-05
1186 -4.13948228508e-05
1187 -3.98952300561e-05
1188 -3.83288097378e-05
1189 -3.66884954698e-05
1190 -3.49876720929e-05
1191 -3.32444095884e-05
1192 -3.15077844138e-05
1193 -2.98013929616e-05
1194 -2.81218240674e-05
1195 -2.65246638432e-05
1196 -2.50795808512e-05
1197 -2.38079517892e-05
1198 -2.27049377444e-05
1199 -2.17344604031e-05
1200 0.000237153525771
1201 0.000239668701079
1202 0.000245045878571
1203 0.000252734683016
1204 0.000262357885556
1205 0.00027351636792
1206 0.000284835608342
1207 0.000294956979613
1208 0.000301715379047
1209 0.000303344175682
1210 0.000297979504093
1211 0.000284528788492
1212 0.000262953372704
1213 0.000234487449351
1214 0.000200948978929
1215 0.000164857807584
1216 0.000128832404014
1217 9.46477364561e-05
1218 6.38766469973e-05
1219 3.73528813414e-05
1220 1.52174594657e-05
1221 -2.63611382732e-06
1222 -1.66074442467e-05
1223 -2.71945496763e-05
1224 -3.49966611692e-05
1225 -4.05198403494e-05
1226 -4.42166674582e-05
1227 -4.64796340009e-05
1228 -4.7644752649e-05
1229 -4.7954663637e-05
1230 -4.76313411951e-05
1231 -4.68714048455e-05
1232 -4.581400787e-05
1233 -4.45485896312e-05
1234 -4.31840751413e-05
1235 -4.17903741552e-05
1236 -4.0338450542e-05
1237 -3.88225082512e-05
1238 -3.72334618883e-05
1239 -3.5579123933e-05
1240 -3.38714808948e-05
1241 -3.21566903966e-05
1242 -3.04646968584e-05
1243 -2.87966115205e-05
1244 -2.71758497428e-05
1245 -2.56805296837e-05
1246 -2.43484697581e-05
1247 -2.31864000763e-05
1248 -2.21724537187e-05
1249 -2.12638677647e-05
1250 0.000293901623203
1251 0.000295034597597
1252 0.000297234225289
1253 0.000299877299982
1254 0.000302272484371
1255 0.000303504137337
1256 0.000302410174398
1257 0.00029773342532
1258 0.000288642315059
1259 0.00027420114514
1260 0.00025429551842
1261 0.000229354629161
1262 0.000200495147546
1263 0.000169242418414
1264 0.000137112431501
1265 0.000105755540366
1266 7.65997686389e-05
1267 5.03701776445e-05
1268 2.76241382558e-05
1269 8.55512520463e-06
1270 -7.0176423368e-06
1271 -1.93149012391e-05
1272 -2.87850595944e-05
1273 -3.58267403817e-05
1274 -4.09027129854e-05
1275 -4.43476310794e-05
1276 -4.64929710514e-05
1277 -4.76238006788e-05
1278 -4.7955885257e-05
1279 -4.76818381826e-05
1280 -4.69808760535e-05
1281 -4.59851627107e-05
1282 -4.47798283632e-05
1283 -4.34544150815e-05
1284 -4.21008989151e-05
1285 -4.06961262011e-05
1286 -3.92252598026e-05
1287 -3.76893349464e-05
1288 -3.60815080663e-05
1289 -3.44172315848e-05
1290 -3.27265511615e-05
1291 -3.10528734946e-05
1292 -2.94029205894e-05
1293 -2.77803967819e-05
1294 -2.62490896458e-05
1295 -2.48691693888e-05
1296 -2.36521229125e-05
1297 -2.25943922469e-05
1298 -2.16550674323e-05
1299 -2.07992798086e-05
1300 0.000297518765936
1301 0.000296638781181
1302 0.000294516627599
1303 0.000290922345689
1304 0.000285403604285
1305 0.000277251603928
1306 0.000266101150009
1307 0.000251377311613
1308 0.000233471337624
1309 0.000212052660526
1310 0.000187788020209
1311 0.000161521751803
1312 0.000134297597904
1313 0.000107252556041
1314 8.1242459264e-05
1315 5.71265937969e-05
1316 3.5557345596e-05
1317 1.67389568045e-05
1318 7.90295655877e-07
1319 -1.23152157972e-05
1320 -2.28049814695e-05
1321 -3.09642835179e-05
1322 -3.71313215704e-05
1323 -4.16087557648e-05
1324 -4.46884782505e-05
1325 -4.66285621456e-05
1326 -4.76565588924e-05
1327 -4.79559353386e-05
1328 -4.76935104397e-05
1329 -4.70292910002e-05
1330 -4.60789245919e-05
1331 -4.49269822028e-05
1332 -4.36451980715e-05
1333 -4.23278116995e-05
1334 -4.09690243213e-05
1335 -3.95432077617e-05
1336 -3.80549657243e-05
1337 -3.64965607748e-05
1338 -3.48764219011e-05
1339 -3.32175182129e-05
1340 -3.15646241367e-05
1341 -2.99358763595e-05
1342 -2.83255864272e-05
1343 -2.67775407723e-05
1344 -2.53593099075e-05
1345 -2.40981182233e-05
1346 -2.29957812375e-05
1347 -2.20268837523e-05
1348 -2.11503600912e-05
1349 -2.03372685552e-05
1350 0.000248405581159
1351 0.000246358693907
1352 0.000241789217528
1353 0.000234849550324
1354 0.000225605817561
1355 0.000213549440469
1356 0.000198990796327
1357 0.000181905293822
1358 0.000163049030243
1359 0.0001424177751
1360 0.000120727013404
1361 9.87539932351e-05
1362 7.7168640609e-05
1363 5.66547464781e-05
1364 3.76008180701e-05
1365 2.04122165146e-05
1366 5.39351748346e-06
1367 -7.44565026714e-06
1368 -1.81347647956e-05
1369 -2.67705449635e-05
1370 -3.35697174614e-05
1371 -3.87567449298e-05
1372 -4.25710719555e-05
1373 -4.51993407971e-05
1374 -4.68620595183e-05
1375 -4.77310862369e-05
1376 -4.79529761404e-05
1377 -4.76702116258e-05
1378 -4.70183005338e-05
1379 -4.61020618731e-05
1380 -4.49898455261e-05
1381 -4.37522309841e-05
1382 -4.24723717702e-05
1383 -4.11553188142e-05
1384 -3.97732032269e-05
1385 -3.83313076704e-05
1386 -3.68186004768e-05
1387 -3.52471421337e-05
1388 -3.36247666015e-05
1389 -3.19974102216e-05
1390 -3.03913162257e-05
1391 -2.88023749711e-05
1392 -2.72527865049e-05
1393 -2.58105989263e-05
1394 -2.45149879835e-05
1395 -2.33735576437e-05
1396 -2.23753385314e-05
1397 -2.14794534523e-05
1398 -2.06553503501e-05
1399 -1.98789561631e-05
1400 0.000175828588273
1401 0.000173610962173
1402 0.000168812524164
1403 0.000161719007901
1404 0.0001526060948
1405 0.000141210670218
1406 0.000128053388344
1407 0.000113348653312
1408 9.77746588973e-05
1409 8.14652400927e-05
1410 6.4953539695e-05
1411 4.87533196785e-05
1412 3.32669739354e-05
1413 1.88973900582e-05
1414 5.82866281066e-06
1415 -5.73797323619e-06
1416 -1.56926674699e-05
1417 -2.40575825161e-05
1418 -3.09288939171e-05
1419 -3.63809192482e-05
1420 -4.05842824755e-05
1421 -4.36809853412e-05
1422 -4.5821124425e-05
1423 -4.71619942999e-05
1424 -4.78287600201e-05
1425 -4.79363748063e-05
1426 -4.76049650506e-05
1427 -4.69474111271e-05
1428 -4.6048350901e-05
1429 -4.49708103834e-05
1430 -4.37701194982e-05
1431 -4.2532026208e-05
1432 -4.12560765944e-05
1433 -3.99158606555e-05
1434 -3.85174428453e-05
1435 -3.70513801567e-05
1436 -3.55239148509e-05
1437 -3.39442553068e-05
1438 -3.23483583348e-05
1439 -3.07675441569e-05
1440 -2.92040178348e-05
1441 -2.76654394864e-05
1442 -2.62116925946e-05
1443 -2.48926369578e-05
1444 -2.37212710507e-05
1445 -2.26945359938e-05
1446 -2.17812630048e-05
1447 -2.09473700667e-05
1448 -2.01650927923e-05
1449 -1.94293756713e-05
1450 0.000106182548696
1451 0.000104376436916
1452 0.000100464766162
1453 9.48122108108e-05
1454 8.75804647786e-05
1455 7.87754230586e-05
1456 6.88112522633e-05
1457 5.7920739534e-05
1458 4.66339667375e-05
1459 3.50478580863e-05
1460 2.35483262938e-05
1461 1.2461394945e-05
1462 2.04720136838e-06
1463 -7.47375015117e-06
1464 -1.59983213281e-05
1465 -2.3437076572e-05
1466 -2.97458883735e-05
1467 -3.49694605381e-05
1468 -3.91826206657e-05
1469 -4.24386046823e-05
1470 -4.4831890663e-05
1471 -4.64757688247e-05
1472 -4.7474114094e-05
1473 -4.79153042023e-05
1474 -4.78887626444e-05
1475 -4.74922658707e-05
1476 -4.68137604111e-05
1477 -4.59235533095e-05
1478 -4.48696363958e-05
1479 -4.37072969867e-05
1480 -4.25060680539e-05
1481 -4.12709296153e-05
1482 -3.99733383577e-05
1483 -3.86149983555e-05
1484 -3.71929135139e-05
1485 -3.57109536353e-05
1486 -3.41722045819e-05
1487 -3.26128170671e-05
1488 -3.10615702512e-05
1489 -2.95270894205e-05
1490 -2.80089051144e-05
1491 -2.65572757082e-05
1492 -2.52255592473e-05
1493 -2.40331790213e-05
1494 -2.29844063386e-05
1495 -2.20545696648e-05
1496 -2.12114763009e-05
1497 -2.04260687265e-05
1498 -1.96828534922e-05
1499 -1.89942937587e-05
1500 5.1324843288e-05
1501 5.0035999228e-05
1502 4.72358803466e-05
1503 4.32493202738e-05
1504 3.81403333365e-05
1505 3.20156222631e-05
1506 2.51570333865e-05
1507 1.77355092493e-05
1508 1.01615281557e-05
1509 2.45171640944e-06
1510 -5.09674864278e-06
1511 -1.22817312583e-05
1512 -1.89385504453e-05
1513 -2.49527956902e-05
1514 -3.02850112377e-05
1515 -3.4860777916e-05
1516 -3.86756353347e-05
1517 -4.1767057966e-05
1518 -4.41625822205e-05
1519 -4.59091111395e-05
1520 -4.70823198435e-05
1521 -4.77435083981e-05
1522 -4.79554966207e-05
1523 -4.77880788194e-05
1524 -4.73178892517e-05
1525 -4.66125344199e-05
1526 -4.57232751193e-05
1527 -4.46899206809e-05
1528 -4.35645479504e-05
1529 -4.24076619813e-05
1530 -4.12081453967e-05
1531 -3.9950729487e-05
1532 -3.86354352854e-05
1533 -3.7252445513e-05
1534 -3.58138705669e-05
1535 -3.43190783515e-05
1536 -3.27955585203e-05
1537 -3.12794304237e-05
1538 -2.97762451587e-05
1539 -2.82842678811e-05
1540 -2.68428228547e-05
1541 -2.55095680159e-05
1542 -2.43074519648e-05
1543 -2.32415258876e-05
1544 -2.2300593834e-05
1545 -2.14482634842e-05
1546 -2.06612475682e-05
1547 -1.99153429797e-05
1548 -1.92168459414e-05
1549 -1.85722758909e-05
1550 1.22117503383e-05
1551 1.13374207238e-05
1552 9.48020073517e-06
1553 6.85636332769e-06
1554 3.51319751821e-06
1555 -4.63878919699e-07
1556 -4.88558438008e-06
1557 -9.64149421043e-06
1558 -1.44387773961e-05
1559 -1.92817094329e-05
1560 -2.39733727515e-05
1561 -2.83991146008e-05
1562 -3.24590860235e-05
1563 -3.60751802871e-05
1564 -3.92310824012e-05
1565 -4.18805771062e-05
1566 -4.40126658273e-05
1567 -4.5651734661e-05
1568 -4.68284900471e-05
1569 -4.75710134705e-05
1570 -4.79176202816e-05
1571 -4.79115728009e-05
1572 -4.76082680355e-05
1573 -4.7065992585e-05
1574 -4.63279901653e-05
1575 -4.54374392727e-05
1576 -4.44207964837e-05
1577 -4.33347240657e-05
1578 -4.22183444199e-05
1579 -4.10598969327e-05
1580 -3.9839815564e-05
1581 -3.85655780776e-05
1582 -3.72257279638e-05
1583 -3.5826464634e-05
1584 -3.43766279806e-05
1585 -3.2893487131e-05
1586 -3.14124207745e-05
1587 -2.99454431383e-05
1588 -2.84844753739e-05
1589 -2.70620463074e-05
1590 -2.57351486016e-05
1591 -2.45321988783e-05
1592 -2.34588821718e-05
1593 -2.2509760421e-05
1594 -2.16538960527e-05
1595 -2.08647819144e-05
1596 -2.012082568e-05
1597 -1.94181149649e-05
1598 -1.87672632506e-05
1599 -1.81566721306e-05
1600 -1.38394855743e-05
1601 -1.43920159132e-05
1602 -1.55475898515e-05
1603 -1.7181728414e-05
1604 -1.92366588577e-05
1605 -2.16735004503e-05
1606 -2.43711212013e-05
1607 -2.72530601844e-05
1608 -3.01417280004e-05
1609 -3.30292366607e-05
1610 -3.57973843971e-05
1611 -3.8378336975e-05
1612 -4.07107667839e-05
1613 -4.27376787977e-05
1614 -4.44381281676e-05
1615 -4.57987224002e-05
1616 -4.68193920929e-05
1617 -4.75082912292e-05
1618 -4.78770419151e-05
1619 -4.79461548407e-05
1620 -4.7749603751e-05
1621 -4.73280614477e-05
1622 -4.67180437971e-05
1623 -4.59553598774e-05
1624 -4.50603146089e-05
1625 -4.40657121647e-05
1626 -4.30206286697e-05
1627 -4.19474362725e-05
1628 -4.08229424043e-05
1629 -3.96420581239e-05
1630 -3.840496027e-05
1631 -3.71055045935e-05
1632 -3.57491028372e-05
1633 -3.43388155312e-05
1634 -3.29013950142e-05
1635 -3.14604670965e-05
1636 -3.00294281438e-05
1637 -2.86033449465e-05
1638 -2.72073723866e-05
1639 -2.5895654253e-05
1640 -2.47002428225e-05
1641 -2.36287242098e-05
1642 -2.26781618746e-05
1643 -2.18221969045e-05
1644 -2.10352666486e-05
1645 -2.02942447207e-05
1646 -1.9592039413e-05
1647 -1.89387706565e-05
1648 -1.83285660943e-05
1649 -1.77421530221e-05
1650 -3.01356182906e-05
1651 -3.0458280061e-05
1652 -3.11375814771e-05
1653 -3.21076669702e-05
1654 -3.33034696283e-05
1655 -3.47273561955e-05
1656 -3.62890467162e-05
1657 -3.79421291057e-05
1658 -3.95882570598e-05
1659 -4.12057567447e-05
1660 -4.27275464226e-05
1661 -4.41055019195e-05
1662 -4.53056498154e-05
1663 -4.62931928127e-05
1664 -4.70605778093e-05
1665 -4.7593041725e-05
1666 -4.78877769855e-05
1667 -4.79497656436e-05
1668 -4.7793760741e-05
1669 -4.74452606478e-05
1670 -4.69286388484e-05
1671 -4.62667365768e-05
1672 -4.54812525996e-05
1673 -4.45901563406e-05
1674 -4.36245325664e-05
1675 -4.26255185926e-05
1676 -4.15906791012e-05
1677 -4.05027902155e-05
1678 -3.9356942611e-05
1679 -3.81591898043e-05
1680 -3.68963273796e-05
1681 -3.55822543921e-05
1682 -3.42146600542e-05
1683 -3.28197674004e-05
1684 -3.14235259917e-05
1685 -3.0031840285e-05
1686 -2.86432108104e-05
1687 -2.72812306337e-05
1688 -2.59929044992e-05
1689 -2.48133247691e-05
1690 -2.3751164115e-05
1691 -2.28062795287e-05
1692 -2.19552320725e-05
1693 -2.11731275701e-05
1694 -2.04386057729e-05
1695 -1.97391136971e-05
1696 -1.90859053493e-05
1697 -1.84769608361e-05
1698 -1.78955695496e-05
1699 -1.73199864685e-05
1700 -3.9790085799e-05
1701 -3.99676212271e-05
1702 -4.03438010099e-05
1703 -4.08806975075e-05
1704 -4.15295449068e-05
1705 -4.23035311204e-05
1706 -4.31356270787e-05
1707 -4.39998278937e-05
1708 -4.48397329779e-05
1709 -4.56362341006e-05
1710 -4.63556325993e-05
1711 -4.69664581909e-05
1712 -4.7446805081e-05
1713 -4.77726315496e-05
1714 -4.7936506431e-05
1715 -4.79325061132e-05
1716 -4.77653995262e-05
1717 -4.74455209122e-05
1718 -4.69851562989e-05
1719 -4.63998332797e-05
1720 -4.5703495934e-05
1721 -4.49049764555e-05
1722 -4.40256749331e-05
1723 -4.31032248526e-05
1724 -4.21479814089e-05
1725 -4.11483261973e-05
1726 -4.0092834495e-05
1727 -3.89863766664e-05
1728 -3.78211771331e-05
1729 -3.65990488016e-05
1730 -3.53231935597e-05
1731 -3.39990084927e-05
1732 -3.26498182339e-05
1733 -3.12975434869e-05
1734 -2.99492628056e-05
1735 -2.86009313874e-05
1736 -2.7277277126e-05
1737 -2.60233831198e-05
1738 -2.48691879281e-05
1739 -2.38242781886e-05
1740 -2.28920944823e-05
1741 -2.20515703399e-05
1742 -2.12776181063e-05
1743 -2.05518866803e-05
1744 -1.9859442873e-05
1745 -1.92080751138e-05
1746 -1.86027038435e-05
1747 -1.80264547958e-05
1748 -1.74606071646e-05
1749 -1.68803787819e-05
1750 -4.50479167887e-05
1751 -4.51359666809e-05
1752 -4.53186130018e-05
1753 -4.55734962997e-05
1754 -4.58796255455e-05
1755 -4.62373414583e-05
1756 -4.66086466394e-05
1757 -4.69776667514e-05
1758 -4.73117629831e-05
1759 -4.75962631951e-05
1760 -4.78089801561e-05
1761 -4.79310642973e-05
1762 -4.79489841342e-05
1763 -4.78550888599e-05
1764 -4.7646493601e-05
1765 -4.73254992747e-05
1766 -4.68964918694e-05
1767 -4.63636697184e-05
1768 -4.57347374347e-05
1769 -4.5017078049e-05
1770 -4.42229927765e-05
1771 -4.33773163984e-05
1772 -4.24995572903e-05
1773 -4.15861742106e-05
1774 -4.06181751015e-05
1775 -3.95967690318e-05
1776 -3.85249100094e-05
1777 -3.73949479704e-05
1778 -3.6210332549e-05
1779 -3.49751632937e-05
1780 -3.36949143593e-05
1781 -3.23955970052e-05
1782 -3.10924243674e-05
1783 -2.97883943303e-05
1784 -2.84820694841e-05
1785 -2.71997572693e-05
1786 -2.59857550394e-05
1787 -2.48653569144e-05
1788 -2.38459100603e-05
1789 -2.29318188862e-05
1790 -2.21058820086e-05
1791 -2.13450600899e-05
1792 -2.06310219284e-05
1793 -1.99483119681e-05
1794 -1.93028316299e-05
1795 -1.87013438731e-05
1796 -1.81321080018e-05
1797 -1.75761636253e-05
1798 -1.70102864058e-05
1799 -1.64172175588e-05
1800 -4.74216562111e-05
1801 -4.74531877048e-05
1802 -4.75164050306e-05
1803 -4.75998380612e-05
1804 -4.76953215358e-05
1805 -4.77944366821e-05
1806 -4.78793597755e-05
1807 -4.79378607048e-05
1808 -4.79546757674e-05
1809 -4.79182546699e-05
1810 -4.78176087025e-05
1811 -4.76447706349e-05
1812 -4.73940644797e-05
1813 -4.70638203729e-05
1814 -4.66503458035e-05
1815 -4.61560683384e-05
1816 -4.55854996915e-05
1817 -4.49349162079e-05
1818 -4.42169769545e-05
1819 -4.34515739227e-05
1820 -4.26534883669e-05
1821 -4.18188756028e-05
1822 -4.09351260359e-05
1823 -4.00015123924e-05
1824 -3.90142885788e-05
1825 -3.79757460267e-05
1826 -3.68796395116e-05
1827 -3.57339979356e-05
1828 -3.45387097162e-05
1829 -3.33055062084e-05
1830 -3.20574283199e-05
1831 -3.08056666423e-05
1832 -2.95500903501e-05
1833 -2.82902951193e-05
1834 -2.7056122278e-05
1835 -2.58867732012e-05
1836 -2.48049084887e-05
1837 -2.38187240399e-05
1838 -2.29297902839e-05
1839 -2.21237142454e-05
1840 -2.13777548987e-05
1841 -2.06778455745e-05
1842 -2.00077941191e-05
1843 -1.93713082115e-05
1844 -1.87772853727e-05
1845 -1.82144170185e-05
1846 -1.7668383466e-05
1847 -1.71155797565e-05
1848 -1.65381546182e-05
1849 -1.59283719445e-05
1850 -4.79437588378e-05
1851 -4.79396255151e-05
1852 -4.79289841943e-05
1853 -4.79088305515e-05
1854 -4.78730738464e-05
1855 -4.78142888922e-05
1856 -4.77270617513e-05
1857 -4.7601404342e-05
1858 -4.74354101693e-05
1859 -4.72178757689e-05
1860 -4.6945226462e-05
1861 -4.661231697e-05
1862 -4.62177774344e-05
1863 -4.57611207167e-05
1864 -4.52380711529e-05
1865 -4.46500189829e-05
1866 -4.40099534498e-05
1867 -4.33243076709e-05
1868 -4.26057570336e-05
1869 -4.18497104367e-05
1870 -4.10489272261e-05
1871 -4.01974256316e-05
1872 -3.92960714269e-05
1873 -3.83472919129e-05
1874 -3.73385876959e-05
1875 -3.62806798645e-05
1876 -3.51728447296e-05
1877 -3.40181344175e-05
1878 -3.28371604924e-05
1879 -3.16416780174e-05
1880 -3.04413317883e-05
1881 -2.92344614209e-05
1882 -2.80238467679e-05
1883 -2.68417788868e-05
1884 -2.57245946708e-05
1885 -2.46883122321e-05
1886 -2.37388133549e-05
1887 -2.28818949309e-05
1888 -2.20998152496e-05
1889 -2.13746195637e-05
1890 -2.069119527e-05
1891 -2.00354932206e-05
1892 -1.94114051034e-05
1893 -1.88265860399e-05
1894 -1.82730816951e-05
1895 -1.77357196063e-05
1896 -1.71959676573e-05
1897 -1.66332349652e-05
1898 -1.60397910967e-05
1899 -1.54132325408e-05
1900 -4.73083488425e-05
1901 -4.72852469047e-05
1902 -4.72335911048e-05
1903 -4.71569822448e-05
1904 -4.70492623731e-05
1905 -4.69058885303e-05
1906 -4.67266641083e-05
1907 -4.65030549813e-05
1908 -4.62410035941e-05
1909 -4.5928006114e-05
1910 -4.55647270864e-05
1911 -4.51470208933e-05
1912 -4.46759029247e-05
1913 -4.41562820557e-05
1914 -4.35925244664e-05
1915 -4.2990510784e-05
1916 -4.23555724511e-05
1917 -4.16782247994e-05
1918 -4.09555052373e-05
1919 -4.01830581819e-05
1920 -3.93656345781e-05
1921 -3.8499733107e-05
1922 -3.75799908976e-05
1923 -3.66108297524e-05
1924 -3.55907037649e-05
1925 -3.45223432573e-05
1926 -3.34155952398e-05
1927 -3.22867673278e-05
1928 -3.11475331448e-05
1929 -2.99997658087e-05
1930 -2.88405753534e-05
1931 -2.76849237498e-05
1932 -2.65601763293e-05
1933 -2.54993375146e-05
1934 -2.4514983895e-05
1935 -2.36112652246e-05
1936 -2.27897080473e-05
1937 -2.20369313449e-05
1938 -2.13344115941e-05
1939 -2.06702534099e-05
1940 -2.0031400258e-05
1941 -1.94213907358e-05
1942 -1.88492871802e-05
1943 -1.83065114475e-05
1944 -1.77798944104e-05
1945 -1.72507807615e-05
1946 -1.67019899338e-05
1947 -1.61233657171e-05
1948 -1.55124097284e-05
1949 -1.48760488706e-05
1950 -4.60165564729e-05
1951 -4.59847808399e-05
1952 -4.59120669796e-05
1953 -4.58055671701e-05
1954 -4.5660975942e-05
1955 -4.54744673407e-05
1956 -4.52468999286e-05
1957 -4.49729958553e-05
1958 -4.46611162285e-05
1959 -4.43007711705e-05
1960 -4.38981647568e-05
1961 -4.34547284105e-05
1962 -4.29734915643e-05
1963 -4.24572593177e-05
1964 -4.19015668062e-05
1965 -4.13008830015e-05
1966 -4.06560606787e-05
1967 -3.99632444863e-05
1968 -3.92254467656e-05
1969 -3.84398115936e-05
1970 -3.76046802103e-05
1971 -3.67183966206e-05
1972 -3.57850620018e-05
1973 -3.48051541871e-05
1974 -3.37795185951e-05
1975 -3.27266118317e-05
1976 -3.165506308e-05
1977 -3.05707935834e-05
1978 -2.94737380384e-05
1979 -2.83677098461e-05
1980 -2.72692798274e-05
1981 -2.62125342088e-05
1982 -2.52126213945e-05
1983 -2.42841709502e-05
1984 -2.343135466e-05
1985 -2.26521611766e-05
1986 -2.19307863014e-05
1987 -2.12558560098e-05
1988 -2.06128821867e-05
1989 -1.99928298028e-05
1990 -1.94004914839e-05
1991 -1.88431310786e-05
1992 -1.83134379089e-05
1993 -1.7798483168e-05
1994 -1.72818125521e-05
1995 -1.6744634985e-05
1996 -1.61806549465e-05
1997 -1.55840281989e-05
1998 -1.49615756992e-05
1999 -1.43311545001e-05
2000 -4.43530680804e-05
2001 -4.43182671102e-05
2002 -4.42356179905e-05
2003 -4.41146256286e-05
2004 -4.39555587221e-05
2005 -4.37529620678e-05
2006 -4.35109078095e-05
2007 -4.3227894515e-05
2008 -4.29114196032e-05
2009 -4.25528765817e-05
2010 -4.21557132949e-05
2011 -4.17177270952e-05
2012 -4.12353606901e-05
2013 -4.07108425504e-05
2014 -4.01420906715e-05
2015 -3.95278667575e-05
2016 -3.88706603317e-05
2017 -3.8164837237e-05
2018 -3.74093384001e-05
2019 -3.66060882008e-05
2020 -3.57579155856e-05
2021 -3.48614991024e-05
2022 -3.39220582294e-05
2023 -3.29529537492e-05
2024 -3.19577303137e-05
2025 -3.09468568722e-05
2026 -2.99207522266e-05
2027 -2.88769021745e-05
2028 -2.78259655952e-05
2029 -2.67959690445e-05
2030 -2.58063432195e-05
2031 -2.48764730459e-05
2032 -2.40080107987e-05
2033 -2.32087564476e-05
2034 -2.24736383862e-05
2035 -2.17877559412e-05
2036 -2.1140305827e-05
2037 -2.05215532153e-05
2038 -1.99219883789e-05
2039 -1.93488169523e-05
2040 -1.88083623758e-05
2041 -1.82925947746e-05
2042 -1.77904055839e-05
2043 -1.72853562558e-05
2044 -1.67609538287e-05
2045 -1.62091377204e-05
2046 -1.56271988018e-05
2047 -1.50181719359e-05
2048 -1.4399177732e-05
2049 -1.37924925986e-05
2050 -4.25595503321e-05
2051 -4.25265379351e-05
2052 -4.24437065616e-05
2053 -4.23239591121e-05
2054 -4.21681879869e-05
2055 -4.19676981181e-05
2056 -4.17280596042e-05
2057 -4.14464197587e-05
2058 -4.1127655253e-05
2059 -4.07639925438e-05
2060 -4.03575071558e-05
2061 -3.99091902099e-05
2062 -3.94162411046e-05
2063 -3.88814111282e-05
2064 -3.83010331764e-05
2065 -3.76729928859e-05
2066 -3.69993607133e-05
2067 -3.6277468371e-05
2068 -3.55110826568e-05
2069 -3.46989431763e-05
2070 -3.3846103431e-05
2071 -3.29598750195e-05
2072 -3.20477262434e-05
2073 -3.11170212773e-05
2074 -3.01647655456e-05
2075 -2.91940729209e-05
2076 -2.82077798665e-05
2077 -2.72242047895e-05
2078 -2.62657918733e-05
2079 -2.53535789629e-05
2080 -2.44915286413e-05
2081 -2.36888128688e-05
2082 -2.29463848046e-05
2083 -2.22567047172e-05
2084 -2.16075271098e-05
2085 -2.099085415e-05
2086 -2.0396519234e-05
2087 -1.98205630174e-05
2088 -1.92691859018e-05
2089 -1.87475455623e-05
2090 -1.82476341854e-05
2091 -1.77585474875e-05
2092 -1.72655599805e-05
2093 -1.67527026585e-05
2094 -1.6212577369e-05
2095 -1.56424772266e-05
2096 -1.50473169678e-05
2097 -1.44397969698e-05
2098 -1.38430427143e-05
2099 -1.32685012449e-05
2100 -4.07294078586e-05
2101 -4.06964602698e-05
2102 -4.06109981816e-05
2103 -4.0489456908e-05
2104 -4.03300091924e-05
2105 -4.01241401682e-05
2106 -3.98782400716e-05
2107 -3.95900479917e-05
2108 -3.9264399175e-05
2109 -3.88940201488e-05
2110 -3.84793601574e-05
2111 -3.80217141694e-05
2112 -3.75175581975e-05
2113 -3.69702877299e-05
2114 -3.63772314616e-05
2115 -3.57397403318e-05
2116 -3.50579622058e-05
2117 -3.43287472717e-05
2118 -3.35608351445e-05
2119 -3.27615432545e-05
2120 -3.19356832354e-05
2121 -3.10853402756e-05
2122 -3.0212699861e-05
2123 -2.93198813731e-05
2124 -2.84042928955e-05
2125 -2.74842749842e-05
2126 -2.65767560418e-05
2127 -2.56991944503e-05
2128 -2.4861910608e-05
2129 -2.40731770849e-05
2130 -2.33362098851e-05
2131 -2.26512730697e-05
2132 -2.20076398588e-05
2133 -2.13965208389e-05
2134 -2.08109411758e-05
2135 -2.02421088739e-05
2136 -1.96899870657e-05
2137 -1.91630454677e-05
2138 -1.8661668183e-05
2139 -1.81782964637e-05
2140 -1.77033839349e-05
2141 -1.72223094245e-05
2142 -1.67208608372e-05
2143 -1.6192445776e-05
2144 -1.56346691287e-05
2145 -1.50509549848e-05
2146 -1.4457044346e-05
2147 -1.3870818665e-05
2148 -1.33056809758e-05
2149 -1.27610816823e-05
2150 -3.88204521045e-05
2151 -3.87857756036e-05
2152 -3.86988304617e-05
2153 -3.85760997304e-05
2154 -3.84130286553e-05
2155 -3.82024241615e-05
2156 -3.79499486361e-05
2157 -3.76543398819e-05
2158 -3.73206355787e-05
2159 -3.69409297459e-05
2160 -3.65172615966e-05
2161 -3.60513375707e-05
2162 -3.55396903526e-05
2163 -3.49860462149e-05
2164 -3.43867972702e-05
2165 -3.37477410845e-05
2166 -3.30729093908e-05
2167 -3.23644154091e-05
2168 -3.16249641613e-05
2169 -3.08599748237e-05
2170 -3.00696845829e-05
2171 -2.925384888e-05
2172 -2.84152311349e-05
2173 -2.75680012301e-05
2174 -2.67229327642e-05
2175 -2.58991766953e-05
2176 -2.51034422199e-05
2177 -2.43450346377e-05
2178 -2.36293155443e-05
2179 -2.29592235637e-05
2180 -2.23289518948e-05
2181 -2.17296688275e-05
2182 -2.11564232593e-05
2183 -2.06014694123e-05
2184 -2.00594448476e-05
2185 -1.95337254262e-05
2186 -1.90319341218e-05
2187 -1.85523738705e-05
2188 -1.80863492767e-05
2189 -1.76252733287e-05
2190 -1.7154893362e-05
2191 -1.66642233261e-05
2192 -1.61474323209e-05
2193 -1.56005734193e-05
2194 -1.50294423722e-05
2195 -1.44478760664e-05
2196 -1.38756443455e-05
2197 -1.33213105935e-05
2198 -1.27869892686e-05
2199 -1.22637968733e-05
2200 -3.68225142834e-05
2201 -3.67848545598e-05
2202 -3.66965585824e-05
2203 -3.65717043467e-05
2204 -3.6404650771e-05
2205 -3.61903238378e-05
2206 -3.59335416009e-05
2207 -3.56331983773e-05
2208 -3.52955253662e-05
2209 -3.4910988082e-05
2210 -3.44833878736e-05
2211 -3.40141636539e-05
2212 -3.35034553043e-05
2213 -3.29581205027e-05
2214 -3.23743731702e-05
2215 -3.17587773884e-05
2216 -3.1112521571e-05
2217 -3.04359705807e-05
2218 -2.97297831842e-05
2219 -2.8995929683e-05
2220 -2.82392231496e-05
2221 -2.74687151344e-05
2222 -2.66976037991e-05
2223 -2.59399596808e-05
2224 -2.5200578167e-05
2225 -2.44892759021e-05
2226 -2.38086856485e-05
2227 -2.31651063621e-05
2228 -2.25584106386e-05
2229 -2.19788997655e-05
2230 -2.1423591637e-05
2231 -2.08866215408e-05
2232 -2.03617792635e-05
2233 -1.98475759748e-05
2234 -1.93507161639e-05
2235 -1.88752553769e-05
2236 -1.84174595947e-05
2237 -1.79696024779e-05
2238 -1.75219510055e-05
2239 -1.70620323743e-05
2240 -1.65805225147e-05
2241 -1.60737577604e-05
2242 -1.55392582708e-05
2243 -1.49812855923e-05
2244 -1.44141041753e-05
2245 -1.38546516269e-05
2246 -1.3313599948e-05
2247 -1.27892892938e-05
2248 -1.22769291999e-05
2249 -1.1766870761e-05
2250 -3.47421086248e-05
2251 -3.4702817713e-05
2252 -3.46142615915e-05
2253 -3.448784059e-05
2254 -3.43187867995e-05
2255 -3.41040714437e-05
2256 -3.38474025837e-05
2257 -3.3547767727e-05
2258 -3.32139757309e-05
2259 -3.28367330372e-05
2260 -3.24212113278e-05
2261 -3.1968106239e-05
2262 -3.14781602558e-05
2263 -3.09572031369e-05
2264 -3.04007794966e-05
2265 -2.98129820874e-05
2266 -2.91944169828e-05
2267 -2.85453144609e-05
2268 -2.7873780856e-05
2269 -2.71879849997e-05
2270 -2.65004454966e-05
2271 -2.58167216702e-05
2272 -2.51457033026e-05
2273 -2.44940195173e-05
2274 -2.38614878708e-05
2275 -2.32603045304e-05
2276 -2.26862023464e-05
2277 -2.21364199445e-05
2278 -2.16068933651e-05
2279 -2.10925768337e-05
2280 -2.05897942395e-05
2281 -2.00948467623e-05
2282 -1.9610548488e-05
2283 -1.91437394259e-05
2284 -1.86951734373e-05
2285 -1.82586287348e-05
2286 -1.78281624414e-05
2287 -1.73934758269e-05
2288 -1.6942719617e-05
2289 -1.64707600084e-05
2290 -1.59729286898e-05
2291 -1.54488304084e-05
2292 -1.49038050829e-05
2293 -1.43511198601e-05
2294 -1.38073829142e-05
2295 -1.32803940986e-05
2296 -1.27698461239e-05
2297 -1.22676651762e-05
2298 -1.17683163232e-05
2299 -1.12746200488e-05
2300 -3.2624911544e-05
2301 -3.25862812434e-05
2302 -3.2501116013e-05
2303 -3.23768015986e-05
2304 -3.22128416332e-05
2305 -3.20067249369e-05
2306 -3.17605155268e-05
2307 -3.14735223167e-05
2308 -3.11547311507e-05
2309 -3.07946187142e-05
2310 -3.03989770415e-05
2311 -2.9966660173e-05
2312 -2.94985977805e-05
2313 -2.89988057231e-05
2314 -2.84654669354e-05
2315 -2.79059443609e-05
2316 -2.73263469061e-05
2317 -2.6732009955e-05
2318 -2.61319927124e-05
2319 -2.55311694689e-05
2320 -2.49378719461e-05
2321 -2.43534092221e-05
2322 -2.37845768956e-05
2323 -2.3236178523e-05
2324 -2.27048497138e-05
2325 -2.21938108991e-05
2326 -2.1696150924e-05
2327 -2.12114576807e-05
2328 -2.07364650391e-05
2329 -2.02662950719e-05
2330 -1.98023949263e-05
2331 -1.93509381481e-05
2332 -1.89148565888e-05
2333 -1.84920723447e-05
2334 -1.80768472736e-05
2335 -1.76625536183e-05
2336 -1.72397715706e-05
2337 -1.67987321234e-05
2338 -1.63343456373e-05
2339 -1.58452603329e-05
2340 -1.53306941322e-05
2341 -1.47981950727e-05
2342 -1.42613730051e-05
2343 -1.37338143667e-05
2344 -1.32217667517e-05
2345 -1.27245855802e-05
2346 -1.2235604958e-05
2347 -1.17468652834e-05
2348 -1.12634841045e-05
2349 -1.07950819222e-05
2350 -3.05470297877e-05
2351 -3.05097478083e-05
2352 -3.04294563953e-05
2353 -3.03105938508e-05
2354 -3.01545388577e-05
2355 -2.9958275456e-05
2356 -2.97239507738e-05
2357 -2.94494225526e-05
2358 -2.91446406575e-05
2359 -2.87996591464e-05
2360 -2.84212921555e-05
2361 -2.80101671591e-05
2362 -2.75702764264e-05
2363 -2.71070734408e-05
2364 -2.66220167484e-05
2365 -2.61223885608e-05
2366 -2.56149985069e-05
2367 -2.51018655472e-05
2368 -2.45892918852e-05
2369 -2.40796360959e-05
2370 -2.35802786115e-05
2371 -2.30914984091e-05
2372 -2.2615319419e-05
2373 -2.21500098855e-05
2374 -2.16920443392e-05
2375 -2.12429451399e-05
2376 -2.07988804837e-05
2377 -2.03569959989e-05
2378 -1.99187892737e-05
2379 -1.94884658978e-05
2380 -1.9069780289e-05
2381 -1.86641069495e-05
2382 -1.82656357726e-05
2383 -1.7870449791e-05
2384 -1.74710672096e-05
2385 -1.70580153849e-05
2386 -1.66254365139e-05
2387 -1.6170091732e-05
2388 -1.56888747441e-05
2389 -1.51851551547e-05
2390 -1.46660206047e-05
2391 -1.41453144254e-05
2392 -1.36358479301e-05
2393 -1.31406753963e-05
2394 -1.26574270283e-05
2395 -1.21799842317e-05
2396 -1.17037657679e-05
2397 -1.12325666075e-05
2398 -1.07742833071e-05
2399 -1.03317831679e-05
2400 -2.85185269664e-05
2401 -2.84834740125e-05
2402 -2.84066547914e-05
2403 -2.82943341675e-05
2404 -2.81470303765e-05
2405 -2.79609505739e-05
2406 -2.77410483294e-05
2407 -2.74841845807e-05
2408 -2.72024072051e-05
2409 -2.68875984567e-05
2410 -2.65460178089e-05
2411 -2.61812570321e-05
2412 -2.57960631808e-05
2413 -2.53948253453e-05
2414 -2.4980007386e-05
2415 -2.45547938389e-05
2416 -2.41257203159e-05
2417 -2.36945612594e-05
2418 -2.32664025533e-05
2419 -2.28419444325e-05
2420 -2.24232513692e-05
2421 -2.20070194264e-05
2422 -2.15947063788e-05
2423 -2.11861195256e-05
2424 -2.07778583258e-05
2425 -2.03699955559e-05
2426 -1.99617007577e-05
2427 -1.95570847219e-05
2428 -1.91614428148e-05
2429 -1.87761498682e-05
2430 -1.83966858733e-05
2431 -1.80209104937e-05
2432 -1.76430057025e-05
2433 -1.72553777613e-05
2434 -1.68500906769e-05
2435 -1.64243393305e-05
2436 -1.59752988154e-05
2437 -1.55027713805e-05
2438 -1.50093570337e-05
2439 -1.45053868533e-05
2440 -1.40033629918e-05
2441 -1.35127810416e-05
2442 -1.30352051386e-05
2443 -1.25671400052e-05
2444 -1.21026354833e-05
2445 -1.16380942775e-05
2446 -1.1180063759e-05
2447 -1.07347753086e-05
2448 -1.0303528105e-05
2449 -9.88655454772e-06
2450 -2.6600954278e-05
2451 -2.65705888979e-05
2452 -2.65013491578e-05
2453 -2.64018907756e-05
2454 -2.62717331336e-05
2455 -2.61069441574e-05
2456 -2.59132351884e-05
2457 -2.56898477886e-05
2458 -2.54465726471e-05
2459 -2.51766306192e-05
2460 -2.48845106216e-05
2461 -2.45756562549e-05
2462 -2.42506914493e-05
2463 -2.39136878982e-05
2464 -2.35672996196e-05
2465 -2.32151755352e-05
2466 -2.28588189972e-05
2467 -2.24992822984e-05
2468 -2.21373379684e-05
2469 -2.17731191061e-05
2470 -2.1408960299e-05
2471 -2.10423272801e-05
2472 -2.06735998866e-05
2473 -2.03017150113e-05
2474 -1.99268881432e-05
2475 -1.95543384016e-05
2476 -1.91868613091e-05
2477 -1.88256070572e-05
2478 -1.84687486914e-05
2479 -1.81139324102e-05
2480 -1.77573617307e-05
2481 -1.73937242599e-05
2482 -1.7015315295e-05
2483 -1.66180626262e-05
2484 -1.61988042119e-05
2485 -1.57562862371e-05
2486 -1.52910722786e-05
2487 -1.48104444769e-05
2488 -1.43229712076e-05
2489 -1.38406011801e-05
2490 -1.3369022064e-05
2491 -1.2909288795e-05
2492 -1.24566724204e-05
2493 -1.20048789757e-05
2494 -1.15532308243e-05
2495 -1.11082033571e-05
2496 -1.06762329786e-05
2497 -1.02561574015e-05
2498 -9.8512036094e-06
2499 -9.46835066505e-06
