bias_lya*(1+beta_lya) beta_lya ap at alpha_lya SigmaNL_perp 1+f bao_amp bias_lls beta_lls L0_lls bias_gamma bias_prim lambda_uv bias_qso growth_rate drp Lpar_cross Lper_cross qso_evol_0 qso_evol_1 sigma_velo_lorentz qso_rad_strength qso_rad_asymmetry qso_rad_lifetime qso_rad_decrease bias_Si2c beta_Si2c alpha_Si2c bias_Si3 beta_Si3 alpha_Si3 bias_Si2b beta_Si2b alpha_Si2b bias_Si2a beta_Si2a alpha_Si2a qso_metal_boost chi2
-0.331628889938 1.78306144486 0.5 0.922802771009 2.9 3.26 1.966 1.0 0.0361215980772 0.586140061683 61.4974880074 -0.300132486027 -0.666666666667 300.0 3.87084 0.97076 -0.931345555673 4.0 4.0 0.53 0.289 5.92272488546 0.392411205214 0.0 inf 300.0 -2.66698205149e-05 0.5 1.0 -0.0068218370771 0.5 1.0 -0.00405049585855 0.5 1.0 -0.00126818325931 0.5 1.0 1.0 2582.22513459
-0.331397867913 1.7822847783 0.505025125628 0.920331353502 2.9 3.26 1.966 1.0 0.0361397256027 0.586237210717 61.460371184 -0.302043052873 -0.666666666667 300.0 3.87084 0.97076 -0.931194707721 4.0 4.0 0.53 0.289 5.91619439291 0.392995525773 0.0 inf 300.0 -3.7724791644e-05 0.5 1.0 -0.00681858263243 0.5 1.0 -0.00405003977492 0.5 1.0 -0.001265769103 0.5 1.0 1.0 2582.10867473
-0.331172057949 1.78153648713 0.510050251256 0.917792619837 2.9 3.26 1.966 1.0 0.0361482055756 0.586227547187 61.4219349187 -0.303917952698 -0.666666666667 300.0 3.87084 0.97076 -0.931051589007 4.0 4.0 0.53 0.289 5.90959877761 0.393578843341 0.0 inf 300.0 -4.94134875682e-05 0.5 1.0 -0.00681615918495 0.5 1.0 -0.00404897277002 0.5 1.0 -0.00126367740379 0.5 1.0 1.0 2582.01427014
-0.330919187689 1.78100228555 0.515075376884 0.915189046161 2.9 3.26 1.966 1.0 0.0361649742046 0.58633617803 61.3821097808 -0.305994489795 -0.666666666667 300.0 3.87084 0.97076 -0.93090709521 4.0 4.0 0.53 0.289 5.90317521164 0.394002904233 0.0 inf 300.0 -6.11048298466e-05 0.5 1.0 -0.00681196048848 0.5 1.0 -0.00404857290554 0.5 1.0 -0.00126126712505 0.5 1.0 1.0 2581.94520157
-0.330660718584 1.78061877345 0.520100502513 0.912511834991 2.9 3.26 1.966 1.0 0.0361770962985 0.586443759933 61.34022633 -0.308113281423 -0.666666666667 300.0 3.87084 0.97076 -0.930742232527 4.0 4.0 0.53 0.289 5.89694376358 0.394319283028 0.0 inf 300.0 -7.34017739439e-05 0.5 1.0 -0.00680752530735 0.5 1.0 -0.00404803774559 0.5 1.0 -0.00125903319286 0.5 1.0 1.0 2581.90496899
-0.330394605523 1.78043227778 0.525125628141 0.909782286572 2.9 3.26 1.966 1.0 0.0361854191425 0.586530216126 61.2961867043 -0.3102840136 -0.666666666667 300.0 3.87084 0.97076 -0.930560918525 4.0 4.0 0.53 0.289 5.89100827571 0.394482169087 0.0 inf 300.0 -8.66405943793e-05 0.5 1.0 -0.00680280460747 0.5 1.0 -0.00404737982088 0.5 1.0 -0.0012568382262 0.5 1.0 1.0 2581.89704475
-0.330122426934 1.78044879569 0.530150753769 0.907002555709 2.9 3.26 1.966 1.0 0.0361891127926 0.586586002572 61.2504075561 -0.312491291111 -0.666666666667 300.0 3.87084 0.97076 -0.930387076364 4.0 4.0 0.53 0.289 5.88535092957 0.394493261468 0.0 inf 300.0 -0.000100349208934 0.5 1.0 -0.00679786751355 0.5 1.0 -0.00404652585234 0.5 1.0 -0.00125485909922 0.5 1.0 1.0 2581.92491492
-0.329844656251 1.78069990494 0.535175879397 0.904172226281 2.9 3.26 1.966 1.0 0.0361880587135 0.586595802768 61.2028318475 -0.314728218884 -0.666666666667 300.0 3.87084 0.97076 -0.930228125756 4.0 4.0 0.53 0.289 5.88005299469 0.394324993809 0.0 inf 300.0 -0.000114487841623 0.5 1.0 -0.00679262166577 0.5 1.0 -0.00404545665578 0.5 1.0 -0.00125308901913 0.5 1.0 1.0 2581.99203531
-0.329562068455 1.7812492198 0.540201005025 0.901287146748 2.9 3.26 1.966 1.0 0.0361820611365 0.586555594477 61.1535229601 -0.316985035268 -0.666666666667 300.0 3.87084 0.97076 -0.930091868944 4.0 4.0 0.53 0.289 5.87523508107 0.393933916512 0.0 inf 300.0 -0.000128670495194 0.5 1.0 -0.00678694366431 0.5 1.0 -0.00404414450801 0.5 1.0 -0.00125147022227 0.5 1.0 1.0 2582.10177019
-0.329274995593 1.78215589669 0.545226130653 0.898364089038 2.9 3.26 1.966 1.0 0.0361711130956 0.586476767761 61.1026161094 -0.319256447405 -0.666666666667 300.0 3.87084 0.97076 -0.92997283043 4.0 4.0 0.53 0.289 5.87101164725 0.393279003873 0.0 inf 300.0 -0.000142861779575 0.5 1.0 -0.00678075306607 0.5 1.0 -0.00404256725127 0.5 1.0 -0.00124997967448 0.5 1.0 1.0 2582.25739845
-0.328982702021 1.78344437453 0.550251256281 0.895436174615 2.9 3.26 1.966 1.0 0.036156119623 0.586384558308 61.0508092464 -0.321545211796 -0.666666666667 300.0 3.87084 0.97076 -0.929855223013 4.0 4.0 0.53 0.289 5.86743318788 0.392341263448 0.0 inf 300.0 -0.000157166647055 0.5 1.0 -0.00677419305383 0.5 1.0 -0.00404061778012 0.5 1.0 -0.00124869230619 0.5 1.0 1.0 2582.46207707
-0.328685847553 1.78508885597 0.55527638191 0.892522521856 2.9 3.26 1.966 1.0 0.0361369598955 0.58631539782 60.9988105699 -0.323846454167 -0.666666666667 300.0 3.87084 0.97076 -0.929722186678 4.0 4.0 0.53 0.289 5.86448762381 0.391140974108 0.0 inf 300.0 -0.000171848909172 0.5 1.0 -0.0067677293613 0.5 1.0 -0.00403813800695 0.5 1.0 -0.00124773603591 0.5 1.0 1.0 2582.7185249
-0.328404783836 1.78784834399 0.560301507538 0.889652935984 2.9 3.26 1.966 1.0 0.0361072149744 0.586609734036 60.9368626601 -0.326058231784 -0.666666666667 300.0 3.87084 0.97076 -0.929338215005 4.0 4.0 0.53 0.289 5.86381422447 0.389215969829 0.0 inf 300.0 -0.000187288919403 0.5 1.0 -0.00676048112357 0.5 1.0 -0.00403304933257 0.5 1.0 -0.00124886549683 0.5 1.0 1.0 2583.02919639
-0.328075084456 1.79058550259 0.565326633166 0.886677634999 2.9 3.26 1.966 1.0 0.0360807387901 0.586594960099 60.8813371313 -0.328490345201 -0.666666666667 300.0 3.87084 0.97076 -0.929677360614 4.0 4.0 0.53 0.289 5.86263114518 0.387232424382 0.0 inf 300.0 -0.000202914009504 0.5 1.0 -0.00675385187289 0.5 1.0 -0.00403518884938 0.5 1.0 -0.00124344191732 0.5 1.0 1.0 2583.39606956
-0.327773504554 1.79374335694 0.570351758794 0.883799552443 2.9 3.26 1.966 1.0 0.0360422814621 0.586550282409 60.8226362622 -0.330736187398 -0.666666666667 300.0 3.87084 0.97076 -0.929623977656 4.0 4.0 0.53 0.289 5.86273012678 0.384936170274 0.0 inf 300.0 -0.000219209733275 0.5 1.0 -0.00674637713928 0.5 1.0 -0.00403281417974 0.5 1.0 -0.00124232592114 0.5 1.0 1.0 2583.82067251
-0.327445895882 1.79754008074 0.575376884422 0.88076527344 2.9 3.26 1.966 1.0 0.0360121976934 0.58708635266 60.7817287347 -0.33320427822 -0.666666666667 300.0 3.87084 0.97076 -0.929550677636 4.0 4.0 0.53 0.289 5.8634837875 0.382261027098 0.0 inf 300.0 -0.000233163848337 0.5 1.0 -0.00674423225862 0.5 1.0 -0.00402641910308 0.5 1.0 -0.00124831045763 0.5 1.0 1.0 2584.30387713
-0.327145045678 1.80109648176 0.58040201005 0.877866974689 2.9 3.26 1.966 1.0 0.0359727196633 0.58660759558 60.7114550117 -0.335315204389 -0.666666666667 300.0 3.87084 0.97076 -0.929269370644 4.0 4.0 0.53 0.289 5.8648835551 0.379446913228 0.0 inf 300.0 -0.000252512043419 0.5 1.0 -0.00673479547589 0.5 1.0 -0.00402842423847 0.5 1.0 -0.00124064948919 0.5 1.0 1.0 2584.84598343
-0.326860781131 1.80616949323 0.585427135678 0.875055235837 2.9 3.26 1.966 1.0 0.0359195103194 0.586922124651 60.6553688445 -0.337371142784 -0.666666666667 300.0 3.87084 0.97076 -0.929324421689 4.0 4.0 0.53 0.289 5.86858888021 0.375983527902 0.0 inf 300.0 -0.00026582805804 0.5 1.0 -0.006729454514 0.5 1.0 -0.00402599590095 0.5 1.0 -0.00124125181453 0.5 1.0 1.0 2585.44678924
-0.326594364975 1.81190482673 0.590452261307 0.87226628984 2.9 3.26 1.966 1.0 0.0358606938705 0.586877682181 60.5822962046 -0.339433109141 -0.666666666667 300.0 3.87084 0.97076 -0.930622552315 4.0 4.0 0.53 0.289 5.87232662075 0.372619678327 0.0 inf 300.0 -0.000282453387134 0.5 1.0 -0.00673572822862 0.5 1.0 -0.00402750837296 0.5 1.0 -0.00123468067458 0.5 1.0 1.0 2586.1054362
-0.326310793677 1.81845275303 0.595477386935 0.869692240869 2.9 3.26 1.966 1.0 0.035805109165 0.586874440789 60.5241050356 -0.341438140506 -0.666666666667 300.0 3.87084 0.97076 -0.930510147975 4.0 4.0 0.53 0.289 5.87976485838 0.368162624874 0.0 inf 300.0 -0.000300146558997 0.5 1.0 -0.00672558846764 0.5 1.0 -0.00402273209037 0.5 1.0 -0.00123719250875 0.5 1.0 1.0 2586.82071357
-0.326049482751 1.82445555588 0.600502512563 0.867143433033 2.9 3.26 1.966 1.0 0.035735028657 0.586691553693 60.4839210589 -0.343168405836 -0.666666666667 300.0 3.87084 0.97076 -0.930821786559 4.0 4.0 0.53 0.289 5.8862021852 0.364022001601 0.0 inf 300.0 -0.000316636500585 0.5 1.0 -0.00671914033271 0.5 1.0 -0.00401973016111 0.5 1.0 -0.00123950873795 0.5 1.0 1.0 2587.59040985
-0.325804864815 1.83174824818 0.605527638191 0.864649397933 2.9 3.26 1.966 1.0 0.0356662095021 0.586488054514 60.4125833136 -0.344879125512 -0.666666666667 300.0 3.87084 0.97076 -0.930945791422 4.0 4.0 0.53 0.289 5.89564022392 0.359048716259 0.0 inf 300.0 -0.000329209924442 0.5 1.0 -0.00671350282236 0.5 1.0 -0.00401718224186 0.5 1.0 -0.00123861907831 0.5 1.0 1.0 2588.41195316
-0.325580594428 1.83916942353 0.610552763819 0.862250660843 2.9 3.26 1.966 1.0 0.0355879137718 0.58633650572 60.3594001613 -0.346395281902 -0.666666666667 300.0 3.87084 0.97076 -0.931327787156 4.0 4.0 0.53 0.289 5.90493231484 0.354171418187 0.0 inf 300.0 -0.000339808711244 0.5 1.0 -0.00670820539947 0.5 1.0 -0.00401297386058 0.5 1.0 -0.00123996581831 0.5 1.0 1.0 2589.28203661
-0.325363097575 1.84677144477 0.615577889447 0.860023335892 2.9 3.26 1.966 1.0 0.0355065762138 0.586365340868 60.3083793009 -0.34777597439 -0.666666666667 300.0 3.87084 0.97076 -0.931702267562 4.0 4.0 0.53 0.289 5.91572367352 0.348986888887 0.0 inf 300.0 -0.000355889575603 0.5 1.0 -0.00670328996571 0.5 1.0 -0.0040093637503 0.5 1.0 -0.00124232419114 0.5 1.0 1.0 2590.19717177
-0.325176138854 1.85495446874 0.620603015075 0.85803409043 2.9 3.26 1.966 1.0 0.0354196197481 0.586352416597 60.2604581533 -0.348948731537 -0.666666666667 300.0 3.87084 0.97076 -0.931957390003 4.0 4.0 0.53 0.289 5.92774235257 0.343608792501 0.0 inf 300.0 -0.000367751381352 0.5 1.0 -0.00669930813944 0.5 1.0 -0.00400485388092 0.5 1.0 -0.00124516734169 0.5 1.0 1.0 2591.15348611
-0.32500128246 1.86348441866 0.625628140704 0.856377895492 2.9 3.26 1.966 1.0 0.0353319322832 0.586193014026 60.2203722374 -0.350078261646 -0.666666666667 300.0 3.87084 0.97076 -0.932447256094 4.0 4.0 0.53 0.289 5.94008577506 0.338242215323 0.0 inf 300.0 -0.000377515631488 0.5 1.0 -0.00669377344787 0.5 1.0 -0.00400225959944 0.5 1.0 -0.00124674493118 0.5 1.0 1.0 2592.1465825
-0.324861720168 1.87214943639 0.630653266332 0.855084272688 2.9 3.26 1.966 1.0 0.0352382526329 0.586138014636 60.1831642961 -0.350915335749 -0.666666666667 300.0 3.87084 0.97076 -0.932768113176 4.0 4.0 0.53 0.289 5.9537498992 0.332735089218 0.0 inf 300.0 -0.000387024023666 0.5 1.0 -0.00668932289246 0.5 1.0 -0.00399903321051 0.5 1.0 -0.0012496407786 0.5 1.0 1.0 2593.17185976
-0.324753958528 1.88100617762 0.63567839196 0.854240863836 2.9 3.26 1.966 1.0 0.0351393399452 0.586051962158 60.1499875793 -0.351535546294 -0.666666666667 300.0 3.87084 0.97076 -0.933026172758 4.0 4.0 0.53 0.289 5.96832962469 0.327215558042 0.0 inf 300.0 -0.000395305154224 0.5 1.0 -0.006684773065 0.5 1.0 -0.00399630270807 0.5 1.0 -0.00125269523107 0.5 1.0 1.0 2594.22438137
-0.324678967708 1.89006817971 0.640703517588 0.853983797563 2.9 3.26 1.966 1.0 0.0350338040118 0.58598257784 60.1192723025 -0.351939882161 -0.666666666667 300.0 3.87084 0.97076 -0.933189530673 4.0 4.0 0.53 0.289 5.98388567395 0.321712258798 0.0 inf 300.0 -0.000402700266333 0.5 1.0 -0.0066793002125 0.5 1.0 -0.0039942412815 0.5 1.0 -0.00125538673476 0.5 1.0 1.0 2595.29887808
-0.324630239208 1.89890610735 0.645728643216 0.854417317099 2.9 3.26 1.966 1.0 0.034927687224 0.58579054844 60.0987386628 -0.352125659809 -0.666666666667 300.0 3.87084 0.97076 -0.933319951986 4.0 4.0 0.53 0.289 5.99978687645 0.316324927236 0.0 inf 300.0 -0.000408105332263 0.5 1.0 -0.00667264406324 0.5 1.0 -0.00399254421779 0.5 1.0 -0.00125853391284 0.5 1.0 1.0 2596.38956105
-0.324618357816 1.90793281096 0.650753768844 0.85587671312 2.9 3.26 1.966 1.0 0.0348208894759 0.585604781143 60.0827840823 -0.352039641275 -0.666666666667 300.0 3.87084 0.97076 -0.933292515198 4.0 4.0 0.53 0.289 6.01715021493 0.310896881379 0.0 inf 300.0 -0.00041217454667 0.5 1.0 -0.00666575206164 0.5 1.0 -0.00399073329845 0.5 1.0 -0.00126216961891 0.5 1.0 1.0 2597.49010872
-0.324657718939 1.91620144399 0.655778894472 0.858270436422 2.9 3.26 1.966 1.0 0.0347148830974 0.585257602208 60.0713890444 -0.351653932403 -0.666666666667 300.0 3.87084 0.97076 -0.933379380065 4.0 4.0 0.53 0.289 6.03447519852 0.305883288778 0.0 inf 300.0 -0.000413475143962 0.5 1.0 -0.00665873108861 0.5 1.0 -0.00398909962916 0.5 1.0 -0.00126736458817 0.5 1.0 1.0 2598.59356842
-0.324735141 1.92443764412 0.660804020101 0.861676024416 2.9 3.26 1.966 1.0 0.0346083725354 0.585060125224 60.0597778293 -0.350998483494 -0.666666666667 300.0 3.87084 0.97076 -0.933409748251 4.0 4.0 0.53 0.289 6.05260921559 0.300957580809 0.0 inf 300.0 -0.000413162252448 0.5 1.0 -0.00665319075956 0.5 1.0 -0.00398770942959 0.5 1.0 -0.00127194105111 0.5 1.0 1.0 2599.69206006
-0.324867941253 1.93248513558 0.665829145729 0.866225396899 2.9 3.26 1.966 1.0 0.034495435826 0.584909674757 60.0494945614 -0.349932370203 -0.666666666667 300.0 3.87084 0.97076 -0.933538988667 4.0 4.0 0.53 0.289 6.07172076793 0.296068514408 0.0 inf 300.0 -0.000411327987788 0.5 1.0 -0.00664938880569 0.5 1.0 -0.0039862368444 0.5 1.0 -0.00127681135643 0.5 1.0 1.0 2600.77685319
-0.325037783036 1.9399030239 0.670854271357 0.87185138903 2.9 3.26 1.966 1.0 0.03439325832 0.584484143968 60.0458764981 -0.348622417066 -0.666666666667 300.0 3.87084 0.97076 -0.93352645768 4.0 4.0 0.53 0.289 6.0910023003 0.291538169458 0.0 inf 300.0 -0.000406359344859 0.5 1.0 -0.0066413208634 0.5 1.0 -0.00398416255051 0.5 1.0 -0.00128386136081 0.5 1.0 1.0 2601.83851003
-0.325241815487 1.9473135808 0.675879396985 0.878045771085 2.9 3.26 1.966 1.0 0.034285399348 0.584158363078 60.0545475388 -0.347058842682 -0.666666666667 300.0 3.87084 0.97076 -0.933351981373 4.0 4.0 0.53 0.289 6.11063844653 0.287188014008 0.0 inf 300.0 -0.000399287410842 0.5 1.0 -0.00663239411064 0.5 1.0 -0.00398367640324 0.5 1.0 -0.00129047877877 0.5 1.0 1.0 2602.86724653
-0.325469141478 1.9547698349 0.680904522613 0.88433857767 2.9 3.26 1.966 1.0 0.0341729719782 0.583966541025 60.0647404895 -0.345270228935 -0.666666666667 300.0 3.87084 0.97076 -0.933123866055 4.0 4.0 0.53 0.289 6.13082429481 0.282842453356 0.0 inf 300.0 -0.00039169408574 0.5 1.0 -0.00662556197719 0.5 1.0 -0.00398585716737 0.5 1.0 -0.00129336181132 0.5 1.0 1.0 2603.85416463
-0.325725136091 1.96197542341 0.685929648241 0.891050324455 2.9 3.26 1.966 1.0 0.0340691000676 0.583632330345 60.083079684 -0.343256186552 -0.666666666667 300.0 3.87084 0.97076 -0.933004755435 4.0 4.0 0.53 0.289 6.15082308805 0.278629180204 0.0 inf 300.0 -0.000380895298805 0.5 1.0 -0.00662016563324 0.5 1.0 -0.00398615357715 0.5 1.0 -0.00129986274343 0.5 1.0 1.0 2604.79087826
-0.325995149613 1.9691228393 0.690954773869 0.89793409762 2.9 3.26 1.966 1.0 0.0339727131133 0.58325889278 60.1055057741 -0.341116684827 -0.666666666667 300.0 3.87084 0.97076 -0.932963374442 4.0 4.0 0.53 0.289 6.17056161931 0.274448263753 0.0 inf 300.0 -0.000366367365063 0.5 1.0 -0.00661614935227 0.5 1.0 -0.00398686543594 0.5 1.0 -0.00130718812885 0.5 1.0 1.0 2605.6694745
-0.326268656938 1.97655223482 0.695979899497 0.904802647978 2.9 3.26 1.966 1.0 0.0338742872112 0.582997573825 60.1366843201 -0.338856175001 -0.666666666667 300.0 3.87084 0.97076 -0.932895419521 4.0 4.0 0.53 0.289 6.19061352734 0.270149293422 0.0 inf 300.0 -0.000353201320929 0.5 1.0 -0.00661336156388 0.5 1.0 -0.00398767853094 0.5 1.0 -0.00131342778918 0.5 1.0 1.0 2606.48403808
-0.326619738344 1.98341659859 0.701005025126 0.911945669003 2.9 3.26 1.966 1.0 0.0337727162747 0.582717895293 60.1562062508 -0.336182696361 -0.666666666667 300.0 3.87084 0.97076 -0.932889725855 4.0 4.0 0.53 0.289 6.21100771196 0.266355530791 0.0 inf 300.0 -0.000337549998598 0.5 1.0 -0.00661053619589 0.5 1.0 -0.0039881668861 0.5 1.0 -0.0013205260507 0.5 1.0 1.0 2607.22892598
-0.32697158879 1.98997593036 0.706030150754 0.919008052581 2.9 3.26 1.966 1.0 0.0336674004003 0.582458202508 60.1867124649 -0.333454139851 -0.666666666667 300.0 3.87084 0.97076 -0.933095024379 4.0 4.0 0.53 0.289 6.23064160127 0.26281874759 0.0 inf 300.0 -0.00031962385911 0.5 1.0 -0.00660946595771 0.5 1.0 -0.00398774008851 0.5 1.0 -0.00132600601518 0.5 1.0 1.0 2607.89964698
-0.32734400732 1.99565766099 0.711055276382 0.926202259886 2.9 3.26 1.966 1.0 0.0335770954823 0.581752933394 60.2229791104 -0.330556758586 -0.666666666667 300.0 3.87084 0.97076 -0.933183384931 4.0 4.0 0.53 0.289 6.24864145357 0.259700077739 0.0 inf 300.0 -0.000298570120295 0.5 1.0 -0.00661077511485 0.5 1.0 -0.00398911445433 0.5 1.0 -0.00133248481416 0.5 1.0 1.0 2608.49336406
-0.327689084836 2.0021155395 0.71608040201 0.933459185607 2.9 3.26 1.966 1.0 0.0335080207069 0.581196009364 60.2655295659 -0.327766476855 -0.666666666667 300.0 3.87084 0.97076 -0.933470127128 4.0 4.0 0.53 0.289 6.26703752701 0.256256426213 0.0 inf 300.0 -0.000278786840445 0.5 1.0 -0.00661391543259 0.5 1.0 -0.00398995050344 0.5 1.0 -0.00134071962256 0.5 1.0 1.0 2609.00721714
-0.328099376781 2.00906827281 0.721105527638 0.940836086459 2.9 3.26 1.966 1.0 0.0333929303737 0.580466123752 60.2779615894 -0.324690724959 -0.666666666667 300.0 3.87084 0.97076 -0.933774533848 4.0 4.0 0.53 0.289 6.28681314194 0.252827337354 0.0 inf 300.0 -0.000259478974406 0.5 1.0 -0.00662099051432 0.5 1.0 -0.00398335665763 0.5 1.0 -0.00135666852484 0.5 1.0 1.0 2609.43967533
-0.328550653966 2.01400824863 0.726130653266 0.948665186806 2.9 3.26 1.966 1.0 0.0332819174434 0.579925232124 60.3114318783 -0.321289508323 -0.666666666667 300.0 3.87084 0.97076 -0.933948882661 4.0 4.0 0.53 0.289 6.30358058409 0.250376746752 0.0 inf 300.0 -0.000231699205295 0.5 1.0 -0.00662877590848 0.5 1.0 -0.00398519687783 0.5 1.0 -0.00136598297454 0.5 1.0 1.0 2609.78956071
-0.328994310044 2.01797449583 0.731155778894 0.957051581979 2.9 3.26 1.966 1.0 0.0332020741064 0.579790172195 60.3514408656 -0.317854433044 -0.666666666667 300.0 3.87084 0.97076 -0.934510906877 4.0 4.0 0.53 0.289 6.31934134215 0.248156327119 0.0 inf 300.0 -0.000202174460018 0.5 1.0 -0.00663701692492 0.5 1.0 -0.00398832989919 0.5 1.0 -0.00136618574158 0.5 1.0 1.0 2610.05617086
-0.329452567264 2.02282222815 0.736180904523 0.966613573873 2.9 3.26 1.966 1.0 0.0331028984213 0.579292178256 60.3805253978 -0.314471711204 -0.666666666667 300.0 3.87084 0.97076 -0.934315128396 4.0 4.0 0.53 0.289 6.33525413913 0.246003270588 0.0 inf 300.0 -0.000172806633049 0.5 1.0 -0.00663833861216 0.5 1.0 -0.00399719123574 0.5 1.0 -0.00135772477588 0.5 1.0 1.0 2610.23949756
-0.334507081345 1.88686149932 0.741206030151 1.36353287337 2.9 3.26 1.966 1.0 0.0323239647631 0.576533251232 60.7179105323 -0.276385986077 -0.666666666667 300.0 3.87084 0.97076 -0.931305466129 4.0 4.0 0.53 0.289 6.17712721212 0.326852642326 0.0 inf 300.0 -1.78355154642e-05 0.5 1.0 -0.00680472489158 0.5 1.0 -0.00400474238902 0.5 1.0 -0.00133586237168 0.5 1.0 1.0 2601.69447497
-0.33487386869 1.88716759581 0.746231155779 1.36274845956 2.9 3.26 1.966 1.0 0.032209615431 0.576250337964 60.7281519285 -0.273936179432 -0.666666666667 300.0 3.87084 0.97076 -0.932769801033 4.0 4.0 0.53 0.289 6.18071849942 0.327848096975 0.0 inf 300.0 4.49860029538e-06 0.5 1.0 -0.00682478270546 0.5 1.0 -0.0040085976126 0.5 1.0 -0.00132868475801 0.5 1.0 1.0 2601.54412074
-0.335208157964 1.89068955566 0.751256281407 1.36169749272 2.9 3.26 1.966 1.0 0.0321153666132 0.57592804995 60.7501974297 -0.271697320459 -0.666666666667 300.0 3.87084 0.97076 -0.931868209854 4.0 4.0 0.53 0.289 6.19183920859 0.32682249375 0.0 inf 300.0 2.36359133136e-05 0.5 1.0 -0.00682849007483 0.5 1.0 -0.00399348805385 0.5 1.0 -0.00133519295325 0.5 1.0 1.0 2601.36959567
-0.335498798083 1.89212758364 0.756281407035 1.36048098422 2.9 3.26 1.966 1.0 0.0320272033858 0.575251619364 60.7770262234 -0.269544855273 -0.666666666667 300.0 3.87084 0.97076 -0.932640670032 4.0 4.0 0.53 0.289 6.19850504468 0.326695420349 0.0 inf 300.0 5.29034200967e-05 0.5 1.0 -0.00683515294164 0.5 1.0 -0.00399906099612 0.5 1.0 -0.00134183143047 0.5 1.0 1.0 2601.17337247
-0.335843585886 1.89281805107 0.761306532663 1.35925769717 2.9 3.26 1.966 1.0 0.0319384488683 0.57488402133 60.8124808195 -0.267056262709 -0.666666666667 300.0 3.87084 0.97076 -0.932390699278 4.0 4.0 0.53 0.289 6.20612964364 0.326761736058 0.0 inf 300.0 7.65718577396e-05 0.5 1.0 -0.00683907424655 0.5 1.0 -0.00399536672694 0.5 1.0 -0.00134672657613 0.5 1.0 1.0 2600.95756246
-0.336141215787 1.89361038714 0.766331658291 1.35803429359 2.9 3.26 1.966 1.0 0.031843530032 0.573971657964 60.8101622152 -0.265052419452 -0.666666666667 300.0 3.87084 0.97076 -0.932485319022 4.0 4.0 0.53 0.289 6.21215665689 0.326874165839 0.0 inf 300.0 0.000100778344184 0.5 1.0 -0.00684634113241 0.5 1.0 -0.00399569069667 0.5 1.0 -0.00134577099524 0.5 1.0 1.0 2600.72451007
-0.336469371659 1.89516241194 0.77135678392 1.35632796215 2.9 3.26 1.966 1.0 0.0317644303654 0.574026571718 60.852959895 -0.262700667921 -0.666666666667 300.0 3.87084 0.97076 -0.932724092268 4.0 4.0 0.53 0.289 6.21935124126 0.326912175081 0.0 inf 300.0 0.000130158556568 0.5 1.0 -0.00684976630947 0.5 1.0 -0.00399399723977 0.5 1.0 -0.0013484969298 0.5 1.0 1.0 2600.47628439
-0.336805942218 1.89728517383 0.776381909548 1.35453946243 2.9 3.26 1.966 1.0 0.031666623843 0.572660095451 60.855556015 -0.260475349333 -0.666666666667 300.0 3.87084 0.97076 -0.93232801385 4.0 4.0 0.53 0.289 6.22863991359 0.326758921795 0.0 inf 300.0 0.000155397744752 0.5 1.0 -0.00685049753341 0.5 1.0 -0.00399521931545 0.5 1.0 -0.00134722583745 0.5 1.0 1.0 2600.21491498
-0.337164392109 1.89839535955 0.781407035176 1.35247079283 2.9 3.26 1.966 1.0 0.0315874646064 0.571531510626 60.8777480896 -0.2580514119 -0.666666666667 300.0 3.87084 0.97076 -0.932591155964 4.0 4.0 0.53 0.289 6.23570527415 0.32694451962 0.0 inf 300.0 0.000181892374314 0.5 1.0 -0.00685269545816 0.5 1.0 -0.00399993256596 0.5 1.0 -0.00134453074952 0.5 1.0 1.0 2599.94224238
-0.337510794153 1.89927474043 0.786432160804 1.35082067625 2.9 3.26 1.966 1.0 0.0314871236132 0.572842742577 60.8899955771 -0.255657006741 -0.666666666667 300.0 3.87084 0.97076 -0.932546825354 4.0 4.0 0.53 0.289 6.24421951389 0.326662922882 0.0 inf 300.0 0.000208941796324 0.5 1.0 -0.00686782161462 0.5 1.0 -0.00399910163316 0.5 1.0 -0.00134548954312 0.5 1.0 1.0 2599.66022267
-0.337830153884 1.90048917613 0.791457286432 1.34832552926 2.9 3.26 1.966 1.0 0.0314200935571 0.570390631239 60.9268585497 -0.253501700011 -0.666666666667 300.0 3.87084 0.97076 -0.932664159901 4.0 4.0 0.53 0.289 6.24989380799 0.32736859246 0.0 inf 300.0 0.000238304202493 0.5 1.0 -0.00686266945375 0.5 1.0 -0.00399539292813 0.5 1.0 -0.00134811052939 0.5 1.0 1.0 2599.37019488
-0.338124002779 1.90185190855 0.79648241206 1.34610538531 2.9 3.26 1.966 1.0 0.0313431036428 0.570878963239 60.9827133831 -0.251272442628 -0.666666666667 300.0 3.87084 0.97076 -0.932563196549 4.0 4.0 0.53 0.289 6.25671703713 0.327163071937 0.0 inf 300.0 0.000269293814319 0.5 1.0 -0.00686964034081 0.5 1.0 -0.0039892098707 0.5 1.0 -0.00135487980802 0.5 1.0 1.0 2599.07366876
-0.338462983838 1.90286776264 0.801507537688 1.34365477921 2.9 3.26 1.966 1.0 0.0312620184458 0.569930080879 61.0041179515 -0.248908440595 -0.666666666667 300.0 3.87084 0.97076 -0.932539702663 4.0 4.0 0.53 0.289 6.26374089464 0.327443453723 0.0 inf 300.0 0.000297411989381 0.5 1.0 -0.00687183892372 0.5 1.0 -0.00399118402726 0.5 1.0 -0.00135430108475 0.5 1.0 1.0 2598.77223434
-0.338819832117 1.90573699006 0.806532663317 1.34151868388 2.9 3.26 1.966 1.0 0.0311843892188 0.569472865199 60.9767125624 -0.246627588395 -0.666666666667 300.0 3.87084 0.97076 -0.932758545705 4.0 4.0 0.53 0.289 6.27392361101 0.326678178667 0.0 inf 300.0 0.000325142728413 0.5 1.0 -0.00688067967053 0.5 1.0 -0.00399506220617 0.5 1.0 -0.00134171581501 0.5 1.0 1.0 2598.46721835
-0.339110781773 1.90565131062 0.811557788945 1.33830289675 2.9 3.26 1.966 1.0 0.0311082912595 0.56916192836 61.0563821481 -0.244410282581 -0.666666666667 300.0 3.87084 0.97076 -0.932606199684 4.0 4.0 0.53 0.289 6.27918689643 0.327286799487 0.0 inf 300.0 0.000359105049348 0.5 1.0 -0.00688261626087 0.5 1.0 -0.00398867293349 0.5 1.0 -0.00135745253646 0.5 1.0 1.0 2598.15886295
-0.33943977167 1.90702913164 0.816582914573 1.33548887979 2.9 3.26 1.966 1.0 0.0310363002165 0.568719149138 61.0889997528 -0.242174404244 -0.666666666667 300.0 3.87084 0.97076 -0.932794506944 4.0 4.0 0.53 0.289 6.28613272079 0.327488316338 0.0 inf 300.0 0.00039024271239 0.5 1.0 -0.006890233089 0.5 1.0 -0.00398789377604 0.5 1.0 -0.00135976807374 0.5 1.0 1.0 2597.84873187
-0.339790718572 1.90838273374 0.821608040201 1.33244592526 2.9 3.26 1.966 1.0 0.0309705693571 0.567659983485 61.120503227 -0.239688963485 -0.666666666667 300.0 3.87084 0.97076 -0.932666158768 4.0 4.0 0.53 0.289 6.29518907452 0.326921001329 0.0 inf 300.0 0.000414913876649 0.5 1.0 -0.00689837791704 0.5 1.0 -0.00399845455058 0.5 1.0 -0.00134961889768 0.5 1.0 1.0 2597.53767129
-0.340093277388 1.90966529636 0.826633165829 1.32958648356 2.9 3.26 1.966 1.0 0.0308875634574 0.567623459428 61.1267320973 -0.237692650893 -0.666666666667 300.0 3.87084 0.97076 -0.932671880925 4.0 4.0 0.53 0.289 6.30236761382 0.327211536278 0.0 inf 300.0 0.000451069273351 0.5 1.0 -0.00689470369292 0.5 1.0 -0.00399247463599 0.5 1.0 -0.00135536554367 0.5 1.0 1.0 2597.22588387
-0.340437570547 1.91047969647 0.831658291457 1.32625173522 2.9 3.26 1.966 1.0 0.0308093277381 0.566177971254 61.1581310108 -0.235274813684 -0.666666666667 300.0 3.87084 0.97076 -0.932536130447 4.0 4.0 0.53 0.289 6.30913822509 0.327620037867 0.0 inf 300.0 0.000478669911768 0.5 1.0 -0.00690353213934 0.5 1.0 -0.00399156370005 0.5 1.0 -0.0013545959233 0.5 1.0 1.0 2596.91431609
-0.340758475069 1.91309474449 0.836683417085 1.32286141061 2.9 3.26 1.966 1.0 0.0307297329529 0.566064309401 61.1762791285 -0.233202493486 -0.666666666667 300.0 3.87084 0.97076 -0.933147144516 4.0 4.0 0.53 0.289 6.31930945614 0.327184113221 0.0 inf 300.0 0.000510165786908 0.5 1.0 -0.00690132803349 0.5 1.0 -0.00399301385027 0.5 1.0 -0.00135279944318 0.5 1.0 1.0 2596.60338399
-0.341033994959 1.91468580753 0.841708542714 1.32008885937 2.9 3.26 1.966 1.0 0.0306995450744 0.566152926597 61.2233872533 -0.231053984711 -0.666666666667 300.0 3.87084 0.97076 -0.932882876132 4.0 4.0 0.53 0.289 6.32713145812 0.326544761735 0.0 inf 300.0 0.000543527638597 0.5 1.0 -0.00690628355916 0.5 1.0 -0.00399603863479 0.5 1.0 -0.00135732038854 0.5 1.0 1.0 2596.29356267
-0.34134112347 1.91540528626 0.846733668342 1.31654248042 2.9 3.26 1.966 1.0 0.0306224364475 0.565589850534 61.2486672451 -0.228929871026 -0.666666666667 300.0 3.87084 0.97076 -0.932757018336 4.0 4.0 0.53 0.289 6.33143151333 0.327187299326 0.0 inf 300.0 0.000575523316337 0.5 1.0 -0.00691609389374 0.5 1.0 -0.00399113403153 0.5 1.0 -0.00136401228175 0.5 1.0 1.0 2595.98516138
-0.34166390075 1.91642294862 0.85175879397 1.31350977252 2.9 3.26 1.966 1.0 0.0305521909152 0.565167136663 61.2810200595 -0.226621606707 -0.666666666667 300.0 3.87084 0.97076 -0.932913383659 4.0 4.0 0.53 0.289 6.33934983213 0.327042329571 0.0 inf 300.0 0.000605162581866 0.5 1.0 -0.00692358959764 0.5 1.0 -0.0039951988037 0.5 1.0 -0.00136108186864 0.5 1.0 1.0 2595.67875641
-0.341951409852 1.9197479658 0.856783919598 1.30971885779 2.9 3.26 1.966 1.0 0.0305204458096 0.564563685052 61.3064754136 -0.224869747596 -0.666666666667 300.0 3.87084 0.97076 -0.933254132344 4.0 4.0 0.53 0.289 6.34838582852 0.326601171564 0.0 inf 300.0 0.000634319999241 0.5 1.0 -0.0069249033723 0.5 1.0 -0.00399498870235 0.5 1.0 -0.00136226826196 0.5 1.0 1.0 2595.37443538
-0.343514564185 1.93964088122 0.861809045226 1.30649738836 2.9 3.26 1.966 1.0 0.0299866578338 0.562694616255 61.3164820557 -0.214355465405 -0.666666666667 300.0 3.87084 0.97076 -0.933321810526 4.0 4.0 0.53 0.289 6.41415526789 0.318027743938 0.0 inf 300.0 0.000665729042034 0.5 1.0 -0.00693069383122 0.5 1.0 -0.00398357880826 0.5 1.0 -0.00137857572631 0.5 1.0 1.0 2595.07847008
-0.342646516499 1.92291525922 0.866834170854 1.30250664472 2.9 3.26 1.966 1.0 0.030349023986 0.562452595072 61.3220605955 -0.220013966824 -0.666666666667 300.0 3.87084 0.97076 -0.933732528468 4.0 4.0 0.53 0.289 6.3643737007 0.326473162561 0.0 inf 300.0 0.00068824391931 0.5 1.0 -0.00694283800577 0.5 1.0 -0.00400806160597 0.5 1.0 -0.0013473745217 0.5 1.0 1.0 2594.77434171
-0.342833568588 1.92366979985 0.871859296482 1.29853807036 2.9 3.26 1.966 1.0 0.0303232638286 0.563302836234 61.3972889433 -0.218566088716 -0.666666666667 300.0 3.87084 0.97076 -0.933007859285 4.0 4.0 0.53 0.289 6.36891487826 0.326423957771 0.0 inf 300.0 0.000722837292545 0.5 1.0 -0.00693984055834 0.5 1.0 -0.00399311562732 0.5 1.0 -0.00137190392427 0.5 1.0 1.0 2594.47848356
-0.343092097815 1.9250579522 0.876884422111 1.29464952063 2.9 3.26 1.966 1.0 0.0302747564767 0.562798443237 61.4189645065 -0.216790492343 -0.666666666667 300.0 3.87084 0.97076 -0.933200509379 4.0 4.0 0.53 0.289 6.37532503587 0.326217806333 0.0 inf 300.0 0.000748712545934 0.5 1.0 -0.00694577460967 0.5 1.0 -0.00399496842114 0.5 1.0 -0.00137173499967 0.5 1.0 1.0 2594.18657882
-0.343448947305 1.92707154254 0.881909547739 1.29057392271 2.9 3.26 1.966 1.0 0.0302302255503 0.563185873204 61.4585610004 -0.214196238164 -0.666666666667 300.0 3.87084 0.97076 -0.932852939243 4.0 4.0 0.53 0.289 6.38799569743 0.325601612793 0.0 inf 300.0 0.000782309275058 0.5 1.0 -0.00694866097327 0.5 1.0 -0.00398324814511 0.5 1.0 -0.00139086800302 0.5 1.0 1.0 2593.89891892
-0.342690612821 2.02417695042 0.886934673367 1.01325209758 2.9 3.26 1.966 1.0 0.0302430843942 0.559314944075 61.2094887147 -0.224328056074 -0.666666666667 300.0 3.87084 0.97076 -0.935900206594 4.0 4.0 0.53 0.289 6.54373366999 0.275173137225 0.0 inf 300.0 0.000808045746854 0.5 1.0 -0.00686946283202 0.5 1.0 -0.0040205230537 0.5 1.0 -0.00138803933083 0.5 1.0 1.0 2595.81605249
-0.343007046919 2.02367283578 0.891959798995 1.00588586545 2.9 3.26 1.966 1.0 0.030080649812 0.558521586039 61.2548868319 -0.221537133359 -0.666666666667 300.0 3.87084 0.97076 -0.935116804606 4.0 4.0 0.53 0.289 6.54539968932 0.275853069418 0.0 inf 300.0 0.000832604654531 0.5 1.0 -0.00687896086885 0.5 1.0 -0.00401314602584 0.5 1.0 -0.00139453297173 0.5 1.0 1.0 2595.09302844
-0.34252908965 2.00285685408 0.896984924623 0.999492448684 2.9 3.26 1.966 1.0 0.0304041038084 0.558656801631 61.3108865169 -0.225809259139 -0.666666666667 300.0 3.87084 0.97076 -0.934698745709 4.0 4.0 0.53 0.289 6.49997074665 0.287933562516 0.0 inf 300.0 0.000862260390667 0.5 1.0 -0.00687504586118 0.5 1.0 -0.0040247764296 0.5 1.0 -0.00139028780654 0.5 1.0 1.0 2594.35557896
-0.342815606934 1.99891165933 0.902010050251 0.994043857605 2.9 3.26 1.966 1.0 0.0303475638821 0.558029750315 61.3392639525 -0.224121576976 -0.666666666667 300.0 3.87084 0.97076 -0.934365325243 4.0 4.0 0.53 0.289 6.49715273141 0.291291817807 0.0 inf 300.0 0.000886772642819 0.5 1.0 -0.0068782338832 0.5 1.0 -0.0040249348802 0.5 1.0 -0.00139146198896 0.5 1.0 1.0 2593.61373525
-0.343101890954 1.99493950735 0.907035175879 0.989232065033 2.9 3.26 1.966 1.0 0.0302921681836 0.557422961321 61.3678428337 -0.222413240737 -0.666666666667 300.0 3.87084 0.97076 -0.934035096248 4.0 4.0 0.53 0.289 6.49421137673 0.294646513535 0.0 inf 300.0 0.000910070083723 0.5 1.0 -0.00688188452669 0.5 1.0 -0.00402514174055 0.5 1.0 -0.00139249590837 0.5 1.0 1.0 2592.86660909
-0.343384983963 1.99092627998 0.912060301508 0.984819431412 2.9 3.26 1.966 1.0 0.0302381378694 0.556835366991 61.3962248235 -0.220711307948 -0.666666666667 300.0 3.87084 0.97076 -0.933701640624 4.0 4.0 0.53 0.289 6.49109050808 0.298008169751 0.0 inf 300.0 0.000932010570613 0.5 1.0 -0.00688580941116 0.5 1.0 -0.0040253787688 0.5 1.0 -0.00139342508964 0.5 1.0 1.0 2592.11632208
-0.344379072092 2.00141027883 0.917085427136 0.980731044895 2.9 3.26 1.966 1.0 0.0299103913267 0.555453569836 61.3905892578 -0.214125688129 -0.666666666667 300.0 3.87084 0.97076 -0.933174519468 4.0 4.0 0.53 0.289 6.52699523657 0.29438489059 0.0 inf 300.0 0.000950968283507 0.5 1.0 -0.00689628053909 0.5 1.0 -0.00401038932768 0.5 1.0 -0.0014040412611 0.5 1.0 1.0 2591.36711659
-0.344618501556 1.99664285787 0.922110552764 0.976932949323 2.9 3.26 1.966 1.0 0.029886733683 0.554748094513 61.4402691201 -0.212556797713 -0.666666666667 300.0 3.87084 0.97076 -0.932842603727 4.0 4.0 0.53 0.289 6.52204988973 0.297847390173 0.0 inf 300.0 0.000972101726602 0.5 1.0 -0.00689989155797 0.5 1.0 -0.0040140637792 0.5 1.0 -0.00140493747655 0.5 1.0 1.0 2590.61567414
-0.344861083217 1.99190991786 0.927135678392 0.973287062891 2.9 3.26 1.966 1.0 0.0298639460122 0.554154912573 61.4838969869 -0.211043581573 -0.666666666667 300.0 3.87084 0.97076 -0.932458775464 4.0 4.0 0.53 0.289 6.51724551244 0.301368418652 0.0 inf 300.0 0.000991303271618 0.5 1.0 -0.00690355095617 0.5 1.0 -0.00401799351034 0.5 1.0 -0.00140508800792 0.5 1.0 1.0 2589.86639941
-0.345100037011 1.98728822717 0.93216080402 0.969798122727 2.9 3.26 1.966 1.0 0.0298362623229 0.553573266052 61.5193302741 -0.209592785502 -0.666666666667 300.0 3.87084 0.97076 -0.931985490881 4.0 4.0 0.53 0.289 6.51225647273 0.3049293158 0.0 inf 300.0 0.00100819013754 0.5 1.0 -0.0069071528301 0.5 1.0 -0.00402136088276 0.5 1.0 -0.00140412675199 0.5 1.0 1.0 2589.12107661
-0.344725749454 1.97037383616 0.937185929648 0.966205739352 2.9 3.26 1.966 1.0 0.02998912065 0.554156617096 61.5365022626 -0.212536026292 -0.666666666667 300.0 3.87084 0.97076 -0.932012697524 4.0 4.0 0.53 0.289 6.47292200165 0.314833368512 0.0 inf 300.0 0.00101805023625 0.5 1.0 -0.00690752302865 0.5 1.0 -0.00402668545757 0.5 1.0 -0.00139716107419 0.5 1.0 1.0 2588.37960798
-0.344976059235 1.96623222819 0.942211055276 0.962935895429 2.9 3.26 1.966 1.0 0.02994355112 0.553671024021 61.5646633994 -0.210989042747 -0.666666666667 300.0 3.87084 0.97076 -0.931679683452 4.0 4.0 0.53 0.289 6.46889176249 0.318156738948 0.0 inf 300.0 0.00103001952179 0.5 1.0 -0.00691205679132 0.5 1.0 -0.00402693333634 0.5 1.0 -0.00139781946555 0.5 1.0 1.0 2587.64753716
-0.345220015482 1.9621178245 0.947236180905 0.959779391117 2.9 3.26 1.966 1.0 0.0298992363263 0.553202552433 61.5930218648 -0.209472710414 -0.666666666667 300.0 3.87084 0.97076 -0.931352733154 4.0 4.0 0.53 0.289 6.46479895547 0.321441937172 0.0 inf 300.0 0.00104011714869 0.5 1.0 -0.00691661373901 0.5 1.0 -0.00402716693582 0.5 1.0 -0.00139847018873 0.5 1.0 1.0 2586.92474171
-0.345457523904 1.95804407847 0.952261306533 0.956725383206 2.9 3.26 1.966 1.0 0.0298561313673 0.552752023138 61.6216643251 -0.207986947175 -0.666666666667 300.0 3.87084 0.97076 -0.931032267726 4.0 4.0 0.53 0.289 6.46067208575 0.324679560892 0.0 inf 300.0 0.00104830735381 0.5 1.0 -0.0069211726341 0.5 1.0 -0.00402738581837 0.5 1.0 -0.0013991286996 0.5 1.0 1.0 2586.21306223
-0.345688596522 1.95402016694 0.957286432161 0.953757454338 2.9 3.26 1.966 1.0 0.0298141360854 0.552319317305 61.6506879497 -0.206531311716 -0.666666666667 300.0 3.87084 0.97076 -0.930717677741 4.0 4.0 0.53 0.289 6.45653591967 0.327862967173 0.0 inf 300.0 0.00105456317704 0.5 1.0 -0.00692570530246 0.5 1.0 -0.0040275839179 0.5 1.0 -0.0013998083829 0.5 1.0 1.0 2585.51420784
-0.34591328366 1.95005910781 0.962311557789 0.950874088129 2.9 3.26 1.966 1.0 0.0297732259636 0.551904644997 61.680201213 -0.205104630883 -0.666666666667 300.0 3.87084 0.97076 -0.930411177465 4.0 4.0 0.53 0.289 6.45242150012 0.330982718129 0.0 inf 300.0 0.00105886941362 0.5 1.0 -0.00693020301379 0.5 1.0 -0.00402776089471 0.5 1.0 -0.00140051764611 0.5 1.0 1.0 2584.8298899
-0.346131651411 1.9461719883 0.967336683417 0.948053517912 2.9 3.26 1.966 1.0 0.0297332430526 0.551507532569 61.7102994581 -0.20370608292 -0.666666666667 300.0 3.87084 0.97076 -0.930113922443 4.0 4.0 0.53 0.289 6.44835705846 0.334031358622 0.0 inf 300.0 0.00106121433714 0.5 1.0 -0.00693464198078 0.5 1.0 -0.00402790938804 0.5 1.0 -0.00140126705887 0.5 1.0 1.0 2584.16182745
-0.346343813787 1.94237267022 0.972361809045 0.945284450842 2.9 3.26 1.966 1.0 0.0296940674631 0.551127833705 61.741087555 -0.202334210578 -0.666666666667 300.0 3.87084 0.97076 -0.929826596565 4.0 4.0 0.53 0.289 6.44437602067 0.336999557115 0.0 inf 300.0 0.00106159684716 0.5 1.0 -0.00693900297738 0.5 1.0 -0.004028025133 0.5 1.0 -0.00140206620344 0.5 1.0 1.0 2583.51176966
-0.346549918292 1.93867624334 0.977386934673 0.942573551173 2.9 3.26 1.966 1.0 0.0296556893364 0.550766076924 61.7726874301 -0.200986977209 -0.666666666667 300.0 3.87084 0.97076 -0.92954971491 4.0 4.0 0.53 0.289 6.44051467198 0.339876470289 0.0 inf 300.0 0.00106003113744 0.5 1.0 -0.00694327609915 0.5 1.0 -0.00402811034811 0.5 1.0 -0.00140292403495 0.5 1.0 1.0 2582.88138878
-0.346750110514 1.93509639995 0.982412060302 0.939923172853 2.9 3.26 1.966 1.0 0.029618088349 0.550422660591 61.8052191261 -0.199662493333 -0.666666666667 300.0 3.87084 0.97076 -0.929284400649 4.0 4.0 0.53 0.289 6.43680690486 0.342652189401 0.0 inf 300.0 0.00105653841438 0.5 1.0 -0.00694745163374 0.5 1.0 -0.00402816661081 0.5 1.0 -0.00140384958027 0.5 1.0 1.0 2582.27230424
-0.346944546383 1.93164507551 0.98743718593 0.937326142854 2.9 3.26 1.966 1.0 0.0295811828525 0.550097562829 61.8388049711 -0.19835904013 -0.666666666667 300.0 3.87084 0.97076 -0.929030598395 4.0 4.0 0.53 0.289 6.43328333704 0.345318404039 0.0 inf 300.0 0.0010511437896 0.5 1.0 -0.00695151145495 0.5 1.0 -0.00402819129032 0.5 1.0 -0.00140485303433 0.5 1.0 1.0 2581.68606567
-0.347532538056 1.9371227311 0.992462311558 0.934666646749 2.9 3.26 1.966 1.0 0.0293945231018 0.54957818101 61.8706474667 -0.194151993957 -0.666666666667 300.0 3.87084 0.97076 -0.929463094828 4.0 4.0 0.53 0.289 6.45388982665 0.343133487627 0.0 inf 300.0 0.0010429945919 0.5 1.0 -0.00696005950839 0.5 1.0 -0.00402417112922 0.5 1.0 -0.00141021758278 0.5 1.0 1.0 2581.12503758
-0.347316987102 1.9252015379 0.997487437186 0.932279315486 2.9 3.26 1.966 1.0 0.029508774354 0.549507693356 61.9096237972 -0.195804686447 -0.666666666667 300.0 3.87084 0.97076 -0.928559965336 4.0 4.0 0.53 0.289 6.42693576688 0.35027779247 0.0 inf 300.0 0.0010347975531 0.5 1.0 -0.00695924850946 0.5 1.0 -0.00402813000187 0.5 1.0 -0.00140713166747 0.5 1.0 1.0 2580.58794376
-0.347495290588 1.9222039073 1.00251256281 0.929824530562 2.9 3.26 1.966 1.0 0.0294736481154 0.549237351991 61.9471503055 -0.194552605082 -0.666666666667 300.0 3.87084 0.97076 -0.928342853027 4.0 4.0 0.53 0.289 6.42414426044 0.352567022528 0.0 inf 300.0 0.00102395192211 0.5 1.0 -0.00696288312189 0.5 1.0 -0.00402805554706 0.5 1.0 -0.0014084218095 0.5 1.0 1.0 2580.07880101
-0.347668570335 1.91937887156 1.00753768844 0.927411319372 2.9 3.26 1.966 1.0 0.0294390243519 0.548985910086 61.9862030054 -0.193313893432 -0.666666666667 300.0 3.87084 0.97076 -0.928139257023 4.0 4.0 0.53 0.289 6.42165145508 0.354715571352 0.0 inf 300.0 0.00101139825676 0.5 1.0 -0.00696635582111 0.5 1.0 -0.00402794972101 0.5 1.0 -0.00140982356807 0.5 1.0 1.0 2579.59806665
-0.347837032376 1.91673535439 1.01256281407 0.925035058469 2.9 3.26 1.966 1.0 0.0294048509794 0.548753283665 62.0268920552 -0.192086644823 -0.666666666667 300.0 3.87084 0.97076 -0.927949721868 4.0 4.0 0.53 0.289 6.41948222408 0.356717116193 0.0 inf 300.0 0.000997201458135 0.5 1.0 -0.00696965632837 0.5 1.0 -0.00402781156993 0.5 1.0 -0.00141134267031 0.5 1.0 1.0 2579.14695739
-0.348000938954 1.91428330933 1.0175879397 0.922695512952 2.9 3.26 1.966 1.0 0.0293710847546 0.548539528392 62.0693350236 -0.190868630396 -0.666666666667 300.0 3.87084 0.97076 -0.927772233143 4.0 4.0 0.53 0.289 6.41766416056 0.358564862834 0.0 inf 300.0 0.000981435872894 0.5 1.0 -0.00697276831845 0.5 1.0 -0.00402764049795 0.5 1.0 -0.00141298594309 0.5 1.0 1.0 2578.72650683
-0.348160457698 1.91202915808 1.02261306533 0.920397548725 2.9 3.26 1.966 1.0 0.0293377772254 0.548344886309 62.1136704186 -0.189658246207 -0.666666666667 300.0 3.87084 0.97076 -0.927605743538 4.0 4.0 0.53 0.289 6.41621631153 0.360253826612 0.0 inf 300.0 0.000964180191825 0.5 1.0 -0.00697568198381 0.5 1.0 -0.00402743896942 0.5 1.0 -0.00141476087168 0.5 1.0 1.0 2578.33763781
-0.348315726801 1.90997641523 1.02763819095 0.918136571033 2.9 3.26 1.966 1.0 0.0293049278134 0.548169276391 62.1599979134 -0.188454304075 -0.666666666667 300.0 3.87084 0.97076 -0.927450317049 4.0 4.0 0.53 0.289 6.4151510621 0.361781138148 0.0 inf 300.0 0.000945515250533 0.5 1.0 -0.00697838915621 0.5 1.0 -0.00402720652002 0.5 1.0 -0.00141667175681 0.5 1.0 1.0 2577.98121217
-0.348466909885 1.90813249537 1.03266331658 0.915911610799 2.9 3.26 1.966 1.0 0.0292725678544 0.548012645515 62.2084673762 -0.18725521778 -0.666666666667 300.0 3.87084 0.97076 -0.927307204162 4.0 4.0 0.53 0.289 6.41448679229 0.363141990441 0.0 inf 300.0 0.000925530047316 0.5 1.0 -0.00698088812533 0.5 1.0 -0.00402694484849 0.5 1.0 -0.0014187256445 0.5 1.0 1.0 2577.65806184
-0.348614188302 1.906500517 1.03768844221 0.913723914501 2.9 3.26 1.966 1.0 0.0292407261269 0.547875272435 62.2591607878 -0.186059588554 -0.666666666667 300.0 3.87084 0.97076 -0.92717601641 4.0 4.0 0.53 0.289 6.41423605014 0.364333743847 0.0 inf 300.0 0.00090431727275 0.5 1.0 -0.00698317306595 0.5 1.0 -0.00402665595946 0.5 1.0 -0.00142092507928 0.5 1.0 1.0 2577.3688385
-0.348757844068 1.90509451431 1.04271356784 0.911576437762 2.9 3.26 1.966 1.0 0.0292093814916 0.547755988567 62.312189623 -0.184865067115 -0.666666666667 300.0 3.87084 0.97076 -0.927056036522 4.0 4.0 0.53 0.289 6.41442180064 0.365351234419 0.0 inf 300.0 0.000881974625623 0.5 1.0 -0.00698525223608 0.5 1.0 -0.00402634386045 0.5 1.0 -0.00142327606273 0.5 1.0 1.0 2577.11401615
-0.348897905402 1.90389357825 1.04773869347 0.909469883887 2.9 3.26 1.966 1.0 0.0291787185535 0.547657367267 62.3676709795 -0.183672195657 -0.666666666667 300.0 3.87084 0.97076 -0.92694398755 4.0 4.0 0.53 0.289 6.41503158096 0.366198977924 0.0 inf 300.0 0.000858588141531 0.5 1.0 -0.00698707986297 0.5 1.0 -0.00402600396277 0.5 1.0 -0.00142577983435 0.5 1.0 1.0 2576.89398553
-0.349035725596 1.90293351531 1.0527638191 0.90739937277 2.9 3.26 1.966 1.0 0.0291480716793 0.547572223256 62.42521891 -0.182472040203 -0.666666666667 300.0 3.87084 0.97076 -0.926840262755 4.0 4.0 0.53 0.289 6.41615224981 0.366862226859 0.0 inf 300.0 0.000834238412158 0.5 1.0 -0.00698867344337 0.5 1.0 -0.00402562287096 0.5 1.0 -0.00142838861648 0.5 1.0 1.0 2576.70908343
-0.349168678183 1.90216476822 1.05778894472 0.905357957644 2.9 3.26 1.966 1.0 0.0291189169875 0.547507883177 62.4858564069 -0.181281473405 -0.666666666667 300.0 3.87084 0.97076 -0.926743572295 4.0 4.0 0.53 0.289 6.41762939701 0.367365903021 0.0 inf 300.0 0.000809069664233 0.5 1.0 -0.00699002334639 0.5 1.0 -0.00402523429445 0.5 1.0 -0.00143119599681 0.5 1.0 1.0 2576.55954783
-0.349296673477 1.90158002161 1.06281407035 0.903349226069 2.9 3.26 1.966 1.0 0.029091331316 0.547474666849 62.5492545975 -0.180099985468 -0.666666666667 300.0 3.87084 0.97076 -0.926654536534 4.0 4.0 0.53 0.289 6.41944583496 0.367712879477 0.0 inf 300.0 0.000783189824329 0.5 1.0 -0.00699113458747 0.5 1.0 -0.00402487343325 0.5 1.0 -0.00143423465118 0.5 1.0 1.0 2576.44541928
-0.349423253812 1.90123810538 1.06783919598 0.901372729094 2.9 3.26 1.966 1.0 0.0290637882908 0.547457185564 62.6159957393 -0.17890586622 -0.666666666667 300.0 3.87084 0.97076 -0.926574411779 4.0 4.0 0.53 0.289 6.4217770081 0.367878005108 0.0 inf 300.0 0.00075665375297 0.5 1.0 -0.00699201848399 0.5 1.0 -0.00402442289849 0.5 1.0 -0.00143740466829 0.5 1.0 1.0 2576.3665666
-0.34962005127 1.90072385644 1.07286432161 0.899429008735 2.9 3.26 1.966 1.0 0.0290113395593 0.547093862977 62.7056358894 -0.177077903743 -0.666666666667 300.0 3.87084 0.97076 -0.926390085328 4.0 4.0 0.53 0.289 6.42492871745 0.368203786519 0.0 inf 300.0 0.000731022687582 0.5 1.0 -0.006993762864 0.5 1.0 -0.00402531219166 0.5 1.0 -0.00144473543618 0.5 1.0 1.0 2576.32288445
-0.349613229128 1.90041200862 1.07788944724 0.897596920353 2.9 3.26 1.966 1.0 0.0290414327872 0.547603912532 62.7478297182 -0.176864635172 -0.666666666667 300.0 3.87084 0.97076 -0.926504142624 4.0 4.0 0.53 0.289 6.42524692069 0.368225289812 0.0 inf 300.0 0.000702874223339 0.5 1.0 -0.00699359494798 0.5 1.0 -0.00402455828857 0.5 1.0 -0.00144208942329 0.5 1.0 1.0 2576.31396225
-0.349613804652 1.89991969725 1.08291457286 0.895649836692 2.9 3.26 1.966 1.0 0.029062850636 0.548044559913 62.8025111391 -0.17670830481 -0.666666666667 300.0 3.87084 0.97076 -0.926594835374 4.0 4.0 0.53 0.289 6.4255818792 0.368115574945 0.0 inf 300.0 0.000672945108255 0.5 1.0 -0.00699390419011 0.5 1.0 -0.00402328989779 0.5 1.0 -0.00143948013793 0.5 1.0 1.0 2576.3396294
-0.349896019564 1.90186659574 1.08793969849 0.893803137286 2.9 3.26 1.966 1.0 0.0289660515934 0.547582387826 62.9128492443 -0.174133857339 -0.666666666667 300.0 3.87084 0.97076 -0.926303915375 4.0 4.0 0.53 0.289 6.43511213334 0.366934332007 0.0 inf 300.0 0.000646101538382 0.5 1.0 -0.00699317556511 0.5 1.0 -0.004022420737 0.5 1.0 -0.00145177209967 0.5 1.0 1.0 2576.3988912
-0.350005666704 1.90249106872 1.09296482412 0.892003457242 2.9 3.26 1.966 1.0 0.0289455433828 0.547664226544 62.9950858395 -0.172944581916 -0.666666666667 300.0 3.87084 0.97076 -0.926247454533 4.0 4.0 0.53 0.289 6.43937285394 0.36631988027 0.0 inf 300.0 0.000617845709035 0.5 1.0 -0.00699289189334 0.5 1.0 -0.00402187726535 0.5 1.0 -0.00145580174827 0.5 1.0 1.0 2576.49158956
-0.350110176109 1.90325760983 1.09798994975 0.890243252662 2.9 3.26 1.966 1.0 0.0289279390486 0.547776304725 63.0831450681 -0.171766223475 -0.666666666667 300.0 3.87084 0.97076 -0.926191323906 4.0 4.0 0.53 0.289 6.44387111657 0.36558025583 0.0 inf 300.0 0.000589575505855 0.5 1.0 -0.00699236023524 0.5 1.0 -0.00402133658567 0.5 1.0 -0.0014601608362 0.5 1.0 1.0 2576.61686979
-0.350212310772 1.90420645816 1.10301507538 0.888518936969 2.9 3.26 1.966 1.0 0.0289117081812 0.547903130259 63.173640174 -0.170585090341 -0.666666666667 300.0 3.87084 0.97076 -0.926137915472 4.0 4.0 0.53 0.289 6.44874432559 0.364697153506 0.0 inf 300.0 0.000561301829009 0.5 1.0 -0.00699161973547 0.5 1.0 -0.00402074598817 0.5 1.0 -0.00146462713014 0.5 1.0 1.0 2576.77393734
-0.350310680487 1.90530876635 1.10804020101 0.886826402003 2.9 3.26 1.966 1.0 0.0288978508578 0.548051982264 63.2682772255 -0.169409356716 -0.666666666667 300.0 3.87084 0.97076 -0.926085388857 4.0 4.0 0.53 0.289 6.45390571773 0.363686146739 0.0 inf 300.0 0.000533146327226 0.5 1.0 -0.00699065687878 0.5 1.0 -0.00402015091375 0.5 1.0 -0.00146930234903 0.5 1.0 1.0 2576.96195384
-0.350405453826 1.90655492371 1.11306532663 0.88516774947 2.9 3.26 1.966 1.0 0.0288863126065 0.548223200629 63.3670078886 -0.168238018027 -0.666666666667 300.0 3.87084 0.97076 -0.926034271015 4.0 4.0 0.53 0.289 6.4593272524 0.362556282969 0.0 inf 300.0 0.000505183621847 0.5 1.0 -0.00698948878521 0.5 1.0 -0.0040195050164 0.5 1.0 -0.00147418940921 0.5 1.0 1.0 2577.17997102
-0.350346291343 1.90343110377 1.11809045226 0.883593755932 2.9 3.26 1.966 1.0 0.0288158660333 0.548170415589 63.4628005056 -0.167834316669 -0.666666666667 300.0 3.87084 0.97076 -0.926151649697 4.0 4.0 0.53 0.289 6.45019400584 0.364246746462 0.0 inf 300.0 0.000465235605023 0.5 1.0 -0.00698110915744 0.5 1.0 -0.00401220919228 0.5 1.0 -0.0014755623782 0.5 1.0 1.0 2577.42747583
-0.350579095577 1.90610404758 1.12311557789 0.881876302214 2.9 3.26 1.966 1.0 0.0288217430612 0.549012177001 63.5561070958 -0.165867304135 -0.666666666667 300.0 3.87084 0.97076 -0.925050370819 4.0 4.0 0.53 0.289 6.46289162214 0.362171781539 0.0 inf 300.0 0.000452806651619 0.5 1.0 -0.00698328916638 0.5 1.0 -0.00401557028098 0.5 1.0 -0.00147968103515 0.5 1.0 1.0 2577.70193544
-0.350653652774 1.90784508814 1.12814070352 0.880323165341 2.9 3.26 1.966 1.0 0.0288071011396 0.54927116688 63.6686212799 -0.164690441184 -0.666666666667 300.0 3.87084 0.97076 -0.924888994893 4.0 4.0 0.53 0.289 6.46886955653 0.360592370381 0.0 inf 300.0 0.000426107851267 0.5 1.0 -0.00698166724927 0.5 1.0 -0.00401378818999 0.5 1.0 -0.00148517726821 0.5 1.0 1.0 2578.00328249
-0.35072949933 1.9098845241 1.13316582915 0.878824574782 2.9 3.26 1.966 1.0 0.028790953519 0.5494413608 63.7889481997 -0.163459813844 -0.666666666667 300.0 3.87084 0.97076 -0.92465483814 4.0 4.0 0.53 0.289 6.47525804169 0.358781003691 0.0 inf 300.0 0.000398692571572 0.5 1.0 -0.00697890764161 0.5 1.0 -0.00401368024104 0.5 1.0 -0.00149282131653 0.5 1.0 1.0 2578.33002501
-0.350800536825 1.91212819712 1.13819095477 0.877343483461 2.9 3.26 1.966 1.0 0.0287833312892 0.549809027895 63.9103957463 -0.162271221439 -0.666666666667 300.0 3.87084 0.97076 -0.924544958285 4.0 4.0 0.53 0.289 6.4822573857 0.356811518918 0.0 inf 300.0 0.000373689351908 0.5 1.0 -0.00697611358602 0.5 1.0 -0.00401161079147 0.5 1.0 -0.00149824864654 0.5 1.0 1.0 2578.68089785
-0.350840553744 1.91420531252 1.1432160804 0.875897047256 2.9 3.26 1.966 1.0 0.0287871391187 0.550209110582 64.0395513996 -0.161260940635 -0.666666666667 300.0 3.87084 0.97076 -0.924498129719 4.0 4.0 0.53 0.289 6.48878028457 0.354867718917 0.0 inf 300.0 0.00034970847796 0.5 1.0 -0.00697254321822 0.5 1.0 -0.00400963670848 0.5 1.0 -0.00150291749897 0.5 1.0 1.0 2579.05460915
-0.351016541149 1.91817741781 1.14824120603 0.874690929461 2.9 3.26 1.966 1.0 0.0288597016728 0.54981217816 64.1609002682 -0.159801680388 -0.666666666667 300.0 3.87084 0.97076 -0.925844303845 4.0 4.0 0.53 0.289 6.50322105844 0.351990923751 0.0 inf 300.0 0.00032079992038 0.5 1.0 -0.0069788856889 0.5 1.0 -0.00401505961756 0.5 1.0 -0.00151164539284 0.5 1.0 1.0 2579.44939973
-0.351058706858 1.92068510515 1.15326633166 0.873348171973 2.9 3.26 1.966 1.0 0.0288755100906 0.550213541328 64.2976596865 -0.158755385094 -0.666666666667 300.0 3.87084 0.97076 -0.925833200378 4.0 4.0 0.53 0.289 6.51034689865 0.349711000134 0.0 inf 300.0 0.000296886534782 0.5 1.0 -0.00697637541468 0.5 1.0 -0.00401414921174 0.5 1.0 -0.00151836016578 0.5 1.0 1.0 2579.8646537
-0.351089593 1.92320320314 1.15829145729 0.872045230819 2.9 3.26 1.966 1.0 0.0288985948844 0.550647282698 64.4399875784 -0.15776848182 -0.666666666667 300.0 3.87084 0.97076 -0.925823583981 4.0 4.0 0.53 0.289 6.51730272637 0.347385843801 0.0 inf 300.0 0.000273756201198 0.5 1.0 -0.00697377066567 0.5 1.0 -0.00401320304734 0.5 1.0 -0.00152530189854 0.5 1.0 1.0 2580.29862395
-0.351109207567 1.92569987434 1.16331658291 0.870787351929 2.9 3.26 1.966 1.0 0.0289284337754 0.551135615989 64.5836342658 -0.156864774517 -0.666666666667 300.0 3.87084 0.97076 -0.925835187002 4.0 4.0 0.53 0.289 6.52403212947 0.345061931912 0.0 inf 300.0 0.000251146516674 0.5 1.0 -0.00697115295463 0.5 1.0 -0.00401206096992 0.5 1.0 -0.00153193431181 0.5 1.0 1.0 2580.74992777
-0.351118328832 1.92815026601 1.16834170854 0.869565127193 2.9 3.26 1.966 1.0 0.0289652273244 0.551641155931 64.7351108657 -0.156004865267 -0.666666666667 300.0 3.87084 0.97076 -0.925841975698 4.0 4.0 0.53 0.289 6.53048035642 0.342721715581 0.0 inf 300.0 0.000229487355641 0.5 1.0 -0.00696831508679 0.5 1.0 -0.00401107561579 0.5 1.0 -0.00153912641215 0.5 1.0 1.0 2581.21712991
-0.351117387273 1.93052833959 1.17336683417 0.868382119762 2.9 3.26 1.966 1.0 0.0290094505981 0.552176824294 64.8912269401 -0.155204586722 -0.666666666667 300.0 3.87084 0.97076 -0.925853825481 4.0 4.0 0.53 0.289 6.53660465108 0.340402098006 0.0 inf 300.0 0.000208703446157 0.5 1.0 -0.00696546403922 0.5 1.0 -0.00401010674497 0.5 1.0 -0.00154651225901 0.5 1.0 1.0 2581.69878867
-0.351107233616 1.93282059833 1.1783919598 0.867236636687 2.9 3.26 1.966 1.0 0.0290604880822 0.5527406786 65.0518101768 -0.154459290788 -0.666666666667 300.0 3.87084 0.97076 -0.925869652115 4.0 4.0 0.53 0.289 6.54238891307 0.338114713839 0.0 inf 300.0 0.000188779607957 0.5 1.0 -0.00696257678053 0.5 1.0 -0.0040091407766 0.5 1.0 -0.00155404533888 0.5 1.0 1.0 2582.19349122
-0.351088526108 1.93501356483 1.18341708543 0.866127965244 2.9 3.26 1.966 1.0 0.0291180422887 0.55333223922 65.2164182255 -0.153766254727 -0.666666666667 300.0 3.87084 0.97076 -0.925888271432 4.0 4.0 0.53 0.289 6.54781317435 0.335871129779 0.0 inf 300.0 0.000169723108338 0.5 1.0 -0.00695968128177 0.5 1.0 -0.00400817254501 0.5 1.0 -0.00156169080431 0.5 1.0 1.0 2582.69985931
-0.351061833568 1.93709448839 1.18844221106 0.865056992413 2.9 3.26 1.966 1.0 0.0291818059416 0.553950737872 65.3846112448 -0.153123132112 -0.666666666667 300.0 3.87084 0.97076 -0.925909714416 4.0 4.0 0.53 0.289 6.55286137634 0.333681944966 0.0 inf 300.0 0.000151530985678 0.5 1.0 -0.00695678012094 0.5 1.0 -0.00400720712941 0.5 1.0 -0.001569408145 0.5 1.0 1.0 2583.21652238
-0.351021947744 1.93886472972 1.19346733668 0.864013465715 2.9 3.26 1.966 1.0 0.0292542034195 0.554598692098 65.5598259086 -0.152559150538 -0.666666666667 300.0 3.87084 0.97076 -0.925967462499 4.0 4.0 0.53 0.289 6.55730432315 0.331629297191 0.0 inf 300.0 0.000134412772416 0.5 1.0 -0.00695323915841 0.5 1.0 -0.00400679010348 0.5 1.0 -0.00157686266362 0.5 1.0 1.0 2583.74212738
-0.350983560112 1.94076829804 1.19849246231 0.863025913494 2.9 3.26 1.966 1.0 0.0293285842978 0.555270344768 65.7321179828 -0.151994071132 -0.666666666667 300.0 3.87084 0.97076 -0.92597578088 4.0 4.0 0.53 0.289 6.56166510657 0.329540785578 0.0 inf 300.0 0.000117941453494 0.5 1.0 -0.0069506738048 0.5 1.0 -0.00400562090738 0.5 1.0 -0.00158471452681 0.5 1.0 1.0 2584.27532794
-0.350938734795 1.9425411244 1.20351758794 0.862080491484 2.9 3.26 1.966 1.0 0.0294081307219 0.555962823394 65.9066949914 -0.15147213247 -0.666666666667 300.0 3.87084 0.97076 -0.925998005395 4.0 4.0 0.53 0.289 6.56563374149 0.327525956564 0.0 inf 300.0 0.0001021420332 0.5 1.0 -0.00694807180292 0.5 1.0 -0.00400443782995 0.5 1.0 -0.00159258584928 0.5 1.0 1.0 2584.81479448
-0.350885793026 1.94409450521 1.20854271357 0.861169696166 2.9 3.26 1.966 1.0 0.0294939547787 0.556681074588 66.0844527191 -0.151004106044 -0.666666666667 300.0 3.87084 0.97076 -0.926028247693 4.0 4.0 0.53 0.289 6.56911211521 0.325619951584 0.0 inf 300.0 8.73223538611e-05 0.5 1.0 -0.00694528180457 0.5 1.0 -0.00400350130361 0.5 1.0 -0.00160025673398 0.5 1.0 1.0 2585.35924849
-0.350827358669 1.94550280325 1.2135678392 0.8602966962 2.9 3.26 1.966 1.0 0.029584672705 0.557423393152 66.2632005175 -0.150576602887 -0.666666666667 300.0 3.87084 0.97076 -0.926056976078 4.0 4.0 0.53 0.289 6.57218802871 0.323796517921 0.0 inf 300.0 7.33166875956e-05 0.5 1.0 -0.00694256875312 0.5 1.0 -0.00400258781783 0.5 1.0 -0.00160781372598 0.5 1.0 1.0 2585.9074699
-0.350763747897 1.94676261195 1.21859296482 0.859458524528 2.9 3.26 1.966 1.0 0.0296799456604 0.558189195068 66.4421255857 -0.15019009297 -0.666666666667 300.0 3.87084 0.97076 -0.926085138225 4.0 4.0 0.53 0.289 6.5748608728 0.322059633551 0.0 inf 300.0 6.01442691284e-05 0.5 1.0 -0.00693996328352 0.5 1.0 -0.00400168984694 0.5 1.0 -0.00161517233501 0.5 1.0 1.0 2586.45830224
-0.350695403368 1.94787216387 1.22361809045 0.85865460506 2.9 3.26 1.966 1.0 0.0297794070408 0.558977075827 66.6204183465 -0.149844702977 -0.666666666667 300.0 3.87084 0.97076 -0.926116319373 4.0 4.0 0.53 0.289 6.5771368316 0.320414131591 0.0 inf 300.0 4.77593461168e-05 0.5 1.0 -0.00693747738525 0.5 1.0 -0.0040008020602 0.5 1.0 -0.00162225327482 0.5 1.0 1.0 2587.01064497
-0.350622729011 1.9488300314 1.22864321608 0.85788339274 2.9 3.26 1.966 1.0 0.0298826243857 0.559787605014 66.7972166385 -0.149540490013 -0.666666666667 300.0 3.87084 0.97076 -0.92615454889 4.0 4.0 0.53 0.289 6.57902568566 0.318864222854 0.0 inf 300.0 3.60984885861e-05 0.5 1.0 -0.00693510161323 0.5 1.0 -0.00399991236574 0.5 1.0 -0.00162897258454 0.5 1.0 1.0 2587.56343751
-0.351116087367 1.95261032085 1.23366834171 0.857222669184 2.9 3.26 1.966 1.0 0.0299077007308 0.560809217946 67.0682822395 -0.147416728374 -0.666666666667 300.0 3.87084 0.97076 -0.925311046344 4.0 4.0 0.53 0.289 6.59528958964 0.319861047636 0.0 inf 300.0 3.70921330414e-05 0.5 1.0 -0.00691667980873 0.5 1.0 -0.00399287058152 0.5 1.0 -0.00164715951666 0.5 1.0 1.0 2588.11399519
-0.351262337413 1.95115234982 1.23869346734 0.856411000126 2.9 3.26 1.966 1.0 0.0298904921181 0.560841436918 67.1761128051 -0.145496095491 -0.666666666667 300.0 3.87084 0.97076 -0.924656690034 4.0 4.0 0.53 0.289 6.59929042668 0.319600428276 0.0 inf 300.0 1.3527799925e-05 0.5 1.0 -0.00691321146378 0.5 1.0 -0.00398150817438 0.5 1.0 -0.00165130319691 0.5 1.0 1.0 2588.6638587
-0.351220584407 1.95205334388 1.24371859296 0.855756530994 2.9 3.26 1.966 1.0 0.0299866450335 0.561668216188 67.3441541107 -0.145089203356 -0.666666666667 300.0 3.87084 0.97076 -0.924715243901 4.0 4.0 0.53 0.289 6.60159336663 0.318278573648 0.0 inf 300.0 4.22861863144e-06 0.5 1.0 -0.00691048613351 0.5 1.0 -0.00397976936696 0.5 1.0 -0.0016566381717 0.5 1.0 1.0 2589.21180651
-0.351174149305 1.95283846318 1.24874371859 0.855131521453 2.9 3.26 1.966 1.0 0.0300858240364 0.562515159708 67.5085947155 -0.144728344104 -0.666666666667 300.0 3.87084 0.97076 -0.924780932172 4.0 4.0 0.53 0.289 6.60353805644 0.317033102122 0.0 inf 300.0 -4.42831566727e-06 0.5 1.0 -0.00690804691922 0.5 1.0 -0.00397810096095 0.5 1.0 -0.0016614859117 0.5 1.0 1.0 2589.75640086
-0.351123137791 1.95350638384 1.25376884422 0.854532836138 2.9 3.26 1.966 1.0 0.0301875349054 0.563379011298 67.6686152586 -0.14441276323 -0.666666666667 300.0 3.87084 0.97076 -0.924852422241 4.0 4.0 0.53 0.289 6.6051197946 0.315863695524 0.0 inf 300.0 -1.24806760372e-05 0.5 1.0 -0.00690596871265 0.5 1.0 -0.00397646927282 0.5 1.0 -0.00166576384658 0.5 1.0 1.0 2590.2968594
-0.351075839972 1.95412893296 1.25879396985 0.853955199943 2.9 3.26 1.966 1.0 0.0302903030027 0.564256837606 67.8227261973 -0.144129022221 -0.666666666667 300.0 3.87084 0.97076 -0.924909969813 4.0 4.0 0.53 0.289 6.60653869362 0.314815829067 0.0 inf 300.0 -1.99287306431e-05 0.5 1.0 -0.0069046760892 0.5 1.0 -0.00397465378834 0.5 1.0 -0.00166903828622 0.5 1.0 1.0 2590.83245587
-0.351016014847 1.95454973394 1.26381909548 0.853401713886 2.9 3.26 1.966 1.0 0.0303951249345 0.565115625689 67.9710549266 -0.143895230439 -0.666666666667 300.0 3.87084 0.97076 -0.924948894985 4.0 4.0 0.53 0.289 6.60728195165 0.313799205865 0.0 inf 300.0 -2.66789313581e-05 0.5 1.0 -0.00690415058884 0.5 1.0 -0.00397297694389 0.5 1.0 -0.00167168318039 0.5 1.0 1.0 2591.3625162
-0.350963218158 1.95489296128 1.26884422111 0.852815133152 2.9 3.26 1.966 1.0 0.0304983970785 0.565779162812 68.1252339253 -0.143559719879 -0.666666666667 300.0 3.87084 0.97076 -0.92476348017 4.0 4.0 0.53 0.289 6.60736284241 0.312795007507 0.0 inf 300.0 -3.30200003618e-05 0.5 1.0 -0.00690700341468 0.5 1.0 -0.00397219095417 0.5 1.0 -0.00167358874713 0.5 1.0 1.0 2591.88641604
-0.350879525799 1.95500152765 1.27386934673 0.85233604443 2.9 3.26 1.966 1.0 0.0306250265293 0.566922944123 68.299222931 -0.143412050731 -0.666666666667 300.0 3.87084 0.97076 -0.92520521386 4.0 4.0 0.53 0.289 6.60752205445 0.311760966403 0.0 inf 300.0 -3.88374847287e-05 0.5 1.0 -0.00690047426032 0.5 1.0 -0.0039746820351 0.5 1.0 -0.0016820611469 0.5 1.0 1.0 2592.40373877
-0.350795191991 1.95502090799 1.27889447236 0.851904065513 2.9 3.26 1.966 1.0 0.0307373118073 0.568022368493 68.4195934712 -0.143439952517 -0.666666666667 300.0 3.87084 0.97076 -0.925506003314 4.0 4.0 0.53 0.289 6.60744018031 0.311011390268 0.0 inf 300.0 -4.37296870099e-05 0.5 1.0 -0.00689833900333 0.5 1.0 -0.00397246030251 0.5 1.0 -0.00168310146385 0.5 1.0 1.0 2592.91389121
-0.350713230366 1.95494698817 1.28391959799 0.851462905694 2.9 3.26 1.966 1.0 0.0308499664866 0.569027525149 68.5426665723 -0.143425020943 -0.666666666667 300.0 3.87084 0.97076 -0.925698849014 4.0 4.0 0.53 0.289 6.60684965868 0.310292937556 0.0 inf 300.0 -4.82336578713e-05 0.5 1.0 -0.00689799712589 0.5 1.0 -0.00397110448825 0.5 1.0 -0.00168381773548 0.5 1.0 1.0 2593.41639566
-0.350627171876 1.95474454351 1.28894472362 0.85104212694 2.9 3.26 1.966 1.0 0.0309638763916 0.570026402697 68.6614198924 -0.143439543509 -0.666666666667 300.0 3.87084 0.97076 -0.925902568158 4.0 4.0 0.53 0.289 6.60586489242 0.309632922766 0.0 inf 300.0 -5.22767886943e-05 0.5 1.0 -0.0068980941905 0.5 1.0 -0.00397012723341 0.5 1.0 -0.00168410760993 0.5 1.0 1.0 2593.91087966
-0.350537194234 1.95441714778 1.29396984925 0.850644575318 2.9 3.26 1.966 1.0 0.0310789997111 0.571029406109 68.7745567199 -0.143491597602 -0.666666666667 300.0 3.87084 0.97076 -0.926120714519 4.0 4.0 0.53 0.289 6.60451944256 0.309042191649 0.0 inf 300.0 -5.57520246038e-05 0.5 1.0 -0.00689855604019 0.5 1.0 -0.00396939482515 0.5 1.0 -0.00168395440043 0.5 1.0 1.0 2594.39698789
-0.350444922661 1.9538892586 1.29899497487 0.850265650088 2.9 3.26 1.966 1.0 0.0311972137789 0.572022750699 68.8814354184 -0.143578143517 -0.666666666667 300.0 3.87084 0.97076 -0.926346368903 4.0 4.0 0.53 0.289 6.60267828515 0.308596133678 0.0 inf 300.0 -5.8926015124e-05 0.5 1.0 -0.00689956144076 0.5 1.0 -0.00396890653174 0.5 1.0 -0.00168366242883 0.5 1.0 1.0 2594.8744419
-0.350347973858 1.95332304017 1.3040201005 0.849903571092 2.9 3.26 1.966 1.0 0.0313140009894 0.573039382239 68.9821940151 -0.143704440785 -0.666666666667 300.0 3.87084 0.97076 -0.926588637954 4.0 4.0 0.53 0.289 6.60066611017 0.308143102975 0.0 inf 300.0 -6.1320935806e-05 0.5 1.0 -0.0069007460918 0.5 1.0 -0.00396856838709 0.5 1.0 -0.00168256700546 0.5 1.0 1.0 2595.34302598
-0.350243530634 1.95279440644 1.30904522613 0.849583687321 2.9 3.26 1.966 1.0 0.031430145073 0.574066037807 69.0767249431 -0.143884645889 -0.666666666667 300.0 3.87084 0.97076 -0.926844174126 4.0 4.0 0.53 0.289 6.59849688685 0.307618624412 0.0 inf 300.0 -6.22382319703e-05 0.5 1.0 -0.00690206011817 0.5 1.0 -0.0039681398062 0.5 1.0 -0.00168129294454 0.5 1.0 1.0 2595.80254687
-0.350143315336 1.95193149613 1.31407035176 0.849256880656 2.9 3.26 1.966 1.0 0.0315498270559 0.575061517444 69.1634830106 -0.144070597468 -0.666666666667 300.0 3.87084 0.97076 -0.927118840443 4.0 4.0 0.53 0.289 6.59573253875 0.307383218454 0.0 inf 300.0 -6.4138987691e-05 0.5 1.0 -0.00690399104677 0.5 1.0 -0.0039682015522 0.5 1.0 -0.00167956836988 0.5 1.0 1.0 2596.25286048
-0.3500356944 1.95103034017 1.31909547739 0.848929758587 2.9 3.26 1.966 1.0 0.0316659440074 0.576092991446 69.2435674248 -0.144308635637 -0.666666666667 300.0 3.87084 0.97076 -0.927397648601 4.0 4.0 0.53 0.289 6.59284940296 0.307126500012 0.0 inf 300.0 -6.51099724639e-05 0.5 1.0 -0.00690609101436 0.5 1.0 -0.00396866229699 0.5 1.0 -0.00167634990541 0.5 1.0 1.0 2596.69387975
-0.349925477509 1.95004770829 1.32412060302 0.848646679379 2.9 3.26 1.966 1.0 0.0317838490829 0.57710275543 69.3167049705 -0.144582053501 -0.666666666667 300.0 3.87084 0.97076 -0.927699454686 4.0 4.0 0.53 0.289 6.58963203408 0.306926441522 0.0 inf 300.0 -6.53660892349e-05 0.5 1.0 -0.00690838462162 0.5 1.0 -0.00396910816885 0.5 1.0 -0.00167339510513 0.5 1.0 1.0 2597.12555493
-0.349811135571 1.94893420076 1.32914572864 0.848394185163 2.9 3.26 1.966 1.0 0.0319018284094 0.578108887847 69.3830934435 -0.144897356763 -0.666666666667 300.0 3.87084 0.97076 -0.928027265931 4.0 4.0 0.53 0.289 6.58610659872 0.306805082724 0.0 inf 300.0 -6.48293744371e-05 0.5 1.0 -0.00691077663748 0.5 1.0 -0.00396978471246 0.5 1.0 -0.00167006442477 0.5 1.0 1.0 2597.54784017
-0.349695566663 1.9477369776 1.33417085427 0.84811748313 2.9 3.26 1.966 1.0 0.0320165185355 0.57908248952 69.4423375867 -0.145219335652 -0.666666666667 300.0 3.87084 0.97076 -0.928321418549 4.0 4.0 0.53 0.289 6.58244475667 0.306754319127 0.0 inf 300.0 -6.48552588648e-05 0.5 1.0 -0.00691387382026 0.5 1.0 -0.0039707677504 0.5 1.0 -0.00166565941743 0.5 1.0 1.0 2597.96069552
-0.349603196106 1.94580641823 1.3391959799 0.847865472231 2.9 3.26 1.966 1.0 0.0321385305867 0.57968126732 69.4953031312 -0.145529593371 -0.666666666667 300.0 3.87084 0.97076 -0.928592228487 4.0 4.0 0.53 0.289 6.57756851786 0.307185676632 0.0 inf 300.0 -6.44160599957e-05 0.5 1.0 -0.00691843151489 0.5 1.0 -0.00397393648879 0.5 1.0 -0.00166137580391 0.5 1.0 1.0 2598.36411783
-0.349478805263 1.94472151816 1.34422110553 0.847671043872 2.9 3.26 1.966 1.0 0.0322508937334 0.580734613384 69.5426331165 -0.145932182883 -0.666666666667 300.0 3.87084 0.97076 -0.929087355592 4.0 4.0 0.53 0.289 6.57396695795 0.307026539812 0.0 inf 300.0 -6.28604258126e-05 0.5 1.0 -0.0069204434137 0.5 1.0 -0.00397397093267 0.5 1.0 -0.00165648597874 0.5 1.0 1.0 2598.75825523
-0.349370712581 1.94305100805 1.34924623116 0.847428121965 2.9 3.26 1.966 1.0 0.0323622283388 0.58153676816 69.5836447614 -0.146271407046 -0.666666666667 300.0 3.87084 0.97076 -0.929346707456 4.0 4.0 0.53 0.289 6.56954498986 0.307359387992 0.0 inf 300.0 -6.10532348243e-05 0.5 1.0 -0.00692504924835 0.5 1.0 -0.00397669104779 0.5 1.0 -0.00165125769344 0.5 1.0 1.0 2599.14317808
-0.349248347752 1.94143717766 1.35427135678 0.847222997027 2.9 3.26 1.966 1.0 0.0324777278724 0.582483365774 69.6175168003 -0.146696596072 -0.666666666667 300.0 3.87084 0.97076 -0.929803145064 4.0 4.0 0.53 0.289 6.56481987956 0.307559949212 0.0 inf 300.0 -5.94117030826e-05 0.5 1.0 -0.00692786422201 0.5 1.0 -0.00397826302365 0.5 1.0 -0.00164575773912 0.5 1.0 1.0 2599.51907051
-0.349135174333 1.94016854151 1.35929648241 0.847042628169 2.9 3.26 1.966 1.0 0.0325828391754 0.583483338421 69.6465785181 -0.147079700078 -0.666666666667 300.0 3.87084 0.97076 -0.930290505801 4.0 4.0 0.53 0.289 6.56103103339 0.307564840296 0.0 inf 300.0 -5.8101237908e-05 0.5 1.0 -0.00693151705663 0.5 1.0 -0.00397887694937 0.5 1.0 -0.0016398930252 0.5 1.0 1.0 2599.88606108
-0.349013404528 1.93873552462 1.36432160804 0.846867744762 2.9 3.26 1.966 1.0 0.032687165762 0.584499718064 69.6698405504 -0.147522049767 -0.666666666667 300.0 3.87084 0.97076 -0.930832309461 4.0 4.0 0.53 0.289 6.55689812128 0.307659464387 0.0 inf 300.0 -5.68603182791e-05 0.5 1.0 -0.00693543278602 0.5 1.0 -0.00397971825721 0.5 1.0 -0.0016334313458 0.5 1.0 1.0 2600.24425005
-0.348896311801 1.93717446556 1.36934673367 0.846684863492 2.9 3.26 1.966 1.0 0.0327930243127 0.585431358739 69.6863221624 -0.147956590094 -0.666666666667 300.0 3.87084 0.97076 -0.931305662607 4.0 4.0 0.53 0.289 6.55229691297 0.307838985246 0.0 inf 300.0 -5.48110535698e-05 0.5 1.0 -0.00693907219131 0.5 1.0 -0.0039814866619 0.5 1.0 -0.00162662891383 0.5 1.0 1.0 2600.59378316
-0.348779240009 1.93557786388 1.3743718593 0.846510513084 2.9 3.26 1.966 1.0 0.032896406267 0.586380060842 69.697815052 -0.148404610694 -0.666666666667 300.0 3.87084 0.97076 -0.931818347002 4.0 4.0 0.53 0.289 6.54769946403 0.308067175465 0.0 inf 300.0 -5.2930133965e-05 0.5 1.0 -0.0069428798751 0.5 1.0 -0.00398305928977 0.5 1.0 -0.0016194851425 0.5 1.0 1.0 2600.93487411
-0.348741037996 1.9340200773 1.37939698492 0.84635583276 2.9 3.26 1.966 1.0 0.0329149940321 0.587020472317 69.6976501876 -0.147782151924 -0.666666666667 300.0 3.87084 0.97076 -0.933407571159 4.0 4.0 0.53 0.289 6.54244507753 0.30801345581 0.0 inf 300.0 -5.18127492761e-05 0.5 1.0 -0.00696180859925 0.5 1.0 -0.00399147148528 0.5 1.0 -0.00159902824748 0.5 1.0 1.0 2601.26745015
-0.348627173838 1.9324615945 1.38442211055 0.846188084659 2.9 3.26 1.966 1.0 0.0330143873719 0.58796519518 69.6991661235 -0.148244046704 -0.666666666667 300.0 3.87084 0.97076 -0.933898537107 4.0 4.0 0.53 0.289 6.53806275218 0.308222690547 0.0 inf 300.0 -4.95878598861e-05 0.5 1.0 -0.00696587231137 0.5 1.0 -0.00399328009669 0.5 1.0 -0.00159116407432 0.5 1.0 1.0 2601.5923995
-0.348514379098 1.93089182657 1.38944723618 0.846026875575 2.9 3.26 1.966 1.0 0.033111655769 0.5889005876 69.6962056688 -0.148710852607 -0.666666666667 300.0 3.87084 0.97076 -0.934397897118 4.0 4.0 0.53 0.289 6.53366834421 0.308448385797 0.0 inf 300.0 -4.72127607671e-05 0.5 1.0 -0.00697004654524 0.5 1.0 -0.0039951144771 0.5 1.0 -0.00158302818691 0.5 1.0 1.0 2601.9096306
-0.348402893643 1.92932048904 1.39447236181 0.845873405127 2.9 3.26 1.966 1.0 0.0332066611772 0.589825837335 69.6888854662 -0.149180545763 -0.666666666667 300.0 3.87084 0.97076 -0.934905326938 4.0 4.0 0.53 0.289 6.52928338108 0.308685455761 0.0 inf 300.0 -4.47012399274e-05 0.5 1.0 -0.00697432509803 0.5 1.0 -0.0039969639709 0.5 1.0 -0.00157463320197 0.5 1.0 1.0 2602.21934483
-0.348292904102 1.92775227127 1.39949748744 0.845726604092 2.9 3.26 1.966 1.0 0.0332993377051 0.590740317667 69.6774110966 -0.149651486309 -0.666666666667 300.0 3.87084 0.97076 -0.935420192391 4.0 4.0 0.53 0.289 6.52492079217 0.308931347997 0.0 inf 300.0 -4.20644363723e-05 0.5 1.0 -0.00697870013553 0.5 1.0 -0.00399881741628 0.5 1.0 -0.00156599671552 0.5 1.0 1.0 2602.52174598
-0.348184577708 1.92619167365 1.40452261307 0.845585059489 2.9 3.26 1.966 1.0 0.033389629638 0.59164346186 69.6619822798 -0.150122162722 -0.666666666667 300.0 3.87084 0.97076 -0.935941514755 4.0 4.0 0.53 0.289 6.52059295573 0.309183550319 0.0 inf 300.0 -3.93132157845e-05 0.5 1.0 -0.00698316284648 0.5 1.0 -0.0040006636924 0.5 1.0 -0.00155713602347 0.5 1.0 1.0 2602.81705578
-0.348078073377 1.9246435901 1.40954773869 0.845447057797 2.9 3.26 1.966 1.0 0.0334774897493 0.592534747738 69.6427906677 -0.15059109529 -0.666666666667 300.0 3.87084 0.97076 -0.936468977319 4.0 4.0 0.53 0.289 6.5163130109 0.309439223377 0.0 inf 300.0 -3.6457611608e-05 0.5 1.0 -0.00698770667716 0.5 1.0 -0.00400249242392 0.5 1.0 -0.00154806775984 0.5 1.0 1.0 2603.1055461
-0.347973549612 1.92311283813 1.41457286432 0.845310172758 2.9 3.26 1.966 1.0 0.0335628682756 0.593413639235 69.6200182463 -0.151056828767 -0.666666666667 300.0 3.87084 0.97076 -0.937001535728 4.0 4.0 0.53 0.289 6.5120941653 0.309695550136 0.0 inf 300.0 -3.35077252376e-05 0.5 1.0 -0.00699232286506 0.5 1.0 -0.00400429308947 0.5 1.0 -0.00153880847532 0.5 1.0 1.0 2603.38749485
-0.347871148124 1.92160347156 1.41959798995 0.845173144017 2.9 3.26 1.966 1.0 0.033645719304 0.594279645572 69.5938376631 -0.151518037499 -0.666666666667 300.0 3.87084 0.97076 -0.937537984885 4.0 4.0 0.53 0.289 6.50794775156 0.309950153967 0.0 inf 300.0 -3.04735131396e-05 0.5 1.0 -0.00699700234472 0.5 1.0 -0.00400605505135 0.5 1.0 -0.00152937472119 0.5 1.0 1.0 2603.66316173
-0.347770998835 1.92011916702 1.42462311558 0.845035249114 2.9 3.26 1.966 1.0 0.0337260055625 0.59513233879 69.5644186499 -0.151973489854 -0.666666666667 300.0 3.87084 0.97076 -0.938076878628 4.0 4.0 0.53 0.289 6.50388432829 0.310200841528 0.0 inf 300.0 -2.73641600105e-05 0.5 1.0 -0.00700173519955 0.5 1.0 -0.00400776757811 0.5 1.0 -0.00151978369175 0.5 1.0 1.0 2603.9328074
-0.347673176692 1.91866235872 1.42964824121 0.844897825728 2.9 3.26 1.966 1.0 0.0338037050544 0.595971326806 69.5318958649 -0.152422272615 -0.666666666667 300.0 3.87084 0.97076 -0.938618557488 4.0 4.0 0.53 0.289 6.49991092444 0.310445862148 0.0 inf 300.0 -2.41881943038e-05 0.5 1.0 -0.00700651828525 0.5 1.0 -0.00400942111588 0.5 1.0 -0.00151005016288 0.5 1.0 1.0 2604.19667508
-0.347577822119 1.91723650175 1.43467336683 0.844762333472 2.9 3.26 1.966 1.0 0.0338787826888 0.596796200916 69.4964378286 -0.152863147332 -0.666666666667 300.0 3.87084 0.97076 -0.939162422347 4.0 4.0 0.53 0.289 6.49603685506 0.310683493753 0.0 inf 300.0 -2.0953914887e-05 0.5 1.0 -0.007011345008 0.5 1.0 -0.00401100525873 0.5 1.0 -0.00150019082171 0.5 1.0 1.0 2604.45499427
-0.347485060687 1.91584513998 1.43969849246 0.844628512219 2.9 3.26 1.966 1.0 0.0339512226753 0.597606785115 69.4582220967 -0.153294989724 -0.666666666667 300.0 3.87084 0.97076 -0.939707882974 4.0 4.0 0.53 0.289 6.49227137368 0.310911969708 0.0 inf 300.0 -1.76682333616e-05 0.5 1.0 -0.00701620918364 0.5 1.0 -0.00401251046524 0.5 1.0 -0.0014902236527 0.5 1.0 1.0 2604.70800735
-0.347394867417 1.91448939466 1.44472361809 0.844495545163 2.9 3.26 1.966 1.0 0.0340210240197 0.598402623774 69.4172995997 -0.153717492405 -0.666666666667 300.0 3.87084 0.97076 -0.940255451393 4.0 4.0 0.53 0.289 6.48861849565 0.311129497026 0.0 inf 300.0 -1.43393379373e-05 0.5 1.0 -0.0070211096436 0.5 1.0 -0.00401392946461 0.5 1.0 -0.00148015799993 0.5 1.0 1.0 2604.95596551
-0.347307357173 1.91317243207 1.44974874372 0.844364440177 2.9 3.26 1.966 1.0 0.0340881668224 0.599183472338 69.3738135223 -0.154129638825 -0.666666666667 300.0 3.87084 0.97076 -0.940804835323 4.0 4.0 0.53 0.289 6.48508662104 0.311334472001 0.0 inf 300.0 -1.09738752759e-05 0.5 1.0 -0.00702604160927 0.5 1.0 -0.00401525340067 0.5 1.0 -0.00147001025955 0.5 1.0 1.0 2605.1991013
-0.34722260037 1.91189624611 1.45477386935 0.844235398943 2.9 3.26 1.966 1.0 0.0341526393456 0.599949079361 69.3278760941 -0.154530712647 -0.666666666667 300.0 3.87084 0.97076 -0.941354421752 4.0 4.0 0.53 0.289 6.48168212058 0.311525587353 0.0 inf 300.0 -7.57887837348e-06 0.5 1.0 -0.00703099610404 0.5 1.0 -0.00401647309762 0.5 1.0 -0.00145979600966 0.5 1.0 1.0 2605.43762652
-0.347140649895 1.91066325762 1.45979899497 0.844106808011 2.9 3.26 1.966 1.0 0.0342144421989 0.600699246826 69.2795897994 -0.154920076586 -0.666666666667 300.0 3.87084 0.97076 -0.941904106758 4.0 4.0 0.53 0.289 6.47841157257 0.311701203148 0.0 inf 300.0 -4.16005123024e-06 0.5 1.0 -0.00703597014268 0.5 1.0 -0.00401758082462 0.5 1.0 -0.0014495297319 0.5 1.0 1.0 2605.67175093
-0.347061547653 1.90947477807 1.4648241206 0.843978912013 2.9 3.26 1.966 1.0 0.0342735757325 0.601433812965 69.22905133 -0.155297240288 -0.666666666667 300.0 3.87084 0.97076 -0.942451833293 4.0 4.0 0.53 0.289 6.47527961748 0.311860363256 0.0 inf 300.0 -7.24141891942e-07 0.5 1.0 -0.00704095367185 0.5 1.0 -0.00401856803068 0.5 1.0 -0.00143922588676 0.5 1.0 1.0 2605.90167767
-0.346985312332 1.90833222494 1.46984924623 0.843851786896 2.9 3.26 1.966 1.0 0.0343300537107 0.602152651204 69.1763491561 -0.155661807447 -0.666666666667 300.0 3.87084 0.97076 -0.942997950773 4.0 4.0 0.53 0.289 6.47228991695 0.31200199888 0.0 inf 300.0 2.72381821967e-06 0.5 1.0 -0.00704594577156 0.5 1.0 -0.00401942796447 0.5 1.0 -0.00142889759422 0.5 1.0 1.0 2606.12760014
-0.346911957318 1.90723706083 1.47487437186 0.843724008304 2.9 3.26 1.966 1.0 0.034383893972 0.602855676556 69.1215641337 -0.156013444933 -0.666666666667 300.0 3.87084 0.97076 -0.943542380232 4.0 4.0 0.53 0.289 6.46944634034 0.312124985321 0.0 inf 300.0 6.1790098304e-06 0.5 1.0 -0.00705094453609 0.5 1.0 -0.00402015445846 0.5 1.0 -0.00141855774899 0.5 1.0 1.0 2606.34970243
-0.346669330326 1.90302567779 1.47989949749 0.843601747219 2.9 3.26 1.966 1.0 0.0344545967565 0.603555884188 69.0567095551 -0.157116185833 -0.666666666667 300.0 3.87084 0.97076 -0.943694396485 4.0 4.0 0.53 0.289 6.45780211177 0.313263763221 0.0 inf 300.0 4.62912892181e-06 0.5 1.0 -0.0070531731143 0.5 1.0 -0.00401842406335 0.5 1.0 -0.00140696715251 0.5 1.0 1.0 2606.56835238
-0.346628697247 1.90240685329 1.48492462312 0.843466467246 2.9 3.26 1.966 1.0 0.0344925731758 0.604175137058 68.9981352464 -0.157263861835 -0.666666666667 300.0 3.87084 0.97076 -0.944227989516 4.0 4.0 0.53 0.289 6.45649250845 0.3131713738 0.0 inf 300.0 7.94798030888e-06 0.5 1.0 -0.00705825533882 0.5 1.0 -0.00401885264945 0.5 1.0 -0.00139645032089 0.5 1.0 1.0 2606.78335921
-0.346589389072 1.90182309579 1.48994974874 0.843332212556 2.9 3.26 1.966 1.0 0.0345286280026 0.604781137932 68.9375657465 -0.157408142143 -0.666666666667 300.0 3.87084 0.97076 -0.944755870827 4.0 4.0 0.53 0.289 6.45528703007 0.3130619253 0.0 inf 300.0 1.12554629438e-05 0.5 1.0 -0.00706331757528 0.5 1.0 -0.00401914741551 0.5 1.0 -0.00138595802104 0.5 1.0 1.0 2606.99509074
-0.346551394456 1.90127362007 1.49497487437 0.843198702921 2.9 3.26 1.966 1.0 0.0345627803812 0.605373955303 68.8750663285 -0.157548973642 -0.666666666667 300.0 3.87084 0.97076 -0.945278519029 4.0 4.0 0.53 0.289 6.45418460924 0.312935958516 0.0 inf 300.0 1.4548653304e-05 0.5 1.0 -0.00706835420901 0.5 1.0 -0.0040192988829 0.5 1.0 -0.0013755049397 0.5 1.0 1.0 2607.20368253
-0.346514698774 1.90075776802 1.5 0.843064389405 2.9 3.26 1.966 1.0 0.0345950442697 0.605953818281 68.8107049836 -0.157686233034 -0.666666666667 300.0 3.87084 0.97076 -0.945796514962 4.0 4.0 0.53 0.289 6.45318391142 0.312793960618 0.0 inf 300.0 1.78229579284e-05 0.5 1.0 -0.00707335768007 0.5 1.0 -0.00401929896743 0.5 1.0 -0.00136510490298 0.5 1.0 1.0 2607.4092581
